4.616575283823e+00 2.931775682344e+00 1.000000000000e-02
2.123430906792e+00 7.185290675054e+00 1.000000000000e-02
4.975641775878e+00 5.950359130526e+00 1.000000000000e-02
3.463723047528e+00 3.849881193218e+00 1.000000000000e-02
2.763944350743e+00 3.482294529946e+00 1.000000000000e-02
5.296097999768e+00 6.219817839869e-01 1.000000000000e-02
5.662676146650e+00 1.029884929320e+00 1.000000000000e-02
2.071212820025e+00 1.732472575780e+00 1.000000000000e-02
4.105017937872e+00 7.480249581857e-01 1.000000000000e-02
6.123890007128e-02 2.224979992648e+00 1.000000000000e-02
6.003035523549e+00 3.843016257874e-01 1.000000000000e-02
8.765286088449e-01 2.692209825733e+00 1.000000000000e-02
9.390193597752e-01 7.151905342068e+00 1.000000000000e-02
3.200431953615e+00 4.107470996338e+00 1.000000000000e-02
9.839240161812e-01 2.030348746895e+00 1.000000000000e-02
2.300706228225e+00 4.598162911382e-01 1.000000000000e-02
1.785796393547e-01 7.240455575162e-01 1.000000000000e-02
1.497067457929e+00 5.991157756169e+00 1.000000000000e-02
2.066078654888e+00 3.656414549731e+00 1.000000000000e-02
2.215624113864e-01 2.788483777525e+00 1.000000000000e-02
1.620540001480e+00 7.103659509052e+00 1.000000000000e-02
5.061473815618e+00 -2.833589880426e-01 1.000000000000e-02
4.226991103962e+00 4.375952229387e+00 1.000000000000e-02
3.525769369798e+00 5.647392979700e+00 1.000000000000e-02
2.903810234141e+00 4.051509734795e+00 1.000000000000e-02
2.845315092305e+00 -1.132168252084e-01 1.000000000000e-02
3.219031012034e+00 9.155403763030e-01 1.000000000000e-02
2.057651285466e+00 3.774607849455e+00 1.000000000000e-02
3.701196048633e+00 3.819987598994e+00 1.000000000000e-02
5.223075448670e+00 4.668394746164e+00 1.000000000000e-02
6.127056494756e+00 6.509214987753e+00 1.000000000000e-02
3.884344628122e+00 5.749834751150e+00 1.000000000000e-02
5.937157960307e+00 2.462057442102e+00 1.000000000000e-02
6.145623243398e+00 5.680677333816e+00 1.000000000000e-02
4.174338967988e-01 4.509459488502e+00 1.000000000000e-02
5.806640798097e+00 1.363918971365e+00 1.000000000000e-02
1.755577949065e-01 4.499958729255e+00 1.000000000000e-02
2.869039802106e+00 3.595360479967e+00 1.000000000000e-02
2.558421431506e+00 7.457032924989e+00 1.000000000000e-02
1.734324277265e+00 1.649554581438e+00 1.000000000000e-02
3.983728180705e+00 7.811771246234e-01 1.000000000000e-02
1.453418139995e+00 6.534866063341e+00 1.000000000000e-02
3.608073981453e+00 4.442301044607e+00 1.000000000000e-02
3.872817340287e+00 2.831691290337e+00 1.000000000000e-02
5.627838452436e+00 2.887165276740e+00 1.000000000000e-02
4.782064941636e+00 -1.163814650598e+00 1.000000000000e-02
2.161223740945e+00 3.586689745266e+00 1.000000000000e-02
5.962233349259e+00 4.004465681470e+00 1.000000000000e-02
8.656688725693e-02 6.162082121369e+00 1.000000000000e-02
4.328594482039e+00 3.423387340250e+00 1.000000000000e-02
5.662716483522e-01 4.182447317746e+00 -1.000000000000e-02
1.259878353022e+00 6.432511236439e-01 -1.000000000000e-02
5.715253540181e+00 3.655949081806e+00 -1.000000000000e-02
3.258144630954e+00 7.191053035476e+00 -1.000000000000e-02
6.081291640983e+00 1.911548739176e+00 -1.000000000000e-02
4.373645851638e+00 -1.278909104856e+00 -1.000000000000e-02
3.021187727918e+00 1.712343032714e+00 -1.000000000000e-02
5.253634971735e+00 4.633846277044e+00 -1.000000000000e-02
2.106341328985e+00 4.136552117968e-01 -1.000000000000e-02
1.703811218758e+00 7.089885862740e+00 -1.000000000000e-02
1.088597918151e-01 2.540528901222e+00 -1.000000000000e-02
2.730945724887e+00 1.680102159066e+00 -1.000000000000e-02
5.027662560603e-01 1.174469545783e+00 -1.000000000000e-02
6.180756452393e+00 4.956258967671e+00 -1.000000000000e-02
3.899589493547e+00 1.931661118723e+00 -1.000000000000e-02
6.096441107150e+00 4.164989126594e+00 -1.000000000000e-02
3.060888580158e+00 1.180388405012e+00 -1.000000000000e-02
1.584152419849e+00 5.919455633875e+00 -1.000000000000e-02
1.851450496243e+00 3.667859288231e+00 -1.000000000000e-02
4.076942259208e+00 5.861460983394e+00 -1.000000000000e-02
5.104821256687e+00 3.072129265722e+00 -1.000000000000e-02
1.959149276989e-01 4.987421056102e+00 -1.000000000000e-02
5.769672506701e+00 3.664715758181e+00 -1.000000000000e-02
3.716220359271e+00 2.882539959855e+00 -1.000000000000e-02
5.981073400437e+00 5.697524529541e+00 -1.000000000000e-02
5.367209580137e+00 4.823450486522e+00 -1.000000000000e-02
6.241872723389e+00 4.467114758874e+00 -1.000000000000e-02
9.029251091110e-01 1.257601590626e+00 -1.000000000000e-02
1.273230622271e+00 1.249906854629e+00 -1.000000000000e-02
2.653770680235e+00 6.391077657453e+00 -1.000000000000e-02
1.168717640043e+00 1.539312919129e+00 -1.000000000000e-02
4.290584116560e+00 4.828202771644e-01 -1.000000000000e-02
5.066603114421e+00 2.439413231500e+00 -1.000000000000e-02
8.828928269322e-01 5.061535210029e+00 -1.000000000000e-02
3.789480697030e+00 7.146876991565e+00 -1.000000000000e-02
4.991581795206e+00 1.428700236448e+00 -1.000000000000e-02
3.990853287853e+00 2.635218328047e+00 -1.000000000000e-02
3.752148668857e+00 3.240591995323e+00 -1.000000000000e-02
3.348356411274e+00 1.644826493910e+00 -1.000000000000e-02
5.551839694897e-01 4.914754731850e+00 -1.000000000000e-02
5.068109326977e-01 5.449003945907e+00 -1.000000000000e-02
5.686676426429e+00 4.621935466180e+00 -1.000000000000e-02
1.786971754124e+00 -8.835472573338e-02 -1.000000000000e-02
3.725455558599e+00 8.347102701940e-01 -1.000000000000e-02
4.802047596367e+00 6.179096839710e-01 -1.000000000000e-02
6.209960728585e+00 2.706433369159e+00 -1.000000000000e-02
8.624529149183e-01 7.106638825582e+00 -1.000000000000e-02
1.482033597870e-01 6.041902506452e+00 -1.000000000000e-02
3.531160860421e+00 6.656084371866e+00 -1.000000000000e-02
3.951912642819e+00 4.481684595066e+00 -1.000000000000e-02
