2.194736301671e+00 4.698732012204e+00 1.000000000000e-02
2.918768896466e+00 6.463008894548e+00 1.000000000000e-02
2.228384947160e+00 1.978057399336e+00 1.000000000000e-02
4.589158700039e-01 1.889481330242e+00 1.000000000000e-02
3.219753224588e+00 3.013762830748e+00 1.000000000000e-02
5.812272512292e+00 1.022405696863e+00 1.000000000000e-02
2.230025632081e+00 1.015837414022e-01 1.000000000000e-02
8.461415521713e-01 2.242241414929e+00 1.000000000000e-02
5.132207015761e+00 2.015058545733e+00 1.000000000000e-02
3.708998297327e+00 2.995366697655e+00 1.000000000000e-02
1.387044218692e+00 1.559037589724e+00 1.000000000000e-02
2.123864685081e+00 4.449684230816e+00 1.000000000000e-02
4.084267407915e+00 6.035289907007e+00 1.000000000000e-02
1.674852576295e+00 1.653925296942e+00 1.000000000000e-02
3.775699646912e+00 -1.565156548709e+00 1.000000000000e-02
3.972944850119e-01 4.896723681261e+00 1.000000000000e-02
3.636209419209e+00 3.023913721286e+00 1.000000000000e-02
2.849855010827e+00 7.956893377843e+00 1.000000000000e-02
5.411638028594e+00 8.352427022639e+00 1.000000000000e-02
1.352468549809e+00 5.694922404903e-01 1.000000000000e-02
2.164688602007e+00 8.449160408941e+00 1.000000000000e-02
5.565770974077e+00 -6.345641469698e-01 1.000000000000e-02
2.257506545356e+00 2.138020061326e+00 1.000000000000e-02
5.599670091916e+00 6.583236937067e+00 1.000000000000e-02
4.709078819676e+00 7.411112673882e+00 1.000000000000e-02
5.269454759439e+00 -9.783603904778e-01 1.000000000000e-02
5.436598021378e-01 9.488781892247e-02 1.000000000000e-02
3.293170831705e+00 3.102821992891e+00 1.000000000000e-02
2.835886323867e+00 4.312555997198e+00 1.000000000000e-02
4.616449312006e+00 5.449839981475e+00 1.000000000000e-02
3.010753138854e+00 -1.771270371543e+00 1.000000000000e-02
7.872018487004e-01 6.224609820593e+00 1.000000000000e-02
4.845335200570e+00 5.728757981089e+00 1.000000000000e-02
2.923170486552e+00 4.670238262758e+00 1.000000000000e-02
5.454699254474e+00 5.161991323078e+00 1.000000000000e-02
2.799179965540e+00 1.184930011613e+00 1.000000000000e-02
3.958280796342e+00 2.080052300525e+00 1.000000000000e-02
2.021223589762e+00 6.058863076587e+00 1.000000000000e-02
3.341990584955e+00 6.083587298265e+00 1.000000000000e-02
5.641715090200e-01 -1.031031958005e+00 1.000000000000e-02
4.994799632469e+00 2.018632443830e+00 1.000000000000e-02
3.070250109621e+00 5.928473643328e+00 1.000000000000e-02
2.174555465387e+00 6.154934710904e+00 1.000000000000e-02
1.145920622640e+00 2.880984838431e+00 1.000000000000e-02
4.418802342533e+00 7.298815189410e+00 1.000000000000e-02
3.446374934402e+00 -2.033637640428e+00 1.000000000000e-02
9.660129723408e-03 3.236941674659e+00 1.000000000000e-02
2.966886758143e+00 2.042962903752e+00 1.000000000000e-02
5.638649381610e+00 6.291555681092e+00 1.000000000000e-02
6.280377850851e+00 1.682857191154e+00 1.000000000000e-02
3.495122846974e+00 4.412397936981e+00 -1.000000000000e-02
4.787675891480e+00 -1.263085669811e+00 -1.000000000000e-02
4.760156119920e+00 5.647925785817e+00 -1.000000000000e-02
3.914364130128e+00 7.582126859925e+00 -1.000000000000e-02
2.765148066964e+00 2.327023429883e+00 -1.000000000000e-02
5.986851639184e-03 -1.538524005066e+00 -1.000000000000e-02
3.181889841674e+00 5.712316663331e+00 -1.000000000000e-02
2.151244018736e+00 5.041393366529e+00 -1.000000000000e-02
2.158649716423e+00 1.577721093951e-01 -1.000000000000e-02
3.172758487388e+00 6.986325531229e+00 -1.000000000000e-02
5.435121775261e+00 5.831676562958e+00 -1.000000000000e-02
2.655253835956e+00 1.972920750090e+00 -1.000000000000e-02
3.474249638800e+00 -1.994420223656e+00 -1.000000000000e-02
4.237761693684e+00 5.121775539168e+00 -1.000000000000e-02
4.275651604332e+00 3.382214966387e+00 -1.000000000000e-02
5.166548682235e+00 3.114431768500e+00 -1.000000000000e-02
4.523436948489e+00 7.928683048269e-01 -1.000000000000e-02
2.777365211054e+00 2.877658575205e+00 -1.000000000000e-02
1.355271921045e+00 1.066189721065e+00 -1.000000000000e-02
2.681118417150e+00 4.780327362657e+00 -1.000000000000e-02
3.065714670982e+00 1.944217786424e+00 -1.000000000000e-02
5.451495675778e+00 -1.087251987565e+00 -1.000000000000e-02
4.746119717807e+00 5.596806204354e+00 -1.000000000000e-02
4.205115777011e-01 3.310199913799e+00 -1.000000000000e-02
4.139678132759e+00 5.131214286530e+00 -1.000000000000e-02
5.771860058506e+00 2.797615236029e+00 -1.000000000000e-02
1.713531947313e+00 3.279238895448e+00 -1.000000000000e-02
4.525038812783e+00 1.080882166497e+00 -1.000000000000e-02
5.569464692409e+00 5.404730991209e+00 -1.000000000000e-02
5.990051922647e+00 8.433122193694e+00 -1.000000000000e-02
9.122724153869e-01 4.882260453803e+00 -1.000000000000e-02
4.768031397330e+00 -2.034112278771e-01 -1.000000000000e-02
2.788163945630e+00 -1.572681007000e+00 -1.000000000000e-02
2.416984771096e+00 1.685200902076e+00 -1.000000000000e-02
4.243170891355e+00 8.461006091937e+00 -1.000000000000e-02
4.939824891508e+00 1.402300079417e+00 -1.000000000000e-02
3.494293778077e+00 3.678649841243e+00 -1.000000000000e-02
3.874355818552e+00 6.381437421359e+00 -1.000000000000e-02
5.898778033354e-01 2.920203031988e+00 -1.000000000000e-02
4.051052004850e-01 2.586620857246e+00 -1.000000000000e-02
2.220894649497e+00 5.486618352104e+00 -1.000000000000e-02
2.098619080764e+00 6.764600091809e+00 -1.000000000000e-02
2.158344702715e-01 1.163320890051e+00 -1.000000000000e-02
1.298278915100e+00 3.408772594528e+00 -1.000000000000e-02
2.279517035981e+00 1.107474882241e+00 -1.000000000000e-02
2.311410169558e+00 3.542252916871e+00 -1.000000000000e-02
2.085065619218e+00 3.233720621130e+00 -1.000000000000e-02
5.790025337105e+00 3.395217179933e+00 -1.000000000000e-02
1.664068501993e+00 6.978711840793e+00 -1.000000000000e-02
2.452081514606e+00 5.986597452553e+00 -1.000000000000e-02
