2.699459128619e+00 4.773753978069e+00 1.000000000000e-02
1.218027330928e+00 5.835706377230e+00 1.000000000000e-02
6.243794996899e+00 2.585741404316e+00 1.000000000000e-02
4.743190311012e+00 1.436479155835e+00 1.000000000000e-02
3.224171983747e+00 1.525795575552e+00 1.000000000000e-02
1.677526466006e+00 -6.301926022471e-01 1.000000000000e-02
1.522172300734e+00 5.978527930497e-01 1.000000000000e-02
4.715728428440e+00 1.180584359152e+00 1.000000000000e-02
3.310724111798e+00 2.882711993218e+00 1.000000000000e-02
3.411770466188e+00 2.113346313295e+00 1.000000000000e-02
8.661569761811e-01 2.451121900400e+00 1.000000000000e-02
2.105399342330e+00 4.535653096842e+00 1.000000000000e-02
5.263438014316e+00 4.144403924072e+00 1.000000000000e-02
6.881540850974e-01 2.893612539554e+00 1.000000000000e-02
4.484318372417e+00 -8.477673860707e-01 1.000000000000e-02
1.616661012266e+00 5.163445850671e+00 1.000000000000e-02
3.484551304858e+00 2.090377026108e+00 1.000000000000e-02
4.426142010861e-01 7.695256407558e+00 1.000000000000e-02
9.109495310485e-01 8.086357901016e+00 1.000000000000e-02
5.765463201351e+00 1.386477528226e+00 1.000000000000e-02
4.596573233325e+00 8.372083707559e+00 1.000000000000e-02
1.330546338492e+00 -1.515059192677e+00 1.000000000000e-02
6.250049573988e+00 2.757777138961e+00 1.000000000000e-02
3.720392470722e+00 6.318915197828e+00 1.000000000000e-02
1.067224501666e+00 6.744979791990e+00 1.000000000000e-02
2.677771441538e+00 -1.976008817573e+00 1.000000000000e-02
2.969903581080e+00 -3.826660729742e-01 1.000000000000e-02
3.329720080778e+00 1.575433818188e+00 1.000000000000e-02
4.113413639223e+00 5.222137918775e+00 1.000000000000e-02
5.036933787387e+00 3.980956554241e+00 1.000000000000e-02
2.317044169071e+00 -1.628099743989e+00 1.000000000000e-02
5.940549309962e+00 6.304525591265e+00 1.000000000000e-02
1.232910721004e+00 4.009215323335e+00 1.000000000000e-02
4.323319343172e+00 4.997842146145e+00 1.000000000000e-02
1.204584970366e+00 4.131820176406e+00 1.000000000000e-02
9.830812823333e-01 6.464808931917e-01 1.000000000000e-02
4.039654535911e+00 1.176518822737e+00 1.000000000000e-02
1.482661151968e+00 6.783305550122e+00 1.000000000000e-02
2.439119168660e+00 7.305934782164e+00 1.000000000000e-02
3.618534332039e+00 -9.948361339073e-01 1.000000000000e-02
3.183336952724e+00 2.856434916828e+00 1.000000000000e-02
5.420349145415e+00 7.782083032435e+00 1.000000000000e-02
1.290826120596e+00 6.818532620541e+00 1.000000000000e-02
5.004871160800e+00 2.748619025237e+00 1.000000000000e-02
3.013903693554e+00 5.923345702394e+00 1.000000000000e-02
5.077892585547e+00 -1.661739947189e-01 1.000000000000e-02
4.650357041406e+00 1.877388378133e+00 1.000000000000e-02
1.454908985033e+00 1.855832773792e+00 1.000000000000e-02
3.571522048186e+00 6.553918445756e+00 1.000000000000e-02
6.209687736488e+00 2.000187531224e+00 1.000000000000e-02
5.184302011279e+00 5.691139991555e+00 -1.000000000000e-02
5.776931608490e+00 -1.275163375368e+00 -1.000000000000e-02
1.081097835325e+00 3.936603225545e+00 -1.000000000000e-02
5.601471019952e+00 6.900845732112e+00 -1.000000000000e-02
2.640869762733e+00 1.232599553415e+00 -1.000000000000e-02
3.108020245849e+00 -1.329933768841e+00 -1.000000000000e-02
5.548800131161e+00 4.779676262517e+00 -1.000000000000e-02
3.389004753657e+00 5.385388338918e+00 -1.000000000000e-02
1.781740180385e+00 -1.640101886839e-01 -1.000000000000e-02
2.669957872501e+00 6.635378754750e+00 -1.000000000000e-02
1.317202187146e+00 4.721822814392e+00 -1.000000000000e-02
2.680607676445e+00 1.675289302050e+00 -1.000000000000e-02
6.282702609502e+00 -3.035752185936e-01 -1.000000000000e-02
5.053814297144e+00 4.135824662606e+00 -1.000000000000e-02
3.799791936197e+00 4.364808796582e+00 -1.000000000000e-02
4.191707378099e+00 3.046089907160e+00 -1.000000000000e-02
2.806723928951e+00 3.678731621170e-01 -1.000000000000e-02
9.140084620590e-01 2.795428578352e+00 -1.000000000000e-02
1.072306744297e+00 1.528092356902e+00 -1.000000000000e-02
3.190474841917e+00 5.160023113316e+00 -1.000000000000e-02
3.857546758425e+00 1.062613761822e+00 -1.000000000000e-02
3.268288132024e+00 -1.788902821017e+00 -1.000000000000e-02
1.022639345016e+00 3.933658181545e+00 -1.000000000000e-02
5.588016355627e+00 3.492361153644e+00 -1.000000000000e-02
5.000874093792e+00 4.214384466188e+00 -1.000000000000e-02
3.897044145580e+00 3.700400038879e+00 -1.000000000000e-02
9.449594047025e-02 3.254348734304e+00 -1.000000000000e-02
2.861087154133e+00 6.660797144738e-02 -1.000000000000e-02
1.559003724503e+00 5.828501216255e+00 -1.000000000000e-02
3.084348073237e+00 8.340572355437e+00 -1.000000000000e-02
1.723670935474e+00 5.244811780906e+00 -1.000000000000e-02
5.265691487762e+00 7.106792242440e-02 -1.000000000000e-02
3.541519598475e+00 -1.983302992652e+00 -1.000000000000e-02
2.744504695952e+00 1.351365192778e+00 -1.000000000000e-02
1.115549196417e+00 8.148519175458e+00 -1.000000000000e-02
1.613123218879e+00 7.492039364145e-01 -1.000000000000e-02
4.290098314276e+00 4.439326346186e+00 -1.000000000000e-02
4.857769902335e+00 7.592152145199e+00 -1.000000000000e-02
4.140579774869e+00 2.146612337863e+00 -1.000000000000e-02
3.705804626876e+00 3.306689708197e+00 -1.000000000000e-02
6.054287574784e+00 5.760667325488e+00 -1.000000000000e-02
4.380853300428e+00 7.670086867633e+00 -1.000000000000e-02
6.103843703618e+00 1.766058092178e+00 -1.000000000000e-02
1.224200386430e+00 3.044258254473e+00 -1.000000000000e-02
6.858942397828e-01 7.524176877083e-01 -1.000000000000e-02
1.308507387890e+00 3.345159000796e+00 -1.000000000000e-02
5.853703703720e+00 2.808752672078e+00 -1.000000000000e-02
4.218842967608e+00 1.429570172868e+00 -1.000000000000e-02
5.109868341626e+00 7.527847263038e+00 -1.000000000000e-02
6.176140410178e-01 5.439209560641e+00 -1.000000000000e-02
