5.226541083556e+00 5.348991369480e+00 1.000000000000e-02
5.798139717464e+00 7.266567640685e+00 1.000000000000e-02
2.357066855314e+00 5.678354972741e+00 1.000000000000e-02
4.212599102633e+00 3.832486614343e+00 1.000000000000e-02
3.798303804467e+00 3.607007752713e+00 1.000000000000e-02
1.419853552330e+00 -2.398054984332e-01 1.000000000000e-02
4.350843125568e+00 1.267582608673e+00 1.000000000000e-02
3.917780176854e+00 2.804431004530e+00 1.000000000000e-02
2.148339842121e+00 1.245058741032e+00 1.000000000000e-02
4.169015174954e+00 1.027257506467e+00 1.000000000000e-02
3.971844223981e+00 1.560107319910e+00 1.000000000000e-02
6.702676716158e-01 2.412126933197e+00 1.000000000000e-02
4.218595892542e+00 5.203435656541e+00 1.000000000000e-02
4.560628958186e+00 3.468211948439e+00 1.000000000000e-02
1.254347071497e+00 4.988142356570e-01 1.000000000000e-02
4.844688057741e+00 -1.974989248112e+00 1.000000000000e-02
1.706169659870e-01 8.183790541281e-01 1.000000000000e-02
6.057202634562e+00 8.145686241283e+00 1.000000000000e-02
3.493299822302e+00 3.852945282596e+00 1.000000000000e-02
9.697712244918e-02 2.202928998365e+00 1.000000000000e-02
1.794161163146e+00 7.180260269182e+00 1.000000000000e-02
5.731011627823e+00 -4.671497799150e-01 1.000000000000e-02
4.989383342763e+00 6.372396971995e+00 1.000000000000e-02
4.090688766277e+00 6.153901783493e+00 1.000000000000e-02
4.266250236644e+00 5.482809787123e+00 1.000000000000e-02
4.203932680247e+00 -1.351997731480e-01 1.000000000000e-02
1.192906755726e+00 9.923737006211e-01 1.000000000000e-02
4.015206541450e+00 3.806460241642e+00 1.000000000000e-02
3.762733760978e+00 3.239947547734e+00 1.000000000000e-02
2.777616758118e+00 2.172679454358e+00 1.000000000000e-02
2.646006793679e+00 4.744385749319e+00 1.000000000000e-02
2.585789475756e+00 7.501357266736e+00 1.000000000000e-02
9.684213998169e-01 5.389122044823e+00 1.000000000000e-02
1.381837238514e+00 4.759286640648e+00 1.000000000000e-02
1.332412911613e+00 4.239086886678e+00 1.000000000000e-02
3.353104222628e+00 1.609745091752e-01 1.000000000000e-02
2.223306394362e+00 5.382225986273e+00 1.000000000000e-02
3.667083707806e+00 3.755218096092e+00 1.000000000000e-02
2.356080971211e+00 7.297568183400e+00 1.000000000000e-02
9.420086446649e-01 8.996248266980e-01 1.000000000000e-02
2.259395139582e+00 1.324120217790e+00 1.000000000000e-02
3.541811331543e+00 5.575316647122e+00 1.000000000000e-02
1.602633242629e+00 3.142889833275e+00 1.000000000000e-02
1.199065619472e+00 5.578654001773e+00 1.000000000000e-02
5.430000710347e+00 3.261015031818e+00 1.000000000000e-02
2.876974915243e+00 -1.646753204984e+00 1.000000000000e-02
4.195041759678e+00 3.939863776601e+00 1.000000000000e-02
4.455589955534e-01 5.208028634851e+00 1.000000000000e-02
4.092702525794e+00 5.066498484498e+00 1.000000000000e-02
3.831820144156e-01 4.554028025188e+00 1.000000000000e-02
1.053315681283e+00 4.328668568096e+00 -1.000000000000e-02
7.115693413098e-01 1.210715413352e+00 -1.000000000000e-02
8.437623274953e-01 5.249318997120e+00 -1.000000000000e-02
4.765183888378e+00 6.728757163846e+00 -1.000000000000e-02
9.483502566301e-02 7.217600709865e-01 -1.000000000000e-02
1.104105949450e+00 -1.732422600437e+00 -1.000000000000e-02
4.418684796422e+00 2.673819896860e+00 -1.000000000000e-02
8.314222976211e-01 4.264748462762e+00 -1.000000000000e-02
4.710829777879e+00 -1.954643731726e+00 -1.000000000000e-02
2.040936579958e+00 7.231236903272e+00 -1.000000000000e-02
4.374634229544e+00 2.143873861608e+00 -1.000000000000e-02
3.620881910597e+00 1.864795865985e+00 -1.000000000000e-02
3.403519447781e-01 5.572510132270e-01 -1.000000000000e-02
1.521808980596e+00 4.619303906083e+00 -1.000000000000e-02
2.996287091412e+00 1.723577467470e+00 -1.000000000000e-02
6.895054128140e-01 4.920909536465e+00 -1.000000000000e-02
2.096500692920e+00 1.901089268503e+00 -1.000000000000e-02
1.922601962592e-01 6.875259173128e+00 -1.000000000000e-02
4.271319547027e+00 3.550887631405e+00 -1.000000000000e-02
3.081223576975e+00 7.361137588850e+00 -1.000000000000e-02
5.081258429784e-01 5.129208521796e+00 -1.000000000000e-02
1.791768499715e+00 4.426505675366e+00 -1.000000000000e-02
8.522985662787e-01 5.303491841167e+00 -1.000000000000e-02
5.021800375150e+00 4.802221130285e+00 -1.000000000000e-02
1.569422988274e+00 4.704338016568e+00 -1.000000000000e-02
2.720767712861e+00 2.161063909738e+00 -1.000000000000e-02
5.823541879317e+00 4.811072534546e+00 -1.000000000000e-02
3.518081181913e-01 1.041855083185e+00 -1.000000000000e-02
5.750528174719e+00 6.946607405509e-01 -1.000000000000e-02
2.607527160662e-01 8.175782219817e+00 -1.000000000000e-02
6.141948692309e+00 7.376964425437e-01 -1.000000000000e-02
1.211596714462e+00 1.258129154620e+00 -1.000000000000e-02
5.194249211480e+00 2.301254555063e+00 -1.000000000000e-02
2.314526712822e-01 4.402116629958e+00 -1.000000000000e-02
3.443846112399e+00 6.650063760636e+00 -1.000000000000e-02
2.387530655685e+00 2.241928604317e-01 -1.000000000000e-02
1.315253084907e+00 5.142874525285e+00 -1.000000000000e-02
5.093674248112e+00 5.809628143811e+00 -1.000000000000e-02
4.422358244843e+00 2.893585122958e+00 -1.000000000000e-02
9.199622142325e-01 3.955902712610e+00 -1.000000000000e-02
3.364942268683e-01 3.773616148213e+00 -1.000000000000e-02
2.440869056483e+00 5.416549306051e+00 -1.000000000000e-02
4.386070739446e+00 3.880118396644e-01 -1.000000000000e-02
2.610895288203e+00 9.194489068777e-01 -1.000000000000e-02
1.368926154715e+00 6.278318210096e-02 -1.000000000000e-02
6.163154478963e+00 5.325129105777e+00 -1.000000000000e-02
3.609585592045e+00 3.301161013412e+00 -1.000000000000e-02
3.990692555957e+00 4.722439907886e+00 -1.000000000000e-02
4.160318124903e+00 6.939916369661e+00 -1.000000000000e-02
1.634457752276e+00 3.258902647380e+00 -1.000000000000e-02
