3.680947037586e+00 4.644520910007e+00 1.000000000000e-02
2.133081943133e+00 5.963816144494e+00 1.000000000000e-02
4.386500769956e+00 4.358121521227e+00 1.000000000000e-02
4.523824702575e+00 3.297239238978e+00 1.000000000000e-02
4.617195496211e+00 3.342451030573e+00 1.000000000000e-02
1.407201103253e+00 6.976218386107e-01 1.000000000000e-02
5.783759837306e+00 1.885370317313e+00 1.000000000000e-02
4.465215558979e+00 5.155576349393e+00 1.000000000000e-02
4.203228158418e-01 1.518426076412e+00 1.000000000000e-02
4.397662985793e+00 2.130544627632e+00 1.000000000000e-02
4.563466560144e+00 -8.913749444017e-02 1.000000000000e-02
6.119859929888e+00 2.979110310941e+00 1.000000000000e-02
3.997758158036e+00 6.609584436861e+00 1.000000000000e-02
4.363172281962e+00 4.017414774107e+00 1.000000000000e-02
2.896456765898e+00 1.509838809499e-01 1.000000000000e-02
4.862081593272e+00 2.137382496521e+00 1.000000000000e-02
4.857093099175e+00 2.970262844357e+00 1.000000000000e-02
5.339012679146e+00 8.518084193433e+00 1.000000000000e-02
5.918564009606e+00 6.108547593401e+00 1.000000000000e-02
5.158713007104e+00 -1.257280573755e-01 1.000000000000e-02
3.265709350184e+00 7.775623603964e+00 1.000000000000e-02
6.079625941552e+00 2.978371498858e-01 1.000000000000e-02
4.419595465367e+00 5.555531559163e+00 1.000000000000e-02
3.473938104151e+00 6.314827874871e+00 1.000000000000e-02
1.426330832844e+00 7.742024643341e+00 1.000000000000e-02
3.761058646749e+00 -4.992256849630e-01 1.000000000000e-02
2.265165545393e+00 -2.945820179777e-01 1.000000000000e-02
4.695372046108e+00 3.174949676294e+00 1.000000000000e-02
2.030150584753e-01 2.971586074653e+00 1.000000000000e-02
3.950799403907e+00 8.285953168169e+00 1.000000000000e-02
2.689825535402e+00 2.222499700504e+00 1.000000000000e-02
1.369732794795e-01 7.784664528216e+00 1.000000000000e-02
1.192700181016e+00 4.255972994683e+00 1.000000000000e-02
1.578978206535e+00 4.739970077054e+00 1.000000000000e-02
1.991949611640e+00 5.444571747913e+00 1.000000000000e-02
6.983239975939e-01 -2.870001212449e-01 1.000000000000e-02
2.784177512009e+00 1.822538483755e+00 1.000000000000e-02
5.986230637716e+00 5.957736384443e+00 1.000000000000e-02
2.108736734162e+00 6.459618133004e+00 1.000000000000e-02
5.777384364832e+00 6.119310233931e-01 1.000000000000e-02
5.530919792769e-01 1.529845717556e+00 1.000000000000e-02
5.699839309960e+00 6.504665478881e+00 1.000000000000e-02
5.916641596754e+00 5.442355140801e+00 1.000000000000e-02
3.821105834176e+00 3.306388192513e+00 1.000000000000e-02
5.376492573784e+00 7.036039033404e+00 1.000000000000e-02
5.740776455926e+00 -1.778168495760e+00 1.000000000000e-02
4.639294092975e+00 2.911585692497e+00 1.000000000000e-02
3.405617736193e+00 1.758867544879e+00 1.000000000000e-02
3.808248191746e+00 6.760638633696e+00 1.000000000000e-02
2.092405448436e+00 2.557166487876e+00 1.000000000000e-02
4.012484791356e+00 4.958586508170e+00 -1.000000000000e-02
2.675687574616e+00 -1.680456209942e-01 -1.000000000000e-02
1.066747106070e+00 4.104353683143e+00 -1.000000000000e-02
6.211455616455e+00 6.548219082511e+00 -1.000000000000e-02
4.927887502921e+00 3.102322549876e+00 -1.000000000000e-02
2.516475199972e+00 -1.830795005368e+00 -1.000000000000e-02
1.628652089213e+00 5.809575430250e+00 -1.000000000000e-02
3.659097936588e+00 5.280163743851e+00 -1.000000000000e-02
5.673548337104e+00 1.652647747729e+00 -1.000000000000e-02
1.397387295233e+00 7.166114353485e+00 -1.000000000000e-02
5.770974949509e+00 4.403096436045e+00 -1.000000000000e-02
4.595668618383e+00 2.029113404640e-02 -1.000000000000e-02
4.407275304951e+00 1.031624551660e+00 -1.000000000000e-02
1.363148054364e+00 4.654642369294e+00 -1.000000000000e-02
4.934525842541e+00 1.475992199335e+00 -1.000000000000e-02
1.424045898084e+00 2.736547090722e+00 -1.000000000000e-02
3.966532746769e-01 9.391291097239e-01 -1.000000000000e-02
4.095192979071e+00 4.644564514535e+00 -1.000000000000e-02
2.750958297860e+00 2.542469769308e+00 -1.000000000000e-02
4.025935262202e+00 8.279596444618e+00 -1.000000000000e-02
2.895131798795e+00 1.439242493514e+00 -1.000000000000e-02
2.356973128326e+00 1.946370742062e+00 -1.000000000000e-02
1.107528003332e+00 4.139757871682e+00 -1.000000000000e-02
3.266805065219e+00 4.605884108530e+00 -1.000000000000e-02
1.342903562778e+00 4.563429540471e+00 -1.000000000000e-02
1.126746203560e+00 1.620402141344e+00 -1.000000000000e-02
2.589332674751e+00 4.956488002258e+00 -1.000000000000e-02
1.115581437206e-01 1.059545831271e+00 -1.000000000000e-02
3.481700951251e+00 7.239586909306e+00 -1.000000000000e-02
2.837742706393e+00 8.604220349308e+00 -1.000000000000e-02
5.376608473505e+00 2.032501677214e+00 -1.000000000000e-02
3.627337729094e+00 6.204307406444e-01 -1.000000000000e-02
4.972708573023e+00 -2.883724298490e-02 -1.000000000000e-02
3.413937640044e+00 5.827698192959e+00 -1.000000000000e-02
3.735846664293e+00 7.861805695061e+00 -1.000000000000e-02
1.631273158019e+00 2.302141688093e-01 -1.000000000000e-02
4.616979063248e+00 2.579288200203e+00 -1.000000000000e-02
3.105013765285e-01 7.402904127916e+00 -1.000000000000e-02
3.552387442278e+00 4.894367848146e+00 -1.000000000000e-02
3.667810585321e+00 5.856700895754e+00 -1.000000000000e-02
2.582555703155e+00 5.599962477085e+00 -1.000000000000e-02
6.006307027009e+00 6.764667900038e+00 -1.000000000000e-02
2.292608595277e+00 9.246059232286e-01 -1.000000000000e-02
7.230372409582e-01 2.532165539695e+00 -1.000000000000e-02
1.903047773033e+00 -1.699792964211e-01 -1.000000000000e-02
1.740288976042e+00 4.403111275636e+00 -1.000000000000e-02
5.984702914269e+00 2.567620220400e+00 -1.000000000000e-02
4.060517861119e+00 3.088954484625e+00 -1.000000000000e-02
3.499577858996e-01 6.741861681285e+00 -1.000000000000e-02
1.628142119671e+00 5.397612357602e+00 -1.000000000000e-02
