5.649717945894e+00 5.887634563615e+00 1.000000000000e-02
1.928965724863e+00 7.266098096537e+00 1.000000000000e-02
3.035386442576e+00 5.507067180392e+00 1.000000000000e-02
4.109040916448e+00 4.004575455194e+00 1.000000000000e-02
3.877680647910e+00 4.247112756766e+00 1.000000000000e-02
9.689081443214e-02 -2.734352335649e-01 1.000000000000e-02
3.805951506839e+00 1.395112277526e+00 1.000000000000e-02
4.719885933945e+00 3.652855907102e+00 1.000000000000e-02
1.793761970610e+00 1.343026469146e+00 1.000000000000e-02
4.173929258013e+00 1.329867312130e+00 1.000000000000e-02
3.488468818066e+00 1.128329853389e+00 1.000000000000e-02
4.438307773984e-01 2.532445911105e+00 1.000000000000e-02
4.682219618097e+00 5.759829526505e+00 1.000000000000e-02
4.836458701684e+00 4.124597321298e+00 1.000000000000e-02
7.501020561701e-01 4.797376948858e-01 1.000000000000e-02
2.621922804998e-01 -2.466128095088e+00 1.000000000000e-02
5.763439029788e+00 -2.970092866974e-01 1.000000000000e-02
5.282938529427e+00 8.332740291423e+00 1.000000000000e-02
4.305603513172e+00 3.559870709507e+00 1.000000000000e-02
1.956925584394e-01 2.064569782718e+00 1.000000000000e-02
3.851404024392e+00 7.391748246190e+00 1.000000000000e-02
4.430356284490e+00 -3.086764434961e-01 1.000000000000e-02
5.678024658209e+00 6.477408373202e+00 1.000000000000e-02
4.169503011448e+00 6.275619025160e+00 1.000000000000e-02
4.282390626838e+00 5.546220041569e+00 1.000000000000e-02
3.291857825559e+00 7.739254849639e-03 1.000000000000e-02
5.519448982919e-02 1.557888075363e-01 1.000000000000e-02
3.912972747366e+00 4.375815596616e+00 1.000000000000e-02
4.630349250363e+00 2.769323180636e+00 1.000000000000e-02
3.989427493054e+00 1.877572661798e+00 1.000000000000e-02
2.891162153240e+00 4.022448096678e+00 1.000000000000e-02
5.864005076564e+00 7.916913099226e+00 1.000000000000e-02
1.532275233740e+00 4.240551676578e+00 1.000000000000e-02
2.380483787090e+00 3.801976231291e+00 1.000000000000e-02
7.305753660183e-01 3.649635258156e+00 1.000000000000e-02
2.513237801728e+00 -4.451328101142e-02 1.000000000000e-02
2.626569740283e+00 4.931394523690e+00 1.000000000000e-02
4.177749005781e+00 3.412137820769e+00 1.000000000000e-02
4.410607813754e+00 7.229818694099e+00 1.000000000000e-02
2.536898603946e-01 3.845038001335e-01 1.000000000000e-02
1.927970693912e+00 1.344984781896e+00 1.000000000000e-02
3.807427038368e+00 5.266146715561e+00 1.000000000000e-02
4.328123757757e-02 3.415632928132e+00 1.000000000000e-02
1.998105248463e+00 4.725097408208e+00 1.000000000000e-02
5.575268923258e+00 3.720478027573e+00 1.000000000000e-02
4.949063557328e+00 -1.686094425385e+00 1.000000000000e-02
4.045707184876e+00 4.114558884919e+00 1.000000000000e-02
1.852074169132e+00 5.187150814754e+00 1.000000000000e-02
4.486474387335e+00 5.702161114842e+00 1.000000000000e-02
9.967396457908e-01 4.487624896649e+00 1.000000000000e-02
4.144754134108e-01 3.791627659708e+00 -1.000000000000e-02
6.101203728435e+00 2.054239772589e-01 -1.000000000000e-02
1.356496727731e+00 4.457120822434e+00 -1.000000000000e-02
5.521637435708e+00 6.749756876669e+00 -1.000000000000e-02
5.614313031476e+00 -2.797006040329e-01 -1.000000000000e-02
2.908377902226e+00 -1.750392956656e+00 -1.000000000000e-02
5.151358813885e+00 3.422658804147e+00 -1.000000000000e-02
8.492622723176e-01 4.060734501412e+00 -1.000000000000e-02
3.237182912830e-01 -2.446393580843e+00 -1.000000000000e-02
4.085383746739e+00 7.357742935566e+00 -1.000000000000e-02
4.385093011495e+00 2.405011514941e+00 -1.000000000000e-02
3.232176621587e+00 1.467469284602e+00 -1.000000000000e-02
5.645881281661e+00 3.621224618493e-01 -1.000000000000e-02
2.187764747242e+00 3.726748741426e+00 -1.000000000000e-02
3.976678411346e+00 1.804117644539e+00 -1.000000000000e-02
1.323208054486e+00 4.940609594687e+00 -1.000000000000e-02
1.703161648182e+00 1.840882750112e+00 -1.000000000000e-02
1.911092160296e+00 6.826572684117e+00 -1.000000000000e-02
4.215089803661e+00 4.561892274696e+00 -1.000000000000e-02
6.080864540622e+00 7.766155219011e+00 -1.000000000000e-02
1.885975639863e+00 4.938071505798e+00 -1.000000000000e-02
1.523641458520e+00 3.917499404560e+00 -1.000000000000e-02
1.398915241604e+00 4.422839365914e+00 -1.000000000000e-02
5.384273444787e+00 5.579633126343e+00 -1.000000000000e-02
2.137944568420e+00 3.812002275058e+00 -1.000000000000e-02
2.753131731510e+00 1.735089129268e+00 -1.000000000000e-02
6.165582417629e+00 5.407906993912e+00 -1.000000000000e-02
1.459372976735e-03 6.924123720562e-01 -1.000000000000e-02
5.526082349507e+00 1.136606498858e+00 -1.000000000000e-02
5.912138306483e+00 8.371331283766e+00 -1.000000000000e-02
5.775586249567e+00 7.909817030389e-01 -1.000000000000e-02
6.450603130279e-01 9.852391631956e-01 -1.000000000000e-02
5.250250974577e+00 2.357846216284e+00 -1.000000000000e-02
8.545365926825e-01 4.369356690752e+00 -1.000000000000e-02
4.296770350152e+00 6.780317279708e+00 -1.000000000000e-02
1.652674426258e+00 1.439865199956e-01 -1.000000000000e-02
2.014323215840e+00 4.412868514369e+00 -1.000000000000e-02
5.605307384029e+00 6.211457058343e+00 -1.000000000000e-02
4.953233485491e+00 3.324149557408e+00 -1.000000000000e-02
5.570285974525e-01 4.152924209534e+00 -1.000000000000e-02
1.607505374654e-01 4.434613167910e+00 -1.000000000000e-02
3.089334133080e+00 5.348182286645e+00 -1.000000000000e-02
3.933967224029e+00 6.064248815425e-01 -1.000000000000e-02
2.319520261987e+00 1.023717819760e+00 -1.000000000000e-02
5.015492873993e-01 6.679396627909e-02 -1.000000000000e-02
5.806867602684e-01 5.487684346149e+00 -1.000000000000e-02
4.503495478760e+00 2.706131805213e+00 -1.000000000000e-02
4.072410799020e+00 4.861325588387e+00 -1.000000000000e-02
5.756751961724e+00 7.129914157274e+00 -1.000000000000e-02
4.818093618278e-02 3.509672301469e+00 -1.000000000000e-02
