5.492830061106e+00 5.735802427282e+00 1.000000000000e-02
1.138675831670e+00 7.303454509156e+00 1.000000000000e-02
2.787448725882e+00 5.571615327194e+00 1.000000000000e-02
4.061264623097e+00 4.152735379831e+00 1.000000000000e-02
4.174573623446e+00 4.291790031389e+00 1.000000000000e-02
5.089907651381e-01 -2.799132904694e-01 1.000000000000e-02
3.967652021944e+00 1.432695061287e+00 1.000000000000e-02
4.463083414087e+00 3.307375028097e+00 1.000000000000e-02
2.023241151000e+00 1.285082839526e+00 1.000000000000e-02
4.210673745558e+00 1.189813597830e+00 1.000000000000e-02
3.602579816921e+00 1.264801845423e+00 1.000000000000e-02
5.303732810699e-01 2.491168882164e+00 1.000000000000e-02
4.482609991298e+00 5.393522551467e+00 1.000000000000e-02
4.807840118798e+00 3.867764605575e+00 1.000000000000e-02
9.661811921919e-01 4.873095522011e-01 1.000000000000e-02
5.221498767865e+00 -2.879499639558e+00 1.000000000000e-02
6.226870872403e+00 -4.903307055169e-03 1.000000000000e-02
3.401137199827e+00 8.257522401662e+00 1.000000000000e-02
4.019070124717e+00 3.382570941265e+00 1.000000000000e-02
1.548464994272e-01 2.110012162820e+00 1.000000000000e-02
3.134304412106e+00 7.294912872717e+00 1.000000000000e-02
4.827345707835e+00 -3.537688259776e-01 1.000000000000e-02
5.436309780934e+00 6.442609842103e+00 1.000000000000e-02
4.125842447981e+00 6.242200898566e+00 1.000000000000e-02
4.160508202871e+00 5.602565317523e+00 1.000000000000e-02
3.567385044913e+00 -2.113903131486e-02 1.000000000000e-02
3.889698765028e-01 5.153053334883e-01 1.000000000000e-02
4.097272705263e+00 4.034618799176e+00 1.000000000000e-02
4.329838170199e+00 2.838991877004e+00 1.000000000000e-02
3.583340997705e+00 1.888183045904e+00 1.000000000000e-02
2.808260370919e+00 4.261921406617e+00 1.000000000000e-02
4.605433977795e+00 7.763679211726e+00 1.000000000000e-02
1.560776253465e+00 4.584214466278e+00 1.000000000000e-02
2.153355123514e+00 4.358599488558e+00 1.000000000000e-02
9.958621262576e-01 3.739504360087e+00 1.000000000000e-02
2.795672875993e+00 2.886299418702e-02 1.000000000000e-02
2.533583031507e+00 5.119682725668e+00 1.000000000000e-02
3.928664684235e+00 3.565367929867e+00 1.000000000000e-02
3.765892473361e+00 7.218205639922e+00 1.000000000000e-02
5.620176170893e-01 4.562865601897e-01 1.000000000000e-02
1.924997059294e+00 1.373308036616e+00 1.000000000000e-02
3.688645135298e+00 5.350400799999e+00 1.000000000000e-02
6.286015156996e-01 3.269629541924e+00 1.000000000000e-02
1.807219407140e+00 5.076037745266e+00 1.000000000000e-02
5.518765805075e+00 3.554494254215e+00 1.000000000000e-02
4.946922314198e-02 -1.683596141134e+00 1.000000000000e-02
3.912871213848e+00 4.058632944712e+00 1.000000000000e-02
1.526192161775e+00 5.394803755091e+00 1.000000000000e-02
4.505435667369e+00 5.562691803515e+00 1.000000000000e-02
7.639547170606e-01 4.578935291706e+00 1.000000000000e-02
6.894039512106e-01 3.783302559040e+00 -1.000000000000e-02
2.191817989960e-01 5.392883776491e-01 -1.000000000000e-02
1.366897104301e+00 4.680390068775e+00 -1.000000000000e-02
5.288408058280e+00 6.687631924685e+00 -1.000000000000e-02
6.083994626788e+00 -3.161417744924e-02 -1.000000000000e-02
4.350547142684e+00 -1.740485096337e+00 -1.000000000000e-02
4.862216657387e+00 3.273685137010e+00 -1.000000000000e-02
9.551029423232e-01 4.174915378386e+00 -1.000000000000e-02
5.202012789758e+00 -2.859752322690e+00 -1.000000000000e-02
3.392304886177e+00 7.279106978031e+00 -1.000000000000e-02
4.350960574322e+00 2.326594535354e+00 -1.000000000000e-02
3.374786907929e+00 1.619214064828e+00 -1.000000000000e-02
5.994985662083e+00 3.446388284275e-01 -1.000000000000e-02
2.102480387792e+00 4.191612239436e+00 -1.000000000000e-02
3.599214553470e+00 1.828788940230e+00 -1.000000000000e-02
1.071703071141e+00 5.039950414515e+00 -1.000000000000e-02
1.842966683346e+00 1.862898790334e+00 -1.000000000000e-02
1.359037100746e+00 6.881876109029e+00 -1.000000000000e-02
4.410143393267e+00 4.301061541832e+00 -1.000000000000e-02
4.931837438722e+00 7.637631486979e+00 -1.000000000000e-02
1.613689342877e+00 5.234784398626e+00 -1.000000000000e-02
1.577652177204e+00 4.043768664728e+00 -1.000000000000e-02
1.315694299453e+00 4.660575858914e+00 -1.000000000000e-02
5.239312140280e+00 5.338521280620e+00 -1.000000000000e-02
2.013332197721e+00 4.162663817480e+00 -1.000000000000e-02
2.794096372564e+00 1.746979572872e+00 -1.000000000000e-02
6.018160625065e+00 5.229253713992e+00 -1.000000000000e-02
1.804449226210e-01 8.618372673162e-01 -1.000000000000e-02
5.538307115856e+00 1.022100167898e+00 -1.000000000000e-02
3.960668027533e+00 8.286933712785e+00 -1.000000000000e-02
5.896113695273e+00 7.925465265865e-01 -1.000000000000e-02
7.921009606114e-01 1.069582269049e+00 -1.000000000000e-02
5.223104126286e+00 2.327871404809e+00 -1.000000000000e-02
5.999792459827e-01 4.463694491391e+00 -1.000000000000e-02
3.987541145841e+00 6.724044375662e+00 -1.000000000000e-02
1.890577504054e+00 1.761608551426e-01 -1.000000000000e-02
1.820961529107e+00 4.706045816631e+00 -1.000000000000e-02
5.408731154491e+00 6.099385866506e+00 -1.000000000000e-02
4.841002242379e+00 3.042358444311e+00 -1.000000000000e-02
6.166807106687e-01 4.051561021161e+00 -1.000000000000e-02
1.359379406069e-01 4.188823683871e+00 -1.000000000000e-02
2.856067911193e+00 5.406120470122e+00 -1.000000000000e-02
4.062175224068e+00 5.495353527220e-01 -1.000000000000e-02
2.423908099344e+00 9.856276011960e-01 -1.000000000000e-02
7.559601067290e-01 3.183861210839e-02 -1.000000000000e-02
3.533324562351e-01 5.474695240152e+00 -1.000000000000e-02
4.181053209481e+00 2.803874883776e+00 -1.000000000000e-02
4.059193128069e+00 4.779719534924e+00 -1.000000000000e-02
5.154477754080e+00 7.062446150758e+00 -1.000000000000e-02
6.512516415549e-01 3.349852506836e+00 -1.000000000000e-02
