4.540383823092e+00 2.855711721658e+00 1.000000000000e-02
1.725426590292e+00 7.182447302685e+00 1.000000000000e-02
4.852267170532e+00 5.917667813580e+00 1.000000000000e-02
3.366475652279e+00 3.784206855492e+00 1.000000000000e-02
2.644870399418e+00 3.596497117073e+00 1.000000000000e-02
5.394211845676e+00 7.304637820989e-01 1.000000000000e-02
5.751630522449e+00 1.068110762592e+00 1.000000000000e-02
2.023927933758e+00 1.652379305707e+00 1.000000000000e-02
4.090233431378e+00 7.577418389957e-01 1.000000000000e-02
9.295600706263e-02 2.247969559095e+00 1.000000000000e-02
6.089481674150e+00 3.501364356747e-01 1.000000000000e-02
8.899809142446e-01 2.733594772914e+00 1.000000000000e-02
3.977109604315e-01 7.381418435862e+00 1.000000000000e-02
3.261720875488e+00 4.053480581465e+00 1.000000000000e-02
8.864787836763e-01 2.033926126547e+00 1.000000000000e-02
2.385042535603e+00 5.896916341799e-01 1.000000000000e-02
3.099138882173e-01 5.929195510202e-01 1.000000000000e-02
1.220995917869e+00 5.907672308431e+00 1.000000000000e-02
2.206450273653e+00 3.942513499104e+00 1.000000000000e-02
2.039978994323e-01 2.900554066818e+00 1.000000000000e-02
1.274322955731e+00 6.881362685393e+00 1.000000000000e-02
5.260115795744e+00 -2.494183873226e-01 1.000000000000e-02
4.262733231121e+00 4.278612081523e+00 1.000000000000e-02
3.531766484205e+00 5.659693727213e+00 1.000000000000e-02
2.971665552641e+00 4.123188605224e+00 1.000000000000e-02
3.029303482502e+00 -8.657489653835e-02 1.000000000000e-02
3.404131864970e+00 9.472868159493e-01 1.000000000000e-02
2.124886651368e+00 3.854453992917e+00 1.000000000000e-02
3.549403421370e+00 3.636134334224e+00 1.000000000000e-02
4.943044392599e+00 4.157371319274e+00 1.000000000000e-02
5.903867073607e+00 6.510072298547e+00 1.000000000000e-02
3.917892152938e+00 5.610302622883e+00 1.000000000000e-02
5.987431544812e+00 2.457721649411e+00 1.000000000000e-02
5.954938894437e+00 5.733065447617e+00 1.000000000000e-02
4.342076896354e-01 4.536933004126e+00 1.000000000000e-02
5.953093296707e+00 1.337276574941e+00 1.000000000000e-02
2.393247287514e-01 4.692154677789e+00 1.000000000000e-02
2.727312174860e+00 3.478623070888e+00 1.000000000000e-02
2.094046250724e+00 7.370311429697e+00 1.000000000000e-02
1.658259281924e+00 1.723372488854e+00 1.000000000000e-02
4.197461901597e+00 8.531260147900e-01 1.000000000000e-02
1.214498616456e+00 6.549070489583e+00 1.000000000000e-02
3.691135928344e+00 4.290892714281e+00 1.000000000000e-02
3.743657566123e+00 2.924245349705e+00 1.000000000000e-02
5.700770618757e+00 2.916037245595e+00 1.000000000000e-02
5.213000076648e+00 -1.103825061647e+00 1.000000000000e-02
2.011256610886e+00 3.803885399313e+00 1.000000000000e-02
6.038864095649e+00 3.995284203698e+00 1.000000000000e-02
6.007077646266e+00 6.066037017648e+00 1.000000000000e-02
4.260765870487e+00 3.338319452595e+00 1.000000000000e-02
5.798726101796e-01 4.258194646600e+00 -1.000000000000e-02
1.372020809633e+00 6.260163115856e-01 -1.000000000000e-02
5.781905712164e+00 3.630339470697e+00 -1.000000000000e-02
2.873316182941e+00 7.107609696274e+00 -1.000000000000e-02
6.104805883073e+00 1.925749438337e+00 -1.000000000000e-02
4.870848777443e+00 -1.215824561523e+00 -1.000000000000e-02
2.972901819575e+00 1.674923337700e+00 -1.000000000000e-02
4.978521640884e+00 4.128450862614e+00 -1.000000000000e-02
2.178976194146e+00 5.490425684293e-01 -1.000000000000e-02
1.352315374083e+00 6.863999063694e+00 -1.000000000000e-02
1.582895324994e-01 2.644288612729e+00 -1.000000000000e-02
2.736153199318e+00 1.532030829972e+00 -1.000000000000e-02
5.939501951330e-01 1.021868396288e+00 -1.000000000000e-02
6.104887323415e+00 4.912852541280e+00 -1.000000000000e-02
3.885976086619e+00 1.968540862866e+00 -1.000000000000e-02
6.216921402990e+00 4.159279544290e+00 -1.000000000000e-02
3.247466427065e+00 1.209090675157e+00 -1.000000000000e-02
1.332094033031e+00 5.835485250588e+00 -1.000000000000e-02
1.918411985031e+00 3.991414826808e+00 -1.000000000000e-02
4.090682638796e+00 5.752440705115e+00 -1.000000000000e-02
5.107849542174e+00 3.015803438296e+00 -1.000000000000e-02
1.622216182064e-01 5.031095374719e+00 -1.000000000000e-02
5.801756214518e+00 3.681812490530e+00 -1.000000000000e-02
3.626814163415e+00 2.951955096314e+00 -1.000000000000e-02
5.790021636729e+00 5.756140204084e+00 -1.000000000000e-02
5.304728305362e+00 4.660584214650e+00 -1.000000000000e-02
6.264664160755e+00 4.598940670352e+00 -1.000000000000e-02
9.348900083431e-01 1.187492288921e+00 -1.000000000000e-02
1.254888041312e+00 1.347330840578e+00 -1.000000000000e-02
2.518308197871e+00 6.356130488225e+00 -1.000000000000e-02
1.007958805761e+00 1.539244449090e+00 -1.000000000000e-02
4.372769247446e+00 4.576479582458e-01 -1.000000000000e-02
5.071558805884e+00 2.446882349681e+00 -1.000000000000e-02
8.118926234889e-01 5.218326075191e+00 -1.000000000000e-02
3.401093292047e+00 7.177975689241e+00 -1.000000000000e-02
5.074861569707e+00 1.495347374875e+00 -1.000000000000e-02
3.849028524599e+00 2.628205677035e+00 -1.000000000000e-02
3.539290332984e+00 3.179283708074e+00 -1.000000000000e-02
3.354692684140e+00 1.691583629843e+00 -1.000000000000e-02
6.040016734359e-01 4.986790258886e+00 -1.000000000000e-02
3.118107934518e-01 5.476461127468e+00 -1.000000000000e-02
5.685770157825e+00 4.557905865911e+00 -1.000000000000e-02
1.990808588621e+00 -6.936414357466e-02 -1.000000000000e-02
3.873720365355e+00 9.359815775224e-01 -1.000000000000e-02
4.914704489443e+00 7.086686609388e-01 -1.000000000000e-02
6.238366932945e+00 2.686639741664e+00 -1.000000000000e-02
3.366965821948e-01 7.334451133525e+00 -1.000000000000e-02
6.090542420205e+00 5.938742341642e+00 -1.000000000000e-02
3.394676437351e+00 6.661665253465e+00 -1.000000000000e-02
4.015129652921e+00 4.365678413989e+00 -1.000000000000e-02
