5.526235361194e+00 5.771747421647e+00 1.000000000000e-02
1.320650471860e+00 7.299523560958e+00 1.000000000000e-02
2.842436334337e+00 5.558804032035e+00 1.000000000000e-02
4.003304836721e+00 4.130560138016e+00 1.000000000000e-02
4.085783072798e+00 4.357340489075e+00 1.000000000000e-02
4.128602829474e-01 -2.780810633859e-01 1.000000000000e-02
3.927810603178e+00 1.428092719121e+00 1.000000000000e-02
4.523444914743e+00 3.381420825867e+00 1.000000000000e-02
2.015058244467e+00 1.344169568753e+00 1.000000000000e-02
4.207234358161e+00 1.221319193583e+00 1.000000000000e-02
3.574138301459e+00 1.231400264744e+00 1.000000000000e-02
5.115801541788e-01 2.500744079062e+00 1.000000000000e-02
4.553443049036e+00 5.453479561573e+00 1.000000000000e-02
4.821685401410e+00 3.924579689803e+00 1.000000000000e-02
9.186364645463e-01 4.888664312806e-01 1.000000000000e-02
3.772152181001e+00 -3.006519476626e+00 1.000000000000e-02
6.131654065578e+00 -7.877952289781e-02 1.000000000000e-02
3.813700310815e+00 8.272481601698e+00 1.000000000000e-02
4.105535913447e+00 3.403324079284e+00 1.000000000000e-02
1.635450581524e-01 2.098907511942e+00 1.000000000000e-02
3.292436355949e+00 7.314307056947e+00 1.000000000000e-02
4.736947143529e+00 -3.435502877571e-01 1.000000000000e-02
5.486751854329e+00 6.448528532399e+00 1.000000000000e-02
4.133484178302e+00 6.251486843192e+00 1.000000000000e-02
4.172858039005e+00 5.591742569394e+00 1.000000000000e-02
3.504270711275e+00 -1.220029497590e-02 1.000000000000e-02
3.097791524960e-01 4.035578652394e-01 1.000000000000e-02
4.128141727752e+00 4.139132356985e+00 1.000000000000e-02
4.400095279367e+00 2.825644859306e+00 1.000000000000e-02
3.693542049612e+00 1.892231605834e+00 1.000000000000e-02
2.827317671234e+00 4.206788439318e+00 1.000000000000e-02
4.871703716352e+00 7.796985859091e+00 1.000000000000e-02
1.565730259616e+00 4.499497297181e+00 1.000000000000e-02
2.226096438311e+00 4.246552082320e+00 1.000000000000e-02
9.403915761842e-01 3.707640378980e+00 1.000000000000e-02
2.732284997070e+00 1.306857719622e-02 1.000000000000e-02
2.556576518872e+00 5.079408685717e+00 1.000000000000e-02
3.959852346752e+00 3.532839414798e+00 1.000000000000e-02
3.910596572716e+00 7.221493617512e+00 1.000000000000e-02
5.048455949604e-01 4.460831612482e-01 1.000000000000e-02
1.882041785155e+00 1.321897925352e+00 1.000000000000e-02
3.713618591464e+00 5.328185346671e+00 1.000000000000e-02
4.889688210481e-01 3.301620792699e+00 1.000000000000e-02
1.856573686671e+00 4.998093422762e+00 1.000000000000e-02
5.530112197554e+00 3.590878391620e+00 1.000000000000e-02
6.018158656798e+00 -1.685603459123e+00 1.000000000000e-02
3.959715483901e+00 3.990061566593e+00 1.000000000000e-02
1.609874394360e+00 5.356372841823e+00 1.000000000000e-02
4.484840150262e+00 5.616164256644e+00 1.000000000000e-02
8.161468173370e-01 4.563481070773e+00 1.000000000000e-02
6.242343710231e-01 3.771555597560e+00 -1.000000000000e-02
1.334069008591e-01 4.482704256018e-01 -1.000000000000e-02
1.362931307324e+00 4.639793085755e+00 -1.000000000000e-02
5.335161828314e+00 6.692727031090e+00 -1.000000000000e-02
5.984909455141e+00 -9.468736504135e-02 -1.000000000000e-02
4.023519459799e+00 -1.741323769283e+00 -1.000000000000e-02
4.934921767412e+00 3.319545637343e+00 -1.000000000000e-02
9.442343943195e-01 4.148244956042e+00 -1.000000000000e-02
3.774467596899e+00 -2.986805823468e+00 -1.000000000000e-02
3.545573407893e+00 7.295114167474e+00 -1.000000000000e-02
4.359987493461e+00 2.344224950970e+00 -1.000000000000e-02
3.343809249967e+00 1.588329083043e+00 -1.000000000000e-02
5.915621358679e+00 3.395826412101e-01 -1.000000000000e-02
2.114422897582e+00 4.043601565998e+00 -1.000000000000e-02
3.703368211314e+00 1.827870794368e+00 -1.000000000000e-02
1.131009577788e+00 5.025691818549e+00 -1.000000000000e-02
1.812166799239e+00 1.858528869964e+00 -1.000000000000e-02
1.487062000798e+00 6.873781569076e+00 -1.000000000000e-02
4.375216949644e+00 4.382264951306e+00 -1.000000000000e-02
5.177964255181e+00 7.670372809867e+00 -1.000000000000e-02
1.688195761839e+00 5.175337095010e+00 -1.000000000000e-02
1.562318548888e+00 4.015183248111e+00 -1.000000000000e-02
1.352877046089e+00 4.584897764807e+00 -1.000000000000e-02
5.269591707042e+00 5.395016767438e+00 -1.000000000000e-02
2.075649762649e+00 4.133007498456e+00 -1.000000000000e-02
2.783823097540e+00 1.744619606945e+00 -1.000000000000e-02
6.048594464102e+00 5.271171731414e+00 -1.000000000000e-02
1.504760546204e-01 8.250072737752e-01 -1.000000000000e-02
5.530952645416e+00 1.051534368263e+00 -1.000000000000e-02
4.386980554314e+00 8.304759092063e+00 -1.000000000000e-02
5.868862759178e+00 7.936532695419e-01 -1.000000000000e-02
7.585452743932e-01 1.049018286429e+00 -1.000000000000e-02
5.227637532836e+00 2.333851828113e+00 -1.000000000000e-02
6.553493800771e-01 4.452265523606e+00 -1.000000000000e-02
4.054194054908e+00 6.736510023327e+00 -1.000000000000e-02
1.836732118734e+00 1.700494812751e-01 -1.000000000000e-02
1.865782622878e+00 4.641602575095e+00 -1.000000000000e-02
5.449383395684e+00 6.125844717039e+00 -1.000000000000e-02
4.859381221891e+00 3.093114384173e+00 -1.000000000000e-02
6.034463676937e-01 4.069334669646e+00 -1.000000000000e-02
1.337687635555e-01 4.245800554453e+00 -1.000000000000e-02
2.907519964715e+00 5.395880568182e+00 -1.000000000000e-02
4.032565315281e+00 5.629125544054e-01 -1.000000000000e-02
2.400947700128e+00 9.936555874073e-01 -1.000000000000e-02
6.959178449243e-01 3.654689292467e-02 -1.000000000000e-02
4.056065720195e-01 5.480631078704e+00 -1.000000000000e-02
4.252299084786e+00 2.781468364016e+00 -1.000000000000e-02
4.056934527387e+00 4.792828930312e+00 -1.000000000000e-02
5.284573902191e+00 7.079930505003e+00 -1.000000000000e-02
5.071571139501e-01 3.380730133636e+00 -1.000000000000e-02
