4.482550706395e+00 2.805553011000e+00 1.000000000000e-02
1.452303118683e+00 7.185672393669e+00 1.000000000000e-02
4.770131893101e+00 5.895329587919e+00 1.000000000000e-02
3.293324813184e+00 3.745261032407e+00 1.000000000000e-02
2.649164027953e+00 3.597250445730e+00 1.000000000000e-02
5.456848213770e+00 8.097309099252e-01 1.000000000000e-02
5.812899333852e+00 1.097093180352e+00 1.000000000000e-02
1.982977920038e+00 1.606909538130e+00 1.000000000000e-02
4.186617585916e+00 8.888304890974e-01 1.000000000000e-02
1.143874430681e-01 2.268744428742e+00 1.000000000000e-02
6.155898166964e+00 3.285667062098e-01 1.000000000000e-02
8.998133154862e-01 2.764089598515e+00 1.000000000000e-02
6.211763534645e+00 7.539979008811e+00 1.000000000000e-02
3.301362246481e+00 3.999407044722e+00 1.000000000000e-02
8.255119558206e-01 2.033944608098e+00 1.000000000000e-02
2.438382009978e+00 6.667153123044e-01 1.000000000000e-02
4.089153854344e-01 5.016892716754e-01 1.000000000000e-02
1.040855959276e+00 5.862168483312e+00 1.000000000000e-02
2.261299921624e+00 3.921253169911e+00 1.000000000000e-02
1.810551796561e-01 2.961799469188e+00 1.000000000000e-02
1.061561614479e+00 6.721936687089e+00 1.000000000000e-02
5.389220022436e+00 -2.243586908828e-01 1.000000000000e-02
4.286308455499e+00 4.215672641402e+00 1.000000000000e-02
3.539517802356e+00 5.669100099587e+00 1.000000000000e-02
3.037306212322e+00 4.158894485457e+00 1.000000000000e-02
3.155546870881e+00 -6.691360544579e-02 1.000000000000e-02
3.532142550648e+00 9.799901639805e-01 1.000000000000e-02
2.104954575564e+00 4.008132067566e+00 1.000000000000e-02
3.384143680752e+00 3.537760314344e+00 1.000000000000e-02
4.755215402795e+00 3.797951698310e+00 1.000000000000e-02
5.752505143366e+00 6.503342347509e+00 1.000000000000e-02
3.935615844003e+00 5.521295668861e+00 1.000000000000e-02
6.024077531325e+00 2.459270538612e+00 1.000000000000e-02
5.847973018830e+00 5.728063831874e+00 1.000000000000e-02
4.130864030873e-01 4.575277845111e+00 1.000000000000e-02
6.050535904467e+00 1.303911690940e+00 1.000000000000e-02
3.013940388362e-01 4.805388188537e+00 1.000000000000e-02
2.544693039567e+00 3.493817883288e+00 1.000000000000e-02
1.798418157077e+00 7.303064024075e+00 1.000000000000e-02
1.609971364159e+00 1.765862028219e+00 1.000000000000e-02
4.258598038429e+00 7.879886973498e-01 1.000000000000e-02
1.035568674939e+00 6.544198988151e+00 1.000000000000e-02
3.736189720595e+00 4.169610713676e+00 1.000000000000e-02
3.654322738775e+00 3.046632080682e+00 1.000000000000e-02
5.751113808167e+00 2.938784314953e+00 1.000000000000e-02
5.488544447460e+00 -1.061074815167e+00 1.000000000000e-02
2.187812504308e+00 4.048035025818e+00 1.000000000000e-02
6.087616098378e+00 4.002461768210e+00 1.000000000000e-02
5.786887999565e+00 6.011182123651e+00 1.000000000000e-02
4.212937183669e+00 3.280237013201e+00 1.000000000000e-02
5.823906733725e-01 4.315047102502e+00 -1.000000000000e-02
1.445010463433e+00 6.159932733563e-01 -1.000000000000e-02
5.840742111813e+00 3.687103072389e+00 -1.000000000000e-02
2.629808391801e+00 7.051129604605e+00 -1.000000000000e-02
6.120568531580e+00 1.943847392696e+00 -1.000000000000e-02
5.187950110394e+00 -1.168322730678e+00 -1.000000000000e-02
2.932462727611e+00 1.644516891457e+00 -1.000000000000e-02
4.791555984469e+00 3.771329103561e+00 -1.000000000000e-02
2.221680792634e+00 6.294003879480e-01 -1.000000000000e-02
1.134407803981e+00 6.684797664799e+00 -1.000000000000e-02
1.491206553528e-01 2.736491444786e+00 -1.000000000000e-02
2.775972926884e+00 1.442651510174e+00 -1.000000000000e-02
6.811620210420e-01 9.138580653017e-01 -1.000000000000e-02
6.044448778601e+00 4.879789866411e+00 -1.000000000000e-02
3.869712374048e+00 1.996770953572e+00 -1.000000000000e-02
5.646036432716e-03 4.169558960584e+00 -1.000000000000e-02
3.373952655469e+00 1.247213107060e+00 -1.000000000000e-02
1.170844963938e+00 5.791289906870e+00 -1.000000000000e-02
2.094846572483e+00 4.181364016584e+00 -1.000000000000e-02
4.100124824152e+00 5.681428393929e+00 -1.000000000000e-02
5.102900868993e+00 2.982108934551e+00 -1.000000000000e-02
1.439869873956e-01 5.070792226159e+00 -1.000000000000e-02
5.820612478766e+00 3.635748773802e+00 -1.000000000000e-02
3.558022030861e+00 3.077647647089e+00 -1.000000000000e-02
5.653312796363e+00 5.772430353091e+00 -1.000000000000e-02
5.279397309024e+00 4.549136925412e+00 -1.000000000000e-02
2.850265601036e-03 4.686992816004e+00 -1.000000000000e-02
9.744067277194e-01 1.152388504874e+00 -1.000000000000e-02
1.207580627642e+00 1.419763984676e+00 -1.000000000000e-02
2.437013497057e+00 6.335038378220e+00 -1.000000000000e-02
9.097206166338e-01 1.499922544606e+00 -1.000000000000e-02
4.430374496338e+00 4.507214065954e-01 -1.000000000000e-02
5.078356556331e+00 2.447230141929e+00 -1.000000000000e-02
7.280662687316e-01 5.310855921016e+00 -1.000000000000e-02
3.119580234316e+00 7.193141062485e+00 -1.000000000000e-02
5.131016035039e+00 1.538173621818e+00 -1.000000000000e-02
3.752470541064e+00 2.628354824226e+00 -1.000000000000e-02
3.368005107919e+00 3.118726819644e+00 -1.000000000000e-02
3.342532582798e+00 1.714044276128e+00 -1.000000000000e-02
6.395031529760e-01 5.035933888597e+00 -1.000000000000e-02
1.738107539204e-01 5.480285699366e+00 -1.000000000000e-02
5.688858436251e+00 4.515974618815e+00 -1.000000000000e-02
2.127550278282e+00 -5.367416214592e-02 -1.000000000000e-02
3.996403172506e+00 1.011289656937e+00 -1.000000000000e-02
4.987237103866e+00 7.692766534679e-01 -1.000000000000e-02
5.300342120910e-03 2.642520118790e+00 -1.000000000000e-02
6.165930007475e+00 7.492242363147e+00 -1.000000000000e-02
5.914540182080e+00 5.857878145465e+00 -1.000000000000e-02
3.293914458638e+00 6.684285303236e+00 -1.000000000000e-02
4.056373930234e+00 4.288089562491e+00 -1.000000000000e-02
