5.928658709711e-01 6.453885674442e+00 1.000000000000e-02
4.399054924134e+00 6.744207657799e+00 1.000000000000e-02
4.328676652012e+00 5.042011111952e+00 1.000000000000e-02
4.101384905959e+00 3.919295456776e+00 1.000000000000e-02
4.109415331268e+00 3.613892727492e+00 1.000000000000e-02
4.403331981391e+00 -5.814976931222e-02 1.000000000000e-02
3.751836826257e+00 1.289460126878e+00 1.000000000000e-02
5.303021946866e+00 5.154556476834e+00 1.000000000000e-02
1.166344229415e+00 1.393372046394e+00 1.000000000000e-02
3.932576674876e+00 1.797439980401e+00 1.000000000000e-02
2.773784536212e+00 7.899412223447e-01 1.000000000000e-02
1.217253358394e-01 2.699667792606e+00 1.000000000000e-02
4.908377431356e+00 6.081546006484e+00 1.000000000000e-02
4.631846262071e+00 4.464064875678e+00 1.000000000000e-02
5.833222064423e+00 2.006530141276e-01 1.000000000000e-02
6.186004611260e+00 -8.678660625685e-01 1.000000000000e-02
1.923042165923e+00 -1.021517849284e+00 1.000000000000e-02
2.844130674520e+00 8.478178048233e+00 1.000000000000e-02
4.979727456722e+00 4.633611848219e+00 1.000000000000e-02
3.328982152150e-01 2.012725500212e+00 1.000000000000e-02
5.278903518606e+00 7.919454013235e+00 1.000000000000e-02
2.861372446693e+00 -2.148776081377e-02 1.000000000000e-02
1.262774915824e+00 6.628694701063e+00 1.000000000000e-02
5.088195242369e+00 5.997271577011e+00 1.000000000000e-02
5.432976373133e+00 6.376973617778e+00 1.000000000000e-02
1.852061585101e+00 -1.964213523601e-02 1.000000000000e-02
4.067333398256e+00 -6.415309453261e-01 1.000000000000e-02
3.918272531961e+00 3.943059682052e+00 1.000000000000e-02
5.843631111233e+00 2.513729729565e+00 1.000000000000e-02
5.529603965770e+00 1.186897648698e+00 1.000000000000e-02
3.354868132533e+00 3.054165912905e+00 1.000000000000e-02
1.584822150641e-01 7.891840569008e+00 1.000000000000e-02
1.618570377966e+00 3.887098310988e+00 1.000000000000e-02
1.635103101025e+00 2.504261291192e+00 1.000000000000e-02
6.128990061591e+00 4.395649647009e+00 1.000000000000e-02
7.467920204296e-01 -4.588194002698e-01 1.000000000000e-02
2.792504529589e+00 4.061363028253e+00 1.000000000000e-02
5.144785571901e+00 4.487623752153e+00 1.000000000000e-02
2.044020293142e+00 7.559616707956e+00 1.000000000000e-02
4.079909595301e+00 -2.770484311142e-01 1.000000000000e-02
1.289787773472e+00 1.354903026486e+00 1.000000000000e-02
4.582463620228e+00 4.924581914054e+00 1.000000000000e-02
5.609306342414e+00 4.206922373848e+00 1.000000000000e-02
2.856296639495e+00 3.661018869162e+00 1.000000000000e-02
6.164707240875e+00 5.153528329846e+00 1.000000000000e-02
4.358020909219e+00 -1.756554564052e+00 1.000000000000e-02
4.054613219026e+00 3.810056118703e+00 1.000000000000e-02
2.494362309032e+00 3.654492930137e+00 1.000000000000e-02
5.052466298948e+00 6.513338784815e+00 1.000000000000e-02
1.318923399569e+00 4.028001251997e+00 1.000000000000e-02
2.359041615954e-01 5.229489778768e+00 -1.000000000000e-02
3.842972399513e+00 -4.918175612687e-01 -1.000000000000e-02
1.457480585591e+00 3.771109289744e+00 -1.000000000000e-02
1.943885238970e+00 7.237675084034e+00 -1.000000000000e-02
1.944139981695e+00 -9.489855433835e-01 -1.000000000000e-02
1.917435638310e+00 -1.788468167386e+00 -1.000000000000e-02
5.682181497755e+00 4.704033564401e+00 -1.000000000000e-02
3.383056682115e-01 4.893184154704e+00 -1.000000000000e-02
4.182344970784e-02 -8.834712059555e-01 -1.000000000000e-02
5.201418736455e+00 7.882355739799e+00 -1.000000000000e-02
4.959430851399e+00 2.952136796888e+00 -1.000000000000e-02
2.296168071344e+00 9.151011468017e-01 -1.000000000000e-02
4.770467624188e+00 1.007004681841e+00 -1.000000000000e-02
1.573186503228e+00 2.792423936197e+00 -1.000000000000e-02
5.431073916819e+00 1.047187210102e+00 -1.000000000000e-02
1.909691589284e+00 3.913978212229e+00 -1.000000000000e-02
9.402703118896e-01 1.607571436151e+00 -1.000000000000e-02
3.540338086959e+00 6.180852452346e+00 -1.000000000000e-02
3.480502411929e+00 3.921207463280e+00 -1.000000000000e-02
5.026097627001e+00 7.509228544655e+00 -1.000000000000e-02
2.336595109333e+00 3.266323560092e+00 -1.000000000000e-02
1.493873944907e+00 3.966109459896e+00 -1.000000000000e-02
1.411404882557e+00 3.800097631193e+00 -1.000000000000e-02
2.982145137938e-01 6.342713112763e+00 -1.000000000000e-02
1.543034658043e+00 2.880455147533e+00 -1.000000000000e-02
2.598097983888e+00 1.463501289700e+00 -1.000000000000e-02
1.104867801799e+00 5.919454736342e+00 -1.000000000000e-02
4.037151976064e+00 -8.515160822771e-02 -1.000000000000e-02
5.612280576501e+00 1.189470077538e+00 -1.000000000000e-02
4.388528242740e+00 8.547942213888e+00 -1.000000000000e-02
4.919763427211e+00 7.247208939859e-01 -1.000000000000e-02
6.177117762732e+00 6.771214775707e-01 -1.000000000000e-02
5.864798244995e+00 2.309976748086e+00 -1.000000000000e-02
5.354402992981e-01 4.387936015410e+00 -1.000000000000e-02
2.774514141433e-01 7.235097409733e+00 -1.000000000000e-02
1.811375293511e-01 -1.890899135753e-01 -1.000000000000e-02
2.933906030952e+00 3.608069739003e+00 -1.000000000000e-02
8.196160825865e-01 6.611190513496e+00 -1.000000000000e-02
5.427489551862e+00 4.801900113269e+00 -1.000000000000e-02
7.617158375124e-01 4.352994120666e+00 -1.000000000000e-02
8.707288973697e-01 5.060288513308e+00 -1.000000000000e-02
4.471088177915e+00 4.859934111459e+00 -1.000000000000e-02
3.566046665008e+00 9.184490397139e-01 -1.000000000000e-02
1.791083401173e+00 1.451849970352e+00 -1.000000000000e-02
5.321501113756e+00 1.747819132553e-02 -1.000000000000e-02
1.474129203079e+00 5.121323509620e+00 -1.000000000000e-02
5.313713874119e+00 2.486771983877e+00 -1.000000000000e-02
4.346979634409e+00 4.621494233269e+00 -1.000000000000e-02
2.602601387874e+00 7.096893997923e+00 -1.000000000000e-02
5.797611362529e+00 4.480398623376e+00 -1.000000000000e-02
