2.971594700263e+00 4.049206552989e+00 1.000000000000e-02
3.938874735238e+00 5.934686886540e+00 1.000000000000e-02
3.475848190793e+00 3.188241523067e+00 1.000000000000e-02
5.191779843579e+00 3.379156141131e+00 1.000000000000e-02
4.986515027108e+00 3.470811652999e+00 1.000000000000e-02
9.471293417887e-01 9.388299534229e-01 1.000000000000e-02
6.217175593019e+00 1.349933137330e+00 1.000000000000e-02
4.571390560431e+00 4.559724545562e+00 1.000000000000e-02
9.640377111488e-02 1.806831785830e+00 1.000000000000e-02
4.804761235205e+00 2.242312354528e+00 1.000000000000e-02
2.524129349619e+00 9.876143362257e-01 1.000000000000e-02
4.745876849199e-01 3.596719887187e+00 1.000000000000e-02
5.356051645884e+00 6.454844009113e+00 1.000000000000e-02
3.323682289164e+00 3.412301963346e+00 1.000000000000e-02
1.219313472346e+00 -2.805478530426e-01 1.000000000000e-02
5.126390409661e+00 2.653453174159e+00 1.000000000000e-02
5.129199810859e+00 3.609823049207e+00 1.000000000000e-02
3.889030357357e+00 8.458077484945e+00 1.000000000000e-02
1.293698614906e+00 6.956690530300e+00 1.000000000000e-02
2.160936304760e+00 -9.112797926342e-01 1.000000000000e-02
3.820965009441e+00 8.200120180495e+00 1.000000000000e-02
4.852094779586e+00 6.754721536868e-01 1.000000000000e-02
4.325780865470e+00 4.294252272185e+00 1.000000000000e-02
5.368564202564e+00 5.685866079699e+00 1.000000000000e-02
3.425079740358e-01 7.615878615838e+00 1.000000000000e-02
1.506395156395e+00 -4.861129217819e-01 1.000000000000e-02
5.988743115588e+00 -4.839003294860e-01 1.000000000000e-02
5.092407546785e+00 3.428385633431e+00 1.000000000000e-02
1.082442859489e-01 3.594967822090e+00 1.000000000000e-02
5.871191625667e+00 8.263406359298e+00 1.000000000000e-02
2.785274291038e+00 1.546441932838e+00 1.000000000000e-02
5.267040834413e+00 7.315165522205e+00 1.000000000000e-02
1.506830692377e+00 4.779720046046e+00 1.000000000000e-02
2.160963847987e+00 3.875729044786e+00 1.000000000000e-02
2.503712905360e+00 5.183428287461e+00 1.000000000000e-02
5.443864980066e+00 8.515649616284e-02 1.000000000000e-02
3.459210950289e+00 1.360254957222e+00 1.000000000000e-02
1.143233728650e+00 6.779674364134e+00 1.000000000000e-02
3.495290196419e+00 6.009200892116e+00 1.000000000000e-02
4.735561792168e+00 2.402142735381e-01 1.000000000000e-02
2.218340694365e-01 1.846926622311e+00 1.000000000000e-02
1.041340401863e+00 6.591618058278e+00 1.000000000000e-02
1.173735015294e+00 5.990961414311e+00 1.000000000000e-02
3.956668858180e+00 2.734738949334e+00 1.000000000000e-02
3.603058962035e+00 7.930055270655e+00 1.000000000000e-02
4.562796848158e+00 -1.770888460187e+00 1.000000000000e-02
4.699898381335e+00 3.219772392461e+00 1.000000000000e-02
3.606761637842e+00 1.624882083190e+00 1.000000000000e-02
5.585765109530e+00 6.379950620608e+00 1.000000000000e-02
1.800575889220e+00 2.339820271231e+00 1.000000000000e-02
3.044952982981e+00 3.737766556073e+00 -1.000000000000e-02
7.185577903355e-01 -4.838802508760e-01 -1.000000000000e-02
1.285922868901e+00 4.782652907429e+00 -1.000000000000e-02
3.740555466998e+00 7.843794647743e+00 -1.000000000000e-02
5.313725445082e+00 3.458838922004e+00 -1.000000000000e-02
1.021213787793e+00 -1.815011313082e+00 -1.000000000000e-02
2.632030307103e+00 5.382786090348e+00 -1.000000000000e-02
3.618211698730e+00 4.098983953382e+00 -1.000000000000e-02
5.936991554826e+00 1.375272906975e+00 -1.000000000000e-02
3.875789357128e+00 6.732588381014e+00 -1.000000000000e-02
6.128595206559e+00 4.848393931041e+00 -1.000000000000e-02
2.720728105868e+00 9.985184734158e-01 -1.000000000000e-02
4.011082262845e+00 8.507581721880e-01 -1.000000000000e-02
1.768326277379e+00 4.635614141461e+00 -1.000000000000e-02
4.977576771279e+00 1.702865113131e+00 -1.000000000000e-02
1.117553322656e+00 2.545602145852e+00 -1.000000000000e-02
6.160244963402e+00 1.104428588622e+00 -1.000000000000e-02
3.119322493945e+00 4.409678543118e+00 -1.000000000000e-02
2.352930300422e+00 2.272668399190e+00 -1.000000000000e-02
5.812657634882e+00 8.258395196646e+00 -1.000000000000e-02
3.513897921446e+00 1.167614000507e+00 -1.000000000000e-02
2.728384952064e+00 1.356006983541e+00 -1.000000000000e-02
1.333486943821e+00 4.809857013172e+00 -1.000000000000e-02
2.837404673426e+00 3.945841690087e+00 -1.000000000000e-02
1.675495693546e+00 4.650459442632e+00 -1.000000000000e-02
4.231948524043e-01 2.208823698716e+00 -1.000000000000e-02
3.265235431689e+00 4.981568935504e+00 -1.000000000000e-02
6.007056001620e+00 9.588862485453e-01 -1.000000000000e-02
1.853966612790e-02 7.132832925420e+00 -1.000000000000e-02
2.628570116761e+00 8.526355652615e+00 -1.000000000000e-02
5.618906426522e+00 2.539722094467e+00 -1.000000000000e-02
2.699473296806e+00 6.085072430123e-01 -1.000000000000e-02
2.129351217696e+00 -7.917533185122e-01 -1.000000000000e-02
4.263908054106e+00 4.658000197626e+00 -1.000000000000e-02
4.784202066753e+00 8.170562050358e+00 -1.000000000000e-02
7.859145710540e-01 3.541381034957e-01 -1.000000000000e-02
5.348492199612e+00 3.616243718025e+00 -1.000000000000e-02
4.293590926337e+00 7.046193982988e+00 -1.000000000000e-02
3.495169860536e+00 4.386249047299e+00 -1.000000000000e-02
4.393963186061e+00 4.887187356431e+00 -1.000000000000e-02
4.161687356831e+00 5.514368528042e+00 -1.000000000000e-02
3.028951221816e+00 7.350532322078e+00 -1.000000000000e-02
1.633830777964e+00 9.838895614022e-01 -1.000000000000e-02
8.440431566375e-01 3.179644006689e+00 -1.000000000000e-02
5.922073654514e+00 -2.743612953050e-01 -1.000000000000e-02
2.075103983912e+00 3.757271453631e+00 -1.000000000000e-02
1.174920322529e-01 2.958085944966e+00 -1.000000000000e-02
4.839418992221e+00 2.613248498757e+00 -1.000000000000e-02
2.536377289457e+00 7.204964612907e+00 -1.000000000000e-02
2.395963008424e+00 5.484009511320e+00 -1.000000000000e-02
