3.593741435433e+00 5.212153012746e+00 1.000000000000e-02
2.903403273050e+00 5.622048004274e+00 1.000000000000e-02
4.920735587049e+00 2.469752433691e+00 1.000000000000e-02
4.466927831442e+00 1.378629259320e+00 1.000000000000e-02
3.011690641708e+00 3.036649458775e-01 1.000000000000e-02
4.536613567707e+00 -6.499415752986e-01 1.000000000000e-02
5.625870526552e-02 1.786990232688e+00 1.000000000000e-02
4.718271729369e+00 1.408408566613e+00 1.000000000000e-02
2.392631608643e+00 3.140153999984e+00 1.000000000000e-02
2.749189848852e+00 1.826114070522e+00 1.000000000000e-02
6.228583307506e+00 3.128878646112e+00 1.000000000000e-02
2.415654743349e+00 4.223525023065e+00 1.000000000000e-02
4.121775152443e+00 4.034861294300e+00 1.000000000000e-02
3.869536411660e-01 4.093860035445e+00 1.000000000000e-02
3.254856633643e-01 -7.790662496277e-01 1.000000000000e-02
2.017398863166e+00 5.070973480441e+00 1.000000000000e-02
2.840784768203e+00 2.028528904316e+00 1.000000000000e-02
9.011243685755e-02 7.475384425911e+00 1.000000000000e-02
3.482399289366e+00 8.615366107792e+00 1.000000000000e-02
5.387598148646e+00 2.049641788274e+00 1.000000000000e-02
2.866862809734e+00 8.039695375868e+00 1.000000000000e-02
5.006232357789e+00 -1.523354215656e+00 1.000000000000e-02
5.061187751986e+00 2.352309069270e+00 1.000000000000e-02
5.353067984559e-01 7.041139342897e+00 1.000000000000e-02
4.236573733049e+00 6.210934582722e+00 1.000000000000e-02
2.981130492520e+00 -1.044290656159e+00 1.000000000000e-02
5.752941502305e+00 -2.175786187206e-01 1.000000000000e-02
3.032351692090e+00 4.322593309691e-01 1.000000000000e-02
5.706027707354e+00 5.201208931049e+00 1.000000000000e-02
2.860310963105e+00 2.087879369920e+00 1.000000000000e-02
1.430499620761e+00 -9.949011310631e-01 1.000000000000e-02
1.733324321458e+00 5.995177716047e+00 1.000000000000e-02
1.767019902185e+00 1.636050184658e+00 1.000000000000e-02
5.557337260829e+00 4.888980977465e+00 1.000000000000e-02
1.907031840338e+00 2.118085246525e+00 1.000000000000e-02
6.216851655604e+00 5.589600886857e-01 1.000000000000e-02
3.757336908419e+00 5.676303036720e-01 1.000000000000e-02
5.009953836012e+00 6.964805791537e+00 1.000000000000e-02
2.369906301386e+00 7.668953056721e+00 1.000000000000e-02
4.541763782257e+00 -1.203966844260e+00 1.000000000000e-02
2.416216829479e+00 3.006746147163e+00 1.000000000000e-02
3.012737046073e+00 6.621591784884e+00 1.000000000000e-02
4.081913584077e+00 6.348340954768e+00 1.000000000000e-02
3.822369313307e+00 2.762636989940e+00 1.000000000000e-02
5.341217593865e+00 5.840893284477e+00 1.000000000000e-02
3.202065821884e+00 -1.445593423587e-02 1.000000000000e-02
4.096656256470e+00 1.306055850176e+00 1.000000000000e-02
1.362095633139e+00 1.439958372156e+00 1.000000000000e-02
4.257074445367e-01 6.610307815185e+00 1.000000000000e-02
3.156824467318e-01 2.257882127282e+00 1.000000000000e-02
8.624175004472e-01 6.260888426694e+00 -1.000000000000e-02
5.910907004399e+00 -1.152317697081e+00 -1.000000000000e-02
1.613272011712e+00 1.841925208465e+00 -1.000000000000e-02
2.378815364758e+00 7.004803896534e+00 -1.000000000000e-02
2.281397812483e+00 5.147404343034e-01 -1.000000000000e-02
1.867972091461e+00 -1.589443751247e+00 -1.000000000000e-02
6.272429667388e+00 5.141651381165e+00 -1.000000000000e-02
5.090454644747e+00 5.299278849670e+00 -1.000000000000e-02
6.229563823505e+00 4.127949457699e-01 -1.000000000000e-02
5.681912118802e+00 6.653631024108e+00 -1.000000000000e-02
1.533560879070e+00 3.956654699670e+00 -1.000000000000e-02
2.389777306773e+00 4.151984652642e-01 -1.000000000000e-02
3.968135784572e+00 -2.723896705036e-01 -1.000000000000e-02
4.406500335651e+00 4.194839322912e+00 -1.000000000000e-02
4.701071899913e+00 4.612713682931e+00 -1.000000000000e-02
2.940151250891e+00 3.617895938103e+00 -1.000000000000e-02
5.812127191727e-01 2.662162796052e-01 -1.000000000000e-02
7.500386983075e-01 3.699027483696e+00 -1.000000000000e-02
9.716647943985e-01 1.365987248198e+00 -1.000000000000e-02
5.066746516368e+00 4.956877407368e+00 -1.000000000000e-02
3.274545214931e+00 2.309809585973e-01 -1.000000000000e-02
1.671992598447e+00 -1.060554963648e+00 -1.000000000000e-02
1.608194379989e+00 1.781450875905e+00 -1.000000000000e-02
5.162066535569e+00 3.578016056045e+00 -1.000000000000e-02
4.308758849167e+00 4.204397965901e+00 -1.000000000000e-02
3.403519410924e+00 3.799264252560e+00 -1.000000000000e-02
4.940034963615e+00 3.177691425747e+00 -1.000000000000e-02
9.610876883012e-01 2.741055924177e-01 -1.000000000000e-02
3.537351282284e+00 5.829086678016e+00 -1.000000000000e-02
2.369057749808e+00 8.010548783801e+00 -1.000000000000e-02
2.284617967543e+00 5.300804909551e+00 -1.000000000000e-02
4.437315245375e+00 5.364308786797e-01 -1.000000000000e-02
2.813649690266e+00 -1.240674101410e+00 -1.000000000000e-02
2.165430121354e+00 1.659182888818e-01 -1.000000000000e-02
4.655015408011e+00 8.666638976334e+00 -1.000000000000e-02
4.605469931386e-01 2.068621892444e+00 -1.000000000000e-02
2.717319440287e+00 1.858784794682e+00 -1.000000000000e-02
3.444397449105e+00 7.055926113126e+00 -1.000000000000e-02
2.853110167240e+00 2.543177472087e+00 -1.000000000000e-02
3.640244632013e+00 4.255221394574e+00 -1.000000000000e-02
1.519264453029e+00 5.525478586533e+00 -1.000000000000e-02
4.162597771223e+00 7.066582733779e+00 -1.000000000000e-02
6.201792363260e+00 1.953085839729e+00 -1.000000000000e-02
6.788799366773e-01 3.950583436741e+00 -1.000000000000e-02
5.760012100761e+00 5.720877220475e-01 -1.000000000000e-02
6.230464941716e-01 3.105802668539e+00 -1.000000000000e-02
4.724678969293e+00 2.172573724995e+00 -1.000000000000e-02
4.113469757584e+00 1.000174751406e+00 -1.000000000000e-02
3.038641130348e+00 7.024947747547e+00 -1.000000000000e-02
1.555405111353e+00 4.808808158883e+00 -1.000000000000e-02
