2.724310247163e+00 4.817608159495e+00 1.000000000000e-02
1.358347153703e+00 5.844634125594e+00 1.000000000000e-02
6.232322671418e+00 2.606456573611e+00 1.000000000000e-02
4.681554443913e+00 1.416263875054e+00 1.000000000000e-02
3.348217330269e+00 1.427891610289e+00 1.000000000000e-02
1.425671565038e+00 -6.183147618743e-01 1.000000000000e-02
1.390068668826e+00 6.707279472160e-01 1.000000000000e-02
4.744815673071e+00 1.171799644871e+00 1.000000000000e-02
3.158984572641e+00 2.953059277307e+00 1.000000000000e-02
3.419788363583e+00 2.139349287422e+00 1.000000000000e-02
8.020685256278e-01 2.492384026188e+00 1.000000000000e-02
2.136380757252e+00 4.512067542915e+00 1.000000000000e-02
5.224487344513e+00 4.084172798103e+00 1.000000000000e-02
6.245704130841e-01 2.979321671529e+00 1.000000000000e-02
4.252091865920e+00 -8.406353259040e-01 1.000000000000e-02
1.617599040577e+00 5.208524634237e+00 1.000000000000e-02
3.408512087282e+00 2.062599094218e+00 1.000000000000e-02
8.622453491322e-01 7.662280428357e+00 1.000000000000e-02
1.521025925169e+00 8.150892295202e+00 1.000000000000e-02
5.735074754659e+00 1.427850094576e+00 1.000000000000e-02
5.469403581258e+00 8.350049743025e+00 1.000000000000e-02
8.445668847056e-01 -1.535382694286e+00 1.000000000000e-02
6.094668169083e+00 2.695912885015e+00 1.000000000000e-02
3.880602548266e+00 6.379072494460e+00 1.000000000000e-02
1.298937769632e+00 6.653354659523e+00 1.000000000000e-02
1.966314592722e+00 -1.909484783226e+00 1.000000000000e-02
2.760402687394e+00 -4.045104203925e-01 1.000000000000e-02
3.271327655554e+00 1.521972211331e+00 1.000000000000e-02
4.174656433852e+00 5.200458347913e+00 1.000000000000e-02
4.900717627351e+00 3.955093418559e+00 1.000000000000e-02
1.767563671502e+00 -1.608435352068e+00 1.000000000000e-02
6.092846948675e+00 6.267780725388e+00 1.000000000000e-02
1.373536139125e+00 3.942402701863e+00 1.000000000000e-02
4.433799731130e+00 5.045183754090e+00 1.000000000000e-02
1.258565472935e+00 3.960248404429e+00 1.000000000000e-02
8.995008477973e-01 6.156766221308e-01 1.000000000000e-02
4.032779693153e+00 1.106411812687e+00 1.000000000000e-02
1.675970587695e+00 6.879968016322e+00 1.000000000000e-02
2.735819869926e+00 7.336927118956e+00 1.000000000000e-02
3.356453056367e+00 -1.023844083391e+00 1.000000000000e-02
3.198479554466e+00 2.820888713631e+00 1.000000000000e-02
5.924790712438e+00 7.715053338834e+00 1.000000000000e-02
1.477174373674e+00 6.799761130544e+00 1.000000000000e-02
4.931042730042e+00 2.747467672772e+00 1.000000000000e-02
3.138033869826e+00 5.928354947568e+00 1.000000000000e-02
4.935569253915e+00 -1.171140765218e-01 1.000000000000e-02
4.572251398778e+00 1.845938837687e+00 1.000000000000e-02
1.453441472248e+00 1.856524215928e+00 1.000000000000e-02
3.676321426231e+00 6.545735859048e+00 1.000000000000e-02
6.239168963262e+00 1.999787102342e+00 1.000000000000e-02
5.271336065033e+00 5.714930185370e+00 -1.000000000000e-02
5.402047624878e+00 -1.266596333689e+00 -1.000000000000e-02
1.152235142106e+00 3.799490230324e+00 -1.000000000000e-02
5.801507177413e+00 6.855710441667e+00 -1.000000000000e-02
2.601381148612e+00 1.278922916096e+00 -1.000000000000e-02
2.758439546754e+00 -1.319696151092e+00 -1.000000000000e-02
5.573070325654e+00 4.779011075322e+00 -1.000000000000e-02
3.506471780767e+00 5.367965447283e+00 -1.000000000000e-02
1.609893558408e+00 -1.418120943942e-01 -1.000000000000e-02
2.839214465555e+00 6.645318505555e+00 -1.000000000000e-02
1.349054322917e+00 4.678522636204e+00 -1.000000000000e-02
2.744998198426e+00 1.599620100874e+00 -1.000000000000e-02
6.140547330568e+00 -3.032573949470e-01 -1.000000000000e-02
4.908340699694e+00 4.161617107876e+00 -1.000000000000e-02
3.846765670026e+00 4.404023033122e+00 -1.000000000000e-02
4.109904613831e+00 3.042421685715e+00 -1.000000000000e-02
2.740519731916e+00 3.426915388045e-01 -1.000000000000e-02
8.305400019617e-01 2.899791446487e+00 -1.000000000000e-02
1.068000907816e+00 1.531959071946e+00 -1.000000000000e-02
3.236180631624e+00 5.221955834615e+00 -1.000000000000e-02
3.872064999159e+00 9.883944160831e-01 -1.000000000000e-02
2.677221691183e+00 -1.737743021547e+00 -1.000000000000e-02
1.147868195250e+00 3.859483643625e+00 -1.000000000000e-02
5.555255079428e+00 3.503873579172e+00 -1.000000000000e-02
4.986036517011e+00 4.096206898292e+00 -1.000000000000e-02
3.883061335925e+00 3.717855238810e+00 -1.000000000000e-02
1.948827749878e-02 3.249049448213e+00 -1.000000000000e-02
2.669516641076e+00 4.467541038418e-02 -1.000000000000e-02
1.690913888406e+00 5.857383372941e+00 -1.000000000000e-02
3.906822789792e+00 8.358923575545e+00 -1.000000000000e-02
1.720474267831e+00 5.296977247052e+00 -1.000000000000e-02
5.157646304319e+00 1.212762018538e-01 -1.000000000000e-02
2.740078741936e+00 -1.993546564879e+00 -1.000000000000e-02
2.738111648366e+00 1.202854678759e+00 -1.000000000000e-02
1.771052719266e+00 8.215188990838e+00 -1.000000000000e-02
1.488339274891e+00 8.174747538264e-01 -1.000000000000e-02
4.354321854468e+00 4.436061207402e+00 -1.000000000000e-02
5.302058765772e+00 7.595117694724e+00 -1.000000000000e-02
4.077561754451e+00 2.155377264910e+00 -1.000000000000e-02
3.623045191711e+00 3.378444751846e+00 -1.000000000000e-02
6.174054166546e+00 5.737993150265e+00 -1.000000000000e-02
4.831829978871e+00 7.702353635642e+00 -1.000000000000e-02
6.118656532001e+00 1.779876738548e+00 -1.000000000000e-02
1.154874216285e+00 3.052372336848e+00 -1.000000000000e-02
6.157521278894e-01 7.287677784686e-01 -1.000000000000e-02
1.326685828368e+00 3.304228744117e+00 -1.000000000000e-02
5.762212187878e+00 2.769269643939e+00 -1.000000000000e-02
4.174883314212e+00 1.388215090139e+00 -1.000000000000e-02
5.479225174673e+00 7.438611497103e+00 -1.000000000000e-02
7.081529714068e-01 5.399655126232e+00 -1.000000000000e-02
