2.272938771561e+00 4.455867739730e+00 1.000000000000e-02
4.532216636414e+00 6.026313009841e+00 1.000000000000e-02
1.792798290814e+00 2.636397057885e+00 1.000000000000e-02
6.015608767274e+00 1.964656725622e+00 1.000000000000e-02
3.388230848502e+00 2.622308282233e+00 1.000000000000e-02
5.003098854098e+00 4.333545529428e-01 1.000000000000e-02
4.908857681029e+00 -1.636126017445e-01 1.000000000000e-02
5.727420456081e+00 1.851447025494e+00 1.000000000000e-02
4.660605860372e+00 2.148552378410e+00 1.000000000000e-02
2.932984280788e+00 2.788402522455e+00 1.000000000000e-02
1.360479454925e+00 2.017006675477e+00 1.000000000000e-02
1.988823661612e+00 5.012654149852e+00 1.000000000000e-02
5.492012131302e+00 5.747550463255e+00 1.000000000000e-02
1.201731628569e+00 1.773599482608e+00 1.000000000000e-02
4.360395631424e+00 -1.432081669807e+00 1.000000000000e-02
1.167687340779e+00 5.036642502167e+00 1.000000000000e-02
3.001790111414e+00 2.750805395344e+00 1.000000000000e-02
2.721874057880e+00 7.787991015182e+00 1.000000000000e-02
3.014563890963e+00 8.254561348714e+00 1.000000000000e-02
4.718979944385e-01 8.639908023871e-01 1.000000000000e-02
6.819137941185e-01 8.447006995590e+00 1.000000000000e-02
2.431667779759e+00 -1.184756855780e+00 1.000000000000e-02
1.910349897323e+00 2.764547759869e+00 1.000000000000e-02
1.369123761837e+00 6.123519719897e+00 1.000000000000e-02
2.452986088611e+00 7.370184078104e+00 1.000000000000e-02
2.147367056181e+00 -1.038830874470e+00 1.000000000000e-02
5.610524420929e+00 6.612284524314e-02 1.000000000000e-02
3.510296507920e+00 2.595412667125e+00 1.000000000000e-02
2.915866336641e+00 4.803072904784e+00 1.000000000000e-02
5.454043851353e+00 4.979263061053e+00 1.000000000000e-02
1.678833251428e+00 -1.747090657095e+00 1.000000000000e-02
2.549453361213e+00 6.501710659468e+00 1.000000000000e-02
5.761045325567e+00 5.301726538045e+00 1.000000000000e-02
3.151971052307e+00 4.672563719061e+00 1.000000000000e-02
5.287298614976e+00 5.289440567699e+00 1.000000000000e-02
2.107658184320e+00 1.077893808266e+00 1.000000000000e-02
3.999546708010e+00 1.917616993196e+00 1.000000000000e-02
3.568702228061e+00 6.608231948067e+00 1.000000000000e-02
4.705117092564e+00 6.346755517585e+00 1.000000000000e-02
3.042360136522e+00 -1.074518798066e+00 1.000000000000e-02
4.552248865545e+00 2.071645598905e+00 1.000000000000e-02
4.823817788621e+00 6.614224813987e+00 1.000000000000e-02
3.647468064465e+00 6.449724268393e+00 1.000000000000e-02
2.523047375360e-01 2.750200872488e+00 1.000000000000e-02
7.216297689985e-01 6.699893571762e+00 1.000000000000e-02
3.817414363614e+00 -1.082230836422e+00 1.000000000000e-02
5.993978969704e+00 2.905808177955e+00 1.000000000000e-02
2.482666388975e+00 1.664509854960e+00 1.000000000000e-02
1.227934336962e+00 6.376115795155e+00 1.000000000000e-02
6.210961601518e+00 1.594421683008e+00 1.000000000000e-02
3.800834020380e+00 4.988329865628e+00 -1.000000000000e-02
5.206692481303e-01 -1.198499156093e+00 -1.000000000000e-02
5.467253813309e+00 5.317556220718e+00 -1.000000000000e-02
1.218212550700e+00 7.113990223620e+00 -1.000000000000e-02
2.473073868232e+00 2.357451105959e+00 -1.000000000000e-02
5.812863086096e+00 -1.641053706662e+00 -1.000000000000e-02
5.227227439912e+00 5.745397166083e+00 -1.000000000000e-02
2.448787364671e+00 5.137486175939e+00 -1.000000000000e-02
4.973520086978e+00 -1.035835652259e-01 -1.000000000000e-02
5.851747740590e+00 6.861429944916e+00 -1.000000000000e-02
5.259238216859e-01 5.342224155455e+00 -1.000000000000e-02
2.341032687495e+00 2.256187770708e+00 -1.000000000000e-02
4.091273569862e+00 -1.026955454284e+00 -1.000000000000e-02
4.950834835347e+00 4.975219703561e+00 -1.000000000000e-02
3.822607100039e+00 3.768236990683e+00 -1.000000000000e-02
4.957999505020e+00 3.391909328838e+00 -1.000000000000e-02
4.208215512265e+00 9.340699760324e-01 -1.000000000000e-02
2.340292873559e+00 1.763416350824e+00 -1.000000000000e-02
1.026318791067e+00 1.339841331808e+00 -1.000000000000e-02
2.138975770345e+00 5.151337449581e+00 -1.000000000000e-02
3.308871941278e+00 1.881069825467e+00 -1.000000000000e-02
2.228920337150e+00 -1.295659037952e+00 -1.000000000000e-02
5.414379662512e+00 5.329218181320e+00 -1.000000000000e-02
1.375047870727e-01 3.404385469292e+00 -1.000000000000e-02
4.878045470518e+00 4.909437940419e+00 -1.000000000000e-02
4.790007110631e+00 3.003384246075e+00 -1.000000000000e-02
1.298325780248e+00 3.076683859231e+00 -1.000000000000e-02
3.937768543511e+00 8.411471003981e-01 -1.000000000000e-02
6.056764281727e+00 5.504744699846e+00 -1.000000000000e-02
4.855422907490e+00 8.502954379405e+00 -1.000000000000e-02
1.648123959178e+00 5.152141240268e+00 -1.000000000000e-02
2.556028377671e+00 -4.191388993786e-01 -1.000000000000e-02
2.899850208146e+00 -1.469401112937e+00 -1.000000000000e-02
2.737053114438e+00 2.149420653609e+00 -1.000000000000e-02
2.627981451791e+00 8.289454783412e+00 -1.000000000000e-02
4.533635602517e+00 5.471828723625e-01 -1.000000000000e-02
3.142483580163e+00 3.889630365451e+00 -1.000000000000e-02
5.007027554583e+00 6.737311759384e+00 -1.000000000000e-02
5.917229431730e+00 2.340181101682e+00 -1.000000000000e-02
5.410267228659e+00 2.421474364598e+00 -1.000000000000e-02
3.339641554492e+00 5.676957102608e+00 -1.000000000000e-02
3.907681642820e+00 7.120408346525e+00 -1.000000000000e-02
3.296810697416e-02 1.301171423812e+00 -1.000000000000e-02
1.633363600137e+00 3.558630233255e+00 -1.000000000000e-02
1.741071233258e+00 1.167366257023e+00 -1.000000000000e-02
2.137742010881e+00 3.037693588314e+00 -1.000000000000e-02
1.295837853999e+00 3.326005029336e+00 -1.000000000000e-02
5.638374020927e+00 2.877889086695e+00 -1.000000000000e-02
4.556985266759e+00 7.082114273005e+00 -1.000000000000e-02
4.125018650653e+00 6.039817734992e+00 -1.000000000000e-02
