4.867846382284e+00 5.498596372301e+00 1.000000000000e-02
4.196879188732e+00 5.684904494680e+00 1.000000000000e-02
4.267484398228e+00 2.267007707495e+00 1.000000000000e-02
4.544046300461e+00 1.636357289944e+00 1.000000000000e-02
1.091166498906e+00 -6.703183127309e-01 1.000000000000e-02
1.472229799445e+00 -2.343163475711e-01 1.000000000000e-02
5.683050448682e+00 1.797864469227e+00 1.000000000000e-02
4.473907910092e+00 1.880719730142e+00 1.000000000000e-02
1.850928549280e+00 2.812791398665e+00 1.000000000000e-02
1.210609421587e+00 1.364441414285e-01 1.000000000000e-02
5.730068963262e+00 3.450282193869e+00 1.000000000000e-02
2.937998584695e+00 4.553240545997e+00 1.000000000000e-02
4.179543517453e+00 3.921238329789e+00 1.000000000000e-02
1.356579656910e+00 4.422047848642e+00 1.000000000000e-02
3.972138903906e+00 -4.807450769183e-01 1.000000000000e-02
2.407451994748e+00 4.794207739025e+00 1.000000000000e-02
2.218732607073e+00 1.847841442552e+00 1.000000000000e-02
4.312255555037e+00 7.119750262618e+00 1.000000000000e-02
1.082760758688e+00 8.733371690115e+00 1.000000000000e-02
4.487019529056e+00 2.670382207710e+00 1.000000000000e-02
3.563515514093e+00 7.422294126590e+00 1.000000000000e-02
5.539340973082e+00 -1.140942414888e+00 1.000000000000e-02
5.113561232433e+00 2.696491122911e+00 1.000000000000e-02
4.922786438600e+00 7.601196777364e+00 1.000000000000e-02
5.623622250283e+00 6.443197209302e+00 1.000000000000e-02
3.072585857185e+00 -1.629525019181e+00 1.000000000000e-02
3.828749278978e+00 -2.882522611255e-02 1.000000000000e-02
1.110431413811e+00 -5.343173248628e-01 1.000000000000e-02
3.673222383021e-01 5.220211383588e+00 1.000000000000e-02
2.255273934948e+00 1.796725483735e+00 1.000000000000e-02
5.345374394820e+00 -2.346496686237e-01 1.000000000000e-02
3.403729963654e+00 5.594065406076e+00 1.000000000000e-02
1.460179646814e+00 1.109972914389e+00 1.000000000000e-02
5.636620330915e+00 4.134381206944e+00 1.000000000000e-02
1.790912400247e+00 1.120151206718e+00 1.000000000000e-02
2.434066931032e-01 -6.970888744676e-02 1.000000000000e-02
3.127075700603e+00 7.178362819587e-01 1.000000000000e-02
2.351285779927e+00 7.017773871655e+00 1.000000000000e-02
2.370066303740e+00 7.577582283894e+00 1.000000000000e-02
4.350527930865e+00 -1.527177719654e+00 1.000000000000e-02
1.727301560893e+00 2.860288382434e+00 1.000000000000e-02
5.228159855192e+00 7.054136219036e+00 1.000000000000e-02
5.651901603690e+00 6.221596449083e+00 1.000000000000e-02
2.841465320675e+00 2.908448600226e+00 1.000000000000e-02
3.026113024471e-01 5.972073387398e+00 1.000000000000e-02
6.068889758288e+00 -1.591743539911e+00 1.000000000000e-02
5.012875759691e+00 2.191770332255e+00 1.000000000000e-02
6.018859568391e-01 4.320221921407e-01 1.000000000000e-02
3.631672312851e+00 6.376411799771e+00 1.000000000000e-02
3.282750080521e-01 2.819605994390e+00 1.000000000000e-02
3.354005999182e+00 6.028782660989e+00 -1.000000000000e-02
2.096310916397e+00 -9.690721690034e-01 -1.000000000000e-02
1.252836430671e+00 1.122070623050e+00 -1.000000000000e-02
6.219489538279e+00 7.595860040573e+00 -1.000000000000e-02
2.499550063907e-01 -4.947997546748e-01 -1.000000000000e-02
1.233835911780e+00 -1.460470511302e+00 -1.000000000000e-02
8.706575060459e-01 5.545854401161e+00 -1.000000000000e-02
5.906537541013e+00 4.539227933788e+00 -1.000000000000e-02
6.012017879004e+00 4.423500465015e-01 -1.000000000000e-02
2.381131448217e+00 6.755816845982e+00 -1.000000000000e-02
9.187269462250e-01 3.463098438814e+00 -1.000000000000e-02
1.203218689698e-01 -3.659924723307e-01 -1.000000000000e-02
1.635037299928e+00 -1.026170125303e-02 -1.000000000000e-02
4.949204370198e+00 4.824346568056e+00 -1.000000000000e-02
5.154740593093e+00 4.370739952313e+00 -1.000000000000e-02
3.171917192203e+00 4.296916831090e+00 -1.000000000000e-02
7.990023660179e-02 -9.700576746482e-02 -1.000000000000e-02
1.200115049043e+00 4.126043055623e+00 -1.000000000000e-02
3.760884802799e-01 5.643111917601e-01 -1.000000000000e-02
5.137624887667e+00 4.067439414642e+00 -1.000000000000e-02
1.678454735335e+00 3.645854074378e-01 -1.000000000000e-02
5.253929917243e+00 -4.281900623889e-01 -1.000000000000e-02
1.307524575918e+00 1.098804461954e+00 -1.000000000000e-02
4.180959600830e+00 3.184872613236e+00 -1.000000000000e-02
4.885170066660e+00 4.751148426359e+00 -1.000000000000e-02
2.874593106151e+00 3.958800229889e+00 -1.000000000000e-02
3.878101160674e+00 3.502230533390e+00 -1.000000000000e-02
5.647622041555e+00 6.029700610845e-01 -1.000000000000e-02
4.791559542964e+00 5.934171424781e+00 -1.000000000000e-02
3.396694956834e+00 7.548147769118e+00 -1.000000000000e-02
3.203754402126e+00 5.109244052473e+00 -1.000000000000e-02
3.830735817706e+00 8.749102476387e-01 -1.000000000000e-02
1.770004240578e+00 -1.815121243318e+00 -1.000000000000e-02
6.016184181086e+00 -1.570833609166e+00 -1.000000000000e-02
3.098456557436e+00 8.760136057153e+00 -1.000000000000e-02
5.832390580286e-01 2.478396254644e+00 -1.000000000000e-02
6.395697423560e-01 -6.761443991665e-01 -1.000000000000e-02
6.219781945040e+00 7.270119328125e+00 -1.000000000000e-02
2.122242385891e+00 2.482525680396e+00 -1.000000000000e-02
4.015392064724e+00 3.832274569402e+00 -1.000000000000e-02
2.536869715778e+00 5.354083263442e+00 -1.000000000000e-02
3.760058282915e-01 6.756980021145e+00 -1.000000000000e-02
5.522226987147e+00 2.076068853186e+00 -1.000000000000e-02
1.231314127259e+00 3.832839224984e+00 -1.000000000000e-02
5.259328994264e+00 1.232341200673e+00 -1.000000000000e-02
8.691356684097e-02 3.588170191975e+00 -1.000000000000e-02
5.109325240979e+00 2.552101847156e+00 -1.000000000000e-02
5.178000345483e+00 1.909711112334e+00 -1.000000000000e-02
4.792194890370e-01 7.081503746886e+00 -1.000000000000e-02
2.079440732826e+00 4.397983554752e+00 -1.000000000000e-02
