5.967016464273e+00 6.103176190310e+00 1.000000000000e-02
3.043841933665e+00 7.123251471185e+00 1.000000000000e-02
3.463596014448e+00 5.370931513399e+00 1.000000000000e-02
4.098859948677e+00 4.143949237091e+00 1.000000000000e-02
3.952839923404e+00 4.202356539400e+00 1.000000000000e-02
5.776571993214e+00 -2.454054338541e-01 1.000000000000e-02
3.663573392317e+00 1.319229709946e+00 1.000000000000e-02
5.024640361627e+00 4.218158327682e+00 1.000000000000e-02
1.602374001300e+00 1.354786815561e+00 1.000000000000e-02
4.037797400999e+00 1.546370999215e+00 1.000000000000e-02
3.312215769605e+00 9.668222152763e-01 1.000000000000e-02
3.037638298547e-01 2.587309183193e+00 1.000000000000e-02
4.660146527939e+00 6.164443364352e+00 1.000000000000e-02
4.750304087325e+00 4.465996785921e+00 1.000000000000e-02
3.941543865728e-01 3.988281677434e-01 1.000000000000e-02
2.955461448472e+00 -1.793455834104e+00 1.000000000000e-02
4.820975768468e+00 -6.321262527400e-01 1.000000000000e-02
2.325594450400e+00 8.364360188085e+00 1.000000000000e-02
4.563230803216e+00 3.680949327669e+00 1.000000000000e-02
2.661685102998e-01 2.018170288416e+00 1.000000000000e-02
5.290582811651e+00 7.667986381318e+00 1.000000000000e-02
3.811446945913e+00 -2.016831153617e-01 1.000000000000e-02
6.201411574602e+00 6.552430425846e+00 1.000000000000e-02
4.290821619397e+00 6.217419153248e+00 1.000000000000e-02
4.695613545894e+00 5.616208866941e+00 1.000000000000e-02
2.812016338500e+00 8.727705227994e-03 1.000000000000e-02
5.563553959214e+00 -1.999703747127e-01 1.000000000000e-02
3.786049354293e+00 3.941371235629e+00 1.000000000000e-02
5.102872139285e+00 2.643984390179e+00 1.000000000000e-02
4.437167060837e+00 1.771207209525e+00 1.000000000000e-02
3.039532682363e+00 3.626315158895e+00 1.000000000000e-02
2.285991417527e+00 8.031772911165e+00 1.000000000000e-02
1.410418121094e+00 3.965274170297e+00 1.000000000000e-02
2.298214617104e+00 3.077363604594e+00 1.000000000000e-02
2.763876433798e-01 3.756776210741e+00 1.000000000000e-02
2.000743859655e+00 -1.962328292848e-01 1.000000000000e-02
2.739348363079e+00 4.600626415442e+00 1.000000000000e-02
4.732190057492e+00 3.767583090287e+00 1.000000000000e-02
5.447814469306e+00 7.295514029714e+00 1.000000000000e-02
5.897693757838e+00 2.441493155715e-01 1.000000000000e-02
1.735730937332e+00 1.362898129045e+00 1.000000000000e-02
4.051550639261e+00 5.196153647587e+00 1.000000000000e-02
5.847160491361e+00 3.685194796348e+00 1.000000000000e-02
2.214484886332e+00 4.158805030489e+00 1.000000000000e-02
5.712550905825e+00 4.079872594639e+00 1.000000000000e-02
2.704745041280e+00 -1.694442715564e+00 1.000000000000e-02
3.858992864876e+00 4.124656464299e+00 1.000000000000e-02
2.181842372112e+00 4.705652678765e+00 1.000000000000e-02
4.728393875833e+00 5.931487171285e+00 1.000000000000e-02
1.422892383361e+00 4.438424814698e+00 1.000000000000e-02
8.110958894587e-02 4.071521657610e+00 -1.000000000000e-02
5.335172479620e+00 -1.220379552206e-01 -1.000000000000e-02
1.410068377724e+00 4.232674264778e+00 -1.000000000000e-02
6.150505143875e+00 6.928534187591e+00 -1.000000000000e-02
4.700455382906e+00 -5.728125167312e-01 -1.000000000000e-02
4.657244916658e-01 -1.785596045826e+00 -1.000000000000e-02
5.269636762311e+00 3.656963983883e+00 -1.000000000000e-02
4.451241484357e-01 4.155619045384e+00 -1.000000000000e-02
3.067060869404e+00 -1.778974953868e+00 -1.000000000000e-02
5.408112840477e+00 7.612947720326e+00 -1.000000000000e-02
4.508441397672e+00 2.591761394345e+00 -1.000000000000e-02
2.961776634436e+00 1.205460878611e+00 -1.000000000000e-02
5.174960804380e+00 5.282986240144e-01 -1.000000000000e-02
2.074687496896e+00 3.207774370188e+00 -1.000000000000e-02
4.388582435818e+00 1.708453634419e+00 -1.000000000000e-02
1.644736642091e+00 4.646558983673e+00 -1.000000000000e-02
1.455161032601e+00 1.788798137388e+00 -1.000000000000e-02
2.662010941161e+00 6.646500662105e+00 -1.000000000000e-02
3.837735097533e+00 4.605065201439e+00 -1.000000000000e-02
2.057696935723e+00 7.805018072175e+00 -1.000000000000e-02
2.098572189468e+00 4.333372469796e+00 -1.000000000000e-02
1.529409895840e+00 3.784553267414e+00 -1.000000000000e-02
1.458215507078e+00 4.204155151304e+00 -1.000000000000e-02
5.688449156385e+00 5.911811088295e+00 -1.000000000000e-02
2.048222509007e+00 3.298365445947e+00 -1.000000000000e-02
2.709276267620e+00 1.686948914682e+00 -1.000000000000e-02
2.044745096023e-01 5.662104344107e+00 -1.000000000000e-02
5.720970431026e+00 3.924127353450e-01 -1.000000000000e-02
5.581461453757e+00 1.209896095635e+00 -1.000000000000e-02
3.165261343422e+00 8.445025029087e+00 -1.000000000000e-02
5.557092312723e+00 7.654732726498e-01 -1.000000000000e-02
4.105326946138e-01 8.765399926546e-01 -1.000000000000e-02
5.348388438261e+00 2.406168873105e+00 -1.000000000000e-02
9.816719682535e-01 4.185796558421e+00 -1.000000000000e-02
4.861924925807e+00 6.886925433928e+00 -1.000000000000e-02
1.239561563239e+00 4.844364397037e-02 -1.000000000000e-02
2.306400802377e+00 3.941003185786e+00 -1.000000000000e-02
6.023859224552e+00 6.358962283389e+00 -1.000000000000e-02
5.395045311048e+00 3.841484057457e+00 -1.000000000000e-02
6.508676800161e-01 4.325228553551e+00 -1.000000000000e-02
3.386860335739e-01 4.773966547646e+00 -1.000000000000e-02
3.498152814036e+00 5.218702457722e+00 -1.000000000000e-02
3.745923678791e+00 7.198821952467e-01 -1.000000000000e-02
2.137167475246e+00 1.116348618974e+00 -1.000000000000e-02
6.960322801786e-02 1.068662200284e-01 -1.000000000000e-02
9.337546641732e-01 5.438265529391e+00 -1.000000000000e-02
4.957693425911e+00 2.522216835933e+00 -1.000000000000e-02
4.234570472409e+00 4.901796057866e+00 -1.000000000000e-02
5.550117076586e-01 7.169600209035e+00 -1.000000000000e-02
5.867883414687e+00 3.885860445672e+00 -1.000000000000e-02
