1.728244912116e+00 3.782874092694e+00 1.000000000000e-02
9.761911036683e-01 8.147317790531e-01 1.000000000000e-02
3.874888369192e+00 1.016568232506e+00 1.000000000000e-02
6.125044966991e+00 2.145835481939e-01 1.000000000000e-02
5.062570066178e-01 3.305850894183e+00 1.000000000000e-02
1.961536193915e+00 5.074992827688e+00 1.000000000000e-02
3.834303594962e+00 5.053302161526e+00 1.000000000000e-02
4.149544682913e+00 7.011873785512e-01 1.000000000000e-02
3.576283081394e+00 3.160946341545e+00 1.000000000000e-02
3.364877797189e+00 1.062151089676e+00 1.000000000000e-02
5.889679627090e+00 4.027623353087e+00 1.000000000000e-02
4.809501353521e+00 4.689157500695e+00 1.000000000000e-02
5.610530957036e+00 5.686048728054e+00 1.000000000000e-02
5.519213858626e+00 7.035447027884e-01 1.000000000000e-02
1.176826363331e-01 1.070141304110e+00 1.000000000000e-02
1.760398402918e+00 9.943593843674e-01 1.000000000000e-02
5.086114957395e+00 2.311802918998e+00 1.000000000000e-02
8.776135443830e-01 4.250232953109e+00 1.000000000000e-02
4.310072530867e+00 8.795044536466e-01 1.000000000000e-02
1.787851041778e+00 -1.990268781152e+00 1.000000000000e-02
5.394609704807e+00 5.207584216349e+00 1.000000000000e-02
1.965895291710e-01 2.182503163017e+00 1.000000000000e-02
6.630450412454e-01 4.913016019264e+00 1.000000000000e-02
9.190317881671e-01 3.938868449323e+00 1.000000000000e-02
9.365210777822e-01 2.726016361908e+00 1.000000000000e-02
6.187475224302e+00 1.133851058689e+00 1.000000000000e-02
1.521276865513e-01 3.558288613930e+00 1.000000000000e-02
6.058865168660e+00 -2.468082308449e+00 1.000000000000e-02
5.443744337233e+00 3.715542992678e+00 1.000000000000e-02
9.413194311632e-01 3.911091362652e+00 1.000000000000e-02
4.670759347389e+00 4.801385237937e-02 1.000000000000e-02
5.722893444153e+00 4.466417705060e+00 1.000000000000e-02
1.410914389658e-01 5.851410584264e+00 1.000000000000e-02
2.576630197790e+00 1.584968594973e+00 1.000000000000e-02
6.029318152536e+00 1.783393873981e+00 1.000000000000e-02
4.759576946574e+00 3.743169101649e+00 1.000000000000e-02
3.747119201096e+00 1.185388800463e+00 1.000000000000e-02
3.136315647524e+00 1.632626849780e+00 1.000000000000e-02
2.035884997960e+00 1.655393444007e+00 1.000000000000e-02
3.389114099704e+00 4.285991023234e+00 1.000000000000e-02
2.338564044713e+00 1.075410415861e+00 1.000000000000e-02
1.973018211406e+00 3.688101488206e+00 1.000000000000e-02
3.046184731159e+00 5.066125593419e+00 1.000000000000e-02
4.884343258500e-01 4.994403760407e+00 1.000000000000e-02
1.238126066578e-01 2.362364689619e+00 1.000000000000e-02
3.036196046004e+00 1.678357679456e+00 1.000000000000e-02
1.167193306853e+00 2.887337877068e+00 1.000000000000e-02
5.767027315508e+00 1.213045374507e+00 1.000000000000e-02
2.920704025870e+00 3.017374097722e+00 1.000000000000e-02
3.908313062215e+00 6.064639123250e+00 1.000000000000e-02
6.009496791530e+00 7.975465391056e-01 -1.000000000000e-02
4.278736445605e+00 1.441936117547e+00 -1.000000000000e-02
5.322247834653e+00 2.404070977368e+00 -1.000000000000e-02
3.840963114658e+00 4.955829244823e-01 -1.000000000000e-02
9.864556386127e-01 4.351425441538e+00 -1.000000000000e-02
6.137608440526e+00 6.372602563784e+00 -1.000000000000e-02
7.874633234673e-01 8.497355105973e-01 -1.000000000000e-02
1.174895316261e+00 1.592368381031e+00 -1.000000000000e-02
5.440071073300e-01 2.835460689840e+00 -1.000000000000e-02
6.216629295147e+00 2.269955581013e+00 -1.000000000000e-02
7.294986516218e-01 4.873970371804e+00 -1.000000000000e-02
5.675217942066e+00 -2.490010318531e+00 -1.000000000000e-02
1.237573046331e+00 3.829316734560e+00 -1.000000000000e-02
1.782260381011e+00 1.113889235086e+00 -1.000000000000e-02
1.039236318422e+00 4.364407292168e+00 -1.000000000000e-02
1.223189676860e+00 5.998876676409e+00 -1.000000000000e-02
2.890505651186e+00 6.895970034175e-01 -1.000000000000e-02
5.195137985164e+00 2.135916602590e+00 -1.000000000000e-02
4.848982208760e+00 3.153531992861e+00 -1.000000000000e-02
1.181697086413e+00 3.241742817963e+00 -1.000000000000e-02
3.196053926284e+00 3.422751449377e+00 -1.000000000000e-02
2.367379635298e+00 2.162183812486e+00 -1.000000000000e-02
1.975669449518e+00 1.336717855151e-01 -1.000000000000e-02
6.228446883712e+00 6.236008840608e+00 -1.000000000000e-02
1.385685509124e+00 3.867375794666e+00 -1.000000000000e-02
1.443829108976e+00 8.442947384121e-01 -1.000000000000e-02
2.378905602285e+00 -1.606830278114e-01 -1.000000000000e-02
5.095985984475e+00 4.297336820312e+00 -1.000000000000e-02
1.454722458989e+00 2.167758234368e+00 -1.000000000000e-02
2.578510705700e+00 1.308140542350e+00 -1.000000000000e-02
2.390009095310e+00 5.500609748664e+00 -1.000000000000e-02
1.692209827684e+00 -1.990573254133e+00 -1.000000000000e-02
3.994892706122e+00 1.095737591695e+00 -1.000000000000e-02
1.618930340183e+00 3.975785910892e+00 -1.000000000000e-02
4.946319256445e+00 1.031521057569e+00 -1.000000000000e-02
4.543499936358e+00 3.546140448532e+00 -1.000000000000e-02
3.995133925169e+00 -1.931705245230e-01 -1.000000000000e-02
4.928001409439e+00 1.029157214409e+00 -1.000000000000e-02
2.943319967103e+00 2.449215703729e+00 -1.000000000000e-02
2.699415874719e+00 1.101796887374e+00 -1.000000000000e-02
1.967210571978e+00 2.211841009257e-01 -1.000000000000e-02
6.918868823357e-01 4.957816482018e+00 -1.000000000000e-02
5.222087362440e+00 4.242996505674e+00 -1.000000000000e-02
4.248926852773e+00 3.052259590580e+00 -1.000000000000e-02
3.252297848038e+00 1.532584583950e+00 -1.000000000000e-02
2.163061380016e-01 3.017566489670e+00 -1.000000000000e-02
1.321994102340e+00 1.830424356391e+00 -1.000000000000e-02
6.871729788499e-02 4.058839208823e-01 -1.000000000000e-02
3.235896950540e+00 3.112057478551e+00 -1.000000000000e-02
4.315891392270e+00 4.563115499378e+00 -1.000000000000e-02
