2.277287497353e+00 4.340063246869e+00 1.000000000000e-02
1.016198359112e+00 6.546754621225e+00 1.000000000000e-02
2.227567697308e+00 1.371817994798e+00 1.000000000000e-02
1.713883283454e+00 2.268391896549e+00 1.000000000000e-02
3.966457694592e+00 3.126683076529e+00 1.000000000000e-02
6.226471140383e+00 1.281426469502e+00 1.000000000000e-02
3.942777146931e+00 1.149038935957e+00 1.000000000000e-02
2.422943806183e+00 2.558514826743e+00 1.000000000000e-02
5.440741047284e+00 2.140382652878e+00 1.000000000000e-02
3.828311789360e+00 2.925941873025e+00 1.000000000000e-02
1.772793134268e+00 1.556890532917e+00 1.000000000000e-02
1.817914962091e+00 4.708243760250e+00 1.000000000000e-02
2.331360799482e+00 6.089623536560e+00 1.000000000000e-02
1.583702490857e+00 1.768251212625e+00 1.000000000000e-02
5.427225105742e+00 -1.442986391163e+00 1.000000000000e-02
5.922640753205e+00 4.477574760120e+00 1.000000000000e-02
3.921016812878e+00 3.222610743515e+00 1.000000000000e-02
1.574944761229e+00 7.843443977173e+00 1.000000000000e-02
2.412731279785e+00 7.931222519578e+00 1.000000000000e-02
2.700513177001e+00 1.829485887399e-01 1.000000000000e-02
1.629071336399e+00 8.381154402076e+00 1.000000000000e-02
1.759037608838e+00 -2.808213882036e-01 1.000000000000e-02
2.409024230068e+00 1.431856761128e+00 1.000000000000e-02
2.856171800360e+00 6.306841891075e+00 1.000000000000e-02
6.207500186360e+00 7.579148328365e+00 1.000000000000e-02
2.569814096097e+00 -9.170200441296e-01 1.000000000000e-02
2.045858848567e+00 3.023639360508e-01 1.000000000000e-02
3.851294348454e+00 3.103817605511e+00 1.000000000000e-02
1.787823684576e+00 4.398680848135e+00 1.000000000000e-02
2.624310175782e+00 5.352348965845e+00 1.000000000000e-02
4.497523133365e+00 -1.770244466828e+00 1.000000000000e-02
5.741389617939e+00 6.278958902902e+00 1.000000000000e-02
2.921472045109e+00 5.203891058724e+00 1.000000000000e-02
3.071263849368e+00 4.394096718573e+00 1.000000000000e-02
5.350560110292e+00 5.323961313934e+00 1.000000000000e-02
3.471282350527e+00 1.077570942444e+00 1.000000000000e-02
3.955894428494e+00 1.913395754193e+00 1.000000000000e-02
6.261584310396e+00 6.056457045404e+00 1.000000000000e-02
1.247829772357e+00 5.937310970148e+00 1.000000000000e-02
4.106979038515e+00 -1.378597484139e+00 1.000000000000e-02
5.517316360537e+00 2.028907291526e+00 1.000000000000e-02
4.637693255419e-01 5.963171415739e+00 1.000000000000e-02
1.535898009094e-01 6.025640944054e+00 1.000000000000e-02
2.845099298569e+00 2.870697312689e+00 1.000000000000e-02
4.333341769768e+00 7.776664545139e+00 1.000000000000e-02
5.655127485950e+00 -1.527914650263e+00 1.000000000000e-02
5.994493835183e+00 3.329795312600e+00 1.000000000000e-02
2.831597574899e+00 1.403656918239e+00 1.000000000000e-02
3.138471388206e+00 6.402473905235e+00 1.000000000000e-02
6.789233331399e-01 1.966074258498e+00 1.000000000000e-02
3.463113686505e+00 4.217955691516e+00 -1.000000000000e-02
4.336280288423e+00 -1.341694581612e+00 -1.000000000000e-02
2.787426380245e+00 5.302724762556e+00 -1.000000000000e-02
3.409572219795e+00 7.715954823246e+00 -1.000000000000e-02
3.320426388535e+00 2.715174414209e+00 -1.000000000000e-02
1.022614361968e+00 -1.676814199320e+00 -1.000000000000e-02
4.992404494062e-01 5.718809610546e+00 -1.000000000000e-02
2.099098291173e+00 4.825663731321e+00 -1.000000000000e-02
3.806618378891e+00 1.185720693589e+00 -1.000000000000e-02
5.417485979600e+00 7.473636090452e+00 -1.000000000000e-02
3.001499419718e+00 5.861310762264e+00 -1.000000000000e-02
2.527310084025e+00 1.142762369097e+00 -1.000000000000e-02
4.223474092285e+00 -1.431574140326e+00 -1.000000000000e-02
3.284009656928e+00 5.056280429748e+00 -1.000000000000e-02
4.799264277507e+00 2.742993204739e+00 -1.000000000000e-02
6.013430527090e+00 2.740471688691e+00 -1.000000000000e-02
5.036817888513e+00 9.917235986566e-01 -1.000000000000e-02
2.996482979752e+00 3.696933483568e+00 -1.000000000000e-02
1.669036320353e+00 1.204676766580e+00 -1.000000000000e-02
2.885118338563e+00 4.629995296049e+00 -1.000000000000e-02
3.381350358893e+00 1.488500562706e+00 -1.000000000000e-02
4.641052823637e+00 -1.602036255344e+00 -1.000000000000e-02
2.826586375349e+00 5.344211088247e+00 -1.000000000000e-02
1.198228306376e+00 2.754752805849e+00 -1.000000000000e-02
3.201849515006e+00 5.108552326402e+00 -1.000000000000e-02
5.938588894786e+00 3.128462443327e+00 -1.000000000000e-02
2.955673152837e+00 3.234260502341e+00 -1.000000000000e-02
5.323143973790e+00 1.062096611266e+00 -1.000000000000e-02
5.279949868990e+00 5.585912292772e+00 -1.000000000000e-02
2.117495849431e+00 8.048706487247e+00 -1.000000000000e-02
1.685410911640e-01 4.430286672561e+00 -1.000000000000e-02
2.295225155247e-01 1.819240487611e-01 -1.000000000000e-02
2.178816676635e+00 -1.032027548292e+00 -1.000000000000e-02
1.908572508331e+00 1.458531928207e+00 -1.000000000000e-02
3.753420910659e+00 8.427878178648e+00 -1.000000000000e-02
4.592155503285e+00 1.362606382164e+00 -1.000000000000e-02
3.752841314909e+00 3.237319888253e+00 -1.000000000000e-02
1.940212159675e+00 6.396487026973e+00 -1.000000000000e-02
1.210933701239e+00 3.036055761817e+00 -1.000000000000e-02
2.216718652381e+00 3.230330170018e+00 -1.000000000000e-02
9.829851414103e-01 5.454955888606e+00 -1.000000000000e-02
5.657107107903e+00 7.127158770109e+00 -1.000000000000e-02
6.151926378884e-01 1.294365874327e+00 -1.000000000000e-02
1.818403573614e+00 3.423611084564e+00 -1.000000000000e-02
3.024237979467e+00 8.581940163996e-01 -1.000000000000e-02
1.490801398936e+00 3.538997555269e+00 -1.000000000000e-02
1.682614334513e+00 3.915390440659e+00 -1.000000000000e-02
5.559441218088e+00 3.375901282218e+00 -1.000000000000e-02
5.629062982565e+00 6.742445892660e+00 -1.000000000000e-02
6.254423612323e+00 5.611716964475e+00 -1.000000000000e-02
