2.263143024477e+00 4.328856090458e+00 1.000000000000e-02
9.665892186186e-01 6.542927666233e+00 1.000000000000e-02
2.227285047730e+00 1.400373872853e+00 1.000000000000e-02
1.751381724572e+00 2.280437945294e+00 1.000000000000e-02
3.948764608983e+00 3.092983853493e+00 1.000000000000e-02
6.233850216306e+00 1.283108180675e+00 1.000000000000e-02
3.964993160847e+00 1.163153685044e+00 1.000000000000e-02
2.452783072740e+00 2.565495247687e+00 1.000000000000e-02
5.485057384190e+00 2.150535379658e+00 1.000000000000e-02
3.804157248517e+00 2.960096465854e+00 1.000000000000e-02
1.748874326264e+00 1.545040843514e+00 1.000000000000e-02
1.816848756335e+00 4.693773465670e+00 1.000000000000e-02
2.288143665721e+00 6.090381901689e+00 1.000000000000e-02
1.598270195190e+00 1.785130700363e+00 1.000000000000e-02
5.584109729105e+00 -1.422428588771e+00 1.000000000000e-02
5.908477238222e+00 4.467216472622e+00 1.000000000000e-02
4.007630837936e+00 3.216056656918e+00 1.000000000000e-02
1.404845403512e+00 7.837034869651e+00 1.000000000000e-02
2.235944715624e+00 7.928356815267e+00 1.000000000000e-02
2.734349575713e+00 1.722792333639e-01 1.000000000000e-02
1.353890314500e+00 8.375792391501e+00 1.000000000000e-02
1.796525667415e+00 -2.712726450648e-01 1.000000000000e-02
2.412474395440e+00 1.412157638906e+00 1.000000000000e-02
2.797610660801e+00 6.307802930234e+00 1.000000000000e-02
6.073803078020e+00 7.596754204630e+00 1.000000000000e-02
2.646018365812e+00 -9.089571936873e-01 1.000000000000e-02
2.079957284883e+00 3.082470444570e-01 1.000000000000e-02
3.903167017613e+00 3.188879946140e+00 1.000000000000e-02
1.752080589632e+00 4.403283444988e+00 1.000000000000e-02
2.592254260285e+00 5.297661784420e+00 1.000000000000e-02
4.729669391166e+00 -1.772472813092e+00 1.000000000000e-02
5.713939929030e+00 6.299538432675e+00 1.000000000000e-02
2.919149167269e+00 5.206391887761e+00 1.000000000000e-02
3.077072539222e+00 4.393129964065e+00 1.000000000000e-02
5.346333217195e+00 5.332996180411e+00 1.000000000000e-02
3.492121601515e+00 1.070037380181e+00 1.000000000000e-02
3.958220487121e+00 1.907415112183e+00 1.000000000000e-02
6.222057587315e+00 6.088279034124e+00 1.000000000000e-02
1.199275388679e+00 5.933297352031e+00 1.000000000000e-02
4.244751141379e+00 -1.429079621223e+00 1.000000000000e-02
5.494765435800e+00 2.018096957999e+00 1.000000000000e-02
3.950169190559e-01 5.947362530423e+00 1.000000000000e-02
9.619118495784e-02 6.015113632115e+00 1.000000000000e-02
2.880442722428e+00 2.868291643733e+00 1.000000000000e-02
4.177147267828e+00 7.778412016059e+00 1.000000000000e-02
5.812323062422e+00 -1.543245126396e+00 1.000000000000e-02
5.970894799664e+00 3.338298945516e+00 1.000000000000e-02
2.835736552813e+00 1.387695083301e+00 1.000000000000e-02
3.086701931766e+00 6.382777006330e+00 1.000000000000e-02
6.948303160367e-01 1.971334830364e+00 1.000000000000e-02
3.464189610149e+00 4.223405771794e+00 -1.000000000000e-02
4.454026078215e+00 -1.343424853806e+00 -1.000000000000e-02
2.808600549208e+00 5.319960602225e+00 -1.000000000000e-02
3.267681453966e+00 7.710281321495e+00 -1.000000000000e-02
3.333861139064e+00 2.726064212747e+00 -1.000000000000e-02
1.207596955386e+00 -1.677630882352e+00 -1.000000000000e-02
4.313625731954e-01 5.710776445242e+00 -1.000000000000e-02
2.093690805877e+00 4.802854584293e+00 -1.000000000000e-02
3.831426644934e+00 1.200877990537e+00 -1.000000000000e-02
5.289187698256e+00 7.474980828022e+00 -1.000000000000e-02
2.940292161885e+00 5.850689782070e+00 -1.000000000000e-02
2.518414178568e+00 1.132321899939e+00 -1.000000000000e-02
4.390370537664e+00 -1.481889824193e+00 -1.000000000000e-02
3.266862288841e+00 5.103192411502e+00 -1.000000000000e-02
4.807498538956e+00 2.730810516169e+00 -1.000000000000e-02
6.035119054443e+00 2.738138013183e+00 -1.000000000000e-02
5.057267975733e+00 9.801348767365e-01 -1.000000000000e-02
2.997984370480e+00 3.704617567192e+00 -1.000000000000e-02
1.674239735365e+00 1.214531395781e+00 -1.000000000000e-02
2.892263410852e+00 4.623876795027e+00 -1.000000000000e-02
3.395377652596e+00 1.478841070808e+00 -1.000000000000e-02
4.838479511517e+00 -1.596898325209e+00 -1.000000000000e-02
2.769688968841e+00 5.278836127644e+00 -1.000000000000e-02
1.244372669056e+00 2.757649850145e+00 -1.000000000000e-02
3.178438143426e+00 5.060168546740e+00 -1.000000000000e-02
5.919133446418e+00 3.133576954948e+00 -1.000000000000e-02
2.988084441672e+00 3.243100338982e+00 -1.000000000000e-02
5.329024416186e+00 1.081606280663e+00 -1.000000000000e-02
5.270908888956e+00 5.597340595904e+00 -1.000000000000e-02
1.919088032693e+00 8.042844728170e+00 -1.000000000000e-02
1.544231132283e-01 4.418723614170e+00 -1.000000000000e-02
2.629640250413e-01 1.869357164389e-01 -1.000000000000e-02
2.263728124038e+00 -1.020524618010e+00 -1.000000000000e-02
1.893269459734e+00 1.460719363801e+00 -1.000000000000e-02
3.453645691947e+00 8.427751600282e+00 -1.000000000000e-02
4.594417282416e+00 1.347061864936e+00 -1.000000000000e-02
3.819811806762e+00 3.302784175484e+00 -1.000000000000e-02
1.895473864408e+00 6.394420183593e+00 -1.000000000000e-02
1.220975651006e+00 3.030244221440e+00 -1.000000000000e-02
2.241958129576e+00 3.248761534084e+00 -1.000000000000e-02
9.447476280316e-01 5.459309791742e+00 -1.000000000000e-02
5.570783512955e+00 7.145731524945e+00 -1.000000000000e-02
6.227645767736e-01 1.297514971452e+00 -1.000000000000e-02
1.826577310022e+00 3.437898837823e+00 -1.000000000000e-02
3.041512205036e+00 8.527602429683e-01 -1.000000000000e-02
1.486140032109e+00 3.526898721998e+00 -1.000000000000e-02
1.644852984330e+00 3.920725328920e+00 -1.000000000000e-02
5.553610509992e+00 3.371089772568e+00 -1.000000000000e-02
5.593474025151e+00 6.757890205929e+00 -1.000000000000e-02
6.205237211351e+00 5.613573545387e+00 -1.000000000000e-02
