4.727839742010e+00 3.540595687981e+00 1.000000000000e-02
5.501207703013e+00 7.464539879298e+00 1.000000000000e-02
6.189576254555e+00 6.167020018983e+00 1.000000000000e-02
3.341567407788e+00 4.468992564003e+00 1.000000000000e-02
3.727878538822e+00 4.114762977529e+00 1.000000000000e-02
4.308769648906e+00 1.131803926794e-01 1.000000000000e-02
5.073356941897e+00 7.602172911556e-01 1.000000000000e-02
2.405984240658e+00 2.178567562875e+00 1.000000000000e-02
3.157059325927e+00 8.670450899819e-01 1.000000000000e-02
5.843771155861e+00 1.758485532103e+00 1.000000000000e-02
5.518266315984e+00 8.605630276193e-01 1.000000000000e-02
8.037922265983e-01 2.424165310885e+00 1.000000000000e-02
3.086948635858e+00 5.728921290582e+00 1.000000000000e-02
2.890421593065e+00 3.622028259349e+00 1.000000000000e-02
1.611195851746e+00 1.699097690809e+00 1.000000000000e-02
7.565679245579e-01 -7.926582391286e-01 1.000000000000e-02
5.601034428477e+00 1.386363243147e+00 1.000000000000e-02
3.758174847181e+00 6.776104085433e+00 1.000000000000e-02
2.753513563050e+00 3.254883131921e+00 1.000000000000e-02
9.359192922966e-02 2.218536516033e+00 1.000000000000e-02
3.915568687250e+00 7.721477619814e+00 1.000000000000e-02
3.209274064430e+00 -4.118828565172e-01 1.000000000000e-02
3.959672656496e+00 5.144463256464e+00 1.000000000000e-02
3.699955017835e+00 5.802191235866e+00 1.000000000000e-02
3.390044494199e+00 3.724759959193e+00 1.000000000000e-02
1.220910680809e+00 -2.794549399876e-01 1.000000000000e-02
2.311419715031e+00 9.705472795593e-01 1.000000000000e-02
2.849094056640e+00 3.213812410807e+00 1.000000000000e-02
3.508474186120e+00 4.541308242579e+00 1.000000000000e-02
2.652344455576e+00 7.789010313747e+00 1.000000000000e-02
1.487541832067e+00 6.176430634052e+00 1.000000000000e-02
4.298612117784e+00 6.554959309717e+00 1.000000000000e-02
5.577455035278e+00 3.142867287953e+00 1.000000000000e-02
5.618636156683e-01 4.527628782444e+00 1.000000000000e-02
6.133485518206e+00 4.808413851040e+00 1.000000000000e-02
4.749580702200e+00 9.372049606197e-01 1.000000000000e-02
1.958000682780e-01 4.483158942296e+00 1.000000000000e-02
3.635907597866e+00 4.242171120932e+00 1.000000000000e-02
1.321737257623e+00 7.676125629776e+00 1.000000000000e-02
2.042715844377e+00 1.460459064872e+00 1.000000000000e-02
3.248343131015e+00 9.506135509925e-01 1.000000000000e-02
2.796504392205e+00 6.360010322924e+00 1.000000000000e-02
2.940117065359e+00 4.432471102102e+00 1.000000000000e-02
4.961943083920e+00 3.730467080298e+00 1.000000000000e-02
5.388357097471e+00 2.774227711069e+00 1.000000000000e-02
4.050202636046e-01 -1.481741887675e+00 1.000000000000e-02
2.738805736840e+00 3.125654062143e+00 1.000000000000e-02
5.857364001323e+00 4.324220650332e+00 1.000000000000e-02
2.486722320006e+00 6.018808895022e+00 1.000000000000e-02
4.881560290591e+00 4.417145461009e+00 1.000000000000e-02
3.427614968970e-01 4.323687532614e+00 -1.000000000000e-02
5.131090300628e-01 1.124182218710e+00 -1.000000000000e-02
5.662247824075e+00 4.040152902611e+00 -1.000000000000e-02
9.649179693697e-01 7.317540193679e+00 -1.000000000000e-02
5.573206864788e+00 1.806867821018e+00 -1.000000000000e-02
5.729472667890e+00 -1.559724783469e+00 -1.000000000000e-02
2.964161606877e+00 1.832653404123e+00 -1.000000000000e-02
2.298898246920e-01 5.391204401418e+00 -1.000000000000e-02
5.015169354064e-01 -8.016344343297e-01 -1.000000000000e-02
3.855192983285e+00 7.699177173627e+00 -1.000000000000e-02
5.835221379611e+00 1.918996137068e+00 -1.000000000000e-02
3.565030905625e+00 2.236267774938e+00 -1.000000000000e-02
5.623745133145e-01 1.711797702644e+00 -1.000000000000e-02
3.819166678173e-01 4.832513938324e+00 -1.000000000000e-02
3.775718833675e+00 1.673067170789e+00 -1.000000000000e-02
5.638435061875e+00 4.683126547341e+00 -1.000000000000e-02
2.404548103948e+00 1.687628169690e+00 -1.000000000000e-02
3.615622918799e+00 6.405333560884e+00 -1.000000000000e-02
2.678876394450e+00 3.340914521328e+00 -1.000000000000e-02
4.750941660839e+00 6.704490583637e+00 -1.000000000000e-02
5.036619180587e+00 4.106468143339e+00 -1.000000000000e-02
2.600116533429e-01 4.687697406765e+00 -1.000000000000e-02
5.624337835407e+00 4.080683760157e+00 -1.000000000000e-02
4.366400975621e+00 3.171597874605e+00 -1.000000000000e-02
6.980949108928e-01 4.732773667314e+00 -1.000000000000e-02
2.664773161394e+00 7.763683493653e+00 -1.000000000000e-02
6.108803099551e+00 3.966844339580e+00 -1.000000000000e-02
1.427765427180e+00 9.434770466302e-01 -1.000000000000e-02
1.177759519447e+00 1.157136768714e+00 -1.000000000000e-02
3.874678952413e+00 6.818542670779e+00 -1.000000000000e-02
1.054625899382e+00 8.411778879658e-01 -1.000000000000e-02
3.349602909859e+00 1.142302416127e+00 -1.000000000000e-02
5.031180426503e+00 2.282348581919e+00 -1.000000000000e-02
6.418849749286e-01 4.103979787607e+00 -1.000000000000e-02
9.588032165671e-02 7.091416949256e+00 -1.000000000000e-02
4.240238112014e+00 7.642619400820e-01 -1.000000000000e-02
5.038321455910e+00 3.645984279030e+00 -1.000000000000e-02
4.524598398662e+00 3.848160349647e+00 -1.000000000000e-02
3.150455492092e+00 1.982780433200e+00 -1.000000000000e-02
4.242143408445e-01 5.046512499543e+00 -1.000000000000e-02
1.238187287608e+00 4.564164148091e+00 -1.000000000000e-02
5.995145106558e+00 5.361376419722e+00 -1.000000000000e-02
2.621673334343e-01 -4.192858952280e-02 -1.000000000000e-02
2.915845832677e+00 4.933479764310e-01 -1.000000000000e-02
3.583989624257e+00 2.371205649324e-01 -1.000000000000e-02
5.799774651109e+00 3.098343384269e+00 -1.000000000000e-02
2.961065780760e+00 5.580337274909e+00 -1.000000000000e-02
2.444456715420e+00 5.847743486022e+00 -1.000000000000e-02
5.608750461438e+00 7.092800801798e+00 -1.000000000000e-02
3.183974697113e+00 4.726637557195e+00 -1.000000000000e-02
