1.546918988348e+00 6.551621195630e+00 1.000000000000e-02
5.063062025475e+00 6.326867334260e+00 1.000000000000e-02
4.483127416964e+00 4.701214697215e+00 1.000000000000e-02
4.266640592047e+00 3.752462169490e+00 1.000000000000e-02
4.064420041289e+00 3.664673885300e+00 1.000000000000e-02
3.584492028247e+00 1.017802106370e-01 1.000000000000e-02
3.901809083822e+00 1.345724696052e+00 1.000000000000e-02
6.172825725612e+00 5.866822154265e+00 1.000000000000e-02
9.586120991269e-01 1.208167138740e+00 1.000000000000e-02
3.977143070908e+00 1.919999887338e+00 1.000000000000e-02
2.096667922561e+00 6.739251860122e-01 1.000000000000e-02
6.283058918315e+00 2.829034642851e+00 1.000000000000e-02
5.767569146486e+00 6.108381884237e+00 1.000000000000e-02
4.674268374681e+00 4.403188886367e+00 1.000000000000e-02
5.091136488393e+00 1.767958494127e-01 1.000000000000e-02
5.093149189185e+00 -1.442987021214e-01 1.000000000000e-02
6.159446201178e+00 -5.259909053277e-01 1.000000000000e-02
2.435846911757e+00 8.518120251179e+00 1.000000000000e-02
5.208546578330e+00 5.059389431417e+00 1.000000000000e-02
3.184549976646e-01 1.965436639847e+00 1.000000000000e-02
1.680257233030e+00 7.414895875038e+00 1.000000000000e-02
2.143064965770e+00 3.462222232223e-02 1.000000000000e-02
2.244221132565e+00 6.414900620204e+00 1.000000000000e-02
5.705120889347e+00 6.484609278823e+00 1.000000000000e-02
6.096747233272e+00 6.943820005459e+00 1.000000000000e-02
1.075614786270e+00 -1.213721673431e-01 1.000000000000e-02
2.503969883395e+00 -9.248248583960e-01 1.000000000000e-02
4.370797507091e+00 3.529819472662e+00 1.000000000000e-02
3.603597693001e-02 2.344951635713e+00 1.000000000000e-02
5.752647773771e+00 2.384152428743e+00 1.000000000000e-02
3.498972578489e+00 2.802147400523e+00 1.000000000000e-02
3.394424057860e+00 7.850457325900e+00 1.000000000000e-02
1.277787196701e+00 4.172373169480e+00 1.000000000000e-02
9.681384512972e-01 2.637224514263e+00 1.000000000000e-02
6.147981226653e+00 5.012274167008e+00 1.000000000000e-02
5.746409696169e+00 -7.192159834112e-01 1.000000000000e-02
2.740484430198e+00 3.578018800270e+00 1.000000000000e-02
5.056271021519e+00 4.967904342574e+00 1.000000000000e-02
4.354017899642e+00 7.313241412098e+00 1.000000000000e-02
2.779496424664e+00 -2.475456338152e-01 1.000000000000e-02
8.456394928243e-01 1.279373803737e+00 1.000000000000e-02
5.145127585238e+00 4.573193004967e+00 1.000000000000e-02
5.515282663468e+00 5.047254848502e+00 1.000000000000e-02
3.453120310766e+00 4.027265345084e+00 1.000000000000e-02
5.636545585925e-01 6.007467424101e+00 1.000000000000e-02
7.000210549575e-01 -1.764231017168e+00 1.000000000000e-02
4.148995890963e+00 3.769962730419e+00 1.000000000000e-02
2.748425112783e+00 3.018917619745e+00 1.000000000000e-02
5.462652782732e+00 6.447283136362e+00 1.000000000000e-02
1.815933227740e+00 3.828040633993e+00 1.000000000000e-02
1.016934227612e+00 5.790894598569e+00 -1.000000000000e-02
2.396509393775e+00 -8.387974662387e-01 -1.000000000000e-02
1.339233369946e+00 3.996179724436e+00 -1.000000000000e-02
3.767443940396e+00 7.130202247139e+00 -1.000000000000e-02
6.270657632595e+00 -4.724799731989e-01 -1.000000000000e-02
4.298086055553e+00 -1.826677856547e+00 -1.000000000000e-02
5.616949480027e+00 5.247433067164e+00 -1.000000000000e-02
7.613625533095e-01 5.624624419644e+00 -1.000000000000e-02
5.194282497907e+00 -1.505483997651e-01 -1.000000000000e-02
1.459787936491e+00 7.366233373873e+00 -1.000000000000e-02
5.314701409458e+00 3.246569449525e+00 -1.000000000000e-02
1.682577707183e+00 8.266668784296e-01 -1.000000000000e-02
4.878073339722e+00 1.200856901599e+00 -1.000000000000e-02
1.061961993186e+00 2.903411896672e+00 -1.000000000000e-02
5.238116734708e+00 9.350648314532e-01 -1.000000000000e-02
1.840310168574e+00 3.357821810361e+00 -1.000000000000e-02
6.483289032604e-01 1.175348821229e+00 -1.000000000000e-02
3.907084004980e+00 5.809886403765e+00 -1.000000000000e-02
3.544665256919e+00 3.361900568982e+00 -1.000000000000e-02
1.075908116026e+00 7.731344352861e+00 -1.000000000000e-02
2.454786312247e+00 2.716958313224e+00 -1.000000000000e-02
1.909069215878e+00 3.636017631299e+00 -1.000000000000e-02
1.302096018175e+00 4.035742456822e+00 -1.000000000000e-02
1.277101215796e+00 6.466512902013e+00 -1.000000000000e-02
1.112931392725e+00 2.980753227146e+00 -1.000000000000e-02
2.312338303186e+00 1.318146152426e+00 -1.000000000000e-02
1.810931871046e+00 5.757255619468e+00 -1.000000000000e-02
2.872518430223e+00 -2.569410524445e-02 -1.000000000000e-02
5.821718185117e+00 2.375247759110e+00 -1.000000000000e-02
4.296146518355e+00 8.556561968076e+00 -1.000000000000e-02
4.517438092048e+00 1.085048153824e+00 -1.000000000000e-02
5.697884532678e+00 5.182209092563e-01 -1.000000000000e-02
1.534529648841e-02 2.101636253881e+00 -1.000000000000e-02
7.217029978815e-01 4.915318708007e+00 -1.000000000000e-02
2.175811306794e+00 7.248751575319e+00 -1.000000000000e-02
5.447994345833e+00 -3.794514897407e-01 -1.000000000000e-02
3.553994586877e+00 3.941240208408e+00 -1.000000000000e-02
1.782281106025e+00 6.674737649242e+00 -1.000000000000e-02
6.225159433233e+00 5.604773120748e+00 -1.000000000000e-02
4.984154292495e-01 4.738552707974e+00 -1.000000000000e-02
1.177208918339e+00 5.061010629976e+00 -1.000000000000e-02
4.888581433865e+00 4.512817030575e+00 -1.000000000000e-02
3.391619832053e+00 9.206703820146e-01 -1.000000000000e-02
1.535446822783e+00 1.656919224428e+00 -1.000000000000e-02
4.499197169427e+00 6.607260573567e-02 -1.000000000000e-02
1.622134830216e+00 4.750695278307e+00 -1.000000000000e-02
5.410761474535e+00 2.527924947551e+00 -1.000000000000e-02
4.332108384762e+00 4.310355680791e+00 -1.000000000000e-02
3.957159027436e+00 6.786430991950e+00 -1.000000000000e-02
5.757838932446e+00 5.352211437844e+00 -1.000000000000e-02
