1.729731071572e+00 3.098193258712e+00 1.000000000000e-02
9.852350180553e-01 4.609753640062e-01 1.000000000000e-02
2.655215204299e+00 4.665237532591e-02 1.000000000000e-02
5.724661018229e+00 8.708691337438e-01 1.000000000000e-02
1.993375538439e+00 4.667984636098e+00 1.000000000000e-02
2.380430124327e+00 5.084515485451e+00 1.000000000000e-02
4.766833543877e+00 5.055912733765e+00 1.000000000000e-02
3.806298308770e+00 1.343015767971e+00 1.000000000000e-02
3.995105525621e+00 2.984986899934e+00 1.000000000000e-02
3.549017153894e+00 4.459539548427e-01 1.000000000000e-02
4.048285167119e-01 3.976857792821e+00 1.000000000000e-02
6.139740920900e+00 4.114184517413e+00 1.000000000000e-02
6.151505644039e+00 5.891119133892e+00 1.000000000000e-02
4.870918637768e+00 3.568573601349e-01 1.000000000000e-02
7.871373001930e-01 1.575383039078e+00 1.000000000000e-02
1.560269624274e+00 2.689201125377e-01 1.000000000000e-02
5.805281917211e+00 2.532742425023e+00 1.000000000000e-02
1.385412753405e+00 4.985578632564e+00 1.000000000000e-02
3.621089705885e+00 9.810115752716e-01 1.000000000000e-02
4.590054702930e+00 -3.971787751862e+00 1.000000000000e-02
6.269157900615e+00 5.267137858183e+00 1.000000000000e-02
7.564931928665e-01 2.440933653772e+00 1.000000000000e-02
5.538407434231e+00 7.057246047050e+00 1.000000000000e-02
7.370632487179e-01 4.929782693014e+00 1.000000000000e-02
2.127182018607e+00 3.082451939785e+00 1.000000000000e-02
7.054290251086e-01 1.375463664921e+00 1.000000000000e-02
1.245264152531e+00 4.205910469998e+00 1.000000000000e-02
3.792775816729e+00 -2.803209409873e+00 1.000000000000e-02
6.007386086872e+00 3.038303553536e+00 1.000000000000e-02
7.045988927288e-01 4.914942487913e+00 1.000000000000e-02
3.020528741932e+00 -4.530025282209e-01 1.000000000000e-02
5.703122617982e-01 3.679436157663e+00 1.000000000000e-02
7.004058829743e-01 6.629512275412e+00 1.000000000000e-02
3.040573092148e+00 1.383254674057e+00 1.000000000000e-02
5.625030780604e+00 1.359083775731e+00 1.000000000000e-02
6.272381156057e+00 2.317865187517e+00 1.000000000000e-02
2.815626651828e+00 2.112527051786e-01 1.000000000000e-02
2.154401896158e+00 1.164754061605e+00 1.000000000000e-02
2.231340933277e+00 8.388188194613e-01 1.000000000000e-02
4.685138410299e+00 4.330325691560e+00 1.000000000000e-02
3.194463976295e+00 1.040823794852e+00 1.000000000000e-02
2.270786599811e+00 3.616505580572e+00 1.000000000000e-02
3.694865474613e+00 4.593158198066e+00 1.000000000000e-02
1.411926616188e+00 6.170036053933e+00 1.000000000000e-02
6.837253668204e-01 2.297417165853e+00 1.000000000000e-02
2.251117584246e+00 1.131226459682e+00 1.000000000000e-02
2.257969144292e+00 2.694945994630e+00 1.000000000000e-02
5.946338327745e+00 1.590895545593e+00 1.000000000000e-02
3.942590125715e+00 3.893466913729e+00 1.000000000000e-02
4.841912115385e+00 5.872662267194e+00 1.000000000000e-02
7.022848031060e-01 1.116530706882e+00 -1.000000000000e-02
3.959943446369e+00 1.770772986874e+00 -1.000000000000e-02
6.021938636321e+00 2.452531324186e+00 -1.000000000000e-02
3.130767348665e+00 -1.251348634889e-01 -1.000000000000e-02
7.685067735278e-01 5.135497666199e+00 -1.000000000000e-02
5.617622429621e+00 7.120501722874e+00 -1.000000000000e-02
8.428035435074e-01 4.177335317464e-01 -1.000000000000e-02
2.232756244423e+00 2.126473629954e+00 -1.000000000000e-02
1.246039931388e+00 3.149195584453e+00 -1.000000000000e-02
5.019852861606e-01 1.791033246174e+00 -1.000000000000e-02
1.618322934801e+00 6.005077541007e+00 -1.000000000000e-02
2.929029857364e+00 -2.827535173328e+00 -1.000000000000e-02
2.020033151084e+00 4.264855359228e+00 -1.000000000000e-02
1.785228024556e+00 7.508053683754e-01 -1.000000000000e-02
7.964890413497e-01 5.182144566087e+00 -1.000000000000e-02
2.339084284566e+00 5.978173613958e+00 -1.000000000000e-02
2.463155424927e+00 -1.952544624182e-01 -1.000000000000e-02
5.203454995212e+00 1.735686066522e+00 -1.000000000000e-02
5.336480618255e+00 2.601085321099e+00 -1.000000000000e-02
2.216876054952e+00 4.351682510739e+00 -1.000000000000e-02
3.854849641829e+00 3.313324200582e+00 -1.000000000000e-02
2.030759255901e+00 1.533833042735e+00 -1.000000000000e-02
1.347335583883e+00 1.126877117826e-01 -1.000000000000e-02
1.280236495706e+00 6.792926465131e+00 -1.000000000000e-02
1.800177430803e+00 4.112742014330e+00 -1.000000000000e-02
1.288013474223e+00 6.200389633935e-01 -1.000000000000e-02
6.024590713220e-01 2.979648179101e-01 -1.000000000000e-02
6.210181422674e+00 3.476259781328e+00 -1.000000000000e-02
2.252770830756e+00 1.810477595759e+00 -1.000000000000e-02
3.274246386725e+00 7.043377632471e-01 -1.000000000000e-02
2.812633730586e+00 5.279480675594e+00 -1.000000000000e-02
4.473075092782e+00 -3.972515093908e+00 -1.000000000000e-02
2.532220611317e+00 3.395929745427e-01 -1.000000000000e-02
1.534283609006e+00 4.215033980301e+00 -1.000000000000e-02
4.306742407576e+00 1.106922424046e+00 -1.000000000000e-02
6.041680291985e+00 2.233604171417e+00 -1.000000000000e-02
1.715568434855e+00 -6.600557704984e-01 -1.000000000000e-02
4.325171092631e+00 1.105702153937e+00 -1.000000000000e-02
3.330498939089e+00 2.327727215925e+00 -1.000000000000e-02
3.083222474727e+00 6.208041979306e-01 -1.000000000000e-02
1.435317723790e+00 9.497925886312e-02 -1.000000000000e-02
1.449330046777e+00 6.822170429034e+00 -1.000000000000e-02
6.098241869530e+00 3.397208455144e+00 -1.000000000000e-02
5.122985058169e+00 3.215099986448e+00 -1.000000000000e-02
2.004667880264e+00 1.174451439871e+00 -1.000000000000e-02
1.234158534914e+00 2.859791419099e+00 -1.000000000000e-02
2.034769003484e+00 2.370576231791e+00 -1.000000000000e-02
1.045181883848e-01 1.452968163985e+00 -1.000000000000e-02
4.230563858033e+00 3.867250247885e+00 -1.000000000000e-02
5.542934573918e+00 4.385010229520e+00 -1.000000000000e-02
