1.660403543595e+00 3.175451030522e+00 1.000000000000e-02
9.735641920822e-01 5.159295421748e-01 1.000000000000e-02
2.712808395341e+00 1.919998953697e-01 1.000000000000e-02
5.724423405193e+00 8.397501047790e-01 1.000000000000e-02
1.834973842610e+00 4.612758151156e+00 1.000000000000e-02
2.344549897405e+00 5.050896151135e+00 1.000000000000e-02
4.688896210209e+00 5.064738102708e+00 1.000000000000e-02
3.870828762630e+00 1.251832629053e+00 1.000000000000e-02
3.959183714607e+00 2.992823674069e+00 1.000000000000e-02
3.588433187919e+00 4.918779010986e-01 1.000000000000e-02
3.372658895585e-01 3.997286456381e+00 1.000000000000e-02
6.037272511564e+00 4.177485230564e+00 1.000000000000e-02
6.085827982770e+00 5.876386035557e+00 1.000000000000e-02
4.945218032147e+00 3.683575139637e-01 1.000000000000e-02
7.597827203079e-01 1.538035965810e+00 1.000000000000e-02
1.536198926912e+00 3.799795234985e-01 1.000000000000e-02
5.717430309892e+00 2.525822853304e+00 1.000000000000e-02
1.353904440304e+00 4.950991127819e+00 1.000000000000e-02
3.618981569653e+00 9.742907953233e-01 1.000000000000e-02
4.585842570070e+00 -3.822098671410e+00 1.000000000000e-02
6.191076663857e+00 5.253249105363e+00 1.000000000000e-02
7.450056277827e-01 2.323573427374e+00 1.000000000000e-02
5.431942295241e+00 6.919768975953e+00 1.000000000000e-02
7.945696249226e-01 4.843709792509e+00 1.000000000000e-02
2.056949330470e+00 3.069845197077e+00 1.000000000000e-02
5.619324694968e-01 1.409552213712e+00 1.000000000000e-02
1.167140846477e+00 4.073336092314e+00 1.000000000000e-02
5.867465419285e+00 -2.785268743430e+00 1.000000000000e-02
5.998066785487e+00 3.068090689605e+00 1.000000000000e-02
8.093041224407e-01 4.875740941270e+00 1.000000000000e-02
3.227818278186e+00 -4.219747064152e-01 1.000000000000e-02
4.302206652599e-01 3.671500103382e+00 1.000000000000e-02
5.587883658629e-01 6.558002503264e+00 1.000000000000e-02
3.095669721798e+00 1.420045002394e+00 1.000000000000e-02
5.653531367003e+00 1.402396810779e+00 1.000000000000e-02
6.196806236922e+00 2.445493197132e+00 1.000000000000e-02
2.925921346749e+00 2.211669187479e-01 1.000000000000e-02
2.352114051921e+00 1.325859260736e+00 1.000000000000e-02
2.179780859217e+00 9.411728165220e-01 1.000000000000e-02
4.567617388690e+00 4.327723968248e+00 1.000000000000e-02
3.112384984204e+00 1.072162990176e+00 1.000000000000e-02
2.280294038300e+00 3.619230498654e+00 1.000000000000e-02
3.636424219511e+00 4.629117977771e+00 1.000000000000e-02
1.305583522606e+00 6.077151604815e+00 1.000000000000e-02
5.851489913673e-01 2.366826433223e+00 1.000000000000e-02
2.251861846837e+00 1.266655108458e+00 1.000000000000e-02
2.070492017520e+00 2.696653245289e+00 1.000000000000e-02
5.966209167800e+00 1.529150425100e+00 1.000000000000e-02
3.824614880831e+00 3.847924667731e+00 1.000000000000e-02
4.768113334889e+00 5.894559219589e+00 1.000000000000e-02
5.865920655826e-01 1.088291908806e+00 -1.000000000000e-02
3.980477785031e+00 1.737219998901e+00 -1.000000000000e-02
5.889523312174e+00 2.442345998025e+00 -1.000000000000e-02
3.268075429027e+00 -1.097889229827e-01 -1.000000000000e-02
8.425844577588e-01 5.098541723525e+00 -1.000000000000e-02
5.493772134069e+00 6.981569037196e+00 -1.000000000000e-02
8.168701013635e-01 4.915454307029e-01 -1.000000000000e-02
2.123796178380e+00 2.157215175558e+00 -1.000000000000e-02
1.130994219750e+00 3.142541486200e+00 -1.000000000000e-02
4.412584984309e-01 1.826755868982e+00 -1.000000000000e-02
1.518938577349e+00 5.917538359637e+00 -1.000000000000e-02
5.052046641264e+00 -2.806030904016e+00 -1.000000000000e-02
1.935970375744e+00 4.245075921833e+00 -1.000000000000e-02
1.781093745084e+00 8.363822676281e-01 -1.000000000000e-02
8.985733726064e-01 5.089698746684e+00 -1.000000000000e-02
2.250046636377e+00 5.983205996162e+00 -1.000000000000e-02
2.552187233298e+00 -9.778198922783e-02 -1.000000000000e-02
5.227568731488e+00 1.781632085161e+00 -1.000000000000e-02
5.299983785495e+00 2.644316986873e+00 -1.000000000000e-02
2.067079763429e+00 4.402930195124e+00 -1.000000000000e-02
3.803438550674e+00 3.317522866994e+00 -1.000000000000e-02
2.074107731463e+00 1.573346374318e+00 -1.000000000000e-02
1.455969702709e+00 1.945196737929e-01 -1.000000000000e-02
1.173343087781e+00 6.678041854358e+00 -1.000000000000e-02
1.811151834798e+00 4.064040993439e+00 -1.000000000000e-02
1.289561129642e+00 6.086554596237e-01 -1.000000000000e-02
6.956911411559e-01 2.181578564227e-01 -1.000000000000e-02
6.021497900610e+00 3.522346524343e+00 -1.000000000000e-02
2.263381216521e+00 1.881574605002e+00 -1.000000000000e-02
3.184888251742e+00 8.051635089800e-01 -1.000000000000e-02
2.780023505979e+00 5.281422060816e+00 -1.000000000000e-02
4.472856155536e+00 -3.822867276775e+00 -1.000000000000e-02
2.609180648210e+00 4.287621034204e-01 -1.000000000000e-02
1.462203234224e+00 4.050561643292e+00 -1.000000000000e-02
4.365354191529e+00 1.068417543304e+00 -1.000000000000e-02
6.025115422521e+00 2.342242632926e+00 -1.000000000000e-02
1.978356042665e+00 -6.358741469911e-01 -1.000000000000e-02
4.357656119971e+00 1.085215735339e+00 -1.000000000000e-02
3.292437540073e+00 2.326736366485e+00 -1.000000000000e-02
3.147946855706e+00 6.273644391731e-01 -1.000000000000e-02
1.427681077520e+00 1.141687586295e-01 -1.000000000000e-02
1.168101154961e+00 6.840028122762e+00 -1.000000000000e-02
6.140675914659e+00 3.441910135312e+00 -1.000000000000e-02
5.037103188307e+00 3.217714007153e+00 -1.000000000000e-02
2.123732925039e+00 1.373767794474e+00 -1.000000000000e-02
1.213687502114e+00 2.849671947690e+00 -1.000000000000e-02
1.864022328231e+00 2.340436947050e+00 -1.000000000000e-02
7.374840129942e-02 1.393330666954e+00 -1.000000000000e-02
4.109523403870e+00 3.824023802279e+00 -1.000000000000e-02
5.443424557750e+00 4.404324574038e+00 -1.000000000000e-02
