3.354387702367e+00 5.145517001966e+00 1.000000000000e-02
2.660940108299e+00 5.662740258636e+00 1.000000000000e-02
5.285764757993e+00 2.399479873978e+00 1.000000000000e-02
4.614752619572e+00 1.445299744988e+00 1.000000000000e-02
3.146042614812e+00 5.385901144104e-01 1.000000000000e-02
5.336683971499e+00 -5.762314403168e-01 1.000000000000e-02
2.560700171835e-01 1.678121185222e+00 1.000000000000e-02
4.636013632349e+00 1.220160393874e+00 1.000000000000e-02
2.519157486213e+00 3.106467769268e+00 1.000000000000e-02
2.971525424023e+00 2.073896740944e+00 1.000000000000e-02
9.136386718716e-02 3.011649673694e+00 1.000000000000e-02
2.391123480325e+00 4.249571560433e+00 1.000000000000e-02
4.511487054200e+00 3.829313754892e+00 1.000000000000e-02
2.811435719539e-01 3.863107955014e+00 1.000000000000e-02
1.233754285121e+00 -8.289329622628e-01 1.000000000000e-02
1.916657292716e+00 5.136174506140e+00 1.000000000000e-02
3.028669172514e+00 2.124391485169e+00 1.000000000000e-02
5.115439201564e+00 7.522567739671e+00 1.000000000000e-02
6.051351362927e+00 8.563810442347e+00 1.000000000000e-02
5.447646981557e+00 1.888666130561e+00 1.000000000000e-02
7.459832063651e-01 8.009528689286e+00 1.000000000000e-02
5.083460968919e-01 -1.637938805080e+00 1.000000000000e-02
5.193970690606e+00 2.550622100621e+00 1.000000000000e-02
6.030656402066e+00 6.953222264255e+00 1.000000000000e-02
3.619667346292e+00 6.321724861912e+00 1.000000000000e-02
3.649273838844e+00 -8.865880482177e-01 1.000000000000e-02
9.491679311389e-02 -3.489832806015e-01 1.000000000000e-02
3.213823855177e+00 6.396281336856e-01 1.000000000000e-02
5.501599756314e+00 5.089181487110e+00 1.000000000000e-02
3.505094015494e+00 2.817773289120e+00 1.000000000000e-02
2.549442664982e+00 -1.218409439094e+00 1.000000000000e-02
1.291975136602e+00 6.033799318458e+00 1.000000000000e-02
1.925127110920e+00 2.068466462486e+00 1.000000000000e-02
5.262587446574e+00 5.175825350028e+00 1.000000000000e-02
1.866787466508e+00 2.416750391075e+00 1.000000000000e-02
6.254655236534e+00 4.524565810331e-01 1.000000000000e-02
3.912849768236e+00 5.018056589810e-01 1.000000000000e-02
4.257119269557e+00 6.998517278378e+00 1.000000000000e-02
7.672444924592e-01 7.655991666818e+00 1.000000000000e-02
5.715071884457e+00 -1.172487078993e+00 1.000000000000e-02
2.613027312361e+00 3.008822786741e+00 1.000000000000e-02
2.669545126813e+00 6.677482810585e+00 1.000000000000e-02
3.809909210159e+00 6.406331907541e+00 1.000000000000e-02
4.071263117685e+00 2.751238734288e+00 1.000000000000e-02
4.919192833238e+00 5.887044343985e+00 1.000000000000e-02
3.632798412010e+00 2.180397275459e-02 1.000000000000e-02
4.062598170900e+00 1.430454921502e+00 1.000000000000e-02
1.424750069172e+00 1.587078996583e+00 1.000000000000e-02
5.948584973425e+00 6.557687875300e+00 1.000000000000e-02
2.574475691723e-01 2.093471299309e+00 1.000000000000e-02
3.194583868806e-01 6.158519520893e+00 -1.000000000000e-02
8.791676284328e-01 -1.246249190847e+00 -1.000000000000e-02
1.679653307478e+00 2.133226067018e+00 -1.000000000000e-02
1.578129460750e+00 6.912836097015e+00 -1.000000000000e-02
2.458679753319e+00 6.395499230054e-01 -1.000000000000e-02
3.705265284951e+00 -1.558628476583e+00 -1.000000000000e-02
6.063954064025e+00 5.017803406737e+00 -1.000000000000e-02
4.592662009062e+00 5.349561559914e+00 -1.000000000000e-02
9.554505014838e-02 2.325633639738e-01 -1.000000000000e-02
5.043343753764e+00 6.664515404785e+00 -1.000000000000e-02
1.547227115657e+00 4.108939355744e+00 -1.000000000000e-02
2.295883161226e+00 6.573671470140e-01 -1.000000000000e-02
4.456759938383e+00 -2.358911459976e-01 -1.000000000000e-02
4.535220757515e+00 4.038119417185e+00 -1.000000000000e-02
4.500369253646e+00 4.630992137932e+00 -1.000000000000e-02
3.152446404012e+00 3.426181739230e+00 -1.000000000000e-02
1.032387863657e+00 7.871731772586e-02 -1.000000000000e-02
7.916545460577e-01 3.754170820182e+00 -1.000000000000e-02
1.013571207696e+00 1.433402793330e+00 -1.000000000000e-02
4.848761165149e+00 5.236025439633e+00 -1.000000000000e-02
3.594259057200e+00 2.078485558002e-01 -1.000000000000e-02
2.830169156334e+00 -1.277953831784e+00 -1.000000000000e-02
1.719262320709e+00 2.179356709339e+00 -1.000000000000e-02
5.245186105449e+00 3.644370798515e+00 -1.000000000000e-02
4.586865821164e+00 4.117474443618e+00 -1.000000000000e-02
3.557637353574e+00 3.761860208579e+00 -1.000000000000e-02
5.307591317483e+00 3.163530524949e+00 -1.000000000000e-02
1.243700424192e+00 3.282714020884e-01 -1.000000000000e-02
3.235928942171e+00 5.858672608894e+00 -1.000000000000e-02
1.887004181602e-01 8.082442214821e+00 -1.000000000000e-02
2.147141109992e+00 5.326420881056e+00 -1.000000000000e-02
4.556992581026e+00 5.090657405272e-01 -1.000000000000e-02
3.681382957444e+00 -1.068844119202e+00 -1.000000000000e-02
2.648852127727e+00 4.359742814131e-01 -1.000000000000e-02
7.300649563005e-01 8.605725528048e+00 -1.000000000000e-02
4.503723603243e-01 1.834564146535e+00 -1.000000000000e-02
3.463019721178e+00 2.839384295054e+00 -1.000000000000e-02
2.624110902968e+00 7.159767656145e+00 -1.000000000000e-02
3.137394546616e+00 2.498060949079e+00 -1.000000000000e-02
3.507501705758e+00 4.168558891744e+00 -1.000000000000e-02
1.154435235783e+00 5.581115439465e+00 -1.000000000000e-02
3.350522925343e+00 7.221229967216e+00 -1.000000000000e-02
5.983154650022e-02 1.915260091259e+00 -1.000000000000e-02
5.564014671407e-01 3.617139190185e+00 -1.000000000000e-02
5.994348087611e+00 5.062217648827e-01 -1.000000000000e-02
7.967044169035e-01 3.033768991413e+00 -1.000000000000e-02
4.868889737039e+00 2.330292838138e+00 -1.000000000000e-02
4.049512873607e+00 1.009501736389e+00 -1.000000000000e-02
2.405693672156e+00 6.971777679098e+00 -1.000000000000e-02
1.407133953106e+00 4.921159667052e+00 -1.000000000000e-02
