2.917400362543e+00 6.025859126018e+00 1.000000000000e-02
6.058308898571e+00 6.121312181015e+00 1.000000000000e-02
4.620342654846e+00 4.279758271321e+00 1.000000000000e-02
4.266372860954e+00 3.456467761370e+00 1.000000000000e-02
4.470867501672e+00 3.582939273318e+00 1.000000000000e-02
2.654039402862e+00 2.595414054617e-01 1.000000000000e-02
4.203283032800e+00 1.671796999907e+00 1.000000000000e-02
1.872162332295e+00 6.540069084347e+00 1.000000000000e-02
8.343938171904e-01 1.197944328714e+00 1.000000000000e-02
4.137618111270e+00 2.112458635202e+00 1.000000000000e-02
1.030679518423e+00 4.939251048761e-01 1.000000000000e-02
6.133647656023e+00 2.863905114443e+00 1.000000000000e-02
9.473714820694e-01 6.805163432578e+00 1.000000000000e-02
4.775441765393e+00 4.616388053522e+00 1.000000000000e-02
4.184558947237e+00 2.565990666517e-01 1.000000000000e-02
4.154223600917e+00 1.326786056089e+00 1.000000000000e-02
4.584034191715e+00 2.870272565710e-01 1.000000000000e-02
3.964783090014e+00 8.555824486206e+00 1.000000000000e-02
5.543982146188e+00 5.112174797272e+00 1.000000000000e-02
1.028871951899e-01 1.397986041246e+00 1.000000000000e-02
4.119101811899e+00 7.282500414897e+00 1.000000000000e-02
1.238330591269e+00 3.154163919045e-03 1.000000000000e-02
3.111516343979e+00 6.174882952994e+00 1.000000000000e-02
4.557922673876e-01 6.491866740475e+00 1.000000000000e-02
1.885049319066e+00 7.389716145620e+00 1.000000000000e-02
6.236145346595e+00 -2.771325503050e-01 1.000000000000e-02
5.355538195748e+00 -9.094503840569e-01 1.000000000000e-02
4.286748042707e+00 3.560779737610e+00 1.000000000000e-02
1.342114075705e-01 2.362959962247e+00 1.000000000000e-02
1.251683290817e-01 4.189560672490e+00 1.000000000000e-02
3.445956985579e+00 2.599864933378e+00 1.000000000000e-02
6.899389141390e-01 7.621998834041e+00 1.000000000000e-02
1.035918567413e+00 3.752004742360e+00 1.000000000000e-02
3.465038734577e-01 3.565249735443e+00 1.000000000000e-02
4.463552602363e-01 5.660400666502e+00 1.000000000000e-02
3.406242640033e+00 -7.379062199550e-01 1.000000000000e-02
2.651079845121e+00 2.939847986720e+00 1.000000000000e-02
5.383302147743e+00 4.965625678533e+00 1.000000000000e-02
6.261652462236e+00 6.805561550838e+00 1.000000000000e-02
1.383786680633e+00 3.081221230820e-01 1.000000000000e-02
6.992395892803e-01 1.229113847595e+00 1.000000000000e-02
5.796022168828e+00 5.201246865031e+00 1.000000000000e-02
5.412643939777e+00 5.573984099783e+00 1.000000000000e-02
3.713800111229e+00 3.779787163519e+00 1.000000000000e-02
2.341162256079e+00 6.692745402749e+00 1.000000000000e-02
1.920187622000e+00 -1.773949538234e+00 1.000000000000e-02
4.141920817984e+00 3.278621600352e+00 1.000000000000e-02
2.984751770260e+00 2.371474748029e+00 1.000000000000e-02
7.621681839041e-01 6.547825321591e+00 1.000000000000e-02
2.129569823720e+00 3.292106692162e+00 1.000000000000e-02
2.022666175382e+00 5.994266478953e+00 -1.000000000000e-02
5.443629101522e+00 -8.421642803904e-01 -1.000000000000e-02
1.171479276557e+00 3.758338970712e+00 -1.000000000000e-02
5.437381960234e+00 6.481114919064e+00 -1.000000000000e-02
4.697101730772e+00 2.689958911446e-01 -1.000000000000e-02
5.322742603485e+00 -1.825992028951e+00 -1.000000000000e-02
7.339231126893e-02 5.746538033053e+00 -1.000000000000e-02
2.346359536829e+00 6.080348766715e+00 -1.000000000000e-02
4.268020026065e+00 1.434301040730e+00 -1.000000000000e-02
3.782022218783e+00 7.144899795213e+00 -1.000000000000e-02
5.581591490044e+00 3.626186633902e+00 -1.000000000000e-02
8.822242998050e-01 6.395719755191e-01 -1.000000000000e-02
4.986639859605e+00 1.142607750199e+00 -1.000000000000e-02
6.174616726721e-01 3.616204552594e+00 -1.000000000000e-02
4.704801696272e+00 1.050984131902e+00 -1.000000000000e-02
1.700590695261e+00 3.085614001091e+00 -1.000000000000e-02
6.770630230026e-01 8.446995521172e-01 -1.000000000000e-02
4.061296667229e+00 5.411500649267e+00 -1.000000000000e-02
3.472748428756e+00 2.971385232517e+00 -1.000000000000e-02
4.917258846215e+00 7.699769076151e+00 -1.000000000000e-02
2.586121043617e+00 2.128060967269e+00 -1.000000000000e-02
2.222515670874e+00 2.960623085154e+00 -1.000000000000e-02
1.209212814363e+00 3.798029125691e+00 -1.000000000000e-02
2.820674025520e+00 5.931222941819e+00 -1.000000000000e-02
7.018945132298e-01 3.576623997216e+00 -1.000000000000e-02
1.832904298751e+00 1.313305334929e+00 -1.000000000000e-02
2.323727480506e+00 5.327730658429e+00 -1.000000000000e-02
1.536582903572e+00 4.615033492941e-01 -1.000000000000e-02
1.629534287776e-01 4.171771114047e+00 -1.000000000000e-02
4.218166116960e-01 8.585235064177e+00 -1.000000000000e-02
4.759765953070e+00 1.685886424648e+00 -1.000000000000e-02
4.846795906091e+00 4.383025721087e-01 -1.000000000000e-02
6.239868882561e+00 1.433388992505e+00 -1.000000000000e-02
1.057829332561e+00 5.594804492295e+00 -1.000000000000e-02
4.373428605400e+00 7.284525971766e+00 -1.000000000000e-02
3.645062273345e+00 -4.103317969660e-01 -1.000000000000e-02
3.845592530906e+00 3.403889273210e+00 -1.000000000000e-02
3.004406585110e+00 6.763603181274e+00 -1.000000000000e-02
1.780104544456e+00 6.321506399486e+00 -1.000000000000e-02
1.311973401236e+00 5.652289009407e+00 -1.000000000000e-02
1.491285537405e+00 5.112430420257e+00 -1.000000000000e-02
5.635232318106e+00 4.836502420709e+00 -1.000000000000e-02
2.989998479938e+00 9.100818353237e-01 -1.000000000000e-02
1.173093508215e+00 1.920710566865e+00 -1.000000000000e-02
3.626428545916e+00 1.269901382795e-01 -1.000000000000e-02
1.563107936795e+00 4.519988908673e+00 -1.000000000000e-02
5.576319361338e+00 2.551615955743e+00 -1.000000000000e-02
3.991603254941e+00 3.844444197932e+00 -1.000000000000e-02
4.912221082451e+00 6.441569697866e+00 -1.000000000000e-02
6.202591807483e+00 5.908090614351e+00 -1.000000000000e-02
