2.670651212342e+00 3.956972885820e+00 1.000000000000e-02
4.920098599969e+00 6.164562188086e+00 1.000000000000e-02
2.486706272536e+00 2.607896890208e+00 1.000000000000e-02
3.838771399778e+00 3.545300685137e+00 1.000000000000e-02
3.974724181724e+00 3.138185859296e+00 1.000000000000e-02
4.623252554573e-01 1.139189916019e+00 1.000000000000e-02
5.480090273048e+00 6.603265308455e-01 1.000000000000e-02
3.617074332843e+00 3.353306250051e+00 1.000000000000e-02
5.964883927287e+00 1.989065570934e+00 1.000000000000e-02
4.796479151603e+00 2.857334407970e+00 1.000000000000e-02
2.401611682086e+00 1.389344171122e+00 1.000000000000e-02
5.478077322390e-01 4.118020857748e+00 1.000000000000e-02
5.282078950650e-01 6.174410337614e+00 1.000000000000e-02
2.775353776149e+00 2.526384363445e+00 1.000000000000e-02
5.046175573151e+00 -8.447929763596e-01 1.000000000000e-02
5.462715291323e+00 3.605538377599e+00 1.000000000000e-02
4.097041581290e+00 3.006669851329e+00 1.000000000000e-02
2.374579878754e+00 8.399483560582e+00 1.000000000000e-02
4.730381329933e+00 7.766042492787e+00 1.000000000000e-02
5.257278408893e+00 -4.595667794290e-01 1.000000000000e-02
4.941478057876e+00 8.184197360376e+00 1.000000000000e-02
3.770611521542e+00 4.460210635926e-01 1.000000000000e-02
3.060167913545e+00 2.955109604720e+00 1.000000000000e-02
3.257252684983e-01 5.595264043016e+00 1.000000000000e-02
4.360787653131e+00 7.438704019337e+00 1.000000000000e-02
6.121137150221e+00 -3.378904188752e-01 1.000000000000e-02
4.115103910141e+00 -2.926536743350e-02 1.000000000000e-02
4.069122316524e+00 3.123752249798e+00 1.000000000000e-02
8.736139901337e-01 3.988575591164e+00 1.000000000000e-02
2.288924319416e+00 5.297688260648e+00 1.000000000000e-02
3.444306016074e+00 5.095292077164e-01 1.000000000000e-02
2.177944566395e+00 7.182474473504e+00 1.000000000000e-02
1.600000389891e+00 4.635010867147e+00 1.000000000000e-02
2.607368227745e+00 3.720240697039e+00 1.000000000000e-02
4.056318622783e+00 6.203410549069e+00 1.000000000000e-02
4.601657650094e+00 6.774025140186e-01 1.000000000000e-02
4.021130256418e+00 1.494508497581e+00 1.000000000000e-02
3.367553694227e+00 6.685358722538e+00 1.000000000000e-02
4.743721995281e+00 5.720833768454e+00 1.000000000000e-02
3.738521404765e+00 -1.050432213710e-01 1.000000000000e-02
6.099607277154e+00 1.998940268140e+00 1.000000000000e-02
3.527593608443e+00 6.628095305438e+00 1.000000000000e-02
3.381211366390e+00 6.092035062987e+00 1.000000000000e-02
3.946500541498e+00 2.499145220210e+00 1.000000000000e-02
5.927345947141e+00 8.173402798390e+00 1.000000000000e-02
3.751980146474e+00 -1.743373618886e+00 1.000000000000e-02
4.956948175733e+00 3.488899459067e+00 1.000000000000e-02
3.487139515141e+00 1.254958722849e+00 1.000000000000e-02
2.910903852034e-01 6.209300360460e+00 1.000000000000e-02
1.450609869825e+00 2.245758388082e+00 1.000000000000e-02
2.712065021674e+00 3.655670498054e+00 -1.000000000000e-02
4.531488310644e+00 -7.709135809818e-01 -1.000000000000e-02
2.349940940623e+00 5.029249145087e+00 -1.000000000000e-02
5.691721539225e+00 8.113379727872e+00 -1.000000000000e-02
3.699122728768e+00 2.953564323418e+00 -1.000000000000e-02
6.102899204122e+00 -1.784063128534e+00 -1.000000000000e-02
3.924302012276e+00 5.991542744675e+00 -1.000000000000e-02
2.771441967374e+00 4.128527556334e+00 -1.000000000000e-02
5.227404225367e+00 8.831924348373e-01 -1.000000000000e-02
5.540695105845e+00 6.943816373808e+00 -1.000000000000e-02
5.137679710483e-01 5.163120997566e+00 -1.000000000000e-02
2.642458989589e+00 1.316603334152e+00 -1.000000000000e-02
3.211324851220e+00 2.209336663788e-01 -1.000000000000e-02
1.752521078329e+00 4.626902102702e+00 -1.000000000000e-02
5.057855922091e+00 2.137195379148e+00 -1.000000000000e-02
6.414133293286e-01 2.519276376741e+00 -1.000000000000e-02
5.525762019264e+00 1.095576111293e+00 -1.000000000000e-02
3.258354635585e+00 4.250777839768e+00 -1.000000000000e-02
2.115713101732e+00 2.014962054985e+00 -1.000000000000e-02
2.190845860649e+00 5.348746442983e+00 -1.000000000000e-02
3.943874522817e+00 1.116884991208e+00 -1.000000000000e-02
3.324778099695e+00 4.094575592640e-01 -1.000000000000e-02
2.303567302554e+00 5.059483829618e+00 -1.000000000000e-02
2.147123190733e+00 3.245364656410e+00 -1.000000000000e-02
1.786773454606e+00 4.721808347365e+00 -1.000000000000e-02
5.995976205359e+00 2.686583728010e+00 -1.000000000000e-02
3.854854307127e+00 4.479816212724e+00 -1.000000000000e-02
5.839128893526e+00 1.068558779450e+00 -1.000000000000e-02
2.766631432563e+00 6.850751607179e+00 -1.000000000000e-02
9.912276155648e-01 8.545674187747e+00 -1.000000000000e-02
5.814672836794e+00 3.517078081571e+00 -1.000000000000e-02
1.875369227631e+00 5.118393287753e-01 -1.000000000000e-02
6.022296466243e+00 -4.512130924205e-01 -1.000000000000e-02
2.921372534828e+00 3.040791508209e+00 -1.000000000000e-02
5.001126049949e-01 8.270713934885e+00 -1.000000000000e-02
5.860006589735e+00 3.345824570473e-01 -1.000000000000e-02
3.741965263591e+00 3.080613474814e+00 -1.000000000000e-02
5.921664659038e+00 6.442146880400e+00 -1.000000000000e-02
2.902870953288e+00 3.669027489521e+00 -1.000000000000e-02
3.786471607063e+00 4.035806377484e+00 -1.000000000000e-02
5.075673335214e+00 5.348105947199e+00 -1.000000000000e-02
2.398323770840e-02 7.148032358165e+00 -1.000000000000e-02
1.116364888828e+00 1.210441149041e+00 -1.000000000000e-02
1.124832810159e+00 3.468208795205e+00 -1.000000000000e-02
4.459146354539e+00 3.000026693993e-01 -1.000000000000e-02
2.315119732542e+00 3.458533468719e+00 -1.000000000000e-02
5.622730589468e-01 3.392543000767e+00 -1.000000000000e-02
4.934396899012e+00 3.113240521337e+00 -1.000000000000e-02
4.344382761100e-01 7.433699659971e+00 -1.000000000000e-02
4.100858699344e+00 5.997157069952e+00 -1.000000000000e-02
