2.170336421565e+00 4.260284587728e+00 1.000000000000e-02
6.418439646631e-01 6.503610913795e+00 1.000000000000e-02
2.363966901342e+00 1.524966161951e+00 1.000000000000e-02
1.995950410804e+00 2.367916696605e+00 1.000000000000e-02
4.209512036186e+00 3.026474451575e+00 1.000000000000e-02
1.341075394666e-03 1.291731438935e+00 1.000000000000e-02
4.122219835648e+00 1.248986720343e+00 1.000000000000e-02
2.643660773129e+00 2.612858736074e+00 1.000000000000e-02
5.537681307861e+00 2.020173661638e+00 1.000000000000e-02
3.883397834636e+00 3.278283297062e+00 1.000000000000e-02
1.605549284095e+00 1.473600913421e+00 1.000000000000e-02
1.797571351581e+00 4.539925782463e+00 1.000000000000e-02
2.002052005400e+00 6.106198985131e+00 1.000000000000e-02
1.699203832181e+00 1.868622446240e+00 1.000000000000e-02
2.968623571692e-01 -1.312011022229e+00 1.000000000000e-02
5.818101589582e+00 4.397990265275e+00 1.000000000000e-02
4.122680987724e+00 3.176048646790e+00 1.000000000000e-02
3.507524241727e-01 7.769452132111e+00 1.000000000000e-02
1.086936075629e+00 7.897661479771e+00 1.000000000000e-02
2.960589984790e+00 1.023358957859e-01 1.000000000000e-02
5.799039630618e+00 8.375733991377e+00 1.000000000000e-02
2.039621443715e+00 -2.183703148181e-01 1.000000000000e-02
2.290254721214e+00 1.359790898668e+00 1.000000000000e-02
2.453308154552e+00 6.327354896547e+00 1.000000000000e-02
5.082014784342e+00 7.712427372184e+00 1.000000000000e-02
3.133104011964e+00 -8.540013418295e-01 1.000000000000e-02
2.308110022099e+00 3.375258101991e-01 1.000000000000e-02
4.085905063809e+00 3.103449090711e+00 1.000000000000e-02
1.525319509161e+00 4.459793307985e+00 1.000000000000e-02
2.532245305423e+00 5.013275119309e+00 1.000000000000e-02
6.211243053876e+00 -1.659171433294e+00 1.000000000000e-02
5.505365324883e+00 6.456582587061e+00 1.000000000000e-02
2.580310028670e+00 5.340465606811e+00 1.000000000000e-02
3.127961650957e+00 4.408290546591e+00 1.000000000000e-02
5.296846476439e+00 5.394141642027e+00 1.000000000000e-02
3.636403094583e+00 1.029657597528e+00 1.000000000000e-02
3.973463874223e+00 1.868363433952e+00 1.000000000000e-02
6.066117994291e+00 6.131644732193e+00 1.000000000000e-02
8.771812310065e-01 5.902409863509e+00 1.000000000000e-02
5.548628537910e+00 -1.629521327950e+00 1.000000000000e-02
5.580538565124e+00 2.144768480796e+00 1.000000000000e-02
6.159567314691e+00 5.839433713758e+00 1.000000000000e-02
5.909620771840e+00 6.107050226653e+00 1.000000000000e-02
3.090390813421e+00 2.838382906469e+00 1.000000000000e-02
3.121620179782e+00 7.791379600021e+00 1.000000000000e-02
6.165668261200e-01 -1.601169113079e+00 1.000000000000e-02
5.813247366612e+00 3.384450603650e+00 1.000000000000e-02
2.866594553803e+00 1.293589483623e+00 1.000000000000e-02
2.725338988842e+00 6.251228757849e+00 1.000000000000e-02
8.003720215226e-01 2.006692137602e+00 1.000000000000e-02
3.468489095303e+00 4.267120107307e+00 -1.000000000000e-02
5.465330190112e+00 -1.487252508681e+00 -1.000000000000e-02
2.562331901437e+00 5.238750001145e+00 -1.000000000000e-02
2.327753109400e+00 7.710184949665e+00 -1.000000000000e-02
3.420398543488e+00 2.769420353580e+00 -1.000000000000e-02
2.441649619033e+00 -1.690602226360e+00 -1.000000000000e-02
6.255370554064e+00 5.658497151258e+00 -1.000000000000e-02
2.066452935465e+00 4.638435173570e+00 -1.000000000000e-02
3.999505646806e+00 1.311144159732e+00 -1.000000000000e-02
4.447446722933e+00 7.472370371892e+00 -1.000000000000e-02
2.549323190830e+00 5.776569419159e+00 -1.000000000000e-02
2.469264086359e+00 1.094677390866e+00 -1.000000000000e-02
5.647141006285e+00 -1.524228616381e+00 -1.000000000000e-02
3.106487194695e+00 5.132210205291e+00 -1.000000000000e-02
4.856183382607e+00 2.650267492197e+00 -1.000000000000e-02
6.163439638064e+00 2.724280237112e+00 -1.000000000000e-02
5.235332913091e+00 9.297654521948e-01 -1.000000000000e-02
3.013605995980e+00 3.750785008380e+00 -1.000000000000e-02
1.708692475570e+00 1.253111837089e+00 -1.000000000000e-02
2.966390189529e+00 4.607073416130e+00 -1.000000000000e-02
3.489717135465e+00 1.418388634059e+00 -1.000000000000e-02
6.093031382993e+00 -1.454169203420e+00 -1.000000000000e-02
2.607247656588e+00 5.204816665368e+00 -1.000000000000e-02
1.554431515384e+00 2.852696896489e+00 -1.000000000000e-02
3.037864892515e+00 5.062228796410e+00 -1.000000000000e-02
5.814705918921e+00 3.147479680804e+00 -1.000000000000e-02
3.194628242289e+00 3.335627593268e+00 -1.000000000000e-02
5.309621108337e+00 1.189938274949e+00 -1.000000000000e-02
5.182384574171e+00 5.683302447077e+00 -1.000000000000e-02
6.546876012624e-01 7.992391195881e+00 -1.000000000000e-02
6.299631179069e-02 4.339834036108e+00 -1.000000000000e-02
4.893905348483e-01 2.240836176552e-01 -1.000000000000e-02
2.794789535543e+00 -9.475036553582e-01 -1.000000000000e-02
1.789424937570e+00 1.467910684325e+00 -1.000000000000e-02
1.492602515627e+00 8.392852799599e+00 -1.000000000000e-02
4.625072080915e+00 1.233116018754e+00 -1.000000000000e-02
4.262156277186e+00 3.340682012353e+00 -1.000000000000e-02
1.610970878061e+00 6.383356823599e+00 -1.000000000000e-02
1.317720488629e+00 2.942534364996e+00 -1.000000000000e-02
2.384583434478e+00 3.351541490106e+00 -1.000000000000e-02
6.824452819601e-01 5.476410538821e+00 -1.000000000000e-02
4.925355635425e+00 7.251491025249e+00 -1.000000000000e-02
6.738013577131e-01 1.316441141893e+00 -1.000000000000e-02
1.831489030415e+00 3.542057671438e+00 -1.000000000000e-02
3.161407521376e+00 8.077653408725e-01 -1.000000000000e-02
1.477251531781e+00 3.459559780105e+00 -1.000000000000e-02
1.404742394861e+00 3.920090598653e+00 -1.000000000000e-02
5.505532942650e+00 3.343607416571e+00 -1.000000000000e-02
5.285834400773e+00 6.897333579355e+00 -1.000000000000e-02
5.875004312509e+00 5.629390915172e+00 -1.000000000000e-02
