1.570783200501e+00 3.369592241728e+00 1.000000000000e-02
8.715255903083e-01 6.930831541773e-01 1.000000000000e-02
3.264428348718e+00 7.704947503818e-01 1.000000000000e-02
5.783617815650e+00 6.824877706561e-01 1.000000000000e-02
1.149436667339e+00 3.903150359557e+00 1.000000000000e-02
2.185211255895e+00 5.001075348785e+00 1.000000000000e-02
4.335996193005e+00 5.087033063103e+00 1.000000000000e-02
4.121332750931e+00 7.943786142691e-01 1.000000000000e-02
3.808888432345e+00 3.039566530826e+00 1.000000000000e-02
3.629948936046e+00 6.512209126480e-01 1.000000000000e-02
9.279905626591e-02 3.990025851434e+00 1.000000000000e-02
5.571985432717e+00 4.426856842695e+00 1.000000000000e-02
5.819184396846e+00 5.812382366143e+00 1.000000000000e-02
5.231623969534e+00 4.670776913853e-01 1.000000000000e-02
2.768503366910e-01 1.329979805265e+00 1.000000000000e-02
1.463995188199e+00 5.939822515754e-01 1.000000000000e-02
5.509144458676e+00 2.476281267913e+00 1.000000000000e-02
1.293294434750e+00 5.062625848483e+00 1.000000000000e-02
3.808374570748e+00 1.069631441563e+00 1.000000000000e-02
4.112833040168e+00 -3.074394477207e+00 1.000000000000e-02
5.838679122199e+00 5.209165231747e+00 1.000000000000e-02
5.071845746692e-01 2.275490619515e+00 1.000000000000e-02
5.809307501806e+00 6.390588427057e+00 1.000000000000e-02
1.033670023075e+00 4.566545686922e+00 1.000000000000e-02
1.677418541976e+00 2.920622237441e+00 1.000000000000e-02
4.514812066390e-01 1.468223665351e+00 1.000000000000e-02
7.554604743992e-01 3.684764416435e+00 1.000000000000e-02
2.054639143825e+00 -2.684574556960e+00 1.000000000000e-02
5.902632949286e+00 3.320959455740e+00 1.000000000000e-02
1.007657386810e+00 4.542235995668e+00 1.000000000000e-02
4.034628015764e+00 -2.174176208163e-01 1.000000000000e-02
6.107928562939e+00 3.991566718417e+00 1.000000000000e-02
1.838703996996e-01 6.180473492703e+00 1.000000000000e-02
3.160117813299e+00 1.429935628581e+00 1.000000000000e-02
5.842684134125e+00 1.607892119549e+00 1.000000000000e-02
5.650652127434e+00 3.001354139963e+00 1.000000000000e-02
3.043069970290e+00 6.510390000498e-01 1.000000000000e-02
2.783944119422e+00 1.877924083299e+00 1.000000000000e-02
2.095331341006e+00 1.300426335760e+00 1.000000000000e-02
4.057906816727e+00 4.310458432198e+00 1.000000000000e-02
2.699494463494e+00 1.181021744197e+00 1.000000000000e-02
2.209077233538e+00 3.651577048718e+00 1.000000000000e-02
3.375099658229e+00 4.801484885459e+00 1.000000000000e-02
9.009379606252e-01 5.656378567447e+00 1.000000000000e-02
3.525112498385e-01 2.231319809814e+00 1.000000000000e-02
2.811453196786e+00 1.768976388743e+00 1.000000000000e-02
1.365117612444e+00 2.810601017347e+00 1.000000000000e-02
5.873011364004e+00 1.182237634740e+00 1.000000000000e-02
3.325986914213e+00 3.570602695147e+00 1.000000000000e-02
4.423185580755e+00 5.983832734518e+00 1.000000000000e-02
2.346797553426e-01 9.647722650338e-01 -1.000000000000e-02
4.073471771195e+00 1.601791615602e+00 -1.000000000000e-02
5.695571563860e+00 2.417244571641e+00 -1.000000000000e-02
3.767839697050e+00 9.323970517076e-02 -1.000000000000e-02
1.125825797098e+00 4.943265547048e+00 -1.000000000000e-02
5.817173590077e+00 6.445457072765e+00 -1.000000000000e-02
7.375545828224e-01 6.942305062906e-01 -1.000000000000e-02
1.650967049313e+00 2.112326852848e+00 -1.000000000000e-02
7.359141563186e-01 2.902016095289e+00 -1.000000000000e-02
2.285409886109e-01 1.926350241219e+00 -1.000000000000e-02
1.138844640743e+00 5.531991469189e+00 -1.000000000000e-02
1.429710071041e+00 -2.706658303702e+00 -1.000000000000e-02
1.756840144920e+00 4.154514992756e+00 -1.000000000000e-02
1.655200053916e+00 1.031394813822e+00 -1.000000000000e-02
1.179421488774e+00 4.954279125085e+00 -1.000000000000e-02
1.822846809819e+00 6.004676031367e+00 -1.000000000000e-02
2.778217148629e+00 3.049041827866e-01 -1.000000000000e-02
5.298385208212e+00 1.984782475757e+00 -1.000000000000e-02
5.133127113032e+00 2.835226736289e+00 -1.000000000000e-02
1.327293269261e+00 3.804030472199e+00 -1.000000000000e-02
3.594288986163e+00 3.301710012872e+00 -1.000000000000e-02
2.406393873125e+00 1.913961011157e+00 -1.000000000000e-02
1.627495961139e+00 2.501921164519e-01 -1.000000000000e-02
4.628946684141e-01 6.443296533994e+00 -1.000000000000e-02
1.611804072164e+00 4.151459451676e+00 -1.000000000000e-02
1.339957806834e+00 6.525049422485e-01 -1.000000000000e-02
1.196749078904e+00 -5.935531941956e-02 -1.000000000000e-02
5.689293168750e+00 3.754649002879e+00 -1.000000000000e-02
2.034000167955e+00 2.119004865018e+00 -1.000000000000e-02
2.992366368104e+00 9.576144790384e-01 -1.000000000000e-02
2.630641072076e+00 5.342366916989e+00 -1.000000000000e-02
4.013819307111e+00 -3.075007383076e+00 -1.000000000000e-02
2.953726843475e+00 8.027554095593e-01 -1.000000000000e-02
1.386398507917e+00 3.641662709573e+00 -1.000000000000e-02
4.590296398968e+00 9.659926654577e-01 -1.000000000000e-02
5.527302801677e+00 2.855514607898e+00 -1.000000000000e-02
3.006534056729e+00 -4.781395391507e-01 -1.000000000000e-02
4.607517774964e+00 9.726614504425e-01 -1.000000000000e-02
3.148830556951e+00 2.363760790933e+00 -1.000000000000e-02
3.165192345979e+00 1.117767437073e+00 -1.000000000000e-02
1.694979484574e+00 1.937503925549e-01 -1.000000000000e-02
5.077317860091e-01 6.595134282561e+00 -1.000000000000e-02
5.751884704814e+00 3.878300494245e+00 -1.000000000000e-02
4.658333820622e+00 3.186356187693e+00 -1.000000000000e-02
2.786825003642e+00 2.049536471131e+00 -1.000000000000e-02
9.883102342019e-01 3.018078788267e+00 -1.000000000000e-02
1.423745409393e+00 1.963648655783e+00 -1.000000000000e-02
6.151372315472e+00 1.000536274051e+00 -1.000000000000e-02
3.575235915697e+00 3.612626068779e+00 -1.000000000000e-02
4.983806835577e+00 4.490984620153e+00 -1.000000000000e-02
