3.443041677780e+00 5.648257673574e+00 1.000000000000e-02
3.283575718917e-01 6.175018537075e+00 1.000000000000e-02
4.669005231659e+00 4.258369268903e+00 1.000000000000e-02
4.409626370466e+00 3.250966386907e+00 1.000000000000e-02
4.192407590710e+00 3.536649591217e+00 1.000000000000e-02
2.305243073341e+00 3.476250656003e-01 1.000000000000e-02
4.587549718452e+00 1.931656018496e+00 1.000000000000e-02
2.841237482952e+00 6.421087853387e+00 1.000000000000e-02
6.937045608226e-01 1.208164933515e+00 1.000000000000e-02
4.206426566718e+00 2.162953457215e+00 1.000000000000e-02
4.775727212877e-01 2.616380775280e-01 1.000000000000e-02
6.091172027568e+00 2.884253774786e+00 1.000000000000e-02
1.580869952872e+00 6.963029403314e+00 1.000000000000e-02
4.653668300342e+00 4.582597113547e+00 1.000000000000e-02
3.909827828728e+00 2.540081229453e-01 1.000000000000e-02
4.223720389274e+00 1.562922243748e+00 1.000000000000e-02
4.408640548800e+00 9.200520622708e-01 1.000000000000e-02
9.560369851169e-01 8.524554910532e+00 1.000000000000e-02
5.657531491487e+00 5.298099045108e+00 1.000000000000e-02
6.206369411892e+00 1.011722891277e+00 1.000000000000e-02
5.148432307384e+00 7.388793005913e+00 1.000000000000e-02
9.033236294757e-01 5.021511114912e-02 1.000000000000e-02
3.413520195598e+00 6.092214360097e+00 1.000000000000e-02
1.127423394532e+00 6.471100046174e+00 1.000000000000e-02
2.952228033436e+00 7.483002280427e+00 1.000000000000e-02
5.724086602755e+00 -3.662770030106e-01 1.000000000000e-02
4.415518927031e+00 -6.540013297714e-01 1.000000000000e-02
4.291550168433e+00 3.276031302744e+00 1.000000000000e-02
1.274675145135e-01 2.438498837833e+00 1.000000000000e-02
7.530615834993e-01 5.438674661604e+00 1.000000000000e-02
3.313551122036e+00 2.537157073014e+00 1.000000000000e-02
1.893244519693e+00 7.643776978937e+00 1.000000000000e-02
1.423609004534e+00 4.048991150501e+00 1.000000000000e-02
3.677373762207e-01 4.014059882786e+00 1.000000000000e-02
7.941243014207e-01 5.753539455983e+00 1.000000000000e-02
2.645922046851e+00 -6.028257853288e-01 1.000000000000e-02
2.633482315347e+00 2.693300630729e+00 1.000000000000e-02
5.743870046308e+00 5.153186007966e+00 1.000000000000e-02
5.183905563034e-01 6.656805502019e+00 1.000000000000e-02
8.313227791159e-01 5.014992491536e-01 1.000000000000e-02
6.666889603315e-01 1.338422864400e+00 1.000000000000e-02
5.862693223000e+00 5.534756931033e+00 1.000000000000e-02
5.329034422546e+00 5.465669861134e+00 1.000000000000e-02
3.685921584787e+00 3.678442419303e+00 1.000000000000e-02
3.046954165846e+00 6.804556576748e+00 1.000000000000e-02
6.242037655192e+00 -1.775199623606e+00 1.000000000000e-02
4.505828233077e+00 3.331957864776e+00 1.000000000000e-02
3.085427069800e+00 2.150542929080e+00 1.000000000000e-02
1.540366368929e+00 6.691630131184e+00 1.000000000000e-02
2.166576269661e+00 3.072147580709e+00 1.000000000000e-02
2.509542061543e+00 6.055616326838e+00 -1.000000000000e-02
4.542208344489e+00 -5.968389511123e-01 -1.000000000000e-02
1.371756220529e+00 3.886154074930e+00 -1.000000000000e-02
5.710161223840e+00 6.325191867716e+00 -1.000000000000e-02
4.517289517395e+00 8.999373570013e-01 -1.000000000000e-02
3.215026947921e+00 -1.830110546254e+00 -1.000000000000e-02
2.725860024311e-01 5.847416627262e+00 -1.000000000000e-02
2.791483381360e+00 5.847331174510e+00 -1.000000000000e-02
4.570488620322e+00 1.783469919370e+00 -1.000000000000e-02
4.622741822819e+00 7.124132928526e+00 -1.000000000000e-02
5.637845939181e+00 3.796872237033e+00 -1.000000000000e-02
3.594272593873e-01 4.527264988927e-01 -1.000000000000e-02
4.867818173516e+00 1.007056701383e+00 -1.000000000000e-02
6.623258286958e-01 3.882452013541e+00 -1.000000000000e-02
4.707741113334e+00 1.270034699508e+00 -1.000000000000e-02
1.647159789154e+00 2.980834834495e+00 -1.000000000000e-02
6.430011237396e-01 8.270240538036e-01 -1.000000000000e-02
4.089589103332e+00 5.280397371725e+00 -1.000000000000e-02
3.338926110247e+00 2.874403892411e+00 -1.000000000000e-02
1.851514056280e-02 7.600429223661e+00 -1.000000000000e-02
2.633514108925e+00 1.933378633990e+00 -1.000000000000e-02
2.275757617899e+00 2.706259808446e+00 -1.000000000000e-02
1.341802721411e+00 3.933313072421e+00 -1.000000000000e-02
3.262032041446e+00 5.508311805438e+00 -1.000000000000e-02
6.480194932876e-01 3.976409944091e+00 -1.000000000000e-02
1.653295725762e+00 1.354753422225e+00 -1.000000000000e-02
2.408031131284e+00 5.191167579720e+00 -1.000000000000e-02
1.071862334417e+00 6.668158401298e-01 -1.000000000000e-02
7.906252269829e-01 5.426059728177e+00 -1.000000000000e-02
3.753945424835e+00 8.614517037246e+00 -1.000000000000e-02
4.935687229235e+00 1.791858203422e+00 -1.000000000000e-02
4.496028993829e+00 4.683859565348e-01 -1.000000000000e-02
6.064220366058e+00 1.043077322780e+00 -1.000000000000e-02
1.619173624376e+00 5.949039511882e+00 -1.000000000000e-02
5.398323089952e+00 7.420642054551e+00 -1.000000000000e-02
3.017386518102e+00 -2.827409850076e-01 -1.000000000000e-02
3.956741411953e+00 3.042152921064e+00 -1.000000000000e-02
3.595924812934e+00 6.871220851424e+00 -1.000000000000e-02
2.748814462444e+00 6.241807673723e+00 -1.000000000000e-02
1.686842204080e+00 5.710092135137e+00 -1.000000000000e-02
1.621083501962e+00 5.205616656141e+00 -1.000000000000e-02
5.952860478941e+00 5.259632770336e+00 -1.000000000000e-02
2.828593653052e+00 9.242685373799e-01 -1.000000000000e-02
1.034941294618e+00 2.039626928527e+00 -1.000000000000e-02
3.347123821989e+00 1.050967701333e-01 -1.000000000000e-02
1.575173385722e+00 4.520031593825e+00 -1.000000000000e-02
5.648344572414e+00 2.543436246543e+00 -1.000000000000e-02
3.891060687266e+00 3.658538830354e+00 -1.000000000000e-02
5.195029451870e+00 6.427378489625e+00 -1.000000000000e-02
5.101618276849e-01 5.966689228856e+00 -1.000000000000e-02
