2.691860278181e+00 4.758760579811e+00 1.000000000000e-02
1.171009504265e+00 5.833187349016e+00 1.000000000000e-02
6.246367875890e+00 2.595851531948e+00 1.000000000000e-02
4.764075267679e+00 1.439380617132e+00 1.000000000000e-02
3.209011883325e+00 1.595525081303e+00 1.000000000000e-02
1.762966133991e+00 -6.318785894658e-01 1.000000000000e-02
1.567096376305e+00 5.749833103737e-01 1.000000000000e-02
4.707190939048e+00 1.188741055042e+00 1.000000000000e-02
3.333939115260e+00 2.839873908265e+00 1.000000000000e-02
3.471703638827e+00 2.138081288463e+00 1.000000000000e-02
8.874957281685e-01 2.436935126489e+00 1.000000000000e-02
2.095138124378e+00 4.543441307991e+00 1.000000000000e-02
5.278809398191e+00 4.169456936801e+00 1.000000000000e-02
7.105147200556e-01 2.866450914366e+00 1.000000000000e-02
4.560979704893e+00 -8.507699714621e-01 1.000000000000e-02
1.617240602989e+00 5.148235364234e+00 1.000000000000e-02
3.448497326118e+00 2.064062201504e+00 1.000000000000e-02
2.977858950795e-01 7.706480697979e+00 1.000000000000e-02
7.185540469326e-01 8.062991364758e+00 1.000000000000e-02
5.775624182164e+00 1.372605634587e+00 1.000000000000e-02
4.303333832178e+00 8.373132557307e+00 1.000000000000e-02
1.489964002753e+00 -1.508534281476e+00 1.000000000000e-02
2.119406514053e-02 2.760524008412e+00 1.000000000000e-02
3.666934075639e+00 6.302572535357e+00 1.000000000000e-02
9.953469551255e-01 6.777454355996e+00 1.000000000000e-02
2.929892194797e+00 -1.996891207510e+00 1.000000000000e-02
3.039602856091e+00 -3.751306869580e-01 1.000000000000e-02
3.319102001384e+00 1.559159745657e+00 1.000000000000e-02
4.095005898096e+00 5.226844511668e+00 1.000000000000e-02
5.075174490825e+00 3.994596297436e+00 1.000000000000e-02
2.500055690697e+00 -1.634186885470e+00 1.000000000000e-02
5.888055558715e+00 6.315988766834e+00 1.000000000000e-02
1.163293244725e+00 4.065670810870e+00 1.000000000000e-02
4.284394600230e+00 4.983895545555e+00 1.000000000000e-02
1.212999609940e+00 4.159078371952e+00 1.000000000000e-02
1.010172935523e+00 6.566111879099e-01 1.000000000000e-02
4.043334668765e+00 1.198437974995e+00 1.000000000000e-02
1.409764414179e+00 6.749986583832e+00 1.000000000000e-02
2.342973084831e+00 7.295106569864e+00 1.000000000000e-02
3.702619784528e+00 -9.876348082552e-01 1.000000000000e-02
3.207948194075e+00 2.886800862649e+00 1.000000000000e-02
5.243985649762e+00 7.803288226159e+00 1.000000000000e-02
1.233637946839e+00 6.824265619343e+00 1.000000000000e-02
5.029712959055e+00 2.749102464471e+00 1.000000000000e-02
2.973624662693e+00 5.922367438630e+00 1.000000000000e-02
5.128558771867e+00 -1.835627508958e-01 1.000000000000e-02
4.676502836476e+00 1.887517541919e+00 1.000000000000e-02
1.455562112654e+00 1.855083725056e+00 1.000000000000e-02
3.538625776240e+00 6.554075600408e+00 1.000000000000e-02
6.200567669756e+00 2.000106997078e+00 1.000000000000e-02
5.154929422500e+00 5.683321407416e+00 -1.000000000000e-02
5.903408581215e+00 -1.277659833380e+00 -1.000000000000e-02
9.939436073013e-01 3.987134060556e+00 -1.000000000000e-02
5.531371271446e+00 6.914244095995e+00 -1.000000000000e-02
2.671583192501e+00 1.233127267630e+00 -1.000000000000e-02
3.230390890339e+00 -1.337786681783e+00 -1.000000000000e-02
5.540758896618e+00 4.780627807920e+00 -1.000000000000e-02
3.347722496642e+00 5.388821484019e+00 -1.000000000000e-02
1.840940800383e+00 -1.693725516193e-01 -1.000000000000e-02
2.614605845437e+00 6.631977430675e+00 -1.000000000000e-02
1.306934488366e+00 4.735732030959e+00 -1.000000000000e-02
2.659347109331e+00 1.695609997733e+00 -1.000000000000e-02
4.603328765584e-02 -3.041731150431e-01 -1.000000000000e-02
5.101737505071e+00 4.196844260431e+00 -1.000000000000e-02
3.785021859745e+00 4.351106477168e+00 -1.000000000000e-02
4.218840090605e+00 3.048621829353e+00 -1.000000000000e-02
2.828769331275e+00 3.728727070769e-01 -1.000000000000e-02
9.436182640883e-01 2.763483685645e+00 -1.000000000000e-02
1.073576037494e+00 1.527178730288e+00 -1.000000000000e-02
3.179234349557e+00 5.141511856093e+00 -1.000000000000e-02
3.853280468188e+00 1.086697187172e+00 -1.000000000000e-02
3.475195025206e+00 -1.806578220784e+00 -1.000000000000e-02
1.048289473892e+00 3.959076555359e+00 -1.000000000000e-02
5.598878383398e+00 3.488440309157e+00 -1.000000000000e-02
5.001568094888e+00 4.193070807298e+00 -1.000000000000e-02
3.902042371151e+00 3.693623880800e+00 -1.000000000000e-02
1.200046720169e-01 3.255936355940e+00 -1.000000000000e-02
2.923880564170e+00 7.849714012816e-02 -1.000000000000e-02
1.515983235541e+00 5.819326222779e+00 -1.000000000000e-02
2.815387730516e+00 8.335517687830e+00 -1.000000000000e-02
1.725693955252e+00 5.227391914208e+00 -1.000000000000e-02
5.304709327294e+00 5.363194578880e-02 -1.000000000000e-02
3.797678446426e+00 -1.976792427603e+00 -1.000000000000e-02
2.728163551742e+00 1.390137585313e+00 -1.000000000000e-02
9.088644302226e-01 8.124824883171e+00 -1.000000000000e-02
1.655807639356e+00 7.271491490430e-01 -1.000000000000e-02
4.267617123373e+00 4.440430263264e+00 -1.000000000000e-02
4.716398408249e+00 7.586938427287e+00 -1.000000000000e-02
4.161084866491e+00 2.144182529839e+00 -1.000000000000e-02
3.735039777107e+00 3.283277749918e+00 -1.000000000000e-02
6.013358402539e+00 5.767898461851e+00 -1.000000000000e-02
4.233999562364e+00 7.657042835632e+00 -1.000000000000e-02
6.099581550332e+00 1.760665516511e+00 -1.000000000000e-02
1.246759452726e+00 3.043188532768e+00 -1.000000000000e-02
7.083184230511e-01 7.601956899136e-01 -1.000000000000e-02
1.301135626260e+00 3.354546256331e+00 -1.000000000000e-02
5.885251023783e+00 2.821071137015e+00 -1.000000000000e-02
4.235021178384e+00 1.442793384304e+00 -1.000000000000e-02
4.974007127367e+00 7.557674539390e+00 -1.000000000000e-02
5.862914647160e-01 5.452119630894e+00 -1.000000000000e-02
