4.742329580381e+00 3.662666719015e+00 1.000000000000e-02
1.078637284577e-01 7.495990530595e+00 1.000000000000e-02
2.050902921129e-01 6.180708668181e+00 1.000000000000e-02
3.377553260380e+00 4.314025575015e+00 1.000000000000e-02
3.721879981812e+00 4.470125996621e+00 1.000000000000e-02
4.061208547477e+00 5.165723826322e-02 1.000000000000e-02
4.983340828078e+00 7.600276253386e-01 1.000000000000e-02
2.539516482192e+00 2.249353809663e+00 1.000000000000e-02
3.055307469784e+00 1.019098944459e+00 1.000000000000e-02
5.472132006980e+00 1.717836763300e+00 1.000000000000e-02
5.422822171782e+00 9.732851058625e-01 1.000000000000e-02
8.036805565147e-01 2.391076279571e+00 1.000000000000e-02
3.289690227004e+00 5.560860012675e+00 1.000000000000e-02
2.898111497117e+00 3.511881621301e+00 1.000000000000e-02
1.635746482942e+00 1.563660449601e+00 1.000000000000e-02
1.639038503786e-01 -9.215232500142e-01 1.000000000000e-02
5.381505089334e+00 1.413089035318e+00 1.000000000000e-02
4.069734951512e+00 7.031736219219e+00 1.000000000000e-02
2.983306148454e+00 3.039546496377e+00 1.000000000000e-02
8.811094364348e-02 2.210325484852e+00 1.000000000000e-02
4.852863635229e+00 7.360720507655e+00 1.000000000000e-02
2.814381911593e+00 -4.086535235774e-01 1.000000000000e-02
3.985701163041e+00 5.271221110792e+00 1.000000000000e-02
3.730823455727e+00 5.860231606249e+00 1.000000000000e-02
3.579622816138e+00 3.835914366584e+00 1.000000000000e-02
8.244693716189e-01 -2.984269265180e-01 1.000000000000e-02
2.255086273546e+00 9.623793913548e-01 1.000000000000e-02
2.999109738507e+00 2.928030398737e+00 1.000000000000e-02
3.249625246350e+00 4.429094762921e+00 1.000000000000e-02
4.911003747049e+00 7.733033772575e+00 1.000000000000e-02
1.716704952246e+00 6.053507945535e+00 1.000000000000e-02
4.555718682105e+00 6.660605276684e+00 1.000000000000e-02
5.472539889478e+00 3.356331526895e+00 1.000000000000e-02
4.802944194787e-01 4.520908306953e+00 1.000000000000e-02
6.173824318580e+00 4.979888172996e+00 1.000000000000e-02
4.594504531741e+00 7.684420388601e-01 1.000000000000e-02
1.311201296287e-01 4.669701090744e+00 1.000000000000e-02
3.769456826027e+00 4.340227080669e+00 1.000000000000e-02
2.236397382214e+00 7.596972261507e+00 1.000000000000e-02
2.004061771469e+00 1.492592480181e+00 1.000000000000e-02
2.966645382391e+00 9.254663969420e-01 1.000000000000e-02
2.974715404431e+00 6.340653571112e+00 1.000000000000e-02
2.858583274096e+00 4.223216947279e+00 1.000000000000e-02
5.081770966332e+00 4.135944801356e+00 1.000000000000e-02
5.391662197585e+00 2.798230580454e+00 1.000000000000e-02
5.631950567928e+00 -1.509305920213e+00 1.000000000000e-02
2.900142386809e+00 3.149457689179e+00 1.000000000000e-02
6.005627572834e+00 4.304850839239e+00 1.000000000000e-02
2.845854719831e+00 5.857368571176e+00 1.000000000000e-02
5.037709329661e+00 4.695456002387e+00 1.000000000000e-02
4.230617717894e-01 4.348754716810e+00 -1.000000000000e-02
4.546012365162e-01 1.233634218550e+00 -1.000000000000e-02
5.652989581008e+00 4.150259761590e+00 -1.000000000000e-02
1.616746731513e+00 7.210506394017e+00 -1.000000000000e-02
5.313706447298e+00 1.751184351890e+00 -1.000000000000e-02
4.621382782864e+00 -1.575349298415e+00 -1.000000000000e-02
3.002618529750e+00 2.045007130697e+00 -1.000000000000e-02
5.362740584673e-01 5.362948921968e+00 -1.000000000000e-02
6.171252956540e+00 -9.204430570517e-01 -1.000000000000e-02
4.769724238184e+00 7.338531734653e+00 -1.000000000000e-02
5.587397006814e+00 1.886420078799e+00 -1.000000000000e-02
3.710647438786e+00 2.230834491902e+00 -1.000000000000e-02
6.624643754459e-01 1.719875657885e+00 -1.000000000000e-02
3.205425066330e-01 4.881519162525e+00 -1.000000000000e-02
3.677190213853e+00 1.617980081238e+00 -1.000000000000e-02
5.745055383440e+00 4.795270238204e+00 -1.000000000000e-02
2.394656700742e+00 1.811599275561e+00 -1.000000000000e-02
3.793795565675e+00 6.453577305215e+00 -1.000000000000e-02
2.782032810182e+00 2.884195888136e+00 -1.000000000000e-02
5.107558658909e+00 6.819851933884e+00 -1.000000000000e-02
5.143068806420e+00 4.404453793977e+00 -1.000000000000e-02
2.173527794073e-01 5.015830177425e+00 -1.000000000000e-02
5.706605443292e+00 4.162339693356e+00 -1.000000000000e-02
4.470095572108e+00 3.270140573818e+00 -1.000000000000e-02
5.535505835526e-01 4.648301078637e+00 -1.000000000000e-02
4.895516108543e+00 7.708064813997e+00 -1.000000000000e-02
6.079319205535e+00 3.967551877878e+00 -1.000000000000e-02
1.242922589518e+00 7.532213713651e-01 -1.000000000000e-02
1.268018846551e+00 1.028429857289e+00 -1.000000000000e-02
4.189099226756e+00 7.076243641620e+00 -1.000000000000e-02
8.732315184667e-01 8.897672110444e-01 -1.000000000000e-02
3.027617288845e+00 1.251874597259e+00 -1.000000000000e-02
5.024453132218e+00 2.279509150105e+00 -1.000000000000e-02
5.217396271239e-01 4.007273344230e+00 -1.000000000000e-02
6.481679421303e-01 7.079983946520e+00 -1.000000000000e-02
4.064122137081e+00 6.446739537099e-01 -1.000000000000e-02
5.149028753775e+00 4.043052188292e+00 -1.000000000000e-02
4.567796403227e+00 4.052675595278e+00 -1.000000000000e-02
3.237276081638e+00 1.993685022064e+00 -1.000000000000e-02
6.232388791549e-01 4.889759089020e+00 -1.000000000000e-02
1.234426996380e+00 4.334329936773e+00 -1.000000000000e-02
6.196809004973e+00 5.489752121907e+00 -1.000000000000e-02
6.262374186149e+00 -1.647600083957e-02 -1.000000000000e-02
2.817158658387e+00 5.048648409281e-01 -1.000000000000e-02
3.345684901430e+00 2.133586114252e-01 -1.000000000000e-02
5.691827883031e+00 3.294875904150e+00 -1.000000000000e-02
3.139755513874e+00 5.385169688576e+00 -1.000000000000e-02
2.773885136731e+00 5.691194975150e+00 -1.000000000000e-02
6.246715887922e+00 7.131499587743e+00 -1.000000000000e-02
2.994173254137e+00 4.505006310891e+00 -1.000000000000e-02
