2.972358313734e+00 4.023860194844e+00 1.000000000000e-02
3.988408779901e+00 5.932851365008e+00 1.000000000000e-02
3.462514657060e+00 3.170555257447e+00 1.000000000000e-02
5.151074508355e+00 3.560012306832e+00 1.000000000000e-02
4.991275485687e+00 3.423652029082e+00 1.000000000000e-02
9.312995460906e-01 9.441426632022e-01 1.000000000000e-02
6.246206359399e+00 1.317525094032e+00 1.000000000000e-02
4.532640295274e+00 4.521759925897e+00 1.000000000000e-02
1.081428094511e-01 1.778517788286e+00 1.000000000000e-02
4.813582545971e+00 2.254697597680e+00 1.000000000000e-02
2.512079398881e+00 1.017848540569e+00 1.000000000000e-02
4.870060150637e-01 3.633062017275e+00 1.000000000000e-02
5.406959538305e+00 6.418200154031e+00 1.000000000000e-02
3.267933396637e+00 3.367411905666e+00 1.000000000000e-02
1.142481811359e+00 -3.053616784189e-01 1.000000000000e-02
5.145810492226e+00 2.668867669352e+00 1.000000000000e-02
5.049892617685e+00 3.665973885222e+00 1.000000000000e-02
4.285237920540e+00 8.462320427535e+00 1.000000000000e-02
1.359157888325e+00 6.995411083941e+00 1.000000000000e-02
1.995597697448e+00 -9.192110553981e-01 1.000000000000e-02
4.167833274449e+00 8.192268298853e+00 1.000000000000e-02
4.806369830615e+00 6.772152274055e-01 1.000000000000e-02
4.297185808098e+00 4.247711742492e+00 1.000000000000e-02
5.415756078869e+00 5.676354098525e+00 1.000000000000e-02
5.148633061041e-01 7.609390261351e+00 1.000000000000e-02
1.434218053712e+00 -4.778629711394e-01 1.000000000000e-02
5.886858858526e+00 -4.755090861880e-01 1.000000000000e-02
5.100041823672e+00 3.482671515445e+00 1.000000000000e-02
1.203870839651e-01 3.601894229384e+00 1.000000000000e-02
6.190124355395e+00 8.150080963902e+00 1.000000000000e-02
2.812377212234e+00 1.520249939245e+00 1.000000000000e-02
5.385844506693e+00 7.300633173240e+00 1.000000000000e-02
1.547735097443e+00 4.777990107936e+00 1.000000000000e-02
2.180173293893e+00 3.851883583991e+00 1.000000000000e-02
2.501589913541e+00 5.198236647030e+00 1.000000000000e-02
5.398386789539e+00 1.074620323561e-01 1.000000000000e-02
3.507926087600e+00 1.349846310409e+00 1.000000000000e-02
1.218207790880e+00 6.789795371161e+00 1.000000000000e-02
3.539715477185e+00 5.990832167185e+00 1.000000000000e-02
4.701464113442e+00 2.305419568399e-01 1.000000000000e-02
1.679537734159e-01 1.894223105980e+00 1.000000000000e-02
1.145076131789e+00 6.585103433330e+00 1.000000000000e-02
1.249008263423e+00 6.008940226200e+00 1.000000000000e-02
3.957723564168e+00 2.724546475649e+00 1.000000000000e-02
3.897589588369e+00 7.939207221841e+00 1.000000000000e-02
4.291620847520e+00 -1.771212442587e+00 1.000000000000e-02
4.716469969985e+00 3.197543357238e+00 1.000000000000e-02
3.602578907167e+00 1.621632059042e+00 1.000000000000e-02
5.644536824629e+00 6.399785437400e+00 1.000000000000e-02
1.788423552344e+00 2.336376423735e+00 1.000000000000e-02
3.001511856537e+00 3.706984805954e+00 -1.000000000000e-02
6.393289623743e-01 -4.943243793665e-01 -1.000000000000e-02
1.360960638464e+00 4.790799910097e+00 -1.000000000000e-02
4.019855133650e+00 7.861021334414e+00 -1.000000000000e-02
5.239190791080e+00 3.612812421314e+00 -1.000000000000e-02
7.361054993885e-01 -1.815263196841e+00 -1.000000000000e-02
2.641694766321e+00 5.381022933606e+00 -1.000000000000e-02
3.570925233450e+00 4.059492405793e+00 -1.000000000000e-02
5.951404266699e+00 1.365892508104e+00 -1.000000000000e-02
3.939681908375e+00 6.725481601403e+00 -1.000000000000e-02
6.147301880722e+00 4.861150686119e+00 -1.000000000000e-02
2.709675046560e+00 1.018701788176e+00 -1.000000000000e-02
3.989924837073e+00 8.346564753887e-01 -1.000000000000e-02
1.736641014391e+00 4.606394103299e+00 -1.000000000000e-02
4.979996810371e+00 1.717118567184e+00 -1.000000000000e-02
1.102314273958e+00 2.540371956905e+00 -1.000000000000e-02
6.173887399361e+00 1.070276100143e+00 -1.000000000000e-02
3.110489500286e+00 4.419102739694e+00 -1.000000000000e-02
2.343525506926e+00 2.265488026679e+00 -1.000000000000e-02
6.130197695613e+00 8.144796424816e+00 -1.000000000000e-02
3.551526551300e+00 1.165325152671e+00 -1.000000000000e-02
2.760071127403e+00 1.337327411401e+00 -1.000000000000e-02
1.314414703048e+00 4.820042634567e+00 -1.000000000000e-02
2.843418821036e+00 3.925913300209e+00 -1.000000000000e-02
1.746679624327e+00 4.700279197026e+00 -1.000000000000e-02
3.889239105599e-01 2.231443941627e+00 -1.000000000000e-02
3.297018258207e+00 4.970766779756e+00 -1.000000000000e-02
5.968852948659e+00 9.824785661563e-01 -1.000000000000e-02
1.280387009152e-01 7.126402199516e+00 -1.000000000000e-02
3.071862600242e+00 8.523052379025e+00 -1.000000000000e-02
5.626114931793e+00 2.569061927252e+00 -1.000000000000e-02
2.665369332163e+00 6.086693432325e-01 -1.000000000000e-02
1.976435090191e+00 -7.972600481673e-01 -1.000000000000e-02
4.223852629644e+00 4.617155819231e+00 -1.000000000000e-02
5.089909153480e+00 8.168498694012e+00 -1.000000000000e-02
7.509577297889e-01 3.495634010202e-01 -1.000000000000e-02
5.345807475015e+00 3.672887175713e+00 -1.000000000000e-02
4.398235015653e+00 7.019019488445e+00 -1.000000000000e-02
3.492398453844e+00 4.356631182168e+00 -1.000000000000e-02
4.394994216409e+00 4.841344249473e+00 -1.000000000000e-02
4.209392502239e+00 5.499467375944e+00 -1.000000000000e-02
3.174741231042e+00 7.343454766335e+00 -1.000000000000e-02
1.611660163942e+00 9.898055465965e-01 -1.000000000000e-02
8.566846057424e-01 3.196703787832e+00 -1.000000000000e-02
5.834527415004e+00 -2.619529907621e-01 -1.000000000000e-02
2.094122683892e+00 3.732633117734e+00 -1.000000000000e-02
1.311155080809e-01 2.978611121669e+00 -1.000000000000e-02
4.850618086934e+00 2.611798191734e+00 -1.000000000000e-02
2.656652349473e+00 7.228115255535e+00 -1.000000000000e-02
2.434207429004e+00 5.507787349227e+00 -1.000000000000e-02
