2.317339690737e+00 4.019816373176e+00 1.000000000000e-02
5.581396074471e+00 6.295277701732e+00 1.000000000000e-02
2.254147011951e+00 2.043715312457e+00 1.000000000000e-02
3.075290664567e+00 3.040521996034e+00 1.000000000000e-02
4.107809220218e+00 2.941218862486e+00 1.000000000000e-02
2.637920961185e-01 1.226791050165e+00 1.000000000000e-02
4.882888116370e+00 9.612370746072e-01 1.000000000000e-02
3.490269051776e+00 2.923859193597e+00 1.000000000000e-02
5.929855042593e+00 2.046344664198e+00 1.000000000000e-02
4.615525966938e+00 3.290135248285e+00 1.000000000000e-02
2.298150007890e+00 1.384203847906e+00 1.000000000000e-02
8.933270594837e-01 4.109651555016e+00 1.000000000000e-02
8.970030862442e-01 6.373964303137e+00 1.000000000000e-02
2.452150049361e+00 2.412664687406e+00 1.000000000000e-02
3.727986000267e+00 -9.657480540733e-01 1.000000000000e-02
5.524166821227e+00 3.984012085956e+00 1.000000000000e-02
4.017173496491e+00 2.934442025520e+00 1.000000000000e-02
7.697535856651e-01 8.269288442452e+00 1.000000000000e-02
1.585936657867e+00 7.940948233710e+00 1.000000000000e-02
4.288200278576e+00 -2.733197168004e-01 1.000000000000e-02
3.400697210518e+00 8.348521547323e+00 1.000000000000e-02
3.174953058992e+00 2.291055297048e-01 1.000000000000e-02
2.325977331234e+00 2.223294320009e+00 1.000000000000e-02
1.142977792390e+00 5.801309755126e+00 1.000000000000e-02
1.883987294984e-01 7.502813318378e+00 1.000000000000e-02
5.305151108401e+00 -6.270014641509e-01 1.000000000000e-02
3.514148641921e+00 2.452923882901e-01 1.000000000000e-02
4.083835981466e+00 2.807152776906e+00 1.000000000000e-02
1.101906170934e+00 4.371421785603e+00 1.000000000000e-02
2.540605668195e+00 4.447442608520e+00 1.000000000000e-02
3.102470582605e+00 -2.890541248868e-01 1.000000000000e-02
3.706299464622e+00 7.057446666305e+00 1.000000000000e-02
2.551682955185e+00 5.025249233281e+00 1.000000000000e-02
2.933003908418e+00 4.242278893845e+00 1.000000000000e-02
5.095026449062e+00 5.632707782013e+00 1.000000000000e-02
4.286218241831e+00 8.561390121551e-01 1.000000000000e-02
4.014029846740e+00 1.600688218308e+00 1.000000000000e-02
4.354663921909e+00 6.557402533224e+00 1.000000000000e-02
5.552557971175e+00 5.766041090732e+00 1.000000000000e-02
3.227210372875e+00 -4.513597413876e-01 1.000000000000e-02
5.795024082580e+00 2.047645062088e+00 1.000000000000e-02
4.278280258362e+00 6.376374044695e+00 1.000000000000e-02
4.373743994002e+00 6.005915417040e+00 1.000000000000e-02
3.700627889673e+00 2.375467433901e+00 1.000000000000e-02
3.691157753059e+00 8.044998718429e+00 1.000000000000e-02
1.992945407355e-01 -1.745513256279e+00 1.000000000000e-02
5.116456444013e+00 3.550461126141e+00 1.000000000000e-02
3.270156806096e+00 1.179008186592e+00 1.000000000000e-02
8.809714164731e-01 6.034016258053e+00 1.000000000000e-02
1.236674153616e+00 2.172651093962e+00 1.000000000000e-02
3.031801108848e+00 4.167718739212e+00 -1.000000000000e-02
3.322136666366e+00 -9.151386695049e-01 -1.000000000000e-02
2.519253158246e+00 4.645983616322e+00 -1.000000000000e-02
3.420017849650e+00 8.023876706810e+00 -1.000000000000e-02
3.740177311547e+00 2.593916275718e+00 -1.000000000000e-02
2.558857276213e+00 -1.773563723967e+00 -1.000000000000e-02
4.844986441312e+00 5.636125168347e+00 -1.000000000000e-02
2.335373109182e+00 4.209358674309e+00 -1.000000000000e-02
4.732661640884e+00 1.193474585560e+00 -1.000000000000e-02
7.791145014000e-01 7.180184405442e+00 -1.000000000000e-02
1.075125093527e+00 5.364575701051e+00 -1.000000000000e-02
2.554145762420e+00 1.303679512959e+00 -1.000000000000e-02
2.723348974275e+00 -1.128115444048e-01 -1.000000000000e-02
2.425074877580e+00 5.095366357727e+00 -1.000000000000e-02
5.042212290516e+00 2.340340390976e+00 -1.000000000000e-02
3.749140031024e-01 2.594862771413e+00 -1.000000000000e-02
5.510143526560e+00 1.276745209703e+00 -1.000000000000e-02
3.259205159296e+00 4.031049357908e+00 -1.000000000000e-02
2.019685623696e+00 1.747615571958e+00 -1.000000000000e-02
2.884656337460e+00 5.100345568662e+00 -1.000000000000e-02
3.840092908453e+00 1.228410950114e+00 -1.000000000000e-02
2.844626510466e+00 -4.775354255052e-01 -1.000000000000e-02
2.475293647017e+00 4.611546409132e+00 -1.000000000000e-02
1.944262431199e+00 3.403238258530e+00 -1.000000000000e-02
2.375399523953e+00 5.001604392892e+00 -1.000000000000e-02
5.811985031386e+00 2.892211114691e+00 -1.000000000000e-02
3.853951476811e+00 4.090329866779e+00 -1.000000000000e-02
5.515097683233e+00 9.638743710882e-01 -1.000000000000e-02
3.845889463281e+00 6.523674301350e+00 -1.000000000000e-02
3.523871391416e-02 8.361795980965e+00 -1.000000000000e-02
5.969574930441e+00 3.878455853608e+00 -1.000000000000e-02
1.410051902744e+00 4.277423926101e-01 -1.000000000000e-02
5.136850170260e+00 -7.115046494120e-01 -1.000000000000e-02
2.112622771584e+00 2.228556996270e+00 -1.000000000000e-02
5.076851054313e+00 8.311225726541e+00 -1.000000000000e-02
5.249585734434e+00 5.386987575852e-01 -1.000000000000e-02
3.942814391841e+00 2.522009632558e+00 -1.000000000000e-02
2.793075464135e-01 6.470923296821e+00 -1.000000000000e-02
2.531537288549e+00 3.313997699602e+00 -1.000000000000e-02
3.139984601377e+00 3.651549319793e+00 -1.000000000000e-02
5.658210770633e+00 5.432406481570e+00 -1.000000000000e-02
1.616385591336e+00 7.283404655722e+00 -1.000000000000e-02
9.241329035158e-01 1.299956390030e+00 -1.000000000000e-02
1.263044468079e+00 3.575344269058e+00 -1.000000000000e-02
3.983198980094e+00 5.075479702153e-01 -1.000000000000e-02
1.980460637128e+00 3.167529749699e+00 -1.000000000000e-02
7.730671294425e-01 3.589567503126e+00 -1.000000000000e-02
5.001460582457e+00 3.401054016251e+00 -1.000000000000e-02
2.415119558169e+00 7.384298218765e+00 -1.000000000000e-02
4.956837252177e+00 5.788397413962e+00 -1.000000000000e-02
