1.695090234871e+00 3.674588241903e+00 1.000000000000e-02
9.494219069317e-01 8.222057830008e-01 1.000000000000e-02
3.813797641543e+00 1.137177848590e+00 1.000000000000e-02
6.053601179889e+00 2.737939272077e-01 1.000000000000e-02
6.091798896519e-01 3.333001164521e+00 1.000000000000e-02
1.994619689625e+00 5.060952082684e+00 1.000000000000e-02
3.904256688464e+00 5.063333719635e+00 1.000000000000e-02
4.184005819242e+00 6.565052201023e-01 1.000000000000e-02
3.624262499720e+00 3.137239667545e+00 1.000000000000e-02
3.396331604744e+00 9.797440219967e-01 1.000000000000e-02
5.947732051346e+00 4.014712475661e+00 1.000000000000e-02
4.914459728372e+00 4.665972315793e+00 1.000000000000e-02
5.626090324308e+00 5.711754612725e+00 1.000000000000e-02
5.493908008453e+00 6.750746974560e-01 1.000000000000e-02
1.541192948980e-01 1.177500784928e+00 1.000000000000e-02
1.686233646716e+00 9.808856770868e-01 1.000000000000e-02
5.141759099459e+00 2.356771188300e+00 1.000000000000e-02
7.898678406198e-01 4.423354227536e+00 1.000000000000e-02
4.227788074836e+00 9.157065463806e-01 1.000000000000e-02
9.640961510015e-01 -2.132218942938e+00 1.000000000000e-02
5.452751362078e+00 5.201143520933e+00 1.000000000000e-02
2.564934306575e-01 2.226170717465e+00 1.000000000000e-02
5.271776724016e-01 5.325091492731e+00 1.000000000000e-02
9.701320774515e-01 4.041065657229e+00 1.000000000000e-02
1.020495744320e+00 2.717091478139e+00 1.000000000000e-02
6.238980615905e+00 1.113726855535e+00 1.000000000000e-02
2.278408945243e-01 3.559263556832e+00 1.000000000000e-02
4.815646528632e+00 -2.503202379187e+00 1.000000000000e-02
5.513309939397e+00 3.651284230815e+00 1.000000000000e-02
9.360615856416e-01 4.051287900645e+00 1.000000000000e-02
4.602785685975e+00 1.791221665009e-02 1.000000000000e-02
5.763329212276e+00 4.427250386750e+00 1.000000000000e-02
1.467506803594e-01 5.870397202362e+00 1.000000000000e-02
2.652547770720e+00 1.556751900701e+00 1.000000000000e-02
6.007027046514e+00 1.762178704587e+00 1.000000000000e-02
4.864807074236e+00 3.678328815090e+00 1.000000000000e-02
3.681464955254e+00 1.188152994564e+00 1.000000000000e-02
3.133955946834e+00 1.743876394387e+00 1.000000000000e-02
2.051304165288e+00 1.616738717418e+00 1.000000000000e-02
3.477903518219e+00 4.288063730576e+00 1.000000000000e-02
2.378593997056e+00 1.103563280089e+00 1.000000000000e-02
2.012147810258e+00 3.693869721235e+00 1.000000000000e-02
3.089258954399e+00 5.030306800648e+00 1.000000000000e-02
5.470593199570e-01 5.082859713356e+00 1.000000000000e-02
1.112988401254e-01 2.266187680680e+00 1.000000000000e-02
3.117465739317e+00 1.620837558215e+00 1.000000000000e-02
1.172381369921e+00 2.944121607277e+00 1.000000000000e-02
5.775708442475e+00 1.170570309460e+00 1.000000000000e-02
2.969097578003e+00 3.064680243210e+00 1.000000000000e-02
3.980533104922e+00 6.056611231620e+00 1.000000000000e-02
6.062516529198e+00 8.204025820659e-01 -1.000000000000e-02
4.254888295595e+00 1.460584889646e+00 -1.000000000000e-02
5.364404970142e+00 2.397169339932e+00 -1.000000000000e-02
3.863589462239e+00 4.336076367030e-01 -1.000000000000e-02
1.002086673137e+00 4.487507139830e+00 -1.000000000000e-02
1.414624218974e-02 6.390254366369e+00 -1.000000000000e-02
7.707600831011e-01 8.563292872261e-01 -1.000000000000e-02
1.169292355315e+00 1.671192361373e+00 -1.000000000000e-02
5.869726734553e-01 2.812078627784e+00 -1.000000000000e-02
6.240513798749e+00 2.173998000713e+00 -1.000000000000e-02
7.817468884783e-01 4.985775068250e+00 -1.000000000000e-02
4.402506487444e+00 -2.527028376874e+00 -1.000000000000e-02
1.307813116493e+00 4.003736688886e+00 -1.000000000000e-02
1.710011796032e+00 1.101463406624e+00 -1.000000000000e-02
9.531402394652e-01 4.464012125561e+00 -1.000000000000e-02
1.301790011030e+00 6.002252078408e+00 -1.000000000000e-02
2.887134791750e+00 6.322042610493e-01 -1.000000000000e-02
5.222612372044e+00 2.143512406272e+00 -1.000000000000e-02
4.907398990958e+00 3.099311203038e+00 -1.000000000000e-02
1.185117249816e+00 3.284536323399e+00 -1.000000000000e-02
3.280977802627e+00 3.426104119682e+00 -1.000000000000e-02
2.379489842301e+00 2.152575949968e+00 -1.000000000000e-02
1.938072731227e+00 2.400951277241e-01 -1.000000000000e-02
6.199425691977e+00 6.255389746774e+00 -1.000000000000e-02
1.359694605076e+00 3.858229971244e+00 -1.000000000000e-02
1.441466936300e+00 8.709115072751e-01 -1.000000000000e-02
2.226071871439e+00 -1.931765618005e-01 -1.000000000000e-02
5.255551697421e+00 4.287422191908e+00 -1.000000000000e-02
1.553036362894e+00 2.174905780221e+00 -1.000000000000e-02
2.707220060274e+00 1.314669194287e+00 -1.000000000000e-02
2.425367513434e+00 5.477145847348e+00 -1.000000000000e-02
8.690835708519e-01 -2.132046644794e+00 -1.000000000000e-02
3.871774861230e+00 1.227412311866e+00 -1.000000000000e-02
1.603647275351e+00 3.863299790264e+00 -1.000000000000e-02
4.892463891830e+00 9.992994687621e-01 -1.000000000000e-02
4.667209122137e+00 3.497021156232e+00 -1.000000000000e-02
3.889553328027e+00 -2.380328706350e-01 -1.000000000000e-02
4.902304452160e+00 1.014935742120e+00 -1.000000000000e-02
2.973705966665e+00 2.437144809213e+00 -1.000000000000e-02
2.723090960904e+00 1.082981046727e+00 -1.000000000000e-02
1.898165973501e+00 1.621258794251e-01 -1.000000000000e-02
5.704233705526e-01 5.345569930698e+00 -1.000000000000e-02
5.204299970819e+00 4.156336681400e+00 -1.000000000000e-02
4.290117293718e+00 3.072875373323e+00 -1.000000000000e-02
3.309812941148e+00 1.602761977143e+00 -1.000000000000e-02
3.156733229217e-01 3.030395370445e+00 -1.000000000000e-02
1.375919242856e+00 1.837635824567e+00 -1.000000000000e-02
2.025757459565e-02 4.677927640875e-01 -1.000000000000e-02
3.255347792885e+00 3.122428490033e+00 -1.000000000000e-02
4.407512492700e+00 4.558051303518e+00 -1.000000000000e-02
