5.329173621285e+00 5.522111980702e+00 1.000000000000e-02
1.686403156281e-01 7.293846639993e+00 1.000000000000e-02
2.517720360517e+00 5.630567288072e+00 1.000000000000e-02
4.068817348911e+00 4.122185891649e+00 1.000000000000e-02
4.096662150193e+00 3.712096472091e+00 1.000000000000e-02
1.047478815413e+00 -2.693117823339e-01 1.000000000000e-02
4.196877673540e+00 1.375842295424e+00 1.000000000000e-02
4.151603484207e+00 2.955345822054e+00 1.000000000000e-02
2.159186205953e+00 1.354542477180e+00 1.000000000000e-02
4.188670548431e+00 1.054859968630e+00 1.000000000000e-02
3.796432048749e+00 1.459492577980e+00 1.000000000000e-02
6.199008299092e-01 2.442941742724e+00 1.000000000000e-02
4.269079464129e+00 5.321985850085e+00 1.000000000000e-02
4.694431289859e+00 3.597826854269e+00 1.000000000000e-02
1.169437723707e+00 4.794545285631e-01 1.000000000000e-02
3.031062830390e+00 -2.213747037358e+00 1.000000000000e-02
2.256249750350e-01 5.308200855270e-01 1.000000000000e-02
1.238578393961e+00 8.200259252630e+00 1.000000000000e-02
3.593286139893e+00 3.543204520989e+00 1.000000000000e-02
1.157646057839e-01 2.170149449201e+00 1.000000000000e-02
2.334437758205e+00 7.210556440480e+00 1.000000000000e-02
5.334547576776e+00 -4.200575539825e-01 1.000000000000e-02
5.174065350240e+00 6.409563244330e+00 1.000000000000e-02
4.101103389659e+00 6.186624828372e+00 1.000000000000e-02
4.199663371014e+00 5.584268516319e+00 1.000000000000e-02
3.926244815018e+00 -8.380541171208e-02 1.000000000000e-02
8.710681306495e-01 9.243991197150e-01 1.000000000000e-02
4.180965368504e+00 4.069349266019e+00 1.000000000000e-02
3.956894755541e+00 3.052679817529e+00 1.000000000000e-02
2.936055863558e+00 1.793319139133e+00 1.000000000000e-02
2.712048741010e+00 4.554046345100e+00 1.000000000000e-02
3.336770094777e+00 7.603947162216e+00 1.000000000000e-02
1.371629329352e+00 5.013125138081e+00 1.000000000000e-02
1.665459727667e+00 4.737074391539e+00 1.000000000000e-02
1.230740465169e+00 4.006778484044e+00 1.000000000000e-02
3.130076306815e+00 1.086750017602e-01 1.000000000000e-02
2.380053093374e+00 5.299423964702e+00 1.000000000000e-02
3.780927218967e+00 3.648323876538e+00 1.000000000000e-02
2.980130727533e+00 7.238579297988e+00 1.000000000000e-02
7.790145363657e-01 6.692669951086e-01 1.000000000000e-02
2.064385966130e+00 1.257030688977e+00 1.000000000000e-02
3.583859760827e+00 5.484251992741e+00 1.000000000000e-02
1.263931207572e+00 3.157242878634e+00 1.000000000000e-02
1.472696420225e+00 5.425536097453e+00 1.000000000000e-02
5.463911394161e+00 3.371950472423e+00 1.000000000000e-02
1.724388918044e+00 -1.664491408663e+00 1.000000000000e-02
4.106384703064e+00 3.924475300568e+00 1.000000000000e-02
9.558037243922e-01 5.445117339299e+00 1.000000000000e-02
4.358749034214e+00 5.133613763754e+00 1.000000000000e-02
5.165685106784e-01 4.595463664072e+00 1.000000000000e-02
9.841932933753e-01 4.042634038570e+00 -1.000000000000e-02
5.877024381934e-01 1.023146989394e+00 -1.000000000000e-02
1.125526553273e+00 4.999249601108e+00 -1.000000000000e-02
5.002860560359e+00 6.706813556541e+00 -1.000000000000e-02
1.612609266232e-01 4.720111965600e-01 -1.000000000000e-02
6.129981594807e+00 -1.741352084956e+00 -1.000000000000e-02
4.500539601827e+00 2.876886571036e+00 -1.000000000000e-02
9.159408437042e-01 4.298080993742e+00 -1.000000000000e-02
2.933580418226e+00 -2.193401128519e+00 -1.000000000000e-02
2.604974341184e+00 7.227942056707e+00 -1.000000000000e-02
4.330917936801e+00 2.219124091216e+00 -1.000000000000e-02
3.539019636048e+00 1.781660916573e+00 -1.000000000000e-02
6.785326666564e-02 4.126136311977e-01 -1.000000000000e-02
1.720215637908e+00 4.528969624832e+00 -1.000000000000e-02
2.992103840477e+00 1.711059867667e+00 -1.000000000000e-02
7.771054783416e-01 5.005829753597e+00 -1.000000000000e-02
1.999262258916e+00 1.886659656475e+00 -1.000000000000e-02
6.662383080977e-01 6.894272954739e+00 -1.000000000000e-02
4.460446049952e+00 3.789517832482e+00 -1.000000000000e-02
3.776559942824e+00 7.464599374738e+00 -1.000000000000e-02
1.042703689476e+00 5.377399271259e+00 -1.000000000000e-02
1.700624710667e+00 4.207801274891e+00 -1.000000000000e-02
1.176946976103e+00 5.017589252078e+00 -1.000000000000e-02
5.097765139202e+00 5.022659461006e+00 -1.000000000000e-02
1.803352304177e+00 4.582007106468e+00 -1.000000000000e-02
2.826553595760e+00 1.784041696484e+00 -1.000000000000e-02
5.884617365978e+00 4.989460866375e+00 -1.000000000000e-02
2.728813337285e-01 9.861393315396e-01 -1.000000000000e-02
5.629177169894e+00 8.390538618086e-01 -1.000000000000e-02
1.760132717713e+00 8.220029078839e+00 -1.000000000000e-02
6.045065570235e+00 7.734235502174e-01 -1.000000000000e-02
9.999437721817e-01 1.178234748062e+00 -1.000000000000e-02
5.207448429249e+00 2.305905246370e+00 -1.000000000000e-02
3.517381533440e-01 4.453647626864e+00 -1.000000000000e-02
3.655115775685e+00 6.670363662102e+00 -1.000000000000e-02
2.182035639226e+00 2.036337410399e-01 -1.000000000000e-02
1.561038395934e+00 4.980543695878e+00 -1.000000000000e-02
5.213632191424e+00 5.942777015397e+00 -1.000000000000e-02
4.696307675621e+00 2.955815247091e+00 -1.000000000000e-02
7.400546717543e-01 3.934715912414e+00 -1.000000000000e-02
2.233844399601e-01 3.910629018114e+00 -1.000000000000e-02
2.604962845012e+00 5.427521469882e+00 -1.000000000000e-02
4.235734784064e+00 4.636369203863e-01 -1.000000000000e-02
2.542079669785e+00 9.462709782729e-01 -1.000000000000e-02
1.113392356288e+00 3.555037032185e-02 -1.000000000000e-02
7.019786796717e-02 5.408129726681e+00 -1.000000000000e-02
3.826271118044e+00 3.053845643721e+00 -1.000000000000e-02
4.051866259924e+00 4.731317852437e+00 -1.000000000000e-02
4.535025669718e+00 6.971660061167e+00 -1.000000000000e-02
1.293876717143e+00 3.257756039465e+00 -1.000000000000e-02
