1.668804544679e+00 6.546979165773e+00 1.000000000000e-02
5.150031751943e+00 6.270931668887e+00 1.000000000000e-02
4.489938969050e+00 4.656306079858e+00 1.000000000000e-02
4.177169031949e+00 3.802552102503e+00 1.000000000000e-02
4.196479352524e+00 3.604743205703e+00 1.000000000000e-02
3.497121984546e+00 1.193500431671e-01 1.000000000000e-02
3.923652506822e+00 1.363851712543e+00 1.000000000000e-02
3.856546230215e-02 5.954870913145e+00 1.000000000000e-02
9.154237701040e-01 1.271490983258e+00 1.000000000000e-02
3.990266242812e+00 1.934993613987e+00 1.000000000000e-02
2.002152460865e+00 6.646286063554e-01 1.000000000000e-02
6.267084686023e+00 2.838463330261e+00 1.000000000000e-02
5.899802861104e+00 6.161421813403e+00 1.000000000000e-02
4.705334332117e+00 4.424873382857e+00 1.000000000000e-02
4.991862874970e+00 1.877328304908e-01 1.000000000000e-02
5.021967550685e+00 -3.166745550555e-02 1.000000000000e-02
5.959213665313e+00 -4.611427351326e-01 1.000000000000e-02
3.194743314970e+00 8.505694416767e+00 1.000000000000e-02
5.170748370455e+00 5.109224678117e+00 1.000000000000e-02
3.103670779535e-01 1.944768426956e+00 1.000000000000e-02
1.957833420857e+00 7.373936488855e+00 1.000000000000e-02
2.053166418339e+00 4.199524033549e-02 1.000000000000e-02
2.343220551906e+00 6.380646458387e+00 1.000000000000e-02
5.773718315032e+00 6.539932697509e+00 1.000000000000e-02
6.227385689927e+00 6.996279347126e+00 1.000000000000e-02
9.701535976163e-01 -1.337860086377e-01 1.000000000000e-02
2.248860559178e+00 -9.779035401596e-01 1.000000000000e-02
4.439985337553e+00 3.615628869665e+00 1.000000000000e-02
6.867626079086e-02 2.329350121848e+00 1.000000000000e-02
5.778308128352e+00 2.501116245330e+00 1.000000000000e-02
3.507860281709e+00 2.778453028068e+00 1.000000000000e-02
3.798273593876e+00 7.843671430948e+00 1.000000000000e-02
1.387332093266e+00 4.178935995949e+00 1.000000000000e-02
8.857202807875e-01 2.692977380050e+00 1.000000000000e-02
6.173790569102e+00 5.095935048248e+00 1.000000000000e-02
5.545121953465e+00 -7.522423909160e-01 1.000000000000e-02
2.732769949991e+00 3.517670204525e+00 1.000000000000e-02
5.107460227536e+00 4.939741014450e+00 1.000000000000e-02
4.576330943509e+00 7.271908627940e+00 1.000000000000e-02
2.636472813020e+00 -2.111932016703e-01 1.000000000000e-02
8.466585900909e-01 1.165113838766e+00 1.000000000000e-02
5.217817447655e+00 4.593118006440e+00 1.000000000000e-02
5.480937600690e+00 5.174768874668e+00 1.000000000000e-02
3.498040397893e+00 4.028076539491e+00 1.000000000000e-02
6.940112616319e-01 6.102771469670e+00 1.000000000000e-02
2.268381379636e-01 -1.768721818609e+00 1.000000000000e-02
4.101714728363e+00 3.644106734090e+00 1.000000000000e-02
2.774855551963e+00 2.951230507958e+00 1.000000000000e-02
5.552763919860e+00 6.416435009852e+00 1.000000000000e-02
1.861820233742e+00 3.789574931095e+00 1.000000000000e-02
1.129835593560e+00 5.814183892438e+00 -1.000000000000e-02
2.159156306802e+00 -8.933677725524e-01 -1.000000000000e-02
1.365664779366e+00 3.988698672037e+00 -1.000000000000e-02
3.992457042643e+00 7.104166918278e+00 -1.000000000000e-02
6.081781447391e+00 -4.114423181143e-01 -1.000000000000e-02
3.791892548361e+00 -1.824092260757e+00 -1.000000000000e-02
5.593035951986e+00 5.384454823667e+00 -1.000000000000e-02
8.588488717510e-01 5.720124731118e+00 -1.000000000000e-02
5.120414080292e+00 -2.619224360749e-02 -1.000000000000e-02
1.713829467210e+00 7.327077881155e+00 -1.000000000000e-02
5.350655304752e+00 3.283128938192e+00 -1.000000000000e-02
1.604810977730e+00 8.211498933856e-01 -1.000000000000e-02
4.889103034927e+00 1.210824406725e+00 -1.000000000000e-02
1.026762707278e+00 3.029303659465e+00 -1.000000000000e-02
5.196540429493e+00 9.204117029181e-01 -1.000000000000e-02
1.816119977335e+00 3.325306420233e+00 -1.000000000000e-02
6.459578776666e-01 1.097771779983e+00 -1.000000000000e-02
3.935889535731e+00 5.767711766180e+00 -1.000000000000e-02
3.553015628273e+00 3.314752001546e+00 -1.000000000000e-02
1.445661554001e+00 7.747983430273e+00 -1.000000000000e-02
2.467655681533e+00 2.655224552211e+00 -1.000000000000e-02
1.970643932761e+00 3.587058153929e+00 -1.000000000000e-02
1.383051113321e+00 4.039833854691e+00 -1.000000000000e-02
1.412905092658e+00 6.464034860610e+00 -1.000000000000e-02
1.035600311903e+00 2.936210886959e+00 -1.000000000000e-02
2.267367977017e+00 1.310253774082e+00 -1.000000000000e-02
1.883452593678e+00 5.719281200311e+00 -1.000000000000e-02
2.740939448342e+00 9.179768038700e-03 -1.000000000000e-02
5.850070639706e+00 2.493732888063e+00 -1.000000000000e-02
5.071131116267e+00 8.557951072871e+00 -1.000000000000e-02
4.508625952068e+00 1.145722535087e+00 -1.000000000000e-02
5.625629159629e+00 4.962192458519e-01 -1.000000000000e-02
4.147099943957e-02 2.061340358269e+00 -1.000000000000e-02
7.556775307783e-01 4.958745264841e+00 -1.000000000000e-02
2.408564030830e+00 7.234588391747e+00 -1.000000000000e-02
5.286226732194e+00 -4.029372712415e-01 -1.000000000000e-02
3.600736488808e+00 3.932467379376e+00 -1.000000000000e-02
1.898346448503e+00 6.677532048529e+00 -1.000000000000e-02
6.766622210958e-02 5.685689620222e+00 -1.000000000000e-02
4.989454635344e-01 4.845560519296e+00 -1.000000000000e-02
1.209723503499e+00 5.059488879956e+00 -1.000000000000e-02
4.931497661059e+00 4.529867437198e+00 -1.000000000000e-02
3.361099131786e+00 9.191429907077e-01 -1.000000000000e-02
1.501621968039e+00 1.680383910474e+00 -1.000000000000e-02
4.407306659155e+00 7.271511669105e-02 -1.000000000000e-02
1.620993389875e+00 4.710574485040e+00 -1.000000000000e-02
5.422397797081e+00 2.530207677630e+00 -1.000000000000e-02
4.328670350871e+00 4.274217883482e+00 -1.000000000000e-02
4.075838425349e+00 6.736448877368e+00 -1.000000000000e-02
5.802157967758e+00 5.383976739532e+00 -1.000000000000e-02
