3.496791417406e+00 5.197693149298e+00 1.000000000000e-02
4.743101351587e+00 4.419363233024e+00 1.000000000000e-02
3.876294390855e+00 1.040611251417e+00 1.000000000000e-02
5.418474504889e-01 1.003862032769e+00 1.000000000000e-02
2.923656385943e+00 5.002938647675e+00 1.000000000000e-02
2.954204273870e+00 5.739217189413e+00 1.000000000000e-02
5.165324736491e+00 5.729505601489e+00 1.000000000000e-02
2.312809199551e+00 1.459255076912e+00 1.000000000000e-02
3.731923166557e+00 2.540528763854e+00 1.000000000000e-02
4.652333272823e+00 2.023837008971e+00 1.000000000000e-02
5.266777553281e+00 5.152443503098e+00 1.000000000000e-02
5.599146384236e+00 1.265978816525e+00 1.000000000000e-02
5.425115223555e+00 5.980578599765e+00 1.000000000000e-02
1.650691348210e-01 9.026655925195e-01 1.000000000000e-02
1.252810322713e+00 1.769924524921e+00 1.000000000000e-02
6.997236438008e-01 4.041954142648e+00 1.000000000000e-02
3.509047645467e+00 4.921508512098e+00 1.000000000000e-02
2.921840643366e+00 4.788167876160e-01 1.000000000000e-02
6.239170295950e+00 5.949114232382e+00 1.000000000000e-02
6.229060034562e-01 1.659929816574e+00 1.000000000000e-02
3.818042272790e+00 3.261585635226e+00 1.000000000000e-02
1.372502931719e+00 1.274036608634e+00 1.000000000000e-02
7.339665392659e-01 3.841854582912e+00 1.000000000000e-02
1.308237951837e+00 9.888721116876e-01 1.000000000000e-02
5.434326696689e-01 4.796110472410e+00 1.000000000000e-02
5.550606393559e+00 1.588038870205e+00 1.000000000000e-02
4.422531004165e+00 7.928925555919e-01 1.000000000000e-02
2.507332378920e+00 5.550293264260e+00 1.000000000000e-02
2.248686772362e+00 2.723429144920e+00 1.000000000000e-02
9.016246409935e-01 1.375059264162e+00 1.000000000000e-02
1.159539545230e+00 4.964765205523e+00 1.000000000000e-02
2.111388663848e+00 6.063403267185e+00 1.000000000000e-02
6.129697230047e+00 4.451078638600e+00 1.000000000000e-02
4.785548263565e-01 4.263320779073e-01 1.000000000000e-02
2.792550185374e+00 3.163848409059e-01 1.000000000000e-02
5.162286055308e+00 6.003338529995e+00 1.000000000000e-02
2.506422661122e+00 1.652317887136e+00 1.000000000000e-02
1.270346534925e+00 4.889497422229e+00 1.000000000000e-02
3.919855161376e+00 3.420734746779e+00 1.000000000000e-02
5.312104061700e+00 5.583647277625e+00 1.000000000000e-02
3.197845245861e+00 3.766598095698e+00 1.000000000000e-02
3.671185273689e-01 3.356433566728e+00 1.000000000000e-02
2.845806617413e+00 5.678424423841e+00 1.000000000000e-02
3.407466396725e+00 2.715467571190e+00 1.000000000000e-02
5.325815295096e+00 1.455506739170e-01 1.000000000000e-02
5.538580167547e-01 6.860821242240e-01 1.000000000000e-02
4.513264149758e+00 1.537989042693e+00 1.000000000000e-02
4.990872147362e+00 4.581614710985e+00 1.000000000000e-02
3.050916067721e-01 2.764488513722e+00 1.000000000000e-02
2.871697199166e+00 4.610217101916e+00 1.000000000000e-02
5.914852869760e+00 1.228146672800e+00 -1.000000000000e-02
6.060215769297e+00 2.331628576671e+00 -1.000000000000e-02
3.503846487302e+00 6.165801435971e+00 -1.000000000000e-02
3.118905882972e+00 2.140075875765e+00 -1.000000000000e-02
5.368646299488e+00 2.291215106975e+00 -1.000000000000e-02
1.315951133898e+00 5.208296490449e+00 -1.000000000000e-02
5.521503146489e+00 2.739230651566e+00 -1.000000000000e-02
5.126277211727e+00 3.677785510238e+00 -1.000000000000e-02
5.197124002250e+00 1.528601309005e+00 -1.000000000000e-02
2.804626505696e+00 5.259279021602e-01 -1.000000000000e-02
1.162883084305e+00 3.948736430241e+00 -1.000000000000e-02
4.320106106189e+00 2.648826469305e+00 -1.000000000000e-02
5.844782866383e-02 1.985681659119e+00 -1.000000000000e-02
5.179009124958e+00 5.583722162687e+00 -1.000000000000e-02
5.209480891433e+00 6.154599347645e+00 -1.000000000000e-02
2.392673320864e+00 5.228062998531e+00 -1.000000000000e-02
3.391859668389e+00 1.639470665792e+00 -1.000000000000e-02
3.788148155106e+00 5.400458240262e+00 -1.000000000000e-02
4.007733175197e+00 5.262809118013e+00 -1.000000000000e-02
2.038206533111e+00 5.357930560415e+00 -1.000000000000e-02
5.922119922660e+00 2.678349386968e+00 -1.000000000000e-02
1.442312387283e+00 2.420596858829e+00 -1.000000000000e-02
1.931258280452e+00 5.829232547621e+00 -1.000000000000e-02
2.893748933526e+00 8.516971606894e-01 -1.000000000000e-02
4.647166054330e+00 2.822469408362e+00 -1.000000000000e-02
2.790194724487e+00 5.146554505345e+00 -1.000000000000e-02
4.497116035968e+00 1.490735875183e+00 -1.000000000000e-02
3.483706223240e+00 1.201276901896e+00 -1.000000000000e-02
6.176353714037e-01 2.841946636424e+00 -1.000000000000e-02
3.535143237642e+00 4.855915604368e+00 -1.000000000000e-02
1.082835431505e+00 6.184565512682e+00 -1.000000000000e-02
1.804107920358e+00 4.233189930684e-01 -1.000000000000e-02
3.290945095966e+00 6.276755263583e+00 -1.000000000000e-02
2.964142589666e+00 1.990793107593e+00 -1.000000000000e-02
2.650340375350e+00 8.240696451515e-01 -1.000000000000e-02
4.786405437181e+00 6.028037636923e+00 -1.000000000000e-02
2.966890063274e+00 1.855774181426e+00 -1.000000000000e-02
1.028510353865e+00 1.420337712625e+00 -1.000000000000e-02
5.959538140084e+00 5.334872655249e+00 -1.000000000000e-02
5.568994281426e+00 3.563766480247e+00 -1.000000000000e-02
4.689607952735e+00 5.715947265120e+00 -1.000000000000e-02
4.800883071297e+00 5.718841858080e+00 -1.000000000000e-02
1.751660082082e+00 1.419447309370e+00 -1.000000000000e-02
2.886520957611e+00 2.364158290656e+00 -1.000000000000e-02
3.837291392216e+00 5.577980848495e+00 -1.000000000000e-02
2.694249280383e+00 4.080600939534e+00 -1.000000000000e-02
5.897973570744e+00 2.677820634560e+00 -1.000000000000e-02
4.552029754488e-01 3.289730420105e+00 -1.000000000000e-02
1.117118150183e+00 5.507896468404e+00 -1.000000000000e-02
6.027922685274e+00 4.203772846520e+00 -1.000000000000e-02
