3.039718704781e+00 5.044853477888e+00 1.000000000000e-02
2.263662588476e+00 5.777651237940e+00 1.000000000000e-02
5.687117698317e+00 2.563693527822e+00 1.000000000000e-02
4.718096171645e+00 1.192627805472e+00 1.000000000000e-02
3.372446244411e+00 9.855272264484e-01 1.000000000000e-02
6.283062103465e+00 -4.894161341383e-01 1.000000000000e-02
5.972462941025e-01 1.280901078595e+00 1.000000000000e-02
4.549655915501e+00 1.374519893042e+00 1.000000000000e-02
2.849543364436e+00 3.031219140571e+00 1.000000000000e-02
3.214116171936e+00 2.055393817697e+00 1.000000000000e-02
3.495654806307e-01 2.809722974369e+00 1.000000000000e-02
2.332279271913e+00 4.332384903725e+00 1.000000000000e-02
5.005918864094e+00 3.881546540627e+00 1.000000000000e-02
3.136973014804e-01 3.580370861578e+00 1.000000000000e-02
2.509406450840e+00 -8.258287770811e-01 1.000000000000e-02
1.780187464718e+00 5.229955067249e+00 1.000000000000e-02
3.199977819248e+00 2.131611175508e+00 1.000000000000e-02
3.419765400204e+00 7.494466588094e+00 1.000000000000e-02
1.110910077866e+00 8.515677268431e+00 1.000000000000e-02
5.541778879344e+00 1.711243173945e+00 1.000000000000e-02
4.147700004764e+00 8.090061542883e+00 1.000000000000e-02
3.364467777624e+00 -1.651248670298e+00 1.000000000000e-02
5.533096097070e+00 2.498765758889e+00 1.000000000000e-02
5.033601731508e+00 6.849054985336e+00 1.000000000000e-02
2.988769678463e+00 6.575712826668e+00 1.000000000000e-02
4.738119529307e+00 -1.148743203142e+00 1.000000000000e-02
1.147625896671e+00 -4.710153647333e-01 1.000000000000e-02
3.283252171464e+00 9.056862380547e-01 1.000000000000e-02
4.966077544964e+00 5.012163991432e+00 1.000000000000e-02
4.440630575301e+00 4.163889757561e+00 1.000000000000e-02
4.482585375388e+00 -1.458936417292e+00 1.000000000000e-02
6.886035348120e-01 6.071068101696e+00 1.000000000000e-02
1.885976180876e+00 2.743044822258e+00 1.000000000000e-02
4.954365312671e+00 5.354528267442e+00 1.000000000000e-02
1.755007921269e+00 2.966119986090e+00 1.000000000000e-02
3.257082592467e-01 4.764870979657e-01 1.000000000000e-02
4.075978026772e+00 5.473321298436e-01 1.000000000000e-02
3.186769941557e+00 7.037932477904e+00 1.000000000000e-02
5.078475410135e+00 7.498844971908e+00 1.000000000000e-02
1.084786709136e+00 -1.162653478644e+00 1.000000000000e-02
2.751507583692e+00 2.943557781905e+00 1.000000000000e-02
1.975321795289e+00 7.023441634638e+00 1.000000000000e-02
2.832937988989e+00 6.430854515710e+00 1.000000000000e-02
4.413047097130e+00 2.748456915154e+00 1.000000000000e-02
4.206825366183e+00 5.940347205246e+00 1.000000000000e-02
4.155255440341e+00 7.110134572782e-02 1.000000000000e-02
4.155556741150e+00 1.603061806044e+00 1.000000000000e-02
1.454825984103e+00 1.752800881572e+00 1.000000000000e-02
4.944964020354e+00 6.498166100600e+00 1.000000000000e-02
1.564146980421e-01 2.038767195897e+00 1.000000000000e-02
5.954768700015e+00 5.974481992388e+00 -1.000000000000e-02
2.797785239621e+00 -1.253895471091e+00 -1.000000000000e-02
1.665343902960e+00 2.703570021235e+00 -1.000000000000e-02
6.224671371233e-01 6.790438696165e+00 -1.000000000000e-02
2.663413559745e+00 7.014488347848e-01 -1.000000000000e-02
6.087213048766e+00 -1.470792566675e+00 -1.000000000000e-02
5.805827317175e+00 4.868810241087e+00 -1.000000000000e-02
4.127455543239e+00 5.232627835512e+00 -1.000000000000e-02
6.499079391834e-01 6.869634036016e-02 -1.000000000000e-02
4.143334598655e+00 6.662334763344e+00 -1.000000000000e-02
1.519799239636e+00 4.331892968869e+00 -1.000000000000e-02
2.608428849589e+00 8.663766898772e-01 -1.000000000000e-02
5.082225861874e+00 -2.525244854661e-01 -1.000000000000e-02
4.833757021780e+00 4.179519601513e+00 -1.000000000000e-02
4.226943313523e+00 4.587020280656e+00 -1.000000000000e-02
3.528016246346e+00 3.181067390519e+00 -1.000000000000e-02
1.893426888494e+00 5.202595343738e-02 -1.000000000000e-02
6.679605668735e-01 3.639632168969e+00 -1.000000000000e-02
1.072878648224e+00 1.518973158929e+00 -1.000000000000e-02
4.151162779262e+00 5.530032865658e+00 -1.000000000000e-02
3.925457545224e+00 4.254701387831e-01 -1.000000000000e-02
4.947572655974e+00 -1.584075962352e+00 -1.000000000000e-02
1.642117976495e+00 2.760786930130e+00 -1.000000000000e-02
5.359228708698e+00 3.613511900290e+00 -1.000000000000e-02
4.735692827076e+00 4.162448703950e+00 -1.000000000000e-02
3.754426027911e+00 3.755130224484e+00 -1.000000000000e-02
5.754961388941e+00 3.190699834990e+00 -1.000000000000e-02
1.586191563778e+00 2.195266420359e-01 -1.000000000000e-02
2.688212347551e+00 5.930345558630e+00 -1.000000000000e-02
3.400962453533e+00 8.157364895993e+00 -1.000000000000e-02
1.958680121782e+00 5.391097692205e+00 -1.000000000000e-02
4.670446019130e+00 3.985297923182e-01 -1.000000000000e-02
5.007086427632e+00 -1.280803914622e+00 -1.000000000000e-02
2.682593716284e+00 1.123651937620e+00 -1.000000000000e-02
1.844343520144e+00 8.564947192822e+00 -1.000000000000e-02
7.224723701293e-01 1.406394562677e+00 -1.000000000000e-02
4.384771561461e+00 4.193891376709e+00 -1.000000000000e-02
1.188578369488e+00 7.163510375645e+00 -1.000000000000e-02
3.573936846871e+00 2.329541279579e+00 -1.000000000000e-02
3.361464205573e+00 3.898338121891e+00 -1.000000000000e-02
6.345614316439e-01 5.619911166140e+00 -1.000000000000e-02
1.869958896471e+00 7.507729079538e+00 -1.000000000000e-02
6.282112941380e+00 1.864269020551e+00 -1.000000000000e-02
7.471802202405e-01 3.316321352887e+00 -1.000000000000e-02
8.585409800488e-02 5.788490342756e-01 -1.000000000000e-02
1.056044602980e+00 3.040431148251e+00 -1.000000000000e-02
5.180697653691e+00 2.520147862475e+00 -1.000000000000e-02
4.034232554072e+00 1.101692076323e+00 -1.000000000000e-02
1.454482855840e+00 7.267728937400e+00 -1.000000000000e-02
1.178985027328e+00 5.094723300132e+00 -1.000000000000e-02
