4.078981627445e+00 5.349674667601e+00 1.000000000000e-02
3.405134664096e+00 5.623671271712e+00 1.000000000000e-02
4.660191934739e+00 2.355838558233e+00 1.000000000000e-02
4.528711957421e+00 1.646899515227e+00 1.000000000000e-02
2.243796752014e+00 -1.653100326674e-01 1.000000000000e-02
2.970557133259e+00 -6.159806088029e-01 1.000000000000e-02
5.985220722054e+00 1.809924289190e+00 1.000000000000e-02
4.398343200764e+00 1.479102552138e+00 1.000000000000e-02
2.179986840567e+00 2.978641564686e+00 1.000000000000e-02
1.816999994621e+00 2.172428462536e-01 1.000000000000e-02
5.999418351967e+00 3.300144082675e+00 1.000000000000e-02
2.524198120564e+00 4.275984965460e+00 1.000000000000e-02
3.945083679249e+00 4.234152287177e+00 1.000000000000e-02
7.499152386037e-01 4.404775598052e+00 1.000000000000e-02
5.263653443908e+00 -5.952054597120e-01 1.000000000000e-02
2.194015031951e+00 4.923965991002e+00 1.000000000000e-02
2.574893058346e+00 1.981355411146e+00 1.000000000000e-02
2.105994700249e+00 7.294033530454e+00 1.000000000000e-02
4.425806924579e+00 8.684273759807e+00 1.000000000000e-02
5.177648641050e+00 2.448653464435e+00 1.000000000000e-02
3.114869716351e-01 7.838759404880e+00 1.000000000000e-02
2.342570730896e+00 -1.276533045615e+00 1.000000000000e-02
4.815100103180e+00 2.273894190573e+00 1.000000000000e-02
2.358229932001e+00 7.313232438654e+00 1.000000000000e-02
4.718718750961e+00 6.189186690028e+00 1.000000000000e-02
5.613526570434e-01 -1.438916056405e+00 1.000000000000e-02
4.868539838823e+00 -5.967608916141e-02 1.000000000000e-02
2.335052345034e+00 -7.702731265098e-02 1.000000000000e-02
6.111479611987e+00 5.138078369918e+00 1.000000000000e-02
2.576820061985e+00 1.918682561062e+00 1.000000000000e-02
5.867267809698e-02 -5.638955547675e-01 1.000000000000e-02
2.531122732777e+00 5.883545127034e+00 1.000000000000e-02
9.570826912754e-01 1.495742052890e+00 1.000000000000e-02
5.821742658143e+00 4.508969221160e+00 1.000000000000e-02
1.871863952759e+00 1.638288261322e+00 1.000000000000e-02
3.337414616950e-01 6.008317108110e-01 1.000000000000e-02
3.451045734380e+00 6.529418734902e-01 1.000000000000e-02
2.019832990114e-01 6.959257494493e+00 1.000000000000e-02
5.324445904153e+00 7.714757051545e+00 1.000000000000e-02
1.984250576469e+00 -1.488123098115e+00 1.000000000000e-02
2.056341794886e+00 3.027745000667e+00 1.000000000000e-02
3.803648861370e+00 6.711511459396e+00 1.000000000000e-02
4.928378486204e+00 6.206200880105e+00 1.000000000000e-02
3.362259428885e+00 2.816681740249e+00 1.000000000000e-02
5.985778015405e+00 5.832574121169e+00 1.000000000000e-02
2.483273766675e+00 9.393819347123e-02 1.000000000000e-02
4.701065246998e+00 1.355490060417e+00 1.000000000000e-02
1.155178748868e+00 1.036004625357e+00 1.000000000000e-02
1.973579023364e+00 6.650338998075e+00 1.000000000000e-02
3.913491213230e-01 2.591512270947e+00 1.000000000000e-02
2.061750718309e+00 6.344603194066e+00 -1.000000000000e-02
3.977612196368e+00 -9.898269616715e-01 -1.000000000000e-02
1.153953655352e+00 1.565963951812e+00 -1.000000000000e-02
3.810082281908e+00 7.131286559509e+00 -1.000000000000e-02
1.669168979935e+00 -1.335540387991e-01 -1.000000000000e-02
4.907437090986e+00 -1.511575624052e+00 -1.000000000000e-02
3.768282765354e-01 5.321173597746e+00 -1.000000000000e-02
5.700180190811e+00 4.844821589942e+00 -1.000000000000e-02
1.024429256244e-01 5.700115158323e-01 -1.000000000000e-02
6.089714454057e-01 6.696930468038e+00 -1.000000000000e-02
1.367977692691e+00 3.660344139443e+00 -1.000000000000e-02
1.648501372886e+00 -3.032933263483e-01 -1.000000000000e-02
2.916579533119e+00 -2.703462078182e-01 -1.000000000000e-02
4.428592233988e+00 4.480756762033e+00 -1.000000000000e-02
4.951127939928e+00 4.522227018101e+00 -1.000000000000e-02
2.781119045523e+00 3.949284104015e+00 -1.000000000000e-02
3.634985992112e-01 4.435892535194e-01 -1.000000000000e-02
7.214013121658e-01 3.953936178442e+00 -1.000000000000e-02
8.424797478202e-01 1.093296030431e+00 -1.000000000000e-02
5.349237155544e+00 4.566656315309e+00 -1.000000000000e-02
2.473719673704e+00 3.308294323471e-01 -1.000000000000e-02
1.671028332760e-01 -7.045632952698e-01 -1.000000000000e-02
1.123531879524e+00 1.513182574200e+00 -1.000000000000e-02
4.840555566344e+00 3.389843437445e+00 -1.000000000000e-02
4.355185778494e+00 4.546252512774e+00 -1.000000000000e-02
3.185816184683e+00 3.852839571472e+00 -1.000000000000e-02
4.340080275038e+00 3.317406694074e+00 -1.000000000000e-02
1.903191181330e-01 2.016031888603e-01 -1.000000000000e-02
4.042253510145e+00 5.854759752786e+00 -1.000000000000e-02
6.094334498473e+00 7.901994157671e+00 -1.000000000000e-02
2.638724420041e+00 5.240419053003e+00 -1.000000000000e-02
4.141914026244e+00 7.031848071774e-01 -1.000000000000e-02
6.210472113469e+00 -1.581292397037e+00 -1.000000000000e-02
1.856962717034e+00 1.749094859360e-01 -1.000000000000e-02
6.002368444375e+00 8.730245460943e+00 -1.000000000000e-02
5.804379379001e-01 2.364031323862e+00 -1.000000000000e-02
1.611855657980e+00 1.976383863600e-01 -1.000000000000e-02
4.649483953211e+00 6.914333862083e+00 -1.000000000000e-02
2.456254171396e+00 2.528083076576e+00 -1.000000000000e-02
3.750921189341e+00 4.210016376104e+00 -1.000000000000e-02
2.069896019333e+00 5.405162788480e+00 -1.000000000000e-02
5.473367579385e+00 6.882669058221e+00 -1.000000000000e-02
5.840722453840e+00 2.001160303125e+00 -1.000000000000e-02
1.065912833123e+00 4.083986031915e+00 -1.000000000000e-02
5.445193998139e+00 8.601349119833e-01 -1.000000000000e-02
3.369303168808e-01 3.318871290680e+00 -1.000000000000e-02
4.748402181548e+00 2.068147364378e+00 -1.000000000000e-02
4.709578227189e+00 1.181952397672e+00 -1.000000000000e-02
4.712817633574e+00 7.173384936363e+00 -1.000000000000e-02
1.806425451881e+00 4.595435321059e+00 -1.000000000000e-02
