3.583741785132e+00 5.091771498290e+00 1.000000000000e-02
4.699362877653e+00 4.461817927767e+00 1.000000000000e-02
3.912800015016e+00 1.128248562824e+00 1.000000000000e-02
6.120214069101e-01 9.902544792488e-01 1.000000000000e-02
2.994511288874e+00 5.054099533004e+00 1.000000000000e-02
2.948081376076e+00 5.601876303567e+00 1.000000000000e-02
5.062758515790e+00 5.952931041859e+00 1.000000000000e-02
2.289076645642e+00 1.420855144826e+00 1.000000000000e-02
3.639258718076e+00 2.514861233777e+00 1.000000000000e-02
4.705683196804e+00 2.001415906288e+00 1.000000000000e-02
5.263197563270e+00 5.190926615787e+00 1.000000000000e-02
5.651858231398e+00 1.284739776623e+00 1.000000000000e-02
5.433004846450e+00 6.015934415468e+00 1.000000000000e-02
2.358639074074e-01 1.002899561592e+00 1.000000000000e-02
1.322935762312e+00 1.723849703485e+00 1.000000000000e-02
7.093396002049e-01 4.014613250549e+00 1.000000000000e-02
3.326935524593e+00 4.788636434073e+00 1.000000000000e-02
3.089001892181e+00 5.514390776855e-01 1.000000000000e-02
6.200143684367e+00 5.942096807208e+00 1.000000000000e-02
7.364989671617e-01 1.704858290498e+00 1.000000000000e-02
3.748250574334e+00 3.275073550635e+00 1.000000000000e-02
1.429274567020e+00 1.165459572957e+00 1.000000000000e-02
6.152269637966e-01 3.844128963106e+00 1.000000000000e-02
1.265492871031e+00 9.055381394852e-01 1.000000000000e-02
5.466494614988e-01 4.798923690499e+00 1.000000000000e-02
5.674659065884e+00 1.630897760360e+00 1.000000000000e-02
4.423801408733e+00 8.281700415925e-01 1.000000000000e-02
2.455024482164e+00 5.624031839953e+00 1.000000000000e-02
2.217268780701e+00 2.706511845875e+00 1.000000000000e-02
9.978579444402e-01 1.252571163168e+00 1.000000000000e-02
1.338975514278e+00 4.894643034747e+00 1.000000000000e-02
2.088782349106e+00 6.100005788330e+00 1.000000000000e-02
6.036168959810e+00 4.503136651654e+00 1.000000000000e-02
3.856939619804e-01 4.282367316614e-01 1.000000000000e-02
2.864768487075e+00 2.945609248083e-01 1.000000000000e-02
5.278538572483e+00 6.152527012247e+00 1.000000000000e-02
2.547986438976e+00 1.509631905730e+00 1.000000000000e-02
1.230427421075e+00 4.831748072703e+00 1.000000000000e-02
3.928610457970e+00 3.302615095841e+00 1.000000000000e-02
5.272580140007e+00 5.737973005760e+00 1.000000000000e-02
3.207022515538e+00 3.794336737269e+00 1.000000000000e-02
2.210603116509e-01 3.314344730198e+00 1.000000000000e-02
2.910947542628e+00 5.723200761298e+00 1.000000000000e-02
3.325075070876e+00 2.762325895063e+00 1.000000000000e-02
5.327493312088e+00 2.304248987429e-01 1.000000000000e-02
5.348026259644e-01 6.445089985281e-01 1.000000000000e-02
4.244958088845e+00 1.654157793557e+00 1.000000000000e-02
4.971479173687e+00 4.555984115462e+00 1.000000000000e-02
2.972963545206e-01 2.810691938616e+00 1.000000000000e-02
2.858066906938e+00 4.637245856905e+00 1.000000000000e-02
5.992312751820e+00 1.248412151621e+00 -1.000000000000e-02
6.144013467155e+00 2.418643066706e+00 -1.000000000000e-02
3.523489841641e+00 6.181197648931e+00 -1.000000000000e-02
2.995992297605e+00 2.191721771221e+00 -1.000000000000e-02
5.472955400884e+00 2.255545306158e+00 -1.000000000000e-02
1.441758859048e+00 5.139713135061e+00 -1.000000000000e-02
5.508529603032e+00 2.678094883448e+00 -1.000000000000e-02
5.044035446119e+00 3.619291580962e+00 -1.000000000000e-02
5.278953959680e+00 1.575397492000e+00 -1.000000000000e-02
3.006528242220e+00 6.182453161787e-01 -1.000000000000e-02
1.121515800055e+00 3.895080449946e+00 -1.000000000000e-02
4.319679645721e+00 2.561061937431e+00 -1.000000000000e-02
1.749455937744e-01 2.075436460830e+00 -1.000000000000e-02
5.095559272039e+00 5.821436226404e+00 -1.000000000000e-02
5.301296311365e+00 6.270130002637e+00 -1.000000000000e-02
2.374299525626e+00 5.289112493466e+00 -1.000000000000e-02
3.392435841272e+00 1.699956470003e+00 -1.000000000000e-02
3.907381846191e+00 5.296178074310e+00 -1.000000000000e-02
4.102234255966e+00 5.326811732908e+00 -1.000000000000e-02
2.040734980796e+00 5.358910181330e+00 -1.000000000000e-02
5.881853875665e+00 2.754577636195e+00 -1.000000000000e-02
1.475291946575e+00 2.422070559020e+00 -1.000000000000e-02
1.879821812381e+00 5.860870074795e+00 -1.000000000000e-02
2.899581375076e+00 8.622874947140e-01 -1.000000000000e-02
4.618455736032e+00 2.775226926179e+00 -1.000000000000e-02
2.827828418058e+00 5.222985868620e+00 -1.000000000000e-02
4.232661966702e+00 1.607774054516e+00 -1.000000000000e-02
3.536115756103e+00 1.275237042533e+00 -1.000000000000e-02
6.190274537935e-01 2.855108695351e+00 -1.000000000000e-02
3.356989644006e+00 4.724514346545e+00 -1.000000000000e-02
1.029432986287e+00 6.115706366591e+00 -1.000000000000e-02
1.783902554139e+00 3.675567298533e-01 -1.000000000000e-02
3.305946672822e+00 6.163786213641e+00 -1.000000000000e-02
2.937031848149e+00 1.835947254870e+00 -1.000000000000e-02
2.687993725223e+00 7.212860208799e-01 -1.000000000000e-02
4.698440907325e+00 6.135616430784e+00 -1.000000000000e-02
3.046968902930e+00 1.871745487805e+00 -1.000000000000e-02
1.123957284113e+00 1.300225657163e+00 -1.000000000000e-02
5.923532015958e+00 5.334748490735e+00 -1.000000000000e-02
5.492701202966e+00 3.587486152072e+00 -1.000000000000e-02
4.807592822076e+00 5.786266237310e+00 -1.000000000000e-02
4.745906593325e+00 5.896512611291e+00 -1.000000000000e-02
1.770544630261e+00 1.327656861752e+00 -1.000000000000e-02
2.763728796490e+00 2.289281341498e+00 -1.000000000000e-02
3.811109615169e+00 5.514202696861e+00 -1.000000000000e-02
2.686954179903e+00 4.112888971384e+00 -1.000000000000e-02
5.883088520103e+00 2.730479311741e+00 -1.000000000000e-02
3.133758144084e-01 3.234968929872e+00 -1.000000000000e-02
1.141937396376e+00 5.442825686031e+00 -1.000000000000e-02
5.913490731670e+00 4.259520975933e+00 -1.000000000000e-02
