2.346967785844e+00 4.609880818931e+00 1.000000000000e-02
2.371904524849e+00 6.546927395012e+00 1.000000000000e-02
2.404946646135e+00 1.623597612162e+00 1.000000000000e-02
8.220517418173e-01 1.973602718984e+00 1.000000000000e-02
3.679307250891e+00 3.312581075945e+00 1.000000000000e-02
5.999936659184e+00 1.151961522322e+00 1.000000000000e-02
3.114179358577e+00 6.598830770879e-01 1.000000000000e-02
1.419713956818e+00 2.353485208038e+00 1.000000000000e-02
5.161644301710e+00 1.993866729791e+00 1.000000000000e-02
3.813151696748e+00 2.826527958343e+00 1.000000000000e-02
1.582010262770e+00 1.675327229507e+00 1.000000000000e-02
1.951294136632e+00 4.647103861607e+00 1.000000000000e-02
3.478918003988e+00 6.065488375829e+00 1.000000000000e-02
1.662206960831e+00 1.409580314580e+00 1.000000000000e-02
3.227925932527e-01 -1.692767684711e+00 1.000000000000e-02
9.790222083983e-02 4.763953395771e+00 1.000000000000e-02
3.745524326652e+00 2.863521365828e+00 1.000000000000e-02
3.180902216229e-02 7.872144709979e+00 1.000000000000e-02
1.235123951935e+00 8.277827256922e+00 1.000000000000e-02
1.807977154322e+00 4.542478774921e-01 1.000000000000e-02
3.720290552743e+00 8.429644219027e+00 1.000000000000e-02
2.670251128537e-01 -5.720642859817e-01 1.000000000000e-02
2.280007130612e+00 1.728770326745e+00 1.000000000000e-02
4.828477197672e+00 6.454722652725e+00 1.000000000000e-02
2.987807907452e+00 7.352622377495e+00 1.000000000000e-02
1.457419913130e-01 -1.012280050587e+00 1.000000000000e-02
1.063342012901e+00 1.474576877371e-01 1.000000000000e-02
3.570967286893e+00 3.284413236890e+00 1.000000000000e-02
2.615762655725e+00 4.273805230620e+00 1.000000000000e-02
4.008530174020e+00 5.804530049690e+00 1.000000000000e-02
5.966895157989e+00 -1.547595825161e+00 1.000000000000e-02
2.229313231534e-01 6.146582708553e+00 1.000000000000e-02
4.049659462490e+00 5.486206275707e+00 1.000000000000e-02
3.013273992998e+00 4.617052856524e+00 1.000000000000e-02
5.392741529269e+00 5.181672298755e+00 1.000000000000e-02
3.060566863300e+00 1.229164508488e+00 1.000000000000e-02
3.934594444459e+00 2.055397652016e+00 1.000000000000e-02
1.485042512093e+00 5.910146297015e+00 1.000000000000e-02
2.616794367164e+00 6.000481399298e+00 1.000000000000e-02
1.901711797075e+00 -1.041701121824e+00 1.000000000000e-02
5.205555087440e+00 2.116359399148e+00 1.000000000000e-02
2.166094744850e+00 6.048424241883e+00 1.000000000000e-02
1.365438591768e+00 5.992850704738e+00 1.000000000000e-02
1.730106155775e+00 2.876727456456e+00 1.000000000000e-02
2.599068883185e+00 7.661305699451e+00 1.000000000000e-02
1.634318391629e+00 -1.504351831638e+00 1.000000000000e-02
5.798541674924e-02 3.156146249504e+00 1.000000000000e-02
2.818255713532e+00 1.853936298077e+00 1.000000000000e-02
4.557884044626e+00 6.458011977582e+00 1.000000000000e-02
2.238093701656e-01 1.794500851788e+00 1.000000000000e-02
3.448667534705e+00 4.232187381366e+00 -1.000000000000e-02
4.405598577436e-01 -1.391498684460e+00 -1.000000000000e-02
4.086292884428e+00 5.649408288439e+00 -1.000000000000e-02
1.645538071674e+00 7.752664497775e+00 -1.000000000000e-02
2.974903458077e+00 2.418073462814e+00 -1.000000000000e-02
2.338907314284e+00 -1.537166414400e+00 -1.000000000000e-02
2.303898511884e+00 5.763449591573e+00 -1.000000000000e-02
2.241386280705e+00 5.048672327902e+00 -1.000000000000e-02
3.034378028915e+00 7.198313123255e-01 -1.000000000000e-02
2.144750586132e+00 7.097061693238e+00 -1.000000000000e-02
4.645385585390e+00 5.897241729795e+00 -1.000000000000e-02
2.721931233214e+00 1.696290732191e+00 -1.000000000000e-02
1.531668514037e+00 -1.459460095100e+00 -1.000000000000e-02
3.766076506906e+00 5.140245507972e+00 -1.000000000000e-02
4.511455479982e+00 3.149266445703e+00 -1.000000000000e-02
5.414954193119e+00 2.956333826766e+00 -1.000000000000e-02
4.878480063140e+00 1.021757698758e+00 -1.000000000000e-02
2.875966283002e+00 3.292781083783e+00 -1.000000000000e-02
1.511622273668e+00 1.050002769742e+00 -1.000000000000e-02
2.808270383781e+00 4.857472226126e+00 -1.000000000000e-02
2.983340394695e+00 1.797487589987e+00 -1.000000000000e-02
5.824199689394e-01 -1.147998056770e+00 -1.000000000000e-02
4.040503381726e+00 5.679450442878e+00 -1.000000000000e-02
4.492654374299e-01 3.041758626035e+00 -1.000000000000e-02
3.863144893288e+00 5.121984061425e+00 -1.000000000000e-02
6.078677349986e+00 2.857928901400e+00 -1.000000000000e-02
2.088830074057e+00 3.148376398003e+00 -1.000000000000e-02
4.639909869302e+00 8.765497754460e-01 -1.000000000000e-02
5.437865429272e+00 5.436847209510e+00 -1.000000000000e-02
1.566954407882e+00 8.351574837732e+00 -1.000000000000e-02
6.196831888526e-01 4.738572612884e+00 -1.000000000000e-02
5.518014009877e+00 -5.679048592024e-02 -1.000000000000e-02
5.305146955492e+00 -1.402788785006e+00 -1.000000000000e-02
2.314837241689e+00 1.361497973813e+00 -1.000000000000e-02
5.769396232477e+00 8.433598012222e+00 -1.000000000000e-02
4.754249514567e+00 1.573830977731e+00 -1.000000000000e-02
3.920421141885e+00 3.483384151722e+00 -1.000000000000e-02
3.203569452425e+00 6.428030737374e+00 -1.000000000000e-02
8.305690914002e-01 3.038431435455e+00 -1.000000000000e-02
1.102651912661e+00 2.752047918503e+00 -1.000000000000e-02
1.781336813606e+00 5.388003370013e+00 -1.000000000000e-02
1.237008104077e+00 6.841214696127e+00 -1.000000000000e-02
3.705086332861e-01 1.184351907322e+00 -1.000000000000e-02
1.459699485028e+00 3.332851000326e+00 -1.000000000000e-02
2.550802745558e+00 1.019243054324e+00 -1.000000000000e-02
1.954670906012e+00 3.671146480797e+00 -1.000000000000e-02
2.238831131310e+00 3.473252171484e+00 -1.000000000000e-02
5.725695908877e+00 3.450691522553e+00 -1.000000000000e-02
6.086442029662e-01 6.823481553959e+00 -1.000000000000e-02
1.566190089035e+00 5.736130376233e+00 -1.000000000000e-02
