3.008167641584e+00 3.834089633776e+00 1.000000000000e-02
4.236944554969e+00 5.930010541308e+00 1.000000000000e-02
3.334860585955e+00 3.093587838340e+00 1.000000000000e-02
4.829964629246e+00 3.731544960341e+00 1.000000000000e-02
4.991703080905e+00 3.752921310385e+00 1.000000000000e-02
8.346217281711e-01 9.778655347038e-01 1.000000000000e-02
2.894493680144e-02 1.112896736249e+00 1.000000000000e-02
4.230897350096e+00 4.288688545975e+00 1.000000000000e-02
3.840175024917e-03 1.938593760252e+00 1.000000000000e-02
4.845709270036e+00 2.338858239360e+00 1.000000000000e-02
2.483486346624e+00 1.178865679273e+00 1.000000000000e-02
5.334825508834e-01 3.828556374590e+00 1.000000000000e-02
5.750358957468e+00 6.238839697633e+00 1.000000000000e-02
3.020913673728e+00 3.104693075246e+00 1.000000000000e-02
6.870385398679e-01 -4.737040155687e-01 1.000000000000e-02
5.257104707132e+00 2.801249400171e+00 1.000000000000e-02
4.665705354713e+00 3.724225468265e+00 1.000000000000e-02
3.637733311299e-01 8.496352963021e+00 1.000000000000e-02
1.836234244529e+00 7.154930493850e+00 1.000000000000e-02
1.104774935241e+00 -8.673108863200e-01 1.000000000000e-02
5.943035165846e+00 8.087241767806e+00 1.000000000000e-02
4.559996823532e+00 6.678007453298e-01 1.000000000000e-02
4.111884674948e+00 3.970411497980e+00 1.000000000000e-02
5.685928983103e+00 5.633282462193e+00 1.000000000000e-02
1.452044449029e+00 7.572647145001e+00 1.000000000000e-02
9.951072006134e-01 -4.009531585156e-01 1.000000000000e-02
5.350119846465e+00 -3.975726051874e-01 1.000000000000e-02
4.789208452075e+00 3.652182580322e+00 1.000000000000e-02
2.242866578719e-01 3.642808734837e+00 1.000000000000e-02
1.146250728720e+00 7.433054728915e+00 1.000000000000e-02
3.006488147551e+00 1.360677618126e+00 1.000000000000e-02
6.059414799955e+00 7.251254457786e+00 1.000000000000e-02
1.965071168045e+00 4.839229369966e+00 1.000000000000e-02
2.286013620483e+00 3.738998066144e+00 1.000000000000e-02
2.517746980579e+00 5.381906074971e+00 1.000000000000e-02
5.167572086349e+00 2.475552874687e-01 1.000000000000e-02
3.807337207863e+00 1.343504991818e+00 1.000000000000e-02
1.640260269767e+00 6.770716688779e+00 1.000000000000e-02
3.787424897219e+00 5.891751467397e+00 1.000000000000e-02
4.509422339237e+00 1.785725515142e-01 1.000000000000e-02
6.120083737864e-02 1.815947317944e+00 1.000000000000e-02
1.774009973626e+00 6.663333573483e+00 1.000000000000e-02
1.711125910681e+00 6.091810281797e+00 1.000000000000e-02
3.954405311178e+00 2.673414448122e+00 1.000000000000e-02
5.589485822499e+00 7.997065162318e+00 1.000000000000e-02
2.721465446584e+00 -1.773111355273e+00 1.000000000000e-02
4.842462121526e+00 3.165709008828e+00 1.000000000000e-02
3.567090149803e+00 1.549676007656e+00 1.000000000000e-02
5.924377156603e+00 6.475253907799e+00 1.000000000000e-02
1.716752406162e+00 2.317917701959e+00 1.000000000000e-02
2.734792987587e+00 3.612355804256e+00 -1.000000000000e-02
1.649809226147e-01 -5.655843126495e-01 -1.000000000000e-02
1.543903690222e+00 4.911662346871e+00 -1.000000000000e-02
5.644957930941e+00 7.928157212739e+00 -1.000000000000e-02
4.769022733918e+00 4.006660554836e+00 -1.000000000000e-02
5.385900127648e+00 -1.807455624321e+00 -1.000000000000e-02
2.619797377367e+00 5.516765569521e+00 -1.000000000000e-02
3.278417917133e+00 3.918261997772e+00 -1.000000000000e-02
6.050011397105e+00 1.250641429022e+00 -1.000000000000e-02
4.281098520630e+00 6.681900637171e+00 -1.000000000000e-02
6.264109224033e+00 4.929227521696e+00 -1.000000000000e-02
2.673970661848e+00 1.169652758613e+00 -1.000000000000e-02
3.847051445775e+00 7.316658651635e-01 -1.000000000000e-02
1.888350154949e+00 4.700574149292e+00 -1.000000000000e-02
4.999992411100e+00 1.804533523808e+00 -1.000000000000e-02
1.009444646635e+00 2.515173710540e+00 -1.000000000000e-02
6.094325900415e+00 8.971208280691e-01 -1.000000000000e-02
3.112214286175e+00 4.459420231430e+00 -1.000000000000e-02
2.290224377575e+00 2.224972544240e+00 -1.000000000000e-02
1.090130401274e+00 7.436818679510e+00 -1.000000000000e-02
3.798904747679e+00 1.146687049181e+00 -1.000000000000e-02
2.972168908061e+00 1.179105809974e+00 -1.000000000000e-02
1.495271256308e+00 4.885907852236e+00 -1.000000000000e-02
2.938146265128e+00 3.704163490558e+00 -1.000000000000e-02
2.008014602114e+00 4.701178115820e+00 -1.000000000000e-02
2.017122860288e-01 2.350004576064e+00 -1.000000000000e-02
3.472159053058e+00 4.886672299177e+00 -1.000000000000e-02
5.826338175458e+00 1.123891253916e+00 -1.000000000000e-02
7.396970517087e-01 7.081572870491e+00 -1.000000000000e-02
5.500954488317e+00 8.441081280460e+00 -1.000000000000e-02
5.664987551598e+00 2.755039818837e+00 -1.000000000000e-02
2.476961197918e+00 6.017287048423e-01 -1.000000000000e-02
1.166216192049e+00 -7.183316069492e-01 -1.000000000000e-02
3.996737421852e+00 4.346408781125e+00 -1.000000000000e-02
5.799948090183e-01 8.200830439278e+00 -1.000000000000e-02
5.285056587580e-01 3.133075855765e-01 -1.000000000000e-02
5.013257374367e+00 3.911844182953e+00 -1.000000000000e-02
4.918953549353e+00 6.846209240800e+00 -1.000000000000e-02
3.437223154973e+00 4.154523557267e+00 -1.000000000000e-02
4.308416886809e+00 4.621050453349e+00 -1.000000000000e-02
4.447515321714e+00 5.414851337884e+00 -1.000000000000e-02
3.981254320626e+00 7.315445379503e+00 -1.000000000000e-02
1.486759254621e+00 1.029560665696e+00 -1.000000000000e-02
9.248921473841e-01 3.278850841961e+00 -1.000000000000e-02
5.385233469228e+00 -1.530772072194e-01 -1.000000000000e-02
2.195047573008e+00 3.608567002158e+00 -1.000000000000e-02
2.226405692042e-01 3.094990222349e+00 -1.000000000000e-02
4.906363064935e+00 2.640909266795e+00 -1.000000000000e-02
3.416649421522e+00 7.357896594517e+00 -1.000000000000e-02
2.765004481835e+00 5.601522081679e+00 -1.000000000000e-02
