2.049945251524e+00 4.543293559145e+00 1.000000000000e-02
3.698814010017e+00 6.253233475456e+00 1.000000000000e-02
2.060734274076e+00 2.424677191211e+00 1.000000000000e-02
1.367910922583e-01 1.830594970045e+00 1.000000000000e-02
3.364944946718e+00 2.578384831453e+00 1.000000000000e-02
5.454686843704e+00 7.578459850507e-01 1.000000000000e-02
4.148007142001e-01 -4.387314194991e-01 1.000000000000e-02
1.050156013443e-01 2.137739827136e+00 1.000000000000e-02
4.822018264245e+00 1.971185779449e+00 1.000000000000e-02
3.200380011178e+00 3.084799968921e+00 1.000000000000e-02
1.502653432397e+00 1.667438039483e+00 1.000000000000e-02
2.272668854134e+00 4.621598394925e+00 1.000000000000e-02
4.808759790949e+00 5.949922360851e+00 1.000000000000e-02
1.273489197218e+00 1.860899762945e+00 1.000000000000e-02
6.410830387071e-01 -1.466863305918e+00 1.000000000000e-02
8.108050690814e-01 5.024198786311e+00 1.000000000000e-02
3.124592261789e+00 3.097515519097e+00 1.000000000000e-02
2.756468110465e-01 7.813728375123e+00 1.000000000000e-02
4.806393060477e+00 8.399654328061e+00 1.000000000000e-02
8.268828761452e-01 7.319132317790e-01 1.000000000000e-02
1.597767941417e+00 8.437975118185e+00 1.000000000000e-02
4.159466529431e+00 -9.136210635533e-01 1.000000000000e-02
2.111355123636e+00 2.601784102821e+00 1.000000000000e-02
3.337670143108e-01 6.315503080220e+00 1.000000000000e-02
5.153733036104e-01 7.404341872014e+00 1.000000000000e-02
3.786954107850e+00 -9.355465658892e-01 1.000000000000e-02
6.144300825874e+00 6.312091890790e-02 1.000000000000e-02
3.404600412716e+00 2.689466857850e+00 1.000000000000e-02
3.020687889361e+00 4.652926000549e+00 1.000000000000e-02
5.359016089667e+00 5.293834753648e+00 1.000000000000e-02
5.016859820518e+00 -1.726000304701e+00 1.000000000000e-02
1.629200172746e+00 6.378261277800e+00 1.000000000000e-02
5.140499800519e+00 5.451054082580e+00 1.000000000000e-02
2.799797315662e+00 4.479906730340e+00 1.000000000000e-02
5.579874541425e+00 5.174417641871e+00 1.000000000000e-02
2.431891683338e+00 1.152941681118e+00 1.000000000000e-02
3.964707079839e+00 2.051467477276e+00 1.000000000000e-02
2.734413296070e+00 6.291948475900e+00 1.000000000000e-02
4.057269297341e+00 6.244263215468e+00 1.000000000000e-02
4.869017177984e+00 -1.132097280862e+00 1.000000000000e-02
4.900489420180e+00 2.076028381784e+00 1.000000000000e-02
4.385095538696e+00 6.135459064182e+00 1.000000000000e-02
2.911704486218e+00 6.299882329073e+00 1.000000000000e-02
6.121510325822e-01 2.785705213811e+00 1.000000000000e-02
6.037564617256e+00 6.923579317139e+00 1.000000000000e-02
5.916068478470e+00 -1.322200072917e+00 1.000000000000e-02
6.198881350922e+00 3.176348769718e+00 1.000000000000e-02
3.062873090814e+00 2.103863581498e+00 1.000000000000e-02
5.718565002369e-01 6.414732258216e+00 1.000000000000e-02
6.116583112605e+00 1.532401276140e+00 1.000000000000e-02
3.609208449930e+00 4.717772403260e+00 -1.000000000000e-02
2.394859642117e+00 -1.182629679552e+00 -1.000000000000e-02
5.256439890778e+00 5.433007123384e+00 -1.000000000000e-02
6.138565297343e+00 7.283736174929e+00 -1.000000000000e-02
2.556543530017e+00 1.991042905352e+00 -1.000000000000e-02
2.844140886412e+00 -1.686032578758e+00 -1.000000000000e-02
4.445684684068e+00 5.860065282859e+00 -1.000000000000e-02
2.182889692901e+00 5.144106807116e+00 -1.000000000000e-02
3.987997652706e-01 -3.735595169528e-01 -1.000000000000e-02
4.614627967732e+00 6.957191419223e+00 -1.000000000000e-02
2.749529195306e-02 5.597733994854e+00 -1.000000000000e-02
2.501304133903e+00 2.190918624649e+00 -1.000000000000e-02
6.096040010114e+00 -1.250855867680e+00 -1.000000000000e-02
4.652559651530e+00 5.011446415800e+00 -1.000000000000e-02
3.997257631126e+00 3.620648064296e+00 -1.000000000000e-02
4.992874999500e+00 3.304123907969e+00 -1.000000000000e-02
4.133707293884e+00 9.698165984194e-01 -1.000000000000e-02
2.905612154096e+00 2.327911760796e+00 -1.000000000000e-02
1.137314155965e+00 1.194961483616e+00 -1.000000000000e-02
2.417393308597e+00 4.715417641076e+00 -1.000000000000e-02
3.239562535577e+00 2.127249480538e+00 -1.000000000000e-02
3.952584057995e+00 -1.046674523524e+00 -1.000000000000e-02
5.310629575435e+00 5.441957438405e+00 -1.000000000000e-02
3.390373342244e-01 3.392364944047e+00 -1.000000000000e-02
4.587361375073e+00 5.084971766087e+00 -1.000000000000e-02
5.271226907231e+00 2.846122958794e+00 -1.000000000000e-02
1.632023460055e+00 3.334242340463e+00 -1.000000000000e-02
4.420750788612e+00 8.732313195166e-01 -1.000000000000e-02
5.749519397131e+00 5.457041268091e+00 -1.000000000000e-02
5.858312771430e+00 8.464495312189e+00 -1.000000000000e-02
1.304562196087e+00 5.049220161316e+00 -1.000000000000e-02
3.702071155973e+00 -3.621212130190e-01 -1.000000000000e-02
5.482326678756e+00 -1.551684629747e+00 -1.000000000000e-02
2.417840438776e+00 2.392787076546e+00 -1.000000000000e-02
4.005057017444e+00 8.468880086835e+00 -1.000000000000e-02
4.912945050235e+00 9.880024160913e-01 -1.000000000000e-02
3.179946452459e+00 3.746863978300e+00 -1.000000000000e-02
4.544901736094e+00 6.388985367991e+00 -1.000000000000e-02
1.446202056748e-01 2.606647890613e+00 -1.000000000000e-02
6.001304615429e+00 2.481452065252e+00 -1.000000000000e-02
2.801825219143e+00 5.543933249957e+00 -1.000000000000e-02
2.863671743980e+00 6.818104390955e+00 -1.000000000000e-02
5.525893825255e-02 1.187510029342e+00 -1.000000000000e-02
1.364039454391e+00 3.622035998699e+00 -1.000000000000e-02
1.980763822089e+00 1.193687284180e+00 -1.000000000000e-02
2.348412329192e+00 3.198567542512e+00 -1.000000000000e-02
1.608201461099e+00 3.081773632838e+00 -1.000000000000e-02
5.781355577221e+00 3.176436124166e+00 -1.000000000000e-02
3.241813673011e+00 7.055941122683e+00 -1.000000000000e-02
3.333265814033e+00 6.073005496166e+00 -1.000000000000e-02
