5.614485502508e+00 2.668325336638e+00 5.000000000000e-03
4.681521645919e+00 4.309367775296e+00 5.000000000000e-03
3.330269890338e-01 4.304933347041e+00 5.000000000000e-03
3.542302153850e-01 2.493912760428e+00 5.000000000000e-03
1.671553327605e+00 4.108198701552e+00 5.000000000000e-03
7.151798404769e-01 3.156900760357e+00 5.000000000000e-03
5.930728888047e+00 2.851356408888e+00 5.000000000000e-03
4.918040365740e+00 2.844646631374e+00 5.000000000000e-03
5.862570984018e-01 1.101398299166e+00 5.000000000000e-03
4.177247448853e+00 3.062174361211e+00 5.000000000000e-03
5.621597282634e+00 2.621602096052e+00 5.000000000000e-03
2.524393393533e+00 2.015534142889e+00 5.000000000000e-03
3.670771063531e+00 3.767925612459e+00 5.000000000000e-03
6.110887089647e+00 1.930068082733e+00 5.000000000000e-03
5.484140222191e+00 6.909080226632e-01 5.000000000000e-03
3.985304459530e-01 2.825584144486e+00 5.000000000000e-03
8.315248186644e-01 4.254767889426e+00 5.000000000000e-03
2.882357723790e-01 3.966128818802e+00 5.000000000000e-03
2.778844629167e+00 5.468126181844e+00 5.000000000000e-03
6.264223502971e+00 2.778266922642e+00 5.000000000000e-03
4.656778114976e+00 9.190041808296e-01 5.000000000000e-03
1.503363780553e+00 2.568251506427e+00 5.000000000000e-03
4.874148467009e+00 3.182611726520e+00 5.000000000000e-03
4.897425135692e+00 4.358057719419e+00 5.000000000000e-03
4.984118218840e+00 5.130598706190e+00 5.000000000000e-03
6.184928326957e+00 2.437687323913e+00 5.000000000000e-03
5.235950546276e+00 6.996052440085e-01 5.000000000000e-03
5.726544898021e+00 8.247133267237e-01 5.000000000000e-03
5.301718787409e-01 3.549621543024e+00 5.000000000000e-03
3.887282036094e+00 3.369332948102e+00 5.000000000000e-03
7.130693917149e-02 3.166560380702e+00 5.000000000000e-03
3.630524894062e+00 4.418148852418e+00 5.000000000000e-03
6.028879745147e+00 1.925317609661e+00 5.000000000000e-03
2.702777004097e+00 2.498234815337e+00 5.000000000000e-03
5.657152876459e+00 2.031078616428e+00 5.000000000000e-03
5.137971502061e-01 1.066486849551e+00 5.000000000000e-03
5.274692417133e+00 3.362665172054e+00 5.000000000000e-03
1.707936285120e+00 3.020127720210e+00 5.000000000000e-03
4.270502604424e+00 4.777251002993e+00 5.000000000000e-03
1.803515104389e+00 3.321159580622e+00 5.000000000000e-03
6.271404472099e+00 2.160237413631e+00 5.000000000000e-03
1.387443224576e+00 4.986617281291e+00 5.000000000000e-03
5.665410699197e+00 4.857470832939e+00 5.000000000000e-03
6.152150247599e+00 2.424238033158e+00 5.000000000000e-03
4.954545754491e-03 2.653365615841e+00 5.000000000000e-03
4.596300331986e+00 4.883532098680e+00 5.000000000000e-03
6.000543160466e+00 2.392246750046e+00 5.000000000000e-03
3.135755750295e-01 2.519349097606e+00 5.000000000000e-03
3.646985610321e+00 4.879635788879e+00 5.000000000000e-03
5.600008220717e+00 4.044495818042e+00 5.000000000000e-03
7.789999998637e-02 2.779605068436e+00 5.000000000000e-03
5.790539384817e+00 2.622758086270e+00 5.000000000000e-03
8.761060633474e-01 4.149672701584e+00 5.000000000000e-03
4.718482062272e+00 5.471447870611e+00 5.000000000000e-03
5.354225956834e+00 4.820751463360e+00 5.000000000000e-03
2.862680644377e+00 3.027182847218e+00 5.000000000000e-03
6.081651197515e+00 1.313850321902e+00 5.000000000000e-03
4.182671920660e-01 2.920923131364e+00 5.000000000000e-03
4.728501380758e+00 1.673954396985e+00 5.000000000000e-03
6.073048841153e-01 2.662898081790e+00 5.000000000000e-03
1.672314166174e-01 1.233012611617e+00 5.000000000000e-03
4.373157062313e-01 2.259440118552e+00 5.000000000000e-03
1.428301399064e+00 2.429605430790e+00 5.000000000000e-03
5.007869373161e+00 3.182997921240e-01 5.000000000000e-03
5.923066504297e+00 4.923665931586e+00 5.000000000000e-03
4.635745616413e+00 5.650025462609e+00 5.000000000000e-03
9.760312526131e-01 4.288647465082e+00 5.000000000000e-03
5.571165227015e+00 3.582310447878e+00 5.000000000000e-03
8.110113268606e-01 1.025408454108e+00 5.000000000000e-03
1.335077861454e+00 1.591630836629e+00 5.000000000000e-03
5.890687140925e+00 7.155500011946e-01 5.000000000000e-03
5.793865296175e+00 2.846972315617e+00 5.000000000000e-03
4.849190345902e+00 1.886087060053e+00 5.000000000000e-03
1.510191186329e-01 2.287971144350e+00 5.000000000000e-03
1.540437159779e+00 3.570320375669e+00 5.000000000000e-03
2.029660104955e-02 6.274952700149e+00 5.000000000000e-03
6.444135413609e-01 3.677656859480e+00 5.000000000000e-03
4.724518237983e+00 4.333006002510e+00 5.000000000000e-03
2.951775728719e-01 3.015884578012e-01 5.000000000000e-03
1.527699891148e+00 1.344720073772e+00 5.000000000000e-03
4.670631948644e+00 7.023105751862e-01 5.000000000000e-03
1.935521999041e+00 2.417326974522e+00 5.000000000000e-03
9.657849710526e-01 4.443308558739e+00 5.000000000000e-03
1.521960457752e+00 3.666481693590e+00 5.000000000000e-03
6.721105670714e-01 2.588546108358e+00 5.000000000000e-03
4.329558561078e+00 4.672517808950e+00 5.000000000000e-03
4.755862192639e+00 5.584840669427e+00 5.000000000000e-03
2.599280370100e-01 2.946043422045e+00 5.000000000000e-03
3.563353813251e+00 5.688992617086e-01 5.000000000000e-03
5.353601314979e+00 2.901031003961e-01 5.000000000000e-03
4.647874026087e+00 6.527421935990e-01 5.000000000000e-03
3.723516020733e-01 3.789059821331e+00 5.000000000000e-03
4.563655962716e+00 3.778200421613e+00 5.000000000000e-03
5.034407696224e+00 2.239067710642e+00 5.000000000000e-03
6.244868178334e+00 2.435650440519e+00 5.000000000000e-03
4.789458489379e+00 2.963669844215e+00 5.000000000000e-03
2.156553132440e+00 3.694233841968e+00 5.000000000000e-03
6.050240568948e+00 2.610899831612e+00 5.000000000000e-03
1.027155202794e-01 2.994535358292e+00 5.000000000000e-03
3.830363475032e+00 1.376558476670e+00 5.000000000000e-03
4.029801326826e+00 1.461160420917e+00 -5.000000000000e-03
1.078696922853e+00 4.639721468410e+00 -5.000000000000e-03
3.870100213715e+00 5.358306206368e+00 -5.000000000000e-03
1.344196464067e+00 1.158177036066e+00 -5.000000000000e-03
2.554708165710e+00 5.695027037325e+00 -5.000000000000e-03
5.276841432756e+00 5.438604643261e+00 -5.000000000000e-03
1.285459824992e+00 2.060195137148e+00 -5.000000000000e-03
4.108199915869e+00 1.712637463959e+00 -5.000000000000e-03
4.915063186008e+00 1.205065881194e+00 -5.000000000000e-03
1.358040842047e+00 6.007454986753e+00 -5.000000000000e-03
1.901278937971e+00 6.129936706676e+00 -5.000000000000e-03
5.376000028289e+00 5.947263929473e+00 -5.000000000000e-03
5.061444843488e+00 5.366700635425e+00 -5.000000000000e-03
2.377964405309e+00 4.207945463956e+00 -5.000000000000e-03
1.822624527115e+00 4.250949798759e+00 -5.000000000000e-03
5.928664383976e+00 4.692073425396e+00 -5.000000000000e-03
6.404375318518e-01 5.584148388633e+00 -5.000000000000e-03
1.401563776909e+00 5.880783271266e+00 -5.000000000000e-03
2.442883321825e+00 2.277085889613e+00 -5.000000000000e-03
3.135572924882e+00 5.061690352823e+00 -5.000000000000e-03
2.202212623890e+00 5.845522392943e+00 -5.000000000000e-03
5.636318235993e+00 5.309347045064e+00 -5.000000000000e-03
2.810611666281e+00 4.564330226386e+00 -5.000000000000e-03
2.630507089899e+00 2.353875116091e+00 -5.000000000000e-03
2.742044604618e+00 7.517627190140e-01 -5.000000000000e-03
3.818744043769e+00 2.771387185699e+00 -5.000000000000e-03
2.505414024715e+00 5.761283277967e+00 -5.000000000000e-03
2.942114695494e+00 5.831058691168e+00 -5.000000000000e-03
4.779009204773e+00 2.738894019796e-01 -5.000000000000e-03
2.954258499865e+00 7.380813956971e-01 -5.000000000000e-03
1.428163001093e+00 5.397128476455e+00 -5.000000000000e-03
2.142010646312e+00 5.632244681461e+00 -5.000000000000e-03
1.259682880059e+00 3.370091066803e+00 -5.000000000000e-03
1.071252672500e+00 4.684443330386e+00 -5.000000000000e-03
2.575907096565e+00 4.414139525267e+00 -5.000000000000e-03
3.077966599933e+00 6.097357137469e+00 -5.000000000000e-03
2.610795177804e+00 1.530842217437e+00 -5.000000000000e-03
2.218094986754e+00 4.727767376296e+00 -5.000000000000e-03
1.891322397295e+00 5.739561877862e+00 -5.000000000000e-03
6.181468504609e+00 4.970502286642e+00 -5.000000000000e-03
4.369460827207e+00 5.307972234416e+00 -5.000000000000e-03
2.767461554765e+00 1.113750919221e-02 -5.000000000000e-03
9.768104523546e-01 7.654779485784e-01 -5.000000000000e-03
2.204987730628e+00 5.037677644198e+00 -5.000000000000e-03
3.969354179503e+00 4.994737218503e-01 -5.000000000000e-03
3.177872639500e+00 6.148314150898e+00 -5.000000000000e-03
1.560638793222e+00 3.880375797386e+00 -5.000000000000e-03
1.460650524658e+00 6.008511937409e+00 -5.000000000000e-03
4.254946824268e+00 6.057600768972e+00 -5.000000000000e-03
4.569950141672e+00 2.196200518896e+00 -5.000000000000e-03
4.373057580437e-01 5.692353696558e+00 -5.000000000000e-03
1.635450760786e+00 6.193171561346e+00 -5.000000000000e-03
2.228392651668e+00 5.965190870748e+00 -5.000000000000e-03
2.572498653937e+00 4.138810321209e+00 -5.000000000000e-03
3.897853931207e+00 5.792319529728e+00 -5.000000000000e-03
2.769744367383e+00 5.824399047530e+00 -5.000000000000e-03
1.277494912721e+00 4.782436632625e+00 -5.000000000000e-03
3.754909149544e+00 5.955580674097e+00 -5.000000000000e-03
2.036739970009e+00 5.771745994558e+00 -5.000000000000e-03
3.407129920572e+00 6.830757291966e-01 -5.000000000000e-03
5.449749864267e+00 4.184550902833e+00 -5.000000000000e-03
2.571696099624e+00 5.757760658757e+00 -5.000000000000e-03
4.530999174442e+00 1.261087002913e+00 -5.000000000000e-03
2.501023256488e+00 5.903101777058e+00 -5.000000000000e-03
5.041485923266e+00 4.231936781169e+00 -5.000000000000e-03
2.306338876425e+00 5.280301971327e+00 -5.000000000000e-03
6.185449001904e+00 5.149819223175e+00 -5.000000000000e-03
4.599298152831e+00 1.334767808422e+00 -5.000000000000e-03
2.971306275661e+00 5.963513540439e+00 -5.000000000000e-03
2.698550928933e+00 5.618637243553e+00 -5.000000000000e-03
6.026997206386e-01 4.893760201335e+00 -5.000000000000e-03
3.350477850628e+00 6.223812697525e+00 -5.000000000000e-03
3.558726457346e+00 4.241735924130e+00 -5.000000000000e-03
1.062185348138e+00 5.762187702888e+00 -5.000000000000e-03
1.873181607930e+00 5.946808692882e+00 -5.000000000000e-03
5.099120055431e+00 4.786008561599e+00 -5.000000000000e-03
8.968907458638e-01 3.678469239011e+00 -5.000000000000e-03
2.830565076497e+00 5.943446617114e+00 -5.000000000000e-03
7.791656182964e-01 1.438422667126e+00 -5.000000000000e-03
2.282077316277e+00 6.246205111377e+00 -5.000000000000e-03
3.668992721494e+00 1.338251740337e+00 -5.000000000000e-03
6.900167313769e-01 2.184016392881e+00 -5.000000000000e-03
1.546830129818e+00 5.228662130904e+00 -5.000000000000e-03
3.311380325204e+00 5.530157312270e+00 -5.000000000000e-03
2.603633049127e+00 5.136265524530e+00 -5.000000000000e-03
2.541205678684e+00 4.394837243709e+00 -5.000000000000e-03
2.499681909651e+00 5.870176743485e+00 -5.000000000000e-03
2.842848478333e+00 5.226180316008e+00 -5.000000000000e-03
2.906983915408e+00 6.043035390929e+00 -5.000000000000e-03
2.630724247318e+00 5.653801785608e+00 -5.000000000000e-03
1.808346137298e+00 5.072025652711e+00 -5.000000000000e-03
1.909294374440e+00 4.323710958581e+00 -5.000000000000e-03
1.415422842100e+00 5.796571974140e+00 -5.000000000000e-03
6.117447809628e+00 3.562182155885e+00 -5.000000000000e-03
2.924477075817e+00 4.372157616141e+00 -5.000000000000e-03
4.986843413233e-01 5.064609471997e+00 -5.000000000000e-03
5.904126454996e+00 4.999407406999e-01 -5.000000000000e-03
3.850944248072e+00 1.027530144040e-01 -5.000000000000e-03
2.067627034254e+00 5.298475040585e+00 -5.000000000000e-03
2.801953291041e+00 4.079591282848e+00 -5.000000000000e-03
