2.292909036130e+00 4.486122814946e+00 5.000000000000e-03
8.819344358240e-01 1.100301047461e+00 5.000000000000e-03
1.854813827317e+00 5.641431131843e+00 5.000000000000e-03
3.644959050600e+00 7.605143661573e-01 5.000000000000e-03
1.140724601538e+00 2.846834451455e-01 5.000000000000e-03
5.884803346727e+00 4.003421084888e-01 5.000000000000e-03
1.708768964887e-01 9.174115822724e-01 5.000000000000e-03
2.635171322056e+00 4.903847074086e+00 5.000000000000e-03
2.830969119677e+00 3.362342355144e+00 5.000000000000e-03
2.028772167130e+00 2.133568320581e+00 5.000000000000e-03
4.571473147696e+00 3.746878707812e+00 5.000000000000e-03
3.669261470557e+00 5.337209117248e+00 5.000000000000e-03
1.850626984763e+00 3.337302634916e+00 5.000000000000e-03
5.844475780488e+00 4.842504463779e+00 5.000000000000e-03
4.797735424270e+00 4.075617013039e+00 5.000000000000e-03
5.002817298660e+00 3.527200173976e+00 5.000000000000e-03
5.382157017020e+00 3.723190634861e+00 5.000000000000e-03
4.195135395451e+00 3.194764766358e+00 5.000000000000e-03
2.696972132606e+00 5.109098747144e+00 5.000000000000e-03
9.114847298329e-01 6.061412983030e+00 5.000000000000e-03
5.115542101589e+00 3.745756166135e+00 5.000000000000e-03
1.687653825130e+00 5.440366021252e+00 5.000000000000e-03
2.267449600059e+00 4.062927669582e-01 5.000000000000e-03
5.512228091594e+00 3.746150900969e+00 5.000000000000e-03
1.922085800383e+00 3.010080528554e+00 5.000000000000e-03
4.023937361034e+00 1.970446562656e+00 5.000000000000e-03
3.382906720254e-01 1.004017940351e+00 5.000000000000e-03
5.089529497947e+00 1.232002071935e+00 5.000000000000e-03
3.708465276892e+00 6.078815229634e+00 5.000000000000e-03
4.561885352724e+00 3.369475923453e+00 5.000000000000e-03
9.246170546588e-01 8.566314030274e-01 5.000000000000e-03
1.008596596278e+00 6.115780220720e+00 5.000000000000e-03
3.505455125680e+00 6.089190114233e+00 5.000000000000e-03
4.368630695914e-01 2.082433098561e+00 5.000000000000e-03
7.302007698421e-01 3.165323240629e+00 5.000000000000e-03
5.795101424755e+00 4.913746658268e+00 5.000000000000e-03
2.491702996957e+00 2.631536116112e+00 5.000000000000e-03
3.217891354479e+00 2.650301528327e+00 5.000000000000e-03
5.374715063791e+00 3.746015225509e+00 5.000000000000e-03
5.061189041398e+00 4.941407206935e+00 5.000000000000e-03
1.412946433625e+00 9.338304356236e-01 5.000000000000e-03
3.672071380049e+00 5.260606558673e+00 5.000000000000e-03
2.090574304272e+00 3.892798806658e+00 5.000000000000e-03
5.750256867616e+00 1.630545953284e+00 5.000000000000e-03
4.241106039164e-03 4.401689869321e+00 5.000000000000e-03
6.063015150161e+00 1.973037356229e+00 5.000000000000e-03
2.985224533097e+00 2.160977586898e-01 5.000000000000e-03
1.443464989998e+00 2.745044205862e+00 5.000000000000e-03
2.914309030609e+00 2.348038148955e+00 5.000000000000e-03
5.892572626290e+00 8.490130091291e-01 5.000000000000e-03
1.739247141758e-01 6.201875960968e+00 5.000000000000e-03
3.131595641297e+00 5.686989942542e+00 5.000000000000e-03
3.082180094991e+00 6.182810643544e+00 5.000000000000e-03
3.551424189901e+00 6.134359095021e+00 5.000000000000e-03
3.745252477461e+00 2.056648495507e+00 5.000000000000e-03
1.767667505035e+00 1.222301145606e+00 5.000000000000e-03
4.932870550629e+00 4.077266185001e+00 5.000000000000e-03
4.330898191548e+00 4.007565097397e+00 5.000000000000e-03
1.107625565822e+00 5.955182397633e+00 5.000000000000e-03
5.324648920006e+00 5.533901864300e+00 5.000000000000e-03
3.087609563331e+00 3.769101934625e+00 5.000000000000e-03
4.177672770431e+00 6.050647577010e+00 5.000000000000e-03
4.174937169082e+00 2.612792484372e+00 5.000000000000e-03
6.142202819927e+00 1.211565559825e+00 5.000000000000e-03
2.155940360736e+00 2.758948571961e+00 5.000000000000e-03
1.909941439108e+00 5.453907607687e+00 5.000000000000e-03
2.496023800976e+00 1.156670578144e+00 5.000000000000e-03
1.038044145191e+00 5.984570748224e+00 5.000000000000e-03
4.198246890315e+00 5.837349195151e+00 5.000000000000e-03
1.449779142048e+00 1.639592710088e+00 5.000000000000e-03
2.414690111960e+00 1.823617142911e+00 5.000000000000e-03
2.044661767553e+00 3.714079615773e+00 5.000000000000e-03
2.440264948382e+00 4.490399965601e+00 5.000000000000e-03
1.385872934649e+00 1.683196365913e+00 5.000000000000e-03
4.943602827341e+00 3.792303030202e+00 5.000000000000e-03
2.792154718158e-01 1.717505529838e+00 5.000000000000e-03
1.724363662458e+00 6.242051229499e+00 5.000000000000e-03
1.885088458697e+00 6.263967462895e+00 5.000000000000e-03
5.553742202113e+00 1.217973918178e+00 5.000000000000e-03
2.682320893473e+00 5.015121825949e-01 5.000000000000e-03
2.576081681736e+00 2.054620298098e+00 5.000000000000e-03
3.284851097208e+00 3.459167480126e+00 5.000000000000e-03
1.533984138227e+00 3.377661747349e+00 5.000000000000e-03
1.087090907816e+00 2.976162352016e+00 5.000000000000e-03
1.876389066340e-01 6.174646373556e+00 5.000000000000e-03
5.064686767381e+00 3.088701633301e+00 5.000000000000e-03
3.668965617686e+00 2.202686196457e+00 5.000000000000e-03
5.750008864503e+00 2.751238504306e+00 5.000000000000e-03
6.248413626847e+00 4.582128185449e+00 5.000000000000e-03
7.089133011511e-01 3.132151496010e-01 5.000000000000e-03
3.736057942956e+00 5.980210365108e+00 5.000000000000e-03
5.252996857254e+00 4.930581375721e+00 5.000000000000e-03
3.158699051121e+00 5.986006128362e+00 5.000000000000e-03
4.534432188456e+00 1.769173850619e+00 5.000000000000e-03
2.613739294635e+00 3.269740104695e+00 5.000000000000e-03
3.484872940936e+00 2.609340120524e+00 5.000000000000e-03
2.515588864778e+00 4.521354158882e+00 5.000000000000e-03
5.559040789533e+00 5.262162759025e+00 5.000000000000e-03
2.518010407664e+00 6.029653000917e+00 5.000000000000e-03
9.170190681183e-01 1.685411305474e+00 5.000000000000e-03
9.433420480831e-02 2.836100435443e+00 -5.000000000000e-03
6.266388079533e+00 3.993377293634e-01 -5.000000000000e-03
1.309873042799e+00 3.746785785071e+00 -5.000000000000e-03
4.364459684197e+00 1.094854113351e+00 -5.000000000000e-03
3.114018012297e+00 2.788696151993e+00 -5.000000000000e-03
4.762679932497e+00 1.398142069568e+00 -5.000000000000e-03
2.180440512782e+00 5.033441995741e+00 -5.000000000000e-03
2.161279520245e+00 9.670364132528e-01 -5.000000000000e-03
6.164407918202e+00 4.216295468872e-01 -5.000000000000e-03
5.259605296312e+00 5.085633401189e-01 -5.000000000000e-03
1.269819765498e+00 5.041346405459e+00 -5.000000000000e-03
5.580455628442e+00 3.088241327915e+00 -5.000000000000e-03
4.233901579184e-01 5.035599463562e+00 -5.000000000000e-03
4.614235966100e+00 1.021091461764e+00 -5.000000000000e-03
4.325084766550e+00 1.037441332260e+00 -5.000000000000e-03
3.350326181227e+00 1.624842910248e-01 -5.000000000000e-03
4.132728264616e+00 9.948515149509e-01 -5.000000000000e-03
4.468553338619e+00 5.922861535400e+00 -5.000000000000e-03
1.708151666609e+00 4.414137903128e+00 -5.000000000000e-03
9.656870203465e-01 4.492867103540e+00 -5.000000000000e-03
6.749669059111e-01 5.954214218868e+00 -5.000000000000e-03
5.432697910396e+00 1.731769832901e-01 -5.000000000000e-03
9.918641298422e-01 4.686640871599e+00 -5.000000000000e-03
2.787877235591e+00 2.590224821269e+00 -5.000000000000e-03
5.364377140532e+00 4.657954250387e+00 -5.000000000000e-03
7.135430505131e-01 4.870176161078e+00 -5.000000000000e-03
1.125636084210e+00 4.991733033875e+00 -5.000000000000e-03
3.468467585941e+00 9.602574682900e-01 -5.000000000000e-03
1.949494446827e+00 7.208122186973e-01 -5.000000000000e-03
3.645288473725e+00 3.072501573894e+00 -5.000000000000e-03
4.564915795437e+00 1.355212740580e+00 -5.000000000000e-03
3.256221042030e+00 1.670540181884e+00 -5.000000000000e-03
3.896477706328e+00 5.048971500829e+00 -5.000000000000e-03
2.651421150474e-01 2.699620915665e+00 -5.000000000000e-03
4.201347939421e+00 4.964803653959e+00 -5.000000000000e-03
4.579457718930e+00 2.254146053119e+00 -5.000000000000e-03
8.543717306109e-01 5.720186379973e+00 -5.000000000000e-03
4.772611571589e+00 3.539319679650e+00 -5.000000000000e-03
3.376587723759e+00 7.600146458504e-01 -5.000000000000e-03
2.696719542415e+00 1.690970692855e+00 -5.000000000000e-03
3.677280866335e-01 2.609732047664e+00 -5.000000000000e-03
4.636237129816e+00 1.079267706545e+00 -5.000000000000e-03
2.160117822364e+00 3.068962579444e+00 -5.000000000000e-03
4.912782808769e+00 2.457227395839e+00 -5.000000000000e-03
2.069473281586e+00 5.312692729642e+00 -5.000000000000e-03
5.359070902633e+00 4.753919977009e+00 -5.000000000000e-03
2.952468493221e+00 3.148255560046e+00 -5.000000000000e-03
6.087150509991e+00 2.548070764297e-01 -5.000000000000e-03
3.865573682015e+00 3.977446228566e+00 -5.000000000000e-03
1.316456792977e+00 4.313113344173e+00 -5.000000000000e-03
5.416568295987e+00 1.314712160757e+00 -5.000000000000e-03
6.388162010241e-01 1.351275178507e+00 -5.000000000000e-03
5.552188570278e+00 2.623814506763e+00 -5.000000000000e-03
3.230188729334e+00 4.729250909631e+00 -5.000000000000e-03
7.451380119068e-01 2.285401566446e+00 -5.000000000000e-03
4.955008870839e+00 3.760650178175e-01 -5.000000000000e-03
4.346656371143e+00 1.214006011267e+00 -5.000000000000e-03
3.207883036287e+00 6.268899578648e+00 -5.000000000000e-03
4.471402288147e+00 5.356074089528e+00 -5.000000000000e-03
5.740091327153e+00 4.224425762578e+00 -5.000000000000e-03
6.651147830752e-01 5.065186423589e+00 -5.000000000000e-03
2.630393289193e-01 5.236558884862e+00 -5.000000000000e-03
4.546446031248e+00 4.210806156261e-01 -5.000000000000e-03
5.869401755882e+00 1.229741746936e+00 -5.000000000000e-03
3.187517459578e+00 1.693308428631e+00 -5.000000000000e-03
5.249517800802e+00 2.530883539980e+00 -5.000000000000e-03
5.985653367256e+00 1.862936473056e-01 -5.000000000000e-03
6.099356030761e+00 5.301334745887e+00 -5.000000000000e-03
4.804833125208e+00 1.281426627531e+00 -5.000000000000e-03
3.249396890862e+00 3.106329130395e+00 -5.000000000000e-03
1.220096797891e+00 4.796773271283e+00 -5.000000000000e-03
9.906077661022e-01 5.185118228949e+00 -5.000000000000e-03
4.715694727634e+00 1.231813157809e+00 -5.000000000000e-03
2.499697823259e+00 2.406404237325e+00 -5.000000000000e-03
1.663768865249e-01 3.834654400496e+00 -5.000000000000e-03
2.996069705578e+00 6.080638447571e-01 -5.000000000000e-03
4.431553298157e+00 5.337169935496e-01 -5.000000000000e-03
1.003716867963e-01 2.898237354035e+00 -5.000000000000e-03
4.827895384119e+00 3.354157936695e+00 -5.000000000000e-03
7.210699529299e-01 5.140004651108e+00 -5.000000000000e-03
5.425950824550e+00 5.764392629133e+00 -5.000000000000e-03
6.791117664513e-02 5.424703893431e+00 -5.000000000000e-03
3.221557213601e+00 4.826363269477e+00 -5.000000000000e-03
4.627848106201e+00 3.182890330463e+00 -5.000000000000e-03
9.585282567105e-01 4.671219462539e+00 -5.000000000000e-03
5.688638263364e+00 3.675829483245e+00 -5.000000000000e-03
5.096775162144e+00 2.623673847887e+00 -5.000000000000e-03
4.356011612517e+00 5.495823343347e+00 -5.000000000000e-03
2.515643232404e-02 2.723909594366e+00 -5.000000000000e-03
8.790405322706e-01 5.112452225773e+00 -5.000000000000e-03
1.156830361695e-01 5.720534898986e+00 -5.000000000000e-03
3.294012771621e+00 6.242699186687e+00 -5.000000000000e-03
1.192930903971e+00 4.981457103111e+00 -5.000000000000e-03
4.372947443589e+00 9.870063606074e-01 -5.000000000000e-03
9.738488227406e-01 4.877271728364e+00 -5.000000000000e-03
1.878966206136e-01 5.107515015724e+00 -5.000000000000e-03
5.775649102771e+00 1.201010985342e+00 -5.000000000000e-03
6.246616459823e+00 2.992173028415e+00 -5.000000000000e-03
4.525311780712e+00 5.365541405031e+00 -5.000000000000e-03
2.698319265603e+00 4.047584116140e+00 -5.000000000000e-03
