4.364214177028e+00 4.318409607953e+00 5.000000000000e-03
2.776226461805e+00 2.799093105720e+00 5.000000000000e-03
2.655313745960e+00 3.497020235676e+00 5.000000000000e-03
3.593884980892e+00 3.380579909862e+00 5.000000000000e-03
3.029513657681e+00 3.429986137048e-01 5.000000000000e-03
5.215165610731e+00 6.984521159911e-01 5.000000000000e-03
6.059090424717e+00 3.377397584959e+00 5.000000000000e-03
1.101507937021e+00 6.206616950269e+00 5.000000000000e-03
3.887025492402e+00 4.823695361159e+00 5.000000000000e-03
5.762753628356e+00 5.248750068961e+00 5.000000000000e-03
5.594993132380e+00 3.241002475763e+00 5.000000000000e-03
4.119807249853e+00 9.748734899456e-01 5.000000000000e-03
2.695769506317e+00 2.940319612891e-01 5.000000000000e-03
2.728911407657e+00 5.267004035776e+00 5.000000000000e-03
3.659154092381e+00 4.032343568960e+00 5.000000000000e-03
3.237955043503e+00 5.053830049533e+00 5.000000000000e-03
1.438695561690e+00 5.726487200176e-02 5.000000000000e-03
3.786748036067e+00 2.764121849828e+00 5.000000000000e-03
3.204484459584e+00 4.461597712921e+00 5.000000000000e-03
3.591812935945e+00 4.935403787197e+00 5.000000000000e-03
2.926138686213e+00 2.893249600415e+00 5.000000000000e-03
5.213014338630e+00 3.617914421721e+00 5.000000000000e-03
3.564182712115e+00 8.411621803620e-01 5.000000000000e-03
3.091507950382e+00 1.624289468713e+00 5.000000000000e-03
2.536194377404e+00 4.119681624291e+00 5.000000000000e-03
2.186422190568e+00 4.268840017813e+00 5.000000000000e-03
4.054264401923e+00 2.899644432750e+00 5.000000000000e-03
2.281972871778e+00 5.769441068964e-01 5.000000000000e-03
3.425361481041e+00 6.681112979509e-01 5.000000000000e-03
3.225141809034e+00 5.211198394283e+00 5.000000000000e-03
4.374423178775e+00 5.834268392593e+00 5.000000000000e-03
3.132201843030e+00 4.639646647186e+00 5.000000000000e-03
5.061882208451e+00 6.197653628039e+00 5.000000000000e-03
3.688426774722e+00 8.022155696146e-01 5.000000000000e-03
5.906625718292e+00 6.929164671300e-01 5.000000000000e-03
5.201620392562e+00 7.204419858526e-01 5.000000000000e-03
3.814427210339e+00 3.990450013984e+00 5.000000000000e-03
3.193200867704e+00 4.352406893815e+00 5.000000000000e-03
1.192005266986e+00 4.149520772916e-01 5.000000000000e-03
9.252383311954e-01 2.095308263064e-01 5.000000000000e-03
3.248686619120e+00 3.165837739425e+00 5.000000000000e-03
4.132051234014e+00 1.129022840968e+00 5.000000000000e-03
2.616147581973e+00 4.831954285454e+00 5.000000000000e-03
1.799209074514e+00 6.729905389268e-01 5.000000000000e-03
2.931943218164e+00 2.874602319007e+00 5.000000000000e-03
5.782688937147e-01 2.270491763448e+00 5.000000000000e-03
3.020586681688e+00 1.998292116729e+00 5.000000000000e-03
1.284100399261e+00 4.301814654335e+00 5.000000000000e-03
5.429403616195e+00 4.589909806077e+00 5.000000000000e-03
3.102908938805e+00 5.008201779895e+00 5.000000000000e-03
5.118270903645e+00 3.614010445006e+00 5.000000000000e-03
3.625742680490e+00 3.820050889155e+00 5.000000000000e-03
5.845605274872e+00 3.039037647531e-01 5.000000000000e-03
5.997491531204e+00 3.353792027610e+00 5.000000000000e-03
2.424008264854e+00 5.941885134238e+00 5.000000000000e-03
1.753962968282e+00 4.108776907553e+00 5.000000000000e-03
3.962220974185e+00 6.010545313890e+00 5.000000000000e-03
2.356813521965e+00 2.013161879104e+00 5.000000000000e-03
3.741699998079e+00 5.190046802362e+00 5.000000000000e-03
4.747283498062e+00 8.232112817391e-01 5.000000000000e-03
6.077117506732e+00 4.022548133769e+00 5.000000000000e-03
5.761212535191e+00 4.336490576653e-01 5.000000000000e-03
3.844645196246e+00 5.219086792029e+00 5.000000000000e-03
3.339966276651e+00 3.696002164533e+00 5.000000000000e-03
3.790265081114e+00 3.360709386990e+00 5.000000000000e-03
4.006834146687e+00 3.951459235539e+00 5.000000000000e-03
5.357244954936e+00 3.746765174622e+00 5.000000000000e-03
3.365435152634e+00 5.969740888334e+00 5.000000000000e-03
5.844363690222e+00 1.254298891919e-01 5.000000000000e-03
2.931339876776e+00 5.138924713305e+00 5.000000000000e-03
9.405164469741e-01 1.799780105139e-01 5.000000000000e-03
1.472890711507e-01 4.635406438516e+00 5.000000000000e-03
3.751683069549e+00 5.042781339367e+00 5.000000000000e-03
3.791766188009e+00 2.701585660400e+00 5.000000000000e-03
5.373975690143e+00 2.193509901687e+00 5.000000000000e-03
3.778763761089e+00 5.177828684901e+00 5.000000000000e-03
2.775498311942e+00 2.711515433358e-01 5.000000000000e-03
2.926057434667e+00 5.769420639917e+00 5.000000000000e-03
3.815158418037e+00 2.714806590331e+00 5.000000000000e-03
4.195496449894e+00 3.897167298021e+00 5.000000000000e-03
4.801221944723e+00 4.921723109101e+00 5.000000000000e-03
3.309827687957e-01 3.973829263834e+00 5.000000000000e-03
3.403469675588e+00 3.792319476036e+00 5.000000000000e-03
4.903745224896e+00 4.855786246033e-01 5.000000000000e-03
4.054640686844e+00 6.072961923240e+00 5.000000000000e-03
3.496970791860e+00 5.030124786269e+00 5.000000000000e-03
3.310958709816e+00 5.599387056274e+00 5.000000000000e-03
2.780040343271e+00 9.919274693978e-02 5.000000000000e-03
2.970420271847e+00 2.098035001121e-01 5.000000000000e-03
4.948610612832e+00 1.630813914727e+00 5.000000000000e-03
9.705939275232e-01 5.244422800260e+00 5.000000000000e-03
3.539182071028e+00 3.839051809592e+00 5.000000000000e-03
4.757171380218e+00 3.964678234495e+00 5.000000000000e-03
4.305204179109e+00 4.164088962983e+00 5.000000000000e-03
4.316393071581e+00 3.258993520949e+00 5.000000000000e-03
2.890651061105e+00 2.147391135443e-01 5.000000000000e-03
3.218419224508e+00 1.814831584633e-01 5.000000000000e-03
8.930103131324e-01 6.171515859293e+00 5.000000000000e-03
4.877158309426e+00 9.371629100669e-02 5.000000000000e-03
1.716051720802e+00 5.352182401723e+00 5.000000000000e-03
1.092002435907e+00 3.635079360083e+00 -5.000000000000e-03
2.169599186589e+00 4.818413857154e+00 -5.000000000000e-03
1.365431566512e+00 1.920376754956e+00 -5.000000000000e-03
4.988419146831e+00 5.572220595337e+00 -5.000000000000e-03
5.400175684544e+00 3.143914615620e+00 -5.000000000000e-03
1.364740710596e-01 5.979921385394e+00 -5.000000000000e-03
2.082368154181e+00 1.057842624325e+00 -5.000000000000e-03
1.115042308028e+00 5.994043570768e-01 -5.000000000000e-03
5.490360154680e+00 5.807448412146e+00 -5.000000000000e-03
1.401712811074e+00 2.515103948440e+00 -5.000000000000e-03
9.110485790525e-01 1.809474253764e+00 -5.000000000000e-03
4.931376046273e+00 3.061768146134e+00 -5.000000000000e-03
4.007176369386e+00 4.458364870951e+00 -5.000000000000e-03
5.629529415899e+00 5.664727958506e+00 -5.000000000000e-03
8.179125096446e-01 2.612748192431e+00 -5.000000000000e-03
6.530810071996e-01 5.628350925339e+00 -5.000000000000e-03
4.289938554911e+00 2.710708693327e+00 -5.000000000000e-03
7.505047686143e-02 4.712626649489e-01 -5.000000000000e-03
5.348547097341e+00 2.599789989768e+00 -5.000000000000e-03
1.662184577509e+00 2.915624800909e+00 -5.000000000000e-03
5.581556130899e+00 2.357808305478e+00 -5.000000000000e-03
2.459841660862e+00 2.805283466567e+00 -5.000000000000e-03
7.343034619856e-01 5.974168442584e+00 -5.000000000000e-03
1.671626196702e+00 2.711210513421e+00 -5.000000000000e-03
5.621307417761e+00 4.070447075236e+00 -5.000000000000e-03
7.201961555469e-01 1.028470864034e+00 -5.000000000000e-03
3.986444252796e-01 6.018552481248e+00 -5.000000000000e-03
3.575700665897e-01 8.970709418328e-01 -5.000000000000e-03
2.304952807122e+00 2.574359808012e+00 -5.000000000000e-03
5.682070262772e+00 1.974551377986e+00 -5.000000000000e-03
6.199251872983e+00 2.881390489282e-02 -5.000000000000e-03
1.014370781127e-02 1.056436753299e+00 -5.000000000000e-03
6.104714820164e+00 4.474288735616e+00 -5.000000000000e-03
3.794411036011e+00 1.803351936726e+00 -5.000000000000e-03
6.698528600246e-01 2.430779290792e+00 -5.000000000000e-03
1.647325814227e+00 1.535936678865e+00 -5.000000000000e-03
2.028269252586e+00 5.653422858542e-01 -5.000000000000e-03
1.769611562706e+00 2.314560110709e+00 -5.000000000000e-03
1.689014564844e+00 1.982506394958e+00 -5.000000000000e-03
7.146540792058e-01 1.949176829948e+00 -5.000000000000e-03
1.273011095037e+00 3.283132079447e+00 -5.000000000000e-03
5.322901696439e+00 5.691477346117e+00 -5.000000000000e-03
4.869630992830e+00 3.015199091737e+00 -5.000000000000e-03
2.285274811669e+00 1.626756825391e+00 -5.000000000000e-03
6.625418063671e-01 3.635453300641e+00 -5.000000000000e-03
6.250092204171e+00 3.427825002849e+00 -5.000000000000e-03
4.959261308233e+00 1.034713627906e+00 -5.000000000000e-03
5.498914049411e+00 9.302283121541e-01 -5.000000000000e-03
1.258835514694e+00 5.534948718718e+00 -5.000000000000e-03
1.822236430163e+00 4.380183977534e+00 -5.000000000000e-03
1.493465458744e+00 1.811087456471e+00 -5.000000000000e-03
6.127063320238e+00 5.059980319152e+00 -5.000000000000e-03
1.251094482032e-01 6.219642917490e+00 -5.000000000000e-03
4.686339851884e+00 2.683084151337e+00 -5.000000000000e-03
1.809505789488e-01 5.547448683825e+00 -5.000000000000e-03
1.171053908782e+00 1.350992388833e+00 -5.000000000000e-03
5.133502480510e+00 5.265834396896e+00 -5.000000000000e-03
1.790230369657e+00 3.210014451340e+00 -5.000000000000e-03
1.509378938973e+00 1.989384857477e+00 -5.000000000000e-03
1.738359035417e+00 1.577169209736e+00 -5.000000000000e-03
1.373057739257e+00 1.695779353193e+00 -5.000000000000e-03
2.609125140875e+00 1.415771951288e+00 -5.000000000000e-03
9.916691979881e-01 1.747927822958e+00 -5.000000000000e-03
5.461036035654e+00 3.336325348233e+00 -5.000000000000e-03
1.581861271795e+00 5.941464664048e+00 -5.000000000000e-03
4.881126583914e-01 2.675846395755e+00 -5.000000000000e-03
5.393545230414e+00 2.633296343069e+00 -5.000000000000e-03
2.456163825646e+00 2.683265792444e+00 -5.000000000000e-03
6.078799268744e+00 6.154088979525e+00 -5.000000000000e-03
5.883545074840e+00 1.077064613486e+00 -5.000000000000e-03
5.611407568797e+00 1.995052256810e+00 -5.000000000000e-03
1.660354428680e+00 3.149810371409e+00 -5.000000000000e-03
1.161371272941e+00 5.047406505648e+00 -5.000000000000e-03
2.894945385742e-01 6.013739567996e+00 -5.000000000000e-03
1.276046626483e-01 6.076468435453e+00 -5.000000000000e-03
1.402834837960e+00 4.788146088078e+00 -5.000000000000e-03
7.436628123705e-01 2.551928086719e+00 -5.000000000000e-03
2.462084329042e+00 3.580826237217e+00 -5.000000000000e-03
3.069184744322e+00 6.216604607725e+00 -5.000000000000e-03
4.809816967105e+00 2.039393777084e+00 -5.000000000000e-03
1.007183990017e+00 1.912043723996e+00 -5.000000000000e-03
1.477985013068e+00 2.421660770586e+00 -5.000000000000e-03
1.350304931973e+00 3.759914014686e+00 -5.000000000000e-03
1.366186584386e+00 1.882478849074e+00 -5.000000000000e-03
1.839975506145e+00 1.174508264802e+00 -5.000000000000e-03
5.120339547567e+00 2.858061894073e+00 -5.000000000000e-03
2.237202964394e-02 5.633089134652e+00 -5.000000000000e-03
3.607454679328e+00 2.564367652548e+00 -5.000000000000e-03
1.874541127383e+00 2.236615810464e+00 -5.000000000000e-03
1.539621552670e+00 3.319249848871e+00 -5.000000000000e-03
2.874431216660e+00 5.835027007822e-01 -5.000000000000e-03
5.804171432126e+00 5.666377956397e+00 -5.000000000000e-03
1.506250578918e+00 2.947860620560e+00 -5.000000000000e-03
3.101615208405e+00 1.018398728358e+00 -5.000000000000e-03
4.348574504825e+00 2.093163578970e+00 -5.000000000000e-03
1.860576079265e+00 2.199147327095e+00 -5.000000000000e-03
7.440708823303e-01 5.977301168937e+00 -5.000000000000e-03
6.185522962782e+00 1.076079712818e+00 -5.000000000000e-03
2.620635104933e+00 1.313608008715e+00 -5.000000000000e-03
4.873259673459e+00 2.372347401749e+00 -5.000000000000e-03
