4.687875540583e-01 6.201965490046e+00 5.000000000000e-03
2.968469139206e+00 5.012177999863e+00 5.000000000000e-03
5.274517642513e+00 4.428768333323e+00 5.000000000000e-03
3.818469445929e+00 3.951656455156e+00 5.000000000000e-03
3.379725338460e+00 3.459924646658e+00 5.000000000000e-03
1.792844194518e+00 5.771976576117e+00 5.000000000000e-03
5.681074674621e+00 6.169226146247e+00 5.000000000000e-03
1.431553717080e-01 4.556312447116e+00 5.000000000000e-03
3.543246596220e+00 5.925819290110e+00 5.000000000000e-03
2.277905565989e+00 1.409486811724e+00 5.000000000000e-03
2.536676568967e+00 4.345955215922e+00 5.000000000000e-03
2.653485613752e+00 5.462124387679e+00 5.000000000000e-03
4.123326767008e+00 2.571821722291e+00 5.000000000000e-03
3.919926865809e+00 2.798339915976e+00 5.000000000000e-03
4.384351934321e+00 1.385116644197e+00 5.000000000000e-03
3.783125575325e+00 7.763344986037e-02 5.000000000000e-03
2.925604552150e+00 8.184068461918e-01 5.000000000000e-03
3.758307633396e+00 5.944836071368e+00 5.000000000000e-03
4.058545655048e+00 3.250283460702e+00 5.000000000000e-03
2.511769421950e+00 5.556266276765e+00 5.000000000000e-03
3.118368280980e+00 4.963108036856e+00 5.000000000000e-03
2.737253102488e+00 8.111001040742e-01 5.000000000000e-03
2.998243959426e+00 4.116959419332e+00 5.000000000000e-03
1.403171171669e+00 4.178996791992e+00 5.000000000000e-03
5.570265501906e-01 8.406425437713e-01 5.000000000000e-03
4.799590428859e+00 2.417060259913e+00 5.000000000000e-03
4.217693944926e+00 2.237042664208e+00 5.000000000000e-03
5.111586316245e+00 3.809052205969e+00 5.000000000000e-03
2.661473191136e+00 5.077408460234e+00 5.000000000000e-03
3.915380931868e+00 4.809793236440e+00 5.000000000000e-03
2.731265392703e+00 3.198118135149e+00 5.000000000000e-03
2.743615614099e+00 6.279076252523e+00 5.000000000000e-03
1.930156821520e+00 1.155449124368e+00 5.000000000000e-03
2.680361590584e+00 4.751521276711e+00 5.000000000000e-03
3.621834286086e+00 1.547185568457e+00 5.000000000000e-03
1.770522417389e+00 5.785127085169e+00 5.000000000000e-03
3.493200235766e+00 5.350665695434e+00 5.000000000000e-03
4.043388426058e+00 3.357714306269e+00 5.000000000000e-03
4.014901417566e+00 5.572577756624e+00 5.000000000000e-03
2.040748509334e+00 4.479384882797e+00 5.000000000000e-03
4.005130701768e+00 3.722201257280e+00 5.000000000000e-03
2.774664881170e+00 4.120029851132e+00 5.000000000000e-03
5.232603687072e+00 2.684550852555e+00 5.000000000000e-03
1.801818941236e+00 7.598573189748e-01 5.000000000000e-03
3.127245389908e+00 4.980493445828e+00 5.000000000000e-03
5.740477074067e+00 2.708688579219e+00 5.000000000000e-03
3.836290241107e+00 5.036058094644e+00 5.000000000000e-03
2.549270310423e+00 1.661504648387e+00 5.000000000000e-03
4.844630964637e+00 6.061175933373e+00 5.000000000000e-03
3.291236347563e+00 6.237714646578e+00 5.000000000000e-03
2.647638741791e+00 8.042735097392e-01 5.000000000000e-03
2.646885159976e+00 6.216372502671e+00 5.000000000000e-03
1.882648123750e+00 5.698821283303e-01 5.000000000000e-03
1.154035715035e+00 4.766028152023e+00 5.000000000000e-03
4.832762214991e+00 2.042521785200e+00 5.000000000000e-03
4.645150347149e+00 2.308843134565e-01 5.000000000000e-03
4.247180408712e+00 9.593125201375e-01 5.000000000000e-03
1.833819810286e+00 2.484262440226e+00 5.000000000000e-03
3.534844243982e+00 5.346258801755e+00 5.000000000000e-03
1.899876202017e-01 8.076405534910e-01 5.000000000000e-03
1.318269365971e+00 1.897304653149e+00 5.000000000000e-03
4.472869462712e+00 6.198211027036e+00 5.000000000000e-03
3.904909810240e+00 5.835926142268e+00 5.000000000000e-03
4.297764240117e+00 6.030850252772e+00 5.000000000000e-03
3.587683114224e+00 4.253226962988e+00 5.000000000000e-03
4.327907052256e+00 1.279923552799e+00 5.000000000000e-03
5.551964891973e+00 9.640525618155e-01 5.000000000000e-03
2.107102584977e+00 8.707178655039e-01 5.000000000000e-03
1.815587044181e+00 1.018052402014e-01 5.000000000000e-03
3.707530986308e+00 1.520533811643e-01 5.000000000000e-03
2.050531908797e+00 4.510875216874e+00 5.000000000000e-03
1.111501929359e+00 2.710267938769e+00 5.000000000000e-03
3.435227718134e+00 5.201802353100e+00 5.000000000000e-03
3.728256345563e+00 5.928935764653e+00 5.000000000000e-03
2.740146956237e+00 1.187218837392e+00 5.000000000000e-03
3.415150095353e+00 5.260446774699e+00 5.000000000000e-03
4.125603177899e+00 2.660585176182e+00 5.000000000000e-03
3.003482783883e+00 6.265585667016e+00 5.000000000000e-03
1.716186259597e+00 2.096360177996e-01 5.000000000000e-03
4.046332063691e+00 5.727543352837e+00 5.000000000000e-03
2.018359085087e+00 2.455189744008e+00 5.000000000000e-03
4.212990257656e+00 5.096076138491e-01 5.000000000000e-03
2.568801080237e+00 6.271488986806e+00 5.000000000000e-03
2.390164921288e+00 4.254914317616e+00 5.000000000000e-03
4.184923004657e+00 7.904229468337e-01 5.000000000000e-03
3.699309816091e+00 5.052387857579e+00 5.000000000000e-03
3.508150623892e+00 5.606834134716e+00 5.000000000000e-03
4.697580788613e+00 5.578938846308e+00 5.000000000000e-03
4.000385684442e+00 2.177399802320e+00 5.000000000000e-03
4.687484028739e+00 5.164423279493e+00 5.000000000000e-03
9.754983578050e-01 3.904983394267e+00 5.000000000000e-03
2.366075851362e+00 6.204736027709e+00 5.000000000000e-03
3.284753784975e+00 3.936352427658e-01 5.000000000000e-03
2.560999886411e+00 6.079790431126e-01 5.000000000000e-03
1.005814370152e+00 5.696969708183e-01 5.000000000000e-03
4.187707967873e+00 2.563785290249e+00 5.000000000000e-03
4.164110391192e+00 5.864046099538e+00 5.000000000000e-03
2.243349257380e-01 4.616401530674e+00 5.000000000000e-03
1.414784918479e+00 1.506035635227e-04 5.000000000000e-03
3.143372812901e+00 3.051046312403e+00 5.000000000000e-03
7.997348879411e-02 1.280348761401e+00 -5.000000000000e-03
5.105063911313e+00 2.833130429553e+00 -5.000000000000e-03
1.976503154607e-01 2.777540734933e+00 -5.000000000000e-03
1.847461035385e+00 2.877638475036e+00 -5.000000000000e-03
7.903103703632e-01 5.817288075912e+00 -5.000000000000e-03
2.813765657157e+00 2.490820250460e+00 -5.000000000000e-03
4.284595872644e-01 3.271859631074e+00 -5.000000000000e-03
2.169395467812e+00 3.972473640026e+00 -5.000000000000e-03
1.583095995785e+00 3.828104504213e-01 -5.000000000000e-03
5.848410326975e+00 4.996433748953e+00 -5.000000000000e-03
1.181666913506e-01 3.781726855683e+00 -5.000000000000e-03
5.162387775810e+00 4.808042926209e+00 -5.000000000000e-03
4.457143375113e+00 1.742001427539e+00 -5.000000000000e-03
4.767452559168e+00 4.109892930485e+00 -5.000000000000e-03
6.273653205935e+00 3.105612043239e+00 -5.000000000000e-03
5.890530903473e-02 4.462773973003e+00 -5.000000000000e-03
5.283565096615e+00 3.761331235707e+00 -5.000000000000e-03
2.980380507764e+00 2.478441396353e+00 -5.000000000000e-03
4.642398641567e+00 5.387386422147e+00 -5.000000000000e-03
5.627192876530e+00 3.062617407918e+00 -5.000000000000e-03
6.194972026023e+00 6.184058994744e+00 -5.000000000000e-03
1.862610338310e+00 3.512895512257e+00 -5.000000000000e-03
2.850854022800e+00 1.321838332990e+00 -5.000000000000e-03
1.004583177943e-01 2.980543942899e+00 -5.000000000000e-03
4.738815177105e+00 5.295952569377e+00 -5.000000000000e-03
6.235289467077e+00 5.089621807952e+00 -5.000000000000e-03
2.265310237520e+00 3.284137885324e+00 -5.000000000000e-03
1.347986987334e+00 4.008157647622e+00 -5.000000000000e-03
1.523415355097e+00 4.938555292156e+00 -5.000000000000e-03
3.297999857239e+00 1.523059176379e+00 -5.000000000000e-03
5.150287313440e+00 5.833100350960e+00 -5.000000000000e-03
1.566870319191e+00 3.311527851601e+00 -5.000000000000e-03
1.133034740468e+00 2.173667999760e+00 -5.000000000000e-03
5.644362368481e+00 4.385521722843e+00 -5.000000000000e-03
1.793019282347e+00 1.196903873240e+00 -5.000000000000e-03
2.254921957802e-02 3.488801515647e+00 -5.000000000000e-03
5.260321702904e+00 5.129379266434e+00 -5.000000000000e-03
2.632099420867e-01 2.578374637202e+00 -5.000000000000e-03
6.029693275961e+00 2.790970581424e+00 -5.000000000000e-03
2.501345643966e-01 5.438147567944e+00 -5.000000000000e-03
5.777265457754e+00 3.083788891646e+00 -5.000000000000e-03
1.427448898460e+00 5.627737728515e+00 -5.000000000000e-03
5.105259375966e+00 4.858672064577e+00 -5.000000000000e-03
6.172708209169e+00 3.313147847586e+00 -5.000000000000e-03
3.760050418652e+00 1.800464544636e+00 -5.000000000000e-03
5.651939052992e+00 5.494840697116e+00 -5.000000000000e-03
9.173860202430e-01 1.936847943375e+00 -5.000000000000e-03
1.189635645806e-01 9.562987288081e-01 -5.000000000000e-03
4.486532290966e+00 8.398644750374e-02 -5.000000000000e-03
1.666305058570e+00 7.199353843063e-01 -5.000000000000e-03
3.345460004783e-01 1.778261370308e+00 -5.000000000000e-03
8.196552700849e-01 2.615624033128e+00 -5.000000000000e-03
1.038858765368e+00 2.932603732201e+00 -5.000000000000e-03
5.692626686694e-01 6.544892242832e-01 -5.000000000000e-03
1.732484941672e+00 3.432641634782e+00 -5.000000000000e-03
1.799425121225e+00 2.738003940390e+00 -5.000000000000e-03
1.384889582292e+00 5.285142560913e+00 -5.000000000000e-03
6.168068699918e+00 3.425390901372e+00 -5.000000000000e-03
1.662487098767e-02 2.983434955822e+00 -5.000000000000e-03
6.106305901530e+00 2.943584527417e+00 -5.000000000000e-03
3.202862237777e-01 1.619362833463e+00 -5.000000000000e-03
6.069280106843e-01 2.674965045600e+00 -5.000000000000e-03
5.452153013728e+00 2.138569148938e+00 -5.000000000000e-03
2.492696572728e+00 4.671149724004e+00 -5.000000000000e-03
2.695731298432e-02 4.196240529710e+00 -5.000000000000e-03
3.178900003948e-01 2.716314012205e+00 -5.000000000000e-03
1.492963232782e+00 4.823030146005e+00 -5.000000000000e-03
2.345520372767e+00 3.171444932233e+00 -5.000000000000e-03
2.650306018219e+00 3.011660390208e+00 -5.000000000000e-03
6.003207842279e+00 1.675823206460e+00 -5.000000000000e-03
3.293451071964e+00 1.595602416455e+00 -5.000000000000e-03
3.180536427979e-01 3.921577339020e+00 -5.000000000000e-03
1.739931279515e+00 3.159623205104e+00 -5.000000000000e-03
2.612810535896e+00 2.405213371879e+00 -5.000000000000e-03
3.069791846606e+00 2.495803364773e+00 -5.000000000000e-03
5.847071089750e+00 1.866647641560e+00 -5.000000000000e-03
5.821271850828e+00 2.878848524120e+00 -5.000000000000e-03
8.270626527725e-01 1.106028102724e+00 -5.000000000000e-03
4.091560638002e+00 5.308444299838e+00 -5.000000000000e-03
1.612166031687e+00 1.613673969695e+00 -5.000000000000e-03
5.526907106031e+00 2.076066288067e+00 -5.000000000000e-03
5.936580541682e+00 5.089335104765e+00 -5.000000000000e-03
9.227405601997e-03 2.433785050364e+00 -5.000000000000e-03
2.112840441590e-01 2.812186178217e+00 -5.000000000000e-03
5.384223507924e+00 3.108302387307e+00 -5.000000000000e-03
2.026649162859e+00 5.126500763554e+00 -5.000000000000e-03
2.772991213544e+00 2.009067779238e+00 -5.000000000000e-03
5.160929109991e+00 1.216624574239e+00 -5.000000000000e-03
6.070129909740e+00 2.480442382099e+00 -5.000000000000e-03
5.690540611735e-01 1.666478962481e+00 -5.000000000000e-03
4.173316808487e+00 5.287175286893e+00 -5.000000000000e-03
1.678287495982e+00 5.220569544199e+00 -5.000000000000e-03
2.002420743800e+00 2.869959156126e+00 -5.000000000000e-03
3.973160331934e+00 1.159890131147e+00 -5.000000000000e-03
1.913930636890e+00 1.639865835504e+00 -5.000000000000e-03
6.041296389789e+00 2.451819560674e+00 -5.000000000000e-03
2.843308963568e+00 1.314898464288e+00 -5.000000000000e-03
1.850854607694e+00 3.396701272848e+00 -5.000000000000e-03
4.949607739809e-01 1.867062274404e+00 -5.000000000000e-03
3.926578555656e-01 4.385052788755e-01 -5.000000000000e-03
