3.954702916241e+00 1.146465688681e+00 5.000000000000e-03
5.126232041481e+00 3.458236449209e+00 5.000000000000e-03
5.581183756535e+00 4.742882515830e+00 5.000000000000e-03
4.394048105002e+00 4.162231530187e+00 5.000000000000e-03
2.374703782557e+00 4.159117491661e+00 5.000000000000e-03
5.374974021799e+00 5.482454113781e+00 5.000000000000e-03
5.119172470468e+00 4.607521924044e+00 5.000000000000e-03
2.026850017752e+00 2.894240055378e+00 5.000000000000e-03
2.951348429053e+00 3.547532242575e-01 5.000000000000e-03
7.850787990277e-01 5.049009151249e+00 5.000000000000e-03
4.848856811294e+00 3.303732899014e+00 5.000000000000e-03
1.753248589890e-01 4.496094371414e+00 5.000000000000e-03
2.110913966770e+00 5.091608586951e+00 5.000000000000e-03
4.730413277186e+00 4.549115549673e+00 5.000000000000e-03
7.235861223091e-01 4.844284379465e+00 5.000000000000e-03
1.768516252939e+00 4.989464226581e+00 5.000000000000e-03
9.649185005525e-01 1.847043051940e+00 5.000000000000e-03
2.499922071133e+00 4.155448024462e+00 5.000000000000e-03
5.918923492949e-01 3.547318467882e+00 5.000000000000e-03
1.644798752608e+00 3.473274558917e+00 5.000000000000e-03
3.222829904190e+00 2.555729956691e+00 5.000000000000e-03
5.784828352825e+00 5.263203206425e+00 5.000000000000e-03
1.353510928442e+00 3.117818831639e+00 5.000000000000e-03
4.462086208938e+00 5.931216457195e+00 5.000000000000e-03
2.912968932373e+00 3.786999747803e+00 5.000000000000e-03
3.376982841991e+00 3.563020271936e+00 5.000000000000e-03
2.508574338299e+00 6.171914521251e+00 5.000000000000e-03
2.575195668285e+00 4.165233109664e+00 5.000000000000e-03
2.079128753675e+00 4.077678230407e+00 5.000000000000e-03
1.673134655977e+00 2.269121323948e+00 5.000000000000e-03
1.596580087242e+00 6.011160461471e+00 5.000000000000e-03
4.905087549754e+00 4.594428310510e+00 5.000000000000e-03
4.489981550578e+00 5.195770161430e+00 5.000000000000e-03
5.491672600878e+00 6.016250966610e+00 5.000000000000e-03
5.159025338625e+00 2.989286512255e+00 5.000000000000e-03
3.125844735572e+00 5.278857273988e+00 5.000000000000e-03
2.638311033838e+00 3.620901227251e-01 5.000000000000e-03
1.829636353564e+00 4.765260042322e+00 5.000000000000e-03
3.879923639416e-01 4.315295110439e+00 5.000000000000e-03
2.416608735513e+00 2.688699113925e+00 5.000000000000e-03
1.318261304060e+00 4.036639236252e+00 5.000000000000e-03
4.356636856464e+00 6.189382500224e-02 5.000000000000e-03
2.521406601050e+00 5.076951119028e-01 5.000000000000e-03
5.775458381406e-01 5.883769191405e+00 5.000000000000e-03
2.812893764772e+00 1.669572044928e-01 5.000000000000e-03
1.962671766151e+00 5.096901672530e+00 5.000000000000e-03
3.529766492451e+00 6.097665976392e+00 5.000000000000e-03
6.654534637936e-02 2.557906726385e+00 5.000000000000e-03
1.879530494571e+00 5.527036553672e+00 5.000000000000e-03
4.571054855271e+00 5.607570526724e+00 5.000000000000e-03
2.295442544324e+00 5.248423849603e+00 5.000000000000e-03
2.547370137186e+00 5.795491842393e+00 5.000000000000e-03
3.255715839477e+00 4.673189269738e+00 5.000000000000e-03
2.857264810237e+00 5.668853327821e+00 5.000000000000e-03
5.473544805880e+00 5.264149068381e+00 5.000000000000e-03
2.232896477541e+00 3.636992807902e+00 5.000000000000e-03
1.997198313997e+00 4.285714103206e+00 5.000000000000e-03
1.324183883257e+00 5.719516561730e+00 5.000000000000e-03
3.905451816864e+00 4.248217592973e+00 5.000000000000e-03
3.045785032278e+00 2.509650981390e-01 5.000000000000e-03
1.249017247468e+00 2.695658869057e+00 5.000000000000e-03
5.102271620406e+00 3.529871959926e+00 5.000000000000e-03
4.372316799926e+00 5.796293188064e+00 5.000000000000e-03
1.060802037663e+00 5.866798841533e+00 5.000000000000e-03
2.299941179183e+00 5.609678867609e+00 5.000000000000e-03
2.965475788411e+00 1.387820121258e+00 5.000000000000e-03
4.241699771807e+00 4.537003852183e+00 5.000000000000e-03
1.468028825403e+00 1.893476680079e+00 5.000000000000e-03
6.255801343384e+00 5.682170411860e+00 5.000000000000e-03
2.359205354853e+00 2.632852161726e+00 5.000000000000e-03
4.702279512802e+00 5.333033440562e+00 5.000000000000e-03
4.357671720938e+00 5.262027721641e+00 5.000000000000e-03
1.013163925800e+00 5.115936639984e+00 5.000000000000e-03
1.503701319141e+00 1.205314448431e+00 5.000000000000e-03
1.361693330886e+00 9.270402741649e-01 5.000000000000e-03
2.554754912971e+00 7.644815655456e-01 5.000000000000e-03
5.600473785267e+00 4.394341606067e-01 5.000000000000e-03
2.490681185274e+00 5.786844872320e-01 5.000000000000e-03
4.863207517537e+00 4.359776085000e+00 5.000000000000e-03
5.536805223405e+00 9.194448718598e-01 5.000000000000e-03
3.353491139832e+00 5.728514261716e+00 5.000000000000e-03
3.988078266530e+00 2.257415680028e-01 5.000000000000e-03
2.470000681763e+00 5.691630684631e+00 5.000000000000e-03
4.495857317667e+00 4.447482442242e+00 5.000000000000e-03
2.313472861040e+00 5.224573555847e+00 5.000000000000e-03
4.983153712094e-01 1.805549169483e+00 5.000000000000e-03
1.939007445760e+00 1.139643139900e+00 5.000000000000e-03
2.223723892953e+00 3.236384879251e+00 5.000000000000e-03
2.419490644250e+00 2.444956198686e+00 5.000000000000e-03
5.148859115400e+00 3.755320270006e+00 5.000000000000e-03
3.238534746272e+00 1.478385346717e-01 5.000000000000e-03
2.505525476159e+00 4.875626954151e-01 5.000000000000e-03
2.165881364857e+00 2.683506990314e+00 5.000000000000e-03
4.357418545165e+00 4.524748029305e+00 5.000000000000e-03
4.116792155825e+00 6.236595480852e+00 5.000000000000e-03
2.648648248040e+00 1.487253018283e+00 5.000000000000e-03
2.453941592075e+00 7.483019320470e-01 5.000000000000e-03
3.302551297584e+00 4.662283178177e+00 5.000000000000e-03
4.045983097173e+00 5.483037134161e+00 5.000000000000e-03
2.471305676196e+00 5.857705175462e+00 5.000000000000e-03
5.313789531583e+00 2.609971303229e+00 -5.000000000000e-03
1.212456529020e+00 3.591638416260e+00 -5.000000000000e-03
1.521678197309e+00 4.579696171529e-01 -5.000000000000e-03
2.740669920516e-01 2.569749596795e+00 -5.000000000000e-03
5.195261553937e+00 2.537228600799e+00 -5.000000000000e-03
5.425732829176e+00 1.555940730457e+00 -5.000000000000e-03
3.866272993234e+00 2.887115022633e+00 -5.000000000000e-03
5.942359011162e+00 1.478607625755e+00 -5.000000000000e-03
4.974315968199e+00 5.164031842296e+00 -5.000000000000e-03
3.933372675643e+00 4.988602634318e+00 -5.000000000000e-03
5.042664668177e+00 2.617388496038e+00 -5.000000000000e-03
2.525984338216e+00 4.303919286349e+00 -5.000000000000e-03
3.931682594204e+00 8.736724116579e-01 -5.000000000000e-03
5.336680052881e+00 2.594334901030e+00 -5.000000000000e-03
6.748263461258e-01 3.877915977730e+00 -5.000000000000e-03
1.007651108602e+00 1.263131965810e-01 -5.000000000000e-03
3.979097795424e+00 6.780659129857e-01 -5.000000000000e-03
5.371137304348e+00 1.690659552945e+00 -5.000000000000e-03
2.175326575477e-01 9.578521035847e-02 -5.000000000000e-03
3.728058887659e+00 2.869076943098e+00 -5.000000000000e-03
4.089639179515e+00 5.288931209655e+00 -5.000000000000e-03
4.752447432523e+00 2.926118531935e+00 -5.000000000000e-03
2.849184371097e+00 2.322348431703e+00 -5.000000000000e-03
1.718829130724e+00 2.570908703222e+00 -5.000000000000e-03
2.467268900852e-01 3.448170883447e+00 -5.000000000000e-03
6.171896492295e+00 3.999476167485e+00 -5.000000000000e-03
3.836094345644e+00 5.189137728070e+00 -5.000000000000e-03
7.230497082150e-02 3.050313046899e-02 -5.000000000000e-03
4.414850313856e+00 1.725894913469e+00 -5.000000000000e-03
2.071426376180e-01 4.181335345939e+00 -5.000000000000e-03
5.094887237437e+00 2.575028498170e+00 -5.000000000000e-03
5.358511480490e+00 1.658242979983e+00 -5.000000000000e-03
5.011766167910e+00 4.320596286178e+00 -5.000000000000e-03
2.936792307539e+00 5.068239779975e+00 -5.000000000000e-03
5.794763005988e+00 1.501091973853e+00 -5.000000000000e-03
3.913410077948e+00 9.920326762057e-01 -5.000000000000e-03
5.842149354367e+00 3.259000068513e+00 -5.000000000000e-03
4.402046817466e+00 1.344431836567e+00 -5.000000000000e-03
4.963188596911e+00 2.583261025109e+00 -5.000000000000e-03
6.232706000733e-01 3.028694768911e+00 -5.000000000000e-03
1.189224925984e+00 4.250136294928e+00 -5.000000000000e-03
3.436857240365e+00 5.105964948164e+00 -5.000000000000e-03
1.152329989031e+00 5.233201337293e+00 -5.000000000000e-03
2.126453288712e+00 2.169296562054e+00 -5.000000000000e-03
5.486429260224e+00 4.219479225064e+00 -5.000000000000e-03
4.191136999157e+00 3.295237164786e+00 -5.000000000000e-03
1.544775857258e-01 3.926998009013e+00 -5.000000000000e-03
6.085702449614e+00 2.177507718882e+00 -5.000000000000e-03
5.300963175965e+00 1.871585508246e+00 -5.000000000000e-03
6.071377734589e+00 2.874722200459e+00 -5.000000000000e-03
1.042147628978e+00 4.148345133263e+00 -5.000000000000e-03
4.180726546597e+00 4.283444106388e+00 -5.000000000000e-03
5.906017079490e+00 3.640445844590e+00 -5.000000000000e-03
4.252806097657e+00 1.061497012330e+00 -5.000000000000e-03
5.273080136436e+00 2.234554095381e+00 -5.000000000000e-03
2.133093482280e+00 9.007724137891e-02 -5.000000000000e-03
3.545726402216e+00 1.806319182858e+00 -5.000000000000e-03
3.409305934640e+00 3.967694636900e-01 -5.000000000000e-03
5.794637923817e+00 3.507359790227e+00 -5.000000000000e-03
4.196936030760e+00 1.390297076983e+00 -5.000000000000e-03
1.216088232310e+00 3.229344758546e+00 -5.000000000000e-03
5.880545400936e+00 4.799844099049e+00 -5.000000000000e-03
2.337533419940e-01 6.150861836259e+00 -5.000000000000e-03
5.482448360192e+00 3.481454926588e+00 -5.000000000000e-03
4.827497675353e+00 3.748593572866e+00 -5.000000000000e-03
4.473623458177e+00 2.560542599161e+00 -5.000000000000e-03
5.396471922612e+00 4.333890694041e+00 -5.000000000000e-03
2.785678640516e+00 1.357398441736e+00 -5.000000000000e-03
5.014043714495e+00 4.087963515744e+00 -5.000000000000e-03
5.647904078560e+00 2.104213574022e+00 -5.000000000000e-03
3.000671544807e+00 1.746506667233e+00 -5.000000000000e-03
4.759918232120e+00 3.753749537025e+00 -5.000000000000e-03
3.813409123230e+00 5.049208942137e+00 -5.000000000000e-03
1.913547359223e+00 5.879424326054e+00 -5.000000000000e-03
4.853010802269e+00 2.084629120157e+00 -5.000000000000e-03
3.896000922603e+00 4.999512376769e+00 -5.000000000000e-03
1.958173408920e+00 6.171275087370e+00 -5.000000000000e-03
1.487193146438e+00 2.659969364022e+00 -5.000000000000e-03
3.147963077371e+00 6.003256636480e+00 -5.000000000000e-03
2.166186490291e+00 6.110627946240e+00 -5.000000000000e-03
1.046784046019e+00 1.546156169270e+00 -5.000000000000e-03
1.571101744728e+00 2.995664227689e+00 -5.000000000000e-03
3.380407491924e+00 9.297866238538e-01 -5.000000000000e-03
9.026979632577e-01 4.273415097582e+00 -5.000000000000e-03
1.926917342138e+00 5.674749473143e+00 -5.000000000000e-03
5.305044430576e+00 4.144650489996e+00 -5.000000000000e-03
5.099185752564e+00 2.699334587643e+00 -5.000000000000e-03
3.680952363715e+00 3.300877220380e+00 -5.000000000000e-03
3.341044295261e+00 2.169417852820e+00 -5.000000000000e-03
1.749301496158e+00 1.795008002284e+00 -5.000000000000e-03
2.727820258276e-01 3.570311983376e+00 -5.000000000000e-03
5.826508024020e+00 7.183669433826e-01 -5.000000000000e-03
4.892073245145e-01 2.652950187578e-01 -5.000000000000e-03
3.595393300042e+00 5.639181713810e+00 -5.000000000000e-03
6.671311723140e-01 1.283127977096e+00 -5.000000000000e-03
4.094031313088e+00 2.065078466024e+00 -5.000000000000e-03
5.155310053055e+00 1.159402970011e+00 -5.000000000000e-03
1.531567018889e+00 4.841425778005e-01 -5.000000000000e-03
5.352405410379e+00 4.145620420631e+00 -5.000000000000e-03
3.660324149882e+00 5.412081763133e+00 -5.000000000000e-03
