5.455707785664e+00 2.405732103157e+00 5.000000000000e-03
5.583853614812e+00 5.694566250157e+00 5.000000000000e-03
5.193578786662e+00 8.141914162440e-01 5.000000000000e-03
3.547729149207e+00 2.441169412828e+00 5.000000000000e-03
2.395382889801e+00 2.027144160674e+00 5.000000000000e-03
3.946177440634e+00 2.457691752406e+00 5.000000000000e-03
4.578893661880e+00 2.894123690462e+00 5.000000000000e-03
5.165444658479e+00 3.094681808891e+00 5.000000000000e-03
2.967525867783e+00 4.421978111213e+00 5.000000000000e-03
6.038563401782e+00 4.550535151881e+00 5.000000000000e-03
5.360007373323e+00 2.354051445614e+00 5.000000000000e-03
5.148807071546e+00 2.355832424220e+00 5.000000000000e-03
4.414939418457e+00 3.327979247157e+00 5.000000000000e-03
3.998275200037e+00 2.789704751169e+00 5.000000000000e-03
3.362845001874e+00 3.147526209929e+00 5.000000000000e-03
4.705090035042e+00 2.556398531457e+00 5.000000000000e-03
3.204874419184e+00 1.761879125608e-01 5.000000000000e-03
4.701037185698e+00 5.638281780617e-01 5.000000000000e-03
4.674808223422e+00 3.248252083155e+00 5.000000000000e-03
5.424973791339e+00 2.328592916939e+00 5.000000000000e-03
3.561800884665e+00 2.044552713799e+00 5.000000000000e-03
3.230664042559e+00 3.280386612035e+00 5.000000000000e-03
5.523330778034e+00 5.448801846693e+00 5.000000000000e-03
2.661178739796e+00 1.761919318669e+00 5.000000000000e-03
5.308523288900e+00 8.494895051400e-01 5.000000000000e-03
6.100708144108e+00 3.024854603151e+00 5.000000000000e-03
5.801141860443e+00 1.255453827008e+00 5.000000000000e-03
2.249170905819e+00 5.049131220072e+00 5.000000000000e-03
5.205599866224e+00 2.635737898654e+00 5.000000000000e-03
1.982003566047e+00 3.481104702025e+00 5.000000000000e-03
3.626481775616e+00 2.639802053188e+00 5.000000000000e-03
5.332564304139e+00 2.761548277113e+00 5.000000000000e-03
3.557794637575e+00 2.727882187602e+00 5.000000000000e-03
4.618296859222e+00 2.120330914402e+00 5.000000000000e-03
3.912574162353e+00 2.823212059849e+00 5.000000000000e-03
3.472396249858e+00 4.469141939900e-01 5.000000000000e-03
2.734263043839e+00 3.483883579529e+00 5.000000000000e-03
4.008666253085e+00 1.876657920080e+00 5.000000000000e-03
4.253171947318e+00 5.122846876748e+00 5.000000000000e-03
3.719868263609e+00 1.722485701257e+00 5.000000000000e-03
3.983473905321e+00 2.392378872712e+00 5.000000000000e-03
2.896365350288e+00 3.757331304209e+00 5.000000000000e-03
3.609369810347e+00 2.398480229491e+00 5.000000000000e-03
3.088801592190e+00 1.226888172560e+00 5.000000000000e-03
3.093346088112e+00 1.337196065073e+00 5.000000000000e-03
3.370528708882e+00 2.495918965183e+00 5.000000000000e-03
1.463647695757e+00 2.434978959655e+00 5.000000000000e-03
5.524811768216e+00 2.381523465524e+00 5.000000000000e-03
6.029291466630e+00 3.756903243553e+00 5.000000000000e-03
2.967129802483e+00 4.018904528027e+00 5.000000000000e-03
5.457277373924e+00 3.315290407415e+00 5.000000000000e-03
4.073819874301e+00 2.379054869395e+00 5.000000000000e-03
1.556364932752e+00 2.293225090918e+00 5.000000000000e-03
3.570971129272e+00 4.155097237767e+00 5.000000000000e-03
4.891982600629e+00 1.817324501722e+00 5.000000000000e-03
6.192743099986e+00 3.558912837151e-01 5.000000000000e-03
4.342549911601e+00 2.593283293844e+00 5.000000000000e-03
2.199518039430e+00 2.472939176997e+00 5.000000000000e-03
4.839616036854e+00 5.344505480333e+00 5.000000000000e-03
3.872201540623e+00 2.759907257386e+00 5.000000000000e-03
4.642935599186e+00 2.209149748111e+00 5.000000000000e-03
3.987720639328e+00 2.915452820930e+00 5.000000000000e-03
2.069368665485e+00 2.838858079517e+00 5.000000000000e-03
3.467474792348e+00 3.555660835979e+00 5.000000000000e-03
3.305745450551e+00 8.166742834650e-01 5.000000000000e-03
3.294290196651e+00 3.608449470655e-02 5.000000000000e-03
4.102271321861e+00 1.110564346008e+00 5.000000000000e-03
5.403778832071e+00 3.259206215174e+00 5.000000000000e-03
5.096014813127e+00 6.117824406046e+00 5.000000000000e-03
3.963278014632e+00 3.940336161188e-01 5.000000000000e-03
4.774845860941e+00 9.270978345550e-01 5.000000000000e-03
2.455477702878e+00 2.895431865248e+00 5.000000000000e-03
5.952698918018e+00 5.116338494263e+00 5.000000000000e-03
8.987896300356e-01 2.774684913227e+00 5.000000000000e-03
1.272559642791e-01 5.429987037887e-01 5.000000000000e-03
4.845835377500e+00 2.253549806514e+00 5.000000000000e-03
2.459189209227e+00 1.886136466803e+00 5.000000000000e-03
3.109685893491e+00 3.788097224789e+00 5.000000000000e-03
5.700406508556e+00 3.201341824760e+00 5.000000000000e-03
2.455094175927e+00 1.197514725931e+00 5.000000000000e-03
3.783689780447e+00 2.273199653811e+00 5.000000000000e-03
5.465574256179e+00 3.415516086042e+00 5.000000000000e-03
3.385870528194e+00 3.317274943566e+00 5.000000000000e-03
2.414184812168e-02 5.270683945504e-01 5.000000000000e-03
4.411469694413e+00 2.691172651767e+00 5.000000000000e-03
5.081876642247e+00 1.444814730851e+00 5.000000000000e-03
3.397596231881e+00 6.210934808207e+00 5.000000000000e-03
5.699716836251e+00 2.636802861470e+00 5.000000000000e-03
6.252119326538e+00 1.273234135833e+00 5.000000000000e-03
4.573717980921e-01 9.383765284723e-01 5.000000000000e-03
3.643107642981e+00 6.071341796380e-01 5.000000000000e-03
2.562839861512e+00 3.970779789683e+00 5.000000000000e-03
6.068964404359e-01 4.991915260900e+00 5.000000000000e-03
4.616137025637e+00 1.801584687043e+00 5.000000000000e-03
4.798315393785e+00 2.275485078242e+00 5.000000000000e-03
2.958725903394e-01 4.034962025567e+00 5.000000000000e-03
5.363458035472e+00 4.272758030062e+00 5.000000000000e-03
3.847598087962e+00 2.015732619710e-01 5.000000000000e-03
3.443966127102e+00 2.640910414783e+00 5.000000000000e-03
1.193844072337e+00 3.820239382071e+00 5.000000000000e-03
1.600593623252e+00 5.541656508594e+00 -5.000000000000e-03
6.084671598842e+00 1.804646255495e+00 -5.000000000000e-03
1.198975294604e+00 4.210073846386e+00 -5.000000000000e-03
1.570897263674e+00 3.589998772065e-01 -5.000000000000e-03
2.307126296987e+00 5.542523132684e+00 -5.000000000000e-03
5.886130731874e+00 1.484916828600e+00 -5.000000000000e-03
3.652132855120e+00 5.188552476373e+00 -5.000000000000e-03
4.560216664988e+00 1.352335211902e+00 -5.000000000000e-03
9.165581296740e-01 5.439895596910e+00 -5.000000000000e-03
3.654191892963e+00 4.862158370484e+00 -5.000000000000e-03
3.560610480339e-01 5.576558824605e+00 -5.000000000000e-03
1.132496102801e+00 8.308419692936e-01 -5.000000000000e-03
2.171156422119e+00 5.571859497556e+00 -5.000000000000e-03
5.012702335469e+00 5.649209816205e+00 -5.000000000000e-03
8.506344097736e-01 5.784274377975e+00 -5.000000000000e-03
1.766644430920e+00 5.591160084637e+00 -5.000000000000e-03
3.431605827745e+00 4.590689007125e+00 -5.000000000000e-03
3.405783577648e-01 2.946108282893e-01 -5.000000000000e-03
1.418840268511e+00 1.553820442669e+00 -5.000000000000e-03
2.130720718452e+00 2.043149042466e-01 -5.000000000000e-03
1.157653873450e+00 5.791638696412e+00 -5.000000000000e-03
4.076645442118e+00 5.093957892271e+00 -5.000000000000e-03
1.441572413199e+00 6.162277182648e+00 -5.000000000000e-03
4.692739498210e+00 3.831230428780e+00 -5.000000000000e-03
1.077702330632e+00 5.787176413576e+00 -5.000000000000e-03
1.721902618934e+00 1.463860355072e-01 -5.000000000000e-03
3.554811261900e-01 5.532906309017e+00 -5.000000000000e-03
7.143319170849e-01 5.672880522437e+00 -5.000000000000e-03
1.650741649780e+00 1.269665619884e+00 -5.000000000000e-03
1.386655048668e+00 1.180077512495e+00 -5.000000000000e-03
5.862509496126e-01 5.491243302330e+00 -5.000000000000e-03
5.676192542489e-01 4.616330212294e+00 -5.000000000000e-03
4.318041448827e+00 5.645532916646e+00 -5.000000000000e-03
1.080324622997e+00 5.575292687428e+00 -5.000000000000e-03
1.346140584384e+00 5.173554642169e+00 -5.000000000000e-03
5.384808740694e+00 6.159943175532e+00 -5.000000000000e-03
2.996246522337e+00 5.159826219516e+00 -5.000000000000e-03
4.164188913439e+00 1.366162962352e+00 -5.000000000000e-03
2.464287152580e+00 6.162163828676e+00 -5.000000000000e-03
4.726183790554e+00 4.840833196751e+00 -5.000000000000e-03
1.222133622440e+00 6.218290420871e+00 -5.000000000000e-03
3.730752723960e-01 5.625382841805e+00 -5.000000000000e-03
6.146815065314e-01 3.435601179326e-01 -5.000000000000e-03
5.914581086340e+00 6.221249097899e+00 -5.000000000000e-03
2.137366837356e+00 4.092196486122e+00 -5.000000000000e-03
9.890416325505e-01 5.800035432357e+00 -5.000000000000e-03
5.185140069717e-02 1.457973084255e+00 -5.000000000000e-03
4.921798509430e+00 4.183611433987e+00 -5.000000000000e-03
1.453218472849e+00 8.387232261119e-01 -5.000000000000e-03
5.132346718318e+00 1.852819995844e+00 -5.000000000000e-03
3.362492120445e+00 6.197830948466e-01 -5.000000000000e-03
1.283386137506e+00 5.209049165424e+00 -5.000000000000e-03
1.726648637623e+00 3.549264234500e-01 -5.000000000000e-03
5.296203214537e+00 5.075704609421e+00 -5.000000000000e-03
2.710010513841e+00 4.785698578706e+00 -5.000000000000e-03
6.108593667419e+00 5.803696696062e+00 -5.000000000000e-03
1.790188547672e+00 5.388494354440e+00 -5.000000000000e-03
2.657899455235e+00 5.200734473601e+00 -5.000000000000e-03
2.393499678467e-01 1.959630765799e+00 -5.000000000000e-03
1.895960870225e+00 5.319769740652e+00 -5.000000000000e-03
3.576306210528e+00 3.306505448476e+00 -5.000000000000e-03
2.823626951047e-01 5.543416038412e+00 -5.000000000000e-03
3.948253021845e-02 3.660582412447e+00 -5.000000000000e-03
3.458953478282e-01 5.764613580102e+00 -5.000000000000e-03
3.162470715912e+00 5.792135315394e+00 -5.000000000000e-03
3.557340494867e+00 5.708999163619e+00 -5.000000000000e-03
4.992481931983e+00 1.720387154478e+00 -5.000000000000e-03
3.490373873933e+00 9.626068384204e-01 -5.000000000000e-03
2.230147783582e+00 2.418388727683e-01 -5.000000000000e-03
6.271404041254e+00 5.622236233751e+00 -5.000000000000e-03
5.974315418685e-01 4.624810421060e-01 -5.000000000000e-03
2.131658598118e+00 1.414697671137e+00 -5.000000000000e-03
1.719551786821e+00 2.451623462775e+00 -5.000000000000e-03
4.272114979824e-01 3.743110249293e-01 -5.000000000000e-03
1.190236600706e+00 6.192327402711e+00 -5.000000000000e-03
3.957143728453e+00 5.895899718792e+00 -5.000000000000e-03
1.553454179404e+00 6.055561432289e+00 -5.000000000000e-03
5.866958520952e+00 5.266104993562e-01 -5.000000000000e-03
3.570310636614e+00 2.236943882165e+00 -5.000000000000e-03
6.117954863419e+00 2.214778001808e+00 -5.000000000000e-03
3.207565458638e+00 3.445567335194e+00 -5.000000000000e-03
5.011076716912e+00 4.191067993302e+00 -5.000000000000e-03
1.235739085595e+00 5.000396558835e+00 -5.000000000000e-03
1.614455995853e+00 2.767458437743e-01 -5.000000000000e-03
1.510505982216e+00 5.061674088244e+00 -5.000000000000e-03
5.734349162515e+00 6.081609494491e+00 -5.000000000000e-03
3.588262479803e-01 5.734856920329e+00 -5.000000000000e-03
2.549433125458e+00 4.098926041485e+00 -5.000000000000e-03
2.449467676634e+00 4.944209446443e+00 -5.000000000000e-03
1.552927882183e+00 1.027523687306e-01 -5.000000000000e-03
1.458280262775e+00 5.376081003074e+00 -5.000000000000e-03
8.456984834442e-01 4.440367328923e+00 -5.000000000000e-03
4.576681208326e-01 5.739817554571e+00 -5.000000000000e-03
4.690447072749e+00 4.878747471880e+00 -5.000000000000e-03
6.425788898167e-01 5.143039797445e+00 -5.000000000000e-03
1.960692467645e-01 5.613325478004e+00 -5.000000000000e-03
2.271796103293e+00 6.107356254087e+00 -5.000000000000e-03
2.134525353823e-01 3.459167704267e+00 -5.000000000000e-03
3.540404429439e-01 4.682184122848e+00 -5.000000000000e-03
4.300405852524e+00 4.572655016310e+00 -5.000000000000e-03
