5.899823263188e-01 4.099924358209e+00 5.000000000000e-03
6.013494255340e+00 3.040959328915e+00 5.000000000000e-03
3.059439924814e-02 9.457010272091e-01 5.000000000000e-03
2.371275688992e-01 1.415149828569e+00 5.000000000000e-03
6.206791960791e+00 7.812332418916e-01 5.000000000000e-03
4.706560648839e+00 3.179692860479e+00 5.000000000000e-03
1.705456309479e+00 4.981848616665e+00 5.000000000000e-03
4.624327193705e+00 3.423629351345e+00 5.000000000000e-03
1.934805195106e+00 1.023816070745e+00 5.000000000000e-03
1.582537272315e-01 1.440829509983e+00 5.000000000000e-03
2.989078088280e+00 5.805134448532e+00 5.000000000000e-03
6.163792520640e+00 5.082044773817e+00 5.000000000000e-03
1.560994012981e-01 4.657510862029e+00 5.000000000000e-03
2.775659403484e-01 6.054638235613e-01 5.000000000000e-03
2.923903465871e-01 4.485726338104e+00 5.000000000000e-03
2.391775699939e-01 3.563494667414e+00 5.000000000000e-03
1.173061831012e+00 6.012057371931e+00 5.000000000000e-03
3.000070168795e+00 9.165585228733e-01 5.000000000000e-03
6.148265319313e+00 3.016849851472e+00 5.000000000000e-03
5.765298843135e+00 7.972765547265e-01 5.000000000000e-03
3.513532875773e+00 3.866353621690e+00 5.000000000000e-03
2.195338718518e-01 4.431314065431e+00 5.000000000000e-03
6.172856546620e+00 5.262331325164e+00 5.000000000000e-03
4.802754007752e+00 4.988457367362e+00 5.000000000000e-03
6.105434852556e+00 3.409704905620e+00 5.000000000000e-03
4.368606005372e+00 5.224680507010e+00 5.000000000000e-03
6.264092755410e+00 3.810658299685e+00 5.000000000000e-03
2.594965272825e+00 2.561352527295e+00 5.000000000000e-03
1.940577347495e+00 4.394059379884e+00 5.000000000000e-03
1.314367959634e+00 6.244046456833e-01 5.000000000000e-03
5.777254207022e-01 6.118405863913e+00 5.000000000000e-03
5.246624609612e+00 4.594136064140e+00 5.000000000000e-03
5.601809983456e-01 4.409016665831e+00 5.000000000000e-03
5.641460875506e+00 3.923954635539e+00 5.000000000000e-03
4.505313809118e-01 3.459825197708e+00 5.000000000000e-03
2.348738521011e+00 2.957045133049e+00 5.000000000000e-03
5.588698710754e+00 4.880211666534e+00 5.000000000000e-03
6.071174949251e-01 5.483621127938e+00 5.000000000000e-03
4.783589944142e+00 4.790212402302e+00 5.000000000000e-03
6.019852359707e+00 3.178775496094e+00 5.000000000000e-03
6.192672612458e+00 4.100217667099e+00 5.000000000000e-03
3.478217528421e-01 4.801646607285e+00 5.000000000000e-03
5.905226405974e+00 1.537302644844e-01 5.000000000000e-03
4.953009803271e+00 3.974158980043e+00 5.000000000000e-03
1.715730885359e+00 6.783895873971e-01 5.000000000000e-03
1.577204513239e-01 5.092293930311e+00 5.000000000000e-03
4.639291022002e+00 5.075255072160e+00 5.000000000000e-03
5.299287897605e+00 3.700961751919e+00 5.000000000000e-03
1.516110798066e+00 4.703138554557e+00 5.000000000000e-03
1.095860871147e+00 1.572308581189e-01 5.000000000000e-03
3.150399345049e+00 4.967657277497e+00 5.000000000000e-03
5.177567639606e-01 5.982145090289e+00 5.000000000000e-03
5.184138049819e+00 2.460146262128e+00 5.000000000000e-03
2.031877826754e+00 4.419723640586e-01 5.000000000000e-03
8.413867069647e-02 4.507722339948e+00 5.000000000000e-03
5.772096150871e+00 4.690998520598e+00 5.000000000000e-03
4.799208001540e+00 5.154960459304e+00 5.000000000000e-03
5.653714687432e+00 3.603114102146e+00 5.000000000000e-03
2.616675203618e+00 7.517226677363e-01 5.000000000000e-03
6.268634674715e+00 3.151566904710e+00 5.000000000000e-03
1.192289006920e+00 2.240495064754e+00 5.000000000000e-03
5.413375735322e+00 9.673343166530e-01 5.000000000000e-03
4.233796781222e-01 3.458316620719e+00 5.000000000000e-03
1.545921773856e+00 6.063963830883e+00 5.000000000000e-03
6.633955078410e-01 3.498121982126e+00 5.000000000000e-03
6.357688073389e-01 5.139554032053e+00 5.000000000000e-03
5.690753884763e-02 4.584654505097e+00 5.000000000000e-03
5.349637435962e+00 1.044479902622e+00 5.000000000000e-03
1.837798229941e+00 2.279288365295e+00 5.000000000000e-03
9.843421608586e-01 4.440268950664e+00 5.000000000000e-03
5.657818184907e+00 4.744868544388e+00 5.000000000000e-03
2.238012434399e+00 3.020673022325e+00 5.000000000000e-03
5.743858897045e-01 3.657683019417e+00 5.000000000000e-03
4.913231140288e+00 4.547225366489e+00 5.000000000000e-03
2.273702454481e+00 5.308775415614e+00 5.000000000000e-03
1.039823747350e+00 1.292422647471e+00 5.000000000000e-03
4.205996378611e-01 1.256565937765e+00 5.000000000000e-03
1.176895528300e+00 3.250936600386e+00 5.000000000000e-03
6.093213520121e+00 3.493101508903e+00 5.000000000000e-03
1.357825290863e+00 2.420577295375e+00 5.000000000000e-03
3.986079932239e-01 4.412393460187e+00 5.000000000000e-03
1.678909386746e+00 5.423034490821e+00 5.000000000000e-03
1.935635587626e-02 4.786369296824e+00 5.000000000000e-03
7.534722837676e-01 2.596707148357e+00 5.000000000000e-03
6.101356162470e-01 3.879867678387e+00 5.000000000000e-03
2.584854138959e+00 2.730227795671e+00 5.000000000000e-03
1.942513483205e+00 5.792671121017e+00 5.000000000000e-03
5.876913073401e+00 2.127927660639e+00 5.000000000000e-03
2.551075979944e+00 4.644612308014e+00 5.000000000000e-03
1.982258947186e+00 5.802027471157e+00 5.000000000000e-03
5.277181859306e+00 3.539633806440e+00 5.000000000000e-03
5.524046520482e+00 4.938086614770e+00 5.000000000000e-03
1.622509908803e+00 4.955787886346e+00 5.000000000000e-03
6.239334627745e+00 3.751871179196e+00 5.000000000000e-03
5.970756605856e+00 2.982638501845e-01 5.000000000000e-03
1.617299944923e-01 4.476500474217e+00 5.000000000000e-03
1.852607973856e+00 5.117090838862e+00 5.000000000000e-03
1.182975320715e+00 3.800983165794e+00 5.000000000000e-03
4.686977838674e+00 3.781220077648e+00 5.000000000000e-03
5.179565119063e+00 5.713766788786e+00 5.000000000000e-03
5.136342670014e+00 2.747433297475e+00 -5.000000000000e-03
9.904110465656e-01 5.478669301307e+00 -5.000000000000e-03
4.036440070617e+00 1.322949026093e+00 -5.000000000000e-03
2.880771006163e+00 1.860240558957e-01 -5.000000000000e-03
3.999248950810e+00 2.076783095904e+00 -5.000000000000e-03
2.299568612156e+00 4.162914767417e+00 -5.000000000000e-03
2.887048064469e+00 2.475007578072e+00 -5.000000000000e-03
3.428326017719e+00 2.362514809406e+00 -5.000000000000e-03
3.330716659912e+00 5.651494903547e-01 -5.000000000000e-03
2.910518539275e+00 8.045871240917e-01 -5.000000000000e-03
3.113122967000e+00 3.991142404360e-01 -5.000000000000e-03
3.087134973906e+00 7.581655337727e-01 -5.000000000000e-03
3.640859014009e+00 5.727141920071e-01 -5.000000000000e-03
3.456396647808e+00 3.484731606583e+00 -5.000000000000e-03
1.649197402591e+00 6.001064016524e+00 -5.000000000000e-03
5.497101856574e+00 3.725927569896e+00 -5.000000000000e-03
4.056770249825e+00 5.589110863674e+00 -5.000000000000e-03
3.192663303114e+00 2.193895618050e+00 -5.000000000000e-03
4.821515657576e+00 4.077262854755e+00 -5.000000000000e-03
2.882640360442e+00 4.451430437096e+00 -5.000000000000e-03
4.571451936214e+00 1.932892065222e+00 -5.000000000000e-03
4.256330810270e+00 4.285095587830e+00 -5.000000000000e-03
3.466396218392e+00 1.570415351597e+00 -5.000000000000e-03
2.627624506386e+00 1.104037335259e+00 -5.000000000000e-03
1.846620278778e+00 3.534977090043e+00 -5.000000000000e-03
2.900114890500e+00 2.765816588880e+00 -5.000000000000e-03
5.670268712043e+00 2.528940315406e-01 -5.000000000000e-03
5.686699943817e+00 2.685850177038e+00 -5.000000000000e-03
3.684319473921e+00 2.019848675703e-01 -5.000000000000e-03
2.408299949722e+00 1.477715649060e+00 -5.000000000000e-03
3.529420678643e+00 1.158855607277e+00 -5.000000000000e-03
5.149355867018e-02 5.307618340034e+00 -5.000000000000e-03
2.884512789494e+00 5.262838222820e+00 -5.000000000000e-03
5.888233676898e+00 1.099400389526e+00 -5.000000000000e-03
3.840929261139e+00 1.334747390242e+00 -5.000000000000e-03
3.828468134068e+00 2.954680981094e+00 -5.000000000000e-03
3.533142883255e+00 3.863040060367e-01 -5.000000000000e-03
1.367697464834e+00 1.207544117553e+00 -5.000000000000e-03
3.050595728334e+00 2.127295377975e+00 -5.000000000000e-03
3.582234605036e+00 2.269644575218e+00 -5.000000000000e-03
5.442274091366e+00 2.230984730447e+00 -5.000000000000e-03
3.715126856112e+00 9.478292568037e-01 -5.000000000000e-03
3.040125817281e+00 5.542076954938e+00 -5.000000000000e-03
2.731048122387e+00 5.917001039444e+00 -5.000000000000e-03
1.869228726771e+00 4.799129339955e+00 -5.000000000000e-03
3.899582242087e+00 7.097594310491e-01 -5.000000000000e-03
3.236208705148e+00 4.730571436851e-01 -5.000000000000e-03
5.053738229040e+00 5.477301696055e+00 -5.000000000000e-03
1.296939175349e+00 5.655676944530e+00 -5.000000000000e-03
9.628231056703e-01 1.114065851447e+00 -5.000000000000e-03
3.605023977207e+00 1.086861494693e+00 -5.000000000000e-03
4.270167206890e+00 2.292415474898e+00 -5.000000000000e-03
4.252693403393e+00 4.511735102789e+00 -5.000000000000e-03
3.193489221256e+00 7.052045312984e-01 -5.000000000000e-03
2.247430450195e+00 3.570738185209e+00 -5.000000000000e-03
4.411993495507e+00 2.728457798279e+00 -5.000000000000e-03
4.618105276586e+00 1.538072626463e+00 -5.000000000000e-03
5.392758113707e+00 3.577848428280e+00 -5.000000000000e-03
4.092507135998e+00 2.429946268983e+00 -5.000000000000e-03
2.054663490319e+00 2.866773292591e-01 -5.000000000000e-03
3.136362452892e+00 3.217237921620e-01 -5.000000000000e-03
4.659446312239e+00 1.117400132415e+00 -5.000000000000e-03
2.211633250352e+00 3.832523733501e+00 -5.000000000000e-03
2.135617345016e+00 2.571968895108e+00 -5.000000000000e-03
1.018464686119e-01 1.890808396703e+00 -5.000000000000e-03
4.021625312873e+00 1.274759864154e-01 -5.000000000000e-03
2.460478543376e+00 3.463961493770e+00 -5.000000000000e-03
1.730226590872e+00 5.543602578489e+00 -5.000000000000e-03
3.077776189834e+00 6.101096327948e+00 -5.000000000000e-03
3.953858528936e+00 2.212535490178e+00 -5.000000000000e-03
2.376127563251e+00 1.420504041947e+00 -5.000000000000e-03
1.700511014859e-01 1.529614546019e-01 -5.000000000000e-03
5.106182158833e-01 6.782996123925e-01 -5.000000000000e-03
3.694910659898e+00 4.880842410685e+00 -5.000000000000e-03
2.953449622915e+00 1.873762110192e+00 -5.000000000000e-03
5.840771830536e+00 4.085782790767e+00 -5.000000000000e-03
5.263665405333e+00 4.153161465818e-01 -5.000000000000e-03
1.340082909988e+00 5.998259502330e+00 -5.000000000000e-03
2.276464470868e+00 2.459015292360e-01 -5.000000000000e-03
3.661589658995e+00 1.174852987635e+00 -5.000000000000e-03
4.684301844587e+00 3.916080404376e+00 -5.000000000000e-03
5.397990209560e+00 5.513402973845e+00 -5.000000000000e-03
3.604134125981e+00 1.202103833329e+00 -5.000000000000e-03
4.000811246395e+00 1.310575146532e+00 -5.000000000000e-03
1.051263095010e+00 5.230351615081e+00 -5.000000000000e-03
3.302180454156e+00 6.208783177349e+00 -5.000000000000e-03
3.460530084595e+00 9.632008604816e-01 -5.000000000000e-03
4.660031085468e+00 4.101419820663e+00 -5.000000000000e-03
4.082356365105e+00 9.343339989899e-01 -5.000000000000e-03
9.913502066532e-02 2.486108048609e+00 -5.000000000000e-03
1.720972912628e+00 6.143317361102e+00 -5.000000000000e-03
5.318889499240e+00 3.285301485386e+00 -5.000000000000e-03
4.426108368248e+00 5.952625563829e+00 -5.000000000000e-03
3.528319320796e+00 1.704101291860e+00 -5.000000000000e-03
4.336031125452e+00 6.110410837110e+00 -5.000000000000e-03
4.082177676474e+00 9.754042963977e-01 -5.000000000000e-03
4.662316478684e+00 5.972542340225e+00 -5.000000000000e-03
1.892385353926e+00 4.192077458685e+00 -5.000000000000e-03
2.148703132252e+00 5.991219119390e+00 -5.000000000000e-03
6.247461830494e+00 2.641809013624e+00 -5.000000000000e-03
