2.497794184729e+00 5.928461664989e+00 5.000000000000e-03
1.800018577093e+00 4.815467193856e+00 5.000000000000e-03
3.257115631999e+00 2.436557856350e+00 5.000000000000e-03
4.631522883895e+00 4.389925670049e+00 5.000000000000e-03
3.172337846934e+00 5.154149500824e-01 5.000000000000e-03
3.012972491465e+00 2.604574493219e+00 5.000000000000e-03
5.044990195979e+00 9.654006575246e-01 5.000000000000e-03
2.893406309641e+00 3.575373033978e+00 5.000000000000e-03
2.542394866279e+00 6.119567719188e+00 5.000000000000e-03
4.301246885135e+00 2.753191877437e+00 5.000000000000e-03
3.795241866530e+00 6.264189476517e+00 5.000000000000e-03
4.456536328270e+00 3.097103812633e+00 5.000000000000e-03
2.330626973647e+00 9.218917049910e-01 5.000000000000e-03
5.968971888431e+00 1.862921053749e+00 5.000000000000e-03
4.082893449131e+00 5.076586159936e+00 5.000000000000e-03
3.572995800816e+00 3.245147640609e+00 5.000000000000e-03
4.452610307924e+00 4.984494228188e-01 5.000000000000e-03
4.099522400622e+00 4.777708676454e+00 5.000000000000e-03
5.941260707604e-01 2.877189767688e+00 5.000000000000e-03
5.687289759867e+00 3.824476987205e+00 5.000000000000e-03
3.673487155502e+00 4.426147802660e+00 5.000000000000e-03
4.276851676860e+00 1.948317747241e+00 5.000000000000e-03
9.642773013034e-01 3.370968784045e+00 5.000000000000e-03
3.581383516608e+00 2.885147842939e+00 5.000000000000e-03
5.227946635472e+00 4.089506615842e+00 5.000000000000e-03
4.072896377592e+00 3.598720700235e+00 5.000000000000e-03
3.178095872690e+00 3.783253512360e+00 5.000000000000e-03
4.554480529905e+00 2.917882966654e+00 5.000000000000e-03
4.904801994792e+00 4.050075676736e+00 5.000000000000e-03
4.623077884513e+00 3.447207957936e+00 5.000000000000e-03
3.973871563995e+00 5.849077751752e+00 5.000000000000e-03
2.433545524838e+00 2.338910035678e+00 5.000000000000e-03
6.136655386984e+00 3.602966863755e+00 5.000000000000e-03
3.151211177939e+00 1.818734225106e+00 5.000000000000e-03
3.792485617224e+00 4.491191928391e+00 5.000000000000e-03
4.278442673651e+00 4.860212426700e+00 5.000000000000e-03
1.039557348693e+00 6.180509316275e+00 5.000000000000e-03
4.918556848863e+00 3.680790651382e+00 5.000000000000e-03
3.134806865486e+00 2.965044309335e+00 5.000000000000e-03
5.185004001052e+00 4.054337771185e+00 5.000000000000e-03
7.267955756868e-01 1.306904762500e+00 5.000000000000e-03
1.133490323899e+00 4.913281529114e+00 5.000000000000e-03
3.327979928469e+00 1.448478167675e+00 5.000000000000e-03
3.805232280656e+00 4.349015331870e+00 5.000000000000e-03
4.733127714733e+00 4.249831499787e+00 5.000000000000e-03
5.379735664921e+00 4.510429299300e+00 5.000000000000e-03
4.811965567593e+00 4.610973843180e+00 5.000000000000e-03
2.306303352709e+00 4.499205897297e+00 5.000000000000e-03
5.741738500458e+00 1.530734704176e+00 5.000000000000e-03
4.241121800750e+00 8.968555299475e-01 5.000000000000e-03
4.067387327637e+00 2.488771662419e+00 5.000000000000e-03
5.219022639039e+00 3.607666881302e+00 5.000000000000e-03
5.275767779084e+00 4.332477953043e+00 5.000000000000e-03
4.403651422379e+00 4.650562283497e+00 5.000000000000e-03
4.676152388146e+00 4.234302791653e+00 5.000000000000e-03
1.663152224440e+00 2.719176820199e+00 5.000000000000e-03
4.349420419871e+00 2.097417850866e+00 5.000000000000e-03
5.486154198363e+00 4.578001938001e+00 5.000000000000e-03
3.800772575296e+00 2.779453387730e+00 5.000000000000e-03
5.342138802791e+00 4.517821670700e+00 5.000000000000e-03
5.840843836971e+00 2.641951167224e+00 5.000000000000e-03
3.329729656827e+00 3.424311606956e+00 5.000000000000e-03
1.907211944733e+00 5.821191507673e+00 5.000000000000e-03
5.903493612670e+00 5.671744716529e+00 5.000000000000e-03
5.175649128923e+00 5.064906430634e+00 5.000000000000e-03
3.900621150004e+00 5.850482404500e+00 5.000000000000e-03
2.813887823859e+00 4.153308358369e+00 5.000000000000e-03
9.920408701450e-01 5.411562670574e+00 5.000000000000e-03
4.318157297230e+00 4.757167702928e+00 5.000000000000e-03
2.485462218588e+00 3.064875515463e+00 5.000000000000e-03
3.239667184455e+00 6.132900536423e+00 5.000000000000e-03
4.775830213718e+00 4.482009373917e+00 5.000000000000e-03
9.566059926297e-01 6.178751095109e+00 5.000000000000e-03
4.836817153754e+00 1.804786796534e+00 5.000000000000e-03
3.263914531811e+00 2.378793389342e+00 5.000000000000e-03
3.412110160000e+00 4.084462956814e+00 5.000000000000e-03
4.101932354493e+00 3.533224252661e+00 5.000000000000e-03
5.033504033250e+00 1.448676300578e+00 5.000000000000e-03
4.075960928659e+00 3.911366812325e-01 5.000000000000e-03
4.910059794492e+00 3.620416805772e+00 5.000000000000e-03
3.824338994761e+00 2.130561838344e+00 5.000000000000e-03
3.706248159521e+00 5.518070257445e+00 5.000000000000e-03
2.428893536483e+00 5.389732239090e-01 5.000000000000e-03
4.317191076893e+00 2.856434842920e+00 5.000000000000e-03
4.249433216227e+00 1.562353365064e+00 5.000000000000e-03
4.112611307089e+00 4.796203455004e+00 5.000000000000e-03
2.734897516232e+00 8.777861375946e-01 5.000000000000e-03
9.811391084004e-01 2.431259602914e+00 5.000000000000e-03
4.000581136871e+00 3.487413002309e+00 5.000000000000e-03
4.408844422769e+00 7.548876592930e-01 5.000000000000e-03
4.300382093455e+00 1.924644854648e+00 5.000000000000e-03
1.287753510295e-01 4.787744817028e+00 5.000000000000e-03
5.150051310810e+00 3.780281021612e+00 5.000000000000e-03
3.606211145119e+00 4.801091457241e+00 5.000000000000e-03
3.459691452279e+00 4.060917164351e+00 5.000000000000e-03
3.989090137903e+00 5.782085631860e+00 5.000000000000e-03
5.815009380830e+00 4.581748550608e+00 5.000000000000e-03
5.716097097423e+00 4.486906067432e+00 5.000000000000e-03
5.916112142535e+00 4.663498978174e+00 5.000000000000e-03
2.510612687028e+00 5.089917493883e+00 5.000000000000e-03
4.391586129167e+00 2.390320695620e+00 -5.000000000000e-03
4.045793996043e-01 3.304797421115e+00 -5.000000000000e-03
6.181638649263e+00 6.197797497545e+00 -5.000000000000e-03
7.196920331694e-02 4.192638020864e+00 -5.000000000000e-03
3.212683663095e-01 5.794449845358e+00 -5.000000000000e-03
1.562182304462e+00 3.194029485692e+00 -5.000000000000e-03
4.286312443521e+00 2.404235003191e+00 -5.000000000000e-03
1.451677450649e+00 1.772122626828e+00 -5.000000000000e-03
3.049762851044e-01 5.901817645682e+00 -5.000000000000e-03
6.678695029714e-01 5.964126405625e-01 -5.000000000000e-03
5.193018583905e-01 2.445756072867e+00 -5.000000000000e-03
3.723666205390e-02 4.752020171753e-01 -5.000000000000e-03
4.915543696163e+00 5.887199387940e+00 -5.000000000000e-03
2.107712408264e+00 4.853303925306e+00 -5.000000000000e-03
2.864057650143e+00 1.250901143773e+00 -5.000000000000e-03
6.128964115977e-01 4.566364448302e+00 -5.000000000000e-03
1.688613217436e+00 3.013080365206e+00 -5.000000000000e-03
6.463343120321e-01 4.105930804002e-01 -5.000000000000e-03
9.389926897198e-01 2.053971181633e-01 -5.000000000000e-03
3.750191051634e+00 6.489017721026e-01 -5.000000000000e-03
1.932434176610e-01 5.230754828535e-01 -5.000000000000e-03
7.380487165440e-01 7.043449279916e-01 -5.000000000000e-03
4.884892663478e+00 5.785432851607e+00 -5.000000000000e-03
6.302700282377e-01 5.028563141761e-01 -5.000000000000e-03
8.306522262024e-01 3.651855109554e+00 -5.000000000000e-03
3.805887448086e-01 1.323161573566e+00 -5.000000000000e-03
9.251365859657e-01 2.336701028426e-01 -5.000000000000e-03
8.375628536494e-01 3.468884172536e-01 -5.000000000000e-03
3.491793092909e-01 2.357320291509e+00 -5.000000000000e-03
5.550813975353e+00 9.595131632819e-01 -5.000000000000e-03
9.263347025353e-01 3.542116547315e-01 -5.000000000000e-03
3.489923000149e+00 6.467460112978e-01 -5.000000000000e-03
1.734500469962e-01 1.476581930562e+00 -5.000000000000e-03
5.506209236231e+00 5.880858479137e+00 -5.000000000000e-03
5.760979026938e+00 2.793229752216e+00 -5.000000000000e-03
1.586521134417e+00 2.190968844235e+00 -5.000000000000e-03
2.264233797513e+00 1.837962687918e+00 -5.000000000000e-03
4.530838495339e+00 2.674361970613e+00 -5.000000000000e-03
6.354525601936e-01 4.995598744370e-01 -5.000000000000e-03
3.719324957682e+00 1.745136776494e+00 -5.000000000000e-03
4.327306043801e+00 5.732762408793e+00 -5.000000000000e-03
1.540834650088e+00 1.344237175234e+00 -5.000000000000e-03
4.105690196886e+00 9.520819338181e-01 -5.000000000000e-03
7.491999577025e-01 2.043106566990e-01 -5.000000000000e-03
5.331095840027e-01 7.109183505184e-01 -5.000000000000e-03
2.009635142644e+00 1.815710557809e+00 -5.000000000000e-03
8.775671450726e-01 3.608350911341e+00 -5.000000000000e-03
1.459656791308e+00 1.061648972585e+00 -5.000000000000e-03
6.241333490174e+00 2.967096704275e+00 -5.000000000000e-03
2.450333672475e+00 3.562123082396e+00 -5.000000000000e-03
6.311444259743e-01 2.948678857964e-01 -5.000000000000e-03
6.127184691360e+00 2.506222280045e+00 -5.000000000000e-03
4.578896682227e+00 2.268783251149e+00 -5.000000000000e-03
6.140709775796e+00 2.980372458448e+00 -5.000000000000e-03
7.618607605618e-01 4.908151790679e-01 -5.000000000000e-03
4.437455335439e-01 3.666610335457e-01 -5.000000000000e-03
4.298732699491e+00 1.078121915593e+00 -5.000000000000e-03
1.776607685104e+00 3.081239783836e+00 -5.000000000000e-03
5.469595765635e+00 4.507527902578e-01 -5.000000000000e-03
1.109248777003e+00 2.120495787350e+00 -5.000000000000e-03
8.653058745527e-01 1.351392311592e+00 -5.000000000000e-03
5.308899554777e+00 8.271340614182e-01 -5.000000000000e-03
1.197578711549e+00 5.579451341605e+00 -5.000000000000e-03
1.920981416142e-01 1.368248900616e+00 -5.000000000000e-03
3.921913633098e+00 5.829141070596e-01 -5.000000000000e-03
5.807514274291e+00 2.172977610262e+00 -5.000000000000e-03
6.271719485309e-01 2.690715235220e+00 -5.000000000000e-03
5.439827182090e+00 1.953673792182e+00 -5.000000000000e-03
1.862403026379e+00 1.567097822176e+00 -5.000000000000e-03
1.357742846793e+00 1.792684906581e+00 -5.000000000000e-03
2.602826698864e+00 1.929547636668e+00 -5.000000000000e-03
1.700248829397e+00 3.667902788956e+00 -5.000000000000e-03
4.955966210572e+00 5.806207111582e+00 -5.000000000000e-03
5.638625527440e+00 8.711269357294e-01 -5.000000000000e-03
1.409598262531e+00 2.512555758555e+00 -5.000000000000e-03
3.144227539890e-01 6.322028006360e-01 -5.000000000000e-03
1.816003891594e+00 1.081788587314e+00 -5.000000000000e-03
3.046684943005e+00 3.237362269862e+00 -5.000000000000e-03
7.807444134403e-01 1.660760041729e+00 -5.000000000000e-03
5.910860076184e+00 5.493106615434e+00 -5.000000000000e-03
2.285018192099e+00 5.311415226706e+00 -5.000000000000e-03
7.740902869676e-01 1.069560360059e+00 -5.000000000000e-03
7.786389234489e-01 2.539904261738e+00 -5.000000000000e-03
1.992136655472e+00 3.151797460487e+00 -5.000000000000e-03
3.619679428554e-01 6.177450306406e+00 -5.000000000000e-03
1.188494625103e+00 5.931773897509e+00 -5.000000000000e-03
2.768479804831e+00 5.316092814001e+00 -5.000000000000e-03
1.131497375958e+00 3.159171817920e+00 -5.000000000000e-03
5.557005630111e+00 1.329889773765e+00 -5.000000000000e-03
5.022030982914e-01 2.406032654230e+00 -5.000000000000e-03
2.416142479506e+00 1.743591115788e+00 -5.000000000000e-03
2.770640687503e+00 2.564530602707e+00 -5.000000000000e-03
6.393872902346e-01 3.848337945993e+00 -5.000000000000e-03
2.888589537129e+00 1.374411279935e+00 -5.000000000000e-03
5.516959066715e+00 2.656274558909e+00 -5.000000000000e-03
4.689969731019e+00 6.250103048131e-01 -5.000000000000e-03
1.284840934437e+00 2.396102489243e+00 -5.000000000000e-03
2.669216546734e+00 3.610565865501e+00 -5.000000000000e-03
4.525348174670e+00 2.353626859513e+00 -5.000000000000e-03
3.035863295636e+00 1.103048551042e+00 -5.000000000000e-03
