8.045757340507e-01 2.226168837886e+00 5.000000000000e-03
2.726087689017e+00 3.268962661611e+00 5.000000000000e-03
5.111463224173e+00 2.241141413799e+00 5.000000000000e-03
5.953730990354e+00 4.610525126624e+00 5.000000000000e-03
6.247646084887e+00 4.308123645312e+00 5.000000000000e-03
2.638805904325e+00 2.336081722785e+00 5.000000000000e-03
2.054655918501e+00 5.447664246413e+00 5.000000000000e-03
2.486829903149e+00 3.964563051205e+00 5.000000000000e-03
4.492679974087e+00 3.971634314885e+00 5.000000000000e-03
1.736241398658e+00 5.867112117995e+00 5.000000000000e-03
6.154522860459e-01 2.050812901976e+00 5.000000000000e-03
8.349740599151e-01 1.904754380133e+00 5.000000000000e-03
9.515911406700e-01 4.125707931804e+00 5.000000000000e-03
1.621386214045e+00 4.527570655993e+00 5.000000000000e-03
2.548027286254e+00 1.716593465691e+00 5.000000000000e-03
1.223980962341e+00 5.220697191929e+00 5.000000000000e-03
1.373754218926e+00 3.102604687571e+00 5.000000000000e-03
3.892341192746e+00 1.703876649584e+00 5.000000000000e-03
4.457542162391e+00 3.829951523501e+00 5.000000000000e-03
1.549782378597e+00 3.360307446486e+00 5.000000000000e-03
1.281668040545e+00 4.595704554683e+00 5.000000000000e-03
3.060648758015e+00 3.360345850187e+00 5.000000000000e-03
1.732187874898e+00 8.403201989282e-01 5.000000000000e-03
1.252169843432e+00 1.977503188206e+00 5.000000000000e-03
2.568844169808e+00 2.490379625531e+00 5.000000000000e-03
3.776635468100e+00 2.553069312189e+00 5.000000000000e-03
1.470818162569e+00 2.787021455590e+00 5.000000000000e-03
3.164375634670e+00 3.247829847477e+00 5.000000000000e-03
5.262734045126e+00 4.500087973202e+00 5.000000000000e-03
1.255187012551e+00 3.048384461099e+00 5.000000000000e-03
1.611452388813e+00 3.401326464688e+00 5.000000000000e-03
4.847818835478e+00 3.540580857239e+00 5.000000000000e-03
2.284740115801e+00 1.724075953676e+00 5.000000000000e-03
7.985313482399e-01 3.424957688734e+00 5.000000000000e-03
1.791652732079e+00 2.888587142345e+00 5.000000000000e-03
1.309952755962e+00 3.442912562428e+00 5.000000000000e-03
5.480798542602e+00 2.537349331849e+00 5.000000000000e-03
3.518305249130e+00 1.140237719366e+00 5.000000000000e-03
8.365834747850e-01 3.358363609902e+00 5.000000000000e-03
7.932102897657e-01 2.004132637503e+00 5.000000000000e-03
1.913349381167e+00 4.093892441593e+00 5.000000000000e-03
2.949858803743e+00 5.815034047234e+00 5.000000000000e-03
5.772845005171e+00 4.558643654464e+00 5.000000000000e-03
3.800199542154e+00 2.576314640645e+00 5.000000000000e-03
6.553967457888e-01 1.135719879378e+00 5.000000000000e-03
2.130182080472e+00 1.738978815904e+00 5.000000000000e-03
2.444433236781e+00 1.708845645849e+00 5.000000000000e-03
2.111348385291e+00 2.631211731017e+00 5.000000000000e-03
1.122995077726e+00 3.752933830381e+00 5.000000000000e-03
1.908536150953e+00 3.739171928738e+00 5.000000000000e-03
4.181453875004e+00 1.076683475272e+00 5.000000000000e-03
1.456569148791e+00 3.469650852924e+00 5.000000000000e-03
1.687391917081e+00 2.274711191391e+00 5.000000000000e-03
6.191581459213e+00 1.484839983015e+00 5.000000000000e-03
1.614879821380e+00 2.084073205383e+00 5.000000000000e-03
2.339686924100e+00 5.342986945232e+00 5.000000000000e-03
1.206467635747e+00 2.992807572887e+00 5.000000000000e-03
2.358298878896e+00 3.274071588037e+00 5.000000000000e-03
6.308629163507e-01 4.690974878711e+00 5.000000000000e-03
1.940422989252e+00 4.056905908915e+00 5.000000000000e-03
1.973102893755e+00 3.426128103590e+00 5.000000000000e-03
1.257681032286e+00 2.719907454224e+00 5.000000000000e-03
5.656384196981e-01 4.724300564323e+00 5.000000000000e-03
1.730482672883e+00 4.486005751098e+00 5.000000000000e-03
1.545654534952e+00 4.948083676381e+00 5.000000000000e-03
1.311775484907e+00 3.590205843281e+00 5.000000000000e-03
1.033556021385e+00 1.380259658548e-01 5.000000000000e-03
1.797855271141e+00 5.349033635138e+00 5.000000000000e-03
2.456273850044e-01 3.200107901716e+00 5.000000000000e-03
1.660571560362e+00 2.333924162373e+00 5.000000000000e-03
3.197866997573e+00 3.118435581202e+00 5.000000000000e-03
3.740397318377e-01 2.784483846270e+00 5.000000000000e-03
1.404554209571e+00 2.114752588914e+00 5.000000000000e-03
1.278629377055e+00 2.855188778803e+00 5.000000000000e-03
2.194260646320e+00 4.521250126640e-01 5.000000000000e-03
9.357212821913e-01 2.366681244081e+00 5.000000000000e-03
4.625941999500e-01 2.656017318004e+00 5.000000000000e-03
6.262926165767e+00 5.522603797373e+00 5.000000000000e-03
9.673796452673e-01 2.644157060048e+00 5.000000000000e-03
4.311742646946e+00 1.986306355287e+00 5.000000000000e-03
6.166916423939e+00 3.773900871065e+00 5.000000000000e-03
5.017611364890e+00 2.421479855882e+00 5.000000000000e-03
5.365985471403e+00 1.693595245607e+00 5.000000000000e-03
1.911653945197e+00 1.071120955354e+00 5.000000000000e-03
3.444472918403e+00 5.681763458888e-01 5.000000000000e-03
1.710845594879e+00 3.156728246177e+00 5.000000000000e-03
2.057278388479e+00 1.321550010796e-01 5.000000000000e-03
3.337210986102e+00 1.405681534654e+00 5.000000000000e-03
8.411695046428e-01 4.118773646414e+00 5.000000000000e-03
1.119599319407e+00 1.437880810593e+00 5.000000000000e-03
1.921416689941e+00 4.873936234297e+00 5.000000000000e-03
1.804961983357e+00 2.925528195079e+00 5.000000000000e-03
2.793984301613e-01 4.916106126536e-01 5.000000000000e-03
5.837013764544e-01 1.958426530130e+00 5.000000000000e-03
5.954630099359e+00 2.680590722103e+00 5.000000000000e-03
8.719290520056e-01 3.644431171505e+00 5.000000000000e-03
5.742693909245e+00 1.948767489141e+00 5.000000000000e-03
5.456881922343e+00 4.189712129549e+00 5.000000000000e-03
7.048311225962e-01 5.742805227576e+00 5.000000000000e-03
1.592317820207e+00 3.403855840103e+00 5.000000000000e-03
3.623986339062e+00 1.678568552228e+00 -5.000000000000e-03
4.400856407274e+00 5.687615742843e+00 -5.000000000000e-03
5.133576846123e+00 4.719129301232e+00 -5.000000000000e-03
4.896541795270e+00 1.485995289489e-01 -5.000000000000e-03
3.032669469733e+00 4.791560130919e+00 -5.000000000000e-03
3.915636930711e+00 5.429646242228e+00 -5.000000000000e-03
2.348239301471e+00 9.683154847899e-01 -5.000000000000e-03
5.161383158799e+00 6.055338497915e+00 -5.000000000000e-03
5.752881019569e+00 5.210933702877e+00 -5.000000000000e-03
3.790950465677e+00 3.305103863497e+00 -5.000000000000e-03
6.228239402877e+00 2.088380441299e+00 -5.000000000000e-03
4.595460859993e+00 5.076710914886e+00 -5.000000000000e-03
4.628478114125e+00 4.892099728770e+00 -5.000000000000e-03
5.384126110887e+00 1.885060115007e+00 -5.000000000000e-03
4.428037078168e+00 5.318821856175e+00 -5.000000000000e-03
5.346930825023e+00 8.415009257985e-01 -5.000000000000e-03
4.408324983483e+00 6.418531940608e-01 -5.000000000000e-03
5.094627368952e+00 5.052176378559e-01 -5.000000000000e-03
3.036980251149e-01 7.346490053718e-01 -5.000000000000e-03
1.765314571900e+00 4.207611228893e+00 -5.000000000000e-03
4.552334238702e+00 2.741384808683e+00 -5.000000000000e-03
2.501912990298e+00 1.971792309508e+00 -5.000000000000e-03
3.686603667614e+00 2.573023968653e-01 -5.000000000000e-03
2.894075991061e+00 5.688838377861e-01 -5.000000000000e-03
5.317093814416e+00 5.659455461919e+00 -5.000000000000e-03
5.395786395559e+00 1.954572651969e+00 -5.000000000000e-03
2.585582104439e+00 5.359957774683e+00 -5.000000000000e-03
4.077502980501e+00 5.191558830628e+00 -5.000000000000e-03
3.422941258871e+00 1.714492814981e+00 -5.000000000000e-03
2.721166145298e+00 5.362964351333e+00 -5.000000000000e-03
9.977733874751e-02 6.190133117712e-01 -5.000000000000e-03
4.820279909865e+00 1.236856395682e+00 -5.000000000000e-03
5.020481405116e+00 4.753862845924e+00 -5.000000000000e-03
3.565145671448e+00 9.432142521461e-01 -5.000000000000e-03
4.574825690013e+00 1.467072204564e+00 -5.000000000000e-03
3.997026414967e+00 5.790069039926e+00 -5.000000000000e-03
4.887796553784e+00 5.427835499488e+00 -5.000000000000e-03
5.324844659486e-01 4.049639842819e+00 -5.000000000000e-03
3.389784771011e+00 5.390784385309e+00 -5.000000000000e-03
4.638932890408e+00 6.052622463047e+00 -5.000000000000e-03
5.428317834633e+00 2.890425354925e+00 -5.000000000000e-03
4.221542650740e+00 5.796869915059e+00 -5.000000000000e-03
3.946112235185e+00 6.162582879356e+00 -5.000000000000e-03
6.225335951252e+00 7.191420349139e-01 -5.000000000000e-03
4.818122003211e+00 4.076290759389e+00 -5.000000000000e-03
5.851070083883e+00 3.771226848118e+00 -5.000000000000e-03
4.214828911121e+00 2.138845004831e-01 -5.000000000000e-03
3.921826168540e+00 4.748526008827e+00 -5.000000000000e-03
4.452203140662e+00 5.376853612203e+00 -5.000000000000e-03
4.771666615730e+00 2.451387335551e+00 -5.000000000000e-03
4.773269799483e+00 2.133941609823e-01 -5.000000000000e-03
4.304666206201e+00 5.573430531657e+00 -5.000000000000e-03
4.140552328298e+00 3.868257677023e+00 -5.000000000000e-03
5.384540253884e+00 4.355873767277e+00 -5.000000000000e-03
4.480989307177e+00 5.571812090943e+00 -5.000000000000e-03
4.215551794378e+00 6.172758614962e+00 -5.000000000000e-03
3.681909562752e+00 3.804933567440e+00 -5.000000000000e-03
4.648222465914e+00 5.129414591469e+00 -5.000000000000e-03
1.426569471555e+00 4.335769705821e+00 -5.000000000000e-03
5.593178610578e+00 2.874793035970e+00 -5.000000000000e-03
6.179049737539e-02 1.226453485273e-01 -5.000000000000e-03
4.485587519516e+00 5.232879951252e+00 -5.000000000000e-03
5.103382874211e+00 6.086792277074e+00 -5.000000000000e-03
4.646882968218e+00 5.916112015048e+00 -5.000000000000e-03
3.226315461268e-01 9.398741452550e-01 -5.000000000000e-03
1.488382630422e+00 1.276854702858e+00 -5.000000000000e-03
1.536704797273e+00 5.961177152876e+00 -5.000000000000e-03
6.270485837004e+00 2.521324582264e+00 -5.000000000000e-03
3.113648766958e+00 3.796461421933e+00 -5.000000000000e-03
3.849208828618e+00 5.726008332210e+00 -5.000000000000e-03
4.806708353338e+00 5.489838276100e+00 -5.000000000000e-03
4.210731613639e+00 5.778975904990e+00 -5.000000000000e-03
4.270690790572e+00 3.793279003960e+00 -5.000000000000e-03
4.389578975605e+00 3.316941239479e+00 -5.000000000000e-03
2.563409897302e+00 2.950349408320e+00 -5.000000000000e-03
8.045784464657e-01 2.635625234232e+00 -5.000000000000e-03
3.998379153934e+00 1.159091108606e-02 -5.000000000000e-03
2.668390299360e+00 6.114182001656e+00 -5.000000000000e-03
7.739792281129e-01 5.420483582776e+00 -5.000000000000e-03
4.368275679031e+00 5.629127196316e+00 -5.000000000000e-03
5.095068485032e+00 6.174514855806e+00 -5.000000000000e-03
4.347849480045e+00 5.859443114619e+00 -5.000000000000e-03
4.498357357911e+00 2.684848546169e+00 -5.000000000000e-03
1.095788569606e-02 6.274066785653e+00 -5.000000000000e-03
3.554653346997e+00 4.699522029819e+00 -5.000000000000e-03
4.685031344199e+00 5.097805384248e+00 -5.000000000000e-03
4.032811155024e+00 5.301177444960e+00 -5.000000000000e-03
3.464651782417e+00 3.352236499424e+00 -5.000000000000e-03
4.557602029726e+00 1.432049078686e-01 -5.000000000000e-03
5.121949876101e+00 5.815966513811e+00 -5.000000000000e-03
3.762278316261e+00 5.116964488969e+00 -5.000000000000e-03
4.642195348969e+00 9.514645641671e-01 -5.000000000000e-03
3.271968276332e+00 5.742934265513e+00 -5.000000000000e-03
5.442977210317e+00 3.667173414352e+00 -5.000000000000e-03
6.045214638507e+00 5.534340663244e+00 -5.000000000000e-03
2.839213414233e+00 7.383284538809e-01 -5.000000000000e-03
4.004360370976e+00 4.563091366737e+00 -5.000000000000e-03
4.332906744732e+00 4.827689176418e+00 -5.000000000000e-03
4.106559641066e+00 5.388358525949e+00 -5.000000000000e-03
4.366467029217e+00 5.987971735786e+00 -5.000000000000e-03
