2.399409662867e+00 5.576631526169e+00 5.000000000000e-03
4.399745810917e+00 4.542417546814e-01 5.000000000000e-03
5.802879743313e+00 7.611241877950e-01 5.000000000000e-03
5.744899124268e+00 1.465058483386e+00 5.000000000000e-03
1.256545074868e+00 3.576543295953e+00 5.000000000000e-03
2.860760689967e+00 1.669007325625e+00 5.000000000000e-03
7.470704704362e-01 1.277193248899e+00 5.000000000000e-03
3.935368267152e+00 2.692727311166e+00 5.000000000000e-03
8.703573487604e-01 1.073316299122e+00 5.000000000000e-03
8.088415774617e-01 2.117543039789e-01 5.000000000000e-03
4.267618395401e+00 3.409289593671e+00 5.000000000000e-03
1.447511394683e+00 3.278622377094e+00 5.000000000000e-03
5.568163031550e+00 7.902183925175e-01 5.000000000000e-03
4.500157692363e+00 3.939558395028e+00 5.000000000000e-03
5.672683126874e+00 1.902683487353e+00 5.000000000000e-03
6.131908089707e-01 3.407335943153e+00 5.000000000000e-03
5.740702665280e+00 3.921629066490e-01 5.000000000000e-03
9.127285172298e-01 1.423751087411e+00 5.000000000000e-03
6.088798250696e+00 1.128856111052e-01 5.000000000000e-03
4.752949111189e+00 5.863111789004e-01 5.000000000000e-03
1.427861006287e+00 2.343841083557e-01 5.000000000000e-03
6.504689712625e-01 3.796320852102e+00 5.000000000000e-03
3.966568647435e+00 4.523269501002e+00 5.000000000000e-03
6.017656899976e+00 2.671833265151e+00 5.000000000000e-03
6.240382752470e+00 6.247761721015e+00 5.000000000000e-03
1.969754726818e+00 1.782627707598e+00 5.000000000000e-03
4.833184424701e+00 1.123078191182e+00 5.000000000000e-03
5.183131391584e+00 2.780798139815e+00 5.000000000000e-03
4.655669605902e+00 8.347286617821e-01 5.000000000000e-03
2.924250352945e+00 5.448383152128e+00 5.000000000000e-03
5.357029419317e+00 3.455328944291e+00 5.000000000000e-03
3.588899939139e-01 1.628702942064e+00 5.000000000000e-03
6.853629304231e-01 2.299420216452e-01 5.000000000000e-03
4.795031863018e+00 5.452142575455e+00 5.000000000000e-03
5.279466836290e+00 1.260673409304e+00 5.000000000000e-03
1.378863114218e+00 7.487219152178e-01 5.000000000000e-03
3.246153563688e+00 3.196357310794e+00 5.000000000000e-03
4.502219441773e+00 1.545573340094e+00 5.000000000000e-03
7.199224690248e-01 3.156873159177e+00 5.000000000000e-03
3.893283970272e+00 4.548567956887e+00 5.000000000000e-03
6.076703505549e+00 4.737057523063e+00 5.000000000000e-03
6.088950114720e+00 4.695072830327e+00 5.000000000000e-03
3.353678729045e+00 3.192882391100e+00 5.000000000000e-03
7.656898038460e-01 6.130559876643e-01 5.000000000000e-03
1.780658062008e+00 1.376079190128e-01 5.000000000000e-03
1.812665713848e+00 1.417606616923e+00 5.000000000000e-03
4.703443033551e+00 3.490458128173e+00 5.000000000000e-03
3.727935654800e+00 2.919564915109e-01 5.000000000000e-03
3.913902436048e+00 4.801263111828e+00 5.000000000000e-03
5.404141440193e+00 8.055768454997e-01 5.000000000000e-03
5.481919595812e+00 1.110417153664e+00 5.000000000000e-03
5.819677407823e+00 2.551329282407e-01 5.000000000000e-03
1.080888965807e+00 5.465779806639e+00 5.000000000000e-03
4.377754851627e+00 4.385717836043e+00 5.000000000000e-03
6.117545497043e+00 1.551164111895e+00 5.000000000000e-03
7.084092867202e-01 6.216177458504e+00 5.000000000000e-03
5.259219285606e+00 8.010245674858e-01 5.000000000000e-03
5.481142057042e+00 5.132175360048e+00 5.000000000000e-03
3.838541162681e+00 3.105922454365e+00 5.000000000000e-03
2.070471416712e+00 8.286959842259e-01 5.000000000000e-03
5.375148928116e+00 4.358937769015e+00 5.000000000000e-03
4.334305682836e+00 4.199829208918e-01 5.000000000000e-03
5.640003826548e+00 1.457726924791e+00 5.000000000000e-03
5.271728461009e+00 1.796143329734e+00 5.000000000000e-03
5.919980812252e+00 1.081969969316e+00 5.000000000000e-03
1.340980689673e+00 1.457553973233e+00 5.000000000000e-03
5.089366846979e+00 3.996792994939e+00 5.000000000000e-03
3.351184967984e+00 3.500632184920e+00 5.000000000000e-03
2.976758652079e+00 3.303333788542e+00 5.000000000000e-03
4.000490178162e+00 4.593313642725e+00 5.000000000000e-03
5.416433843693e+00 6.280658584048e+00 5.000000000000e-03
4.005280163987e+00 7.627892867216e-01 5.000000000000e-03
5.608123152456e+00 1.913974386542e-01 5.000000000000e-03
4.528218451157e+00 4.594661875784e-01 5.000000000000e-03
5.883161784910e+00 2.449345614854e+00 5.000000000000e-03
1.040242170924e+00 1.345496363970e+00 5.000000000000e-03
2.893344906203e+00 3.995825156715e+00 5.000000000000e-03
3.865989881987e+00 6.468537851209e-02 5.000000000000e-03
5.671001407003e+00 1.093077157813e+00 5.000000000000e-03
9.763144164060e-01 1.146993049127e+00 5.000000000000e-03
4.212823889080e-01 5.733896229692e+00 5.000000000000e-03
2.436926201131e+00 5.993928871762e+00 5.000000000000e-03
9.968817956665e-01 1.449177054225e+00 5.000000000000e-03
5.511293638759e+00 2.795058770347e-02 5.000000000000e-03
5.471142272123e+00 1.082401277203e+00 5.000000000000e-03
3.683005420396e+00 3.885243529453e+00 5.000000000000e-03
3.346286978727e+00 3.254966876100e+00 5.000000000000e-03
4.536250438476e+00 4.714834652616e+00 5.000000000000e-03
5.991190142071e+00 2.396505953098e+00 5.000000000000e-03
3.235697049117e+00 3.559990274201e+00 5.000000000000e-03
1.884878654570e-01 6.234714153278e-01 5.000000000000e-03
3.376224380600e+00 3.179054157145e+00 5.000000000000e-03
5.640550058931e+00 4.612106542378e+00 5.000000000000e-03
4.969720016855e+00 1.399215990415e+00 5.000000000000e-03
3.788237430947e-01 2.693532395587e+00 5.000000000000e-03
1.244238047903e+00 3.653360808212e+00 5.000000000000e-03
3.956112509391e+00 1.443822862737e-01 5.000000000000e-03
1.086545945302e+00 5.514052526978e+00 5.000000000000e-03
3.916386891605e+00 3.283824704304e+00 5.000000000000e-03
3.716810859135e+00 3.785522918056e+00 5.000000000000e-03
2.551349608463e+00 2.606229070952e+00 -5.000000000000e-03
2.217643867832e+00 4.575146513969e+00 -5.000000000000e-03
4.651562300783e+00 3.313961724546e+00 -5.000000000000e-03
1.549192793869e+00 5.508917237405e+00 -5.000000000000e-03
4.309673229228e+00 5.516603571977e+00 -5.000000000000e-03
2.178399874870e+00 4.259490397270e-01 -5.000000000000e-03
2.396273067204e-01 2.521212835540e+00 -5.000000000000e-03
1.515939886628e+00 4.405369262049e+00 -5.000000000000e-03
5.920065545235e+00 5.485364266054e+00 -5.000000000000e-03
4.015320766243e+00 5.594280470199e+00 -5.000000000000e-03
1.622097451279e+00 4.593065134312e+00 -5.000000000000e-03
1.675162952357e+00 2.156443783895e+00 -5.000000000000e-03
1.564828610197e+00 8.885776836637e-01 -5.000000000000e-03
2.570104044228e+00 2.626347716728e+00 -5.000000000000e-03
3.057512250351e+00 3.700366720036e+00 -5.000000000000e-03
2.918722332800e+00 5.891762309458e-01 -5.000000000000e-03
1.546591504728e+00 6.243289311065e-01 -5.000000000000e-03
6.242598405758e+00 3.184630215153e+00 -5.000000000000e-03
1.594632163506e+00 5.081135439503e+00 -5.000000000000e-03
8.215518654410e-01 4.883714693063e+00 -5.000000000000e-03
4.436133874804e+00 6.024502975578e+00 -5.000000000000e-03
1.892463843169e+00 2.862646819366e+00 -5.000000000000e-03
1.445162522724e+00 2.445261316840e+00 -5.000000000000e-03
1.564809569954e+00 5.254620827262e+00 -5.000000000000e-03
2.373679685671e+00 4.653499905486e+00 -5.000000000000e-03
1.322660036457e+00 2.993250510884e+00 -5.000000000000e-03
4.148055632401e+00 5.615662072820e+00 -5.000000000000e-03
6.193624131737e+00 2.464559898325e+00 -5.000000000000e-03
3.382412273385e+00 5.498340333781e+00 -5.000000000000e-03
4.830739706485e+00 6.085956948835e+00 -5.000000000000e-03
1.071735074334e+00 4.933503145595e+00 -5.000000000000e-03
6.237775795776e+00 3.218137620743e+00 -5.000000000000e-03
4.052736229818e+00 3.731277972294e+00 -5.000000000000e-03
2.710683290511e+00 7.741498916562e-01 -5.000000000000e-03
1.732737979753e+00 4.796029043229e+00 -5.000000000000e-03
6.024847611331e-01 2.849378075936e+00 -5.000000000000e-03
1.997334054792e-01 1.949849766107e+00 -5.000000000000e-03
3.471710090073e+00 3.742646179333e-01 -5.000000000000e-03
1.791843099122e+00 4.742531208652e+00 -5.000000000000e-03
1.279395051711e+00 5.972070708818e+00 -5.000000000000e-03
6.014060254277e-02 3.246799991712e+00 -5.000000000000e-03
5.744574269094e+00 3.559635626466e+00 -5.000000000000e-03
2.255888180361e+00 3.418793449574e+00 -5.000000000000e-03
5.664398001057e+00 2.605130121248e+00 -5.000000000000e-03
1.380641671156e+00 5.739630223415e+00 -5.000000000000e-03
6.222443921522e+00 3.577817962349e+00 -5.000000000000e-03
4.045579342032e+00 2.388999764009e+00 -5.000000000000e-03
1.843177400059e+00 4.674916248398e+00 -5.000000000000e-03
5.500593252092e+00 3.300699459317e+00 -5.000000000000e-03
5.403416006415e-01 4.629099186978e+00 -5.000000000000e-03
3.141970212503e+00 5.041374838508e+00 -5.000000000000e-03
2.857998761931e+00 6.185750830846e+00 -5.000000000000e-03
5.798847445006e-01 2.952397194390e+00 -5.000000000000e-03
1.859771657225e+00 4.969833844489e+00 -5.000000000000e-03
2.680693770353e+00 4.155948280296e+00 -5.000000000000e-03
2.302637157861e+00 2.829692988690e+00 -5.000000000000e-03
4.875703708629e+00 3.216259179266e-01 -5.000000000000e-03
2.287064152434e+00 5.269928634333e+00 -5.000000000000e-03
2.067084770494e+00 1.649220037106e+00 -5.000000000000e-03
1.743648117938e+00 2.758777945951e+00 -5.000000000000e-03
4.167322499007e+00 1.188228062362e+00 -5.000000000000e-03
5.763829408966e-01 8.005345698096e-01 -5.000000000000e-03
4.698715402546e+00 1.768013217094e+00 -5.000000000000e-03
2.174194931171e+00 4.278629566551e+00 -5.000000000000e-03
2.875839593856e+00 4.886486782533e+00 -5.000000000000e-03
2.664270242548e+00 1.826541511498e+00 -5.000000000000e-03
1.482795619015e+00 5.515031901391e+00 -5.000000000000e-03
3.654147910964e-01 9.987809299178e-01 -5.000000000000e-03
2.683682312713e+00 6.229853001846e+00 -5.000000000000e-03
2.957202755252e-01 5.037366754327e+00 -5.000000000000e-03
4.903735297849e+00 4.990844246724e+00 -5.000000000000e-03
4.958060876291e+00 2.469080659276e+00 -5.000000000000e-03
3.360426267377e+00 4.749504135541e+00 -5.000000000000e-03
3.434656107173e+00 5.129793089963e+00 -5.000000000000e-03
1.104662637426e+00 2.946639574671e+00 -5.000000000000e-03
4.042551666218e+00 5.620613594662e+00 -5.000000000000e-03
1.113454976793e+00 5.230533781720e+00 -5.000000000000e-03
6.015704829220e+00 3.154230571161e+00 -5.000000000000e-03
1.997716013627e+00 4.459813197898e+00 -5.000000000000e-03
1.838931769174e+00 2.790655146429e+00 -5.000000000000e-03
6.043026786187e+00 3.550471836839e+00 -5.000000000000e-03
3.402026269947e+00 2.155898015228e+00 -5.000000000000e-03
3.612720707883e+00 2.479151966753e+00 -5.000000000000e-03
2.183462183900e+00 5.411479520919e+00 -5.000000000000e-03
1.047785019436e+00 2.355074571710e+00 -5.000000000000e-03
1.898065257445e+00 4.350049640476e+00 -5.000000000000e-03
1.529187520071e+00 2.155667136256e+00 -5.000000000000e-03
7.521912221809e-01 3.311016502783e+00 -5.000000000000e-03
6.510684063128e-02 4.577927503772e+00 -5.000000000000e-03
8.648124146628e-01 4.898677430830e+00 -5.000000000000e-03
4.151316890330e+00 3.509058917416e+00 -5.000000000000e-03
4.463213695565e+00 3.014827326228e+00 -5.000000000000e-03
3.550784644201e+00 1.786101077575e+00 -5.000000000000e-03
1.773092698325e+00 8.360608081651e-01 -5.000000000000e-03
1.375345814793e+00 4.076729136899e+00 -5.000000000000e-03
1.411505581683e+00 3.923519816043e+00 -5.000000000000e-03
4.907146103217e-01 1.049028414305e-01 -5.000000000000e-03
4.623452642310e+00 3.313224525946e+00 -5.000000000000e-03
1.872768045609e+00 4.309175488425e+00 -5.000000000000e-03
3.709262970036e+00 4.805817711855e+00 -5.000000000000e-03
