2.956412101110e-02 2.574000930932e+00 5.000000000000e-03
3.300265804657e+00 2.178448348590e+00 5.000000000000e-03
4.674549374193e+00 4.160295889088e+00 5.000000000000e-03
5.971286815682e-01 8.620776636506e-01 5.000000000000e-03
3.006852204335e+00 3.276033630490e+00 5.000000000000e-03
4.187131242870e-01 5.512898065253e-01 5.000000000000e-03
1.286622639782e+00 1.540489924126e+00 5.000000000000e-03
4.561297264042e+00 2.689793424145e+00 5.000000000000e-03
2.959446541268e+00 3.075550316096e+00 5.000000000000e-03
6.031955949674e+00 1.722496801793e+00 5.000000000000e-03
1.576670786703e+00 4.156579646255e+00 5.000000000000e-03
5.754104846995e+00 2.197196643881e+00 5.000000000000e-03
4.378926667998e+00 2.562816820120e+00 5.000000000000e-03
3.253249101721e-01 2.937997575264e+00 5.000000000000e-03
5.863490927989e+00 4.346353967033e+00 5.000000000000e-03
5.642395201873e+00 1.958621950943e+00 5.000000000000e-03
1.073274828639e+00 7.995408978938e-01 5.000000000000e-03
4.125668383394e+00 4.132075989734e+00 5.000000000000e-03
3.573921030414e+00 4.896000269078e+00 5.000000000000e-03
3.793883542918e+00 2.879329290825e+00 5.000000000000e-03
6.171856401867e+00 2.975171404187e+00 5.000000000000e-03
4.081923014515e-01 3.270312734457e+00 5.000000000000e-03
1.465283801920e+00 3.377523196294e+00 5.000000000000e-03
1.847222683967e+00 1.719691324431e+00 5.000000000000e-03
9.233759023421e-01 4.198568047498e+00 5.000000000000e-03
5.494988614995e+00 2.095388006275e+00 5.000000000000e-03
1.041931470927e-01 4.303726227633e+00 5.000000000000e-03
9.509523918184e-01 5.249245719650e+00 5.000000000000e-03
5.783886372894e+00 3.660826829018e+00 5.000000000000e-03
3.303869111658e+00 2.826187774601e+00 5.000000000000e-03
3.559980267293e+00 5.679500645879e+00 5.000000000000e-03
6.030523818053e+00 2.895990765939e+00 5.000000000000e-03
5.305120831495e+00 2.608580867268e+00 5.000000000000e-03
3.485275866367e-01 6.636112782743e-01 5.000000000000e-03
5.415891244547e+00 1.995961660614e+00 5.000000000000e-03
4.398336539342e+00 4.602750404210e+00 5.000000000000e-03
4.805298829115e+00 2.125170703747e+00 5.000000000000e-03
1.478973071034e+00 3.175374770315e+00 5.000000000000e-03
4.354175399108e+00 3.005922566573e+00 5.000000000000e-03
1.725762377379e+00 2.262767246155e+00 5.000000000000e-03
3.949513959025e+00 2.671752861576e+00 5.000000000000e-03
2.994457756443e-01 3.592911320305e+00 5.000000000000e-03
5.126333315004e+00 2.097735795776e+00 5.000000000000e-03
4.593242978402e+00 5.223590860946e+00 5.000000000000e-03
2.113255543507e+00 2.466429111913e+00 5.000000000000e-03
8.650296794347e-01 2.000687043250e+00 5.000000000000e-03
9.724637403805e-01 3.565568689357e+00 5.000000000000e-03
5.842088509772e+00 3.810897862051e+00 5.000000000000e-03
9.721619473557e-01 4.337108319571e+00 5.000000000000e-03
1.585017246977e+00 1.142803808918e+00 5.000000000000e-03
1.965193177516e-01 3.718677522661e+00 5.000000000000e-03
1.067767041273e+00 1.131311471837e+00 5.000000000000e-03
4.051956226665e+00 3.104789494421e+00 5.000000000000e-03
4.158942480232e+00 3.328651239091e+00 5.000000000000e-03
1.390754637694e+00 4.210730432831e+00 5.000000000000e-03
1.584713333744e+00 7.860226169581e-01 5.000000000000e-03
1.811693502226e+00 4.064061414744e+00 5.000000000000e-03
1.936846547591e+00 2.288971214087e+00 5.000000000000e-03
2.388531206058e+00 4.882873472939e+00 5.000000000000e-03
1.705476897366e+00 9.243912980134e-01 5.000000000000e-03
3.468577393996e+00 2.684035088463e+00 5.000000000000e-03
2.333031455336e+00 3.606091325706e+00 5.000000000000e-03
4.290109918656e-02 1.616168694528e+00 5.000000000000e-03
2.262198345015e+00 4.398726409187e+00 5.000000000000e-03
5.524503361177e+00 2.220945496653e+00 5.000000000000e-03
5.258927632321e+00 2.220961699042e+00 5.000000000000e-03
1.331719668363e+00 4.358351204194e+00 5.000000000000e-03
9.796508200059e-01 1.109393779088e+00 5.000000000000e-03
5.663268938566e+00 2.726136817789e+00 5.000000000000e-03
5.622780342814e+00 4.776642358813e-01 5.000000000000e-03
1.700895522951e+00 2.284850070773e+00 5.000000000000e-03
2.486560764740e+00 2.862964173915e+00 5.000000000000e-03
4.767377877865e+00 2.113965418375e+00 5.000000000000e-03
5.483771516843e+00 2.597707252042e+00 5.000000000000e-03
7.044293679488e-01 5.539135721456e+00 5.000000000000e-03
6.012291006713e+00 3.701215687901e+00 5.000000000000e-03
5.575704657586e+00 2.102097051831e+00 5.000000000000e-03
4.460589664280e+00 5.132343041865e+00 5.000000000000e-03
6.966064235437e-01 1.462970848245e+00 5.000000000000e-03
3.381876672220e+00 3.107649064409e+00 5.000000000000e-03
6.056783207166e+00 3.845119131435e+00 5.000000000000e-03
4.470901089606e+00 4.949535892568e+00 5.000000000000e-03
5.308668906312e+00 2.685655965517e+00 5.000000000000e-03
1.922690984953e+00 3.425044444288e+00 5.000000000000e-03
2.870503790266e+00 3.258061742796e+00 5.000000000000e-03
2.602116803230e-01 5.261759771443e+00 5.000000000000e-03
3.386788069620e+00 3.035471006342e+00 5.000000000000e-03
5.646337152891e+00 8.155991374670e-01 5.000000000000e-03
3.412178872409e+00 1.950403140287e+00 5.000000000000e-03
7.721826314734e-01 5.561174431617e+00 5.000000000000e-03
5.617934894530e+00 1.608873085244e+00 5.000000000000e-03
3.701521910411e-01 4.010582072383e-01 5.000000000000e-03
1.047823477478e+00 2.256790600875e+00 5.000000000000e-03
4.456615852912e+00 2.880652270537e+00 5.000000000000e-03
1.584347914852e+00 5.614433182734e+00 5.000000000000e-03
2.501403203781e+00 2.130308938182e+00 5.000000000000e-03
5.008928946847e+00 4.047754828203e+00 5.000000000000e-03
3.266599254606e+00 1.795633651542e+00 5.000000000000e-03
5.759126281565e+00 3.536576889389e+00 5.000000000000e-03
2.306466873052e+00 1.697407854776e+00 5.000000000000e-03
1.868360773842e+00 1.099890409305e+00 -5.000000000000e-03
5.767152410590e+00 1.523438538150e+00 -5.000000000000e-03
3.535151653940e-01 1.657109432062e-01 -5.000000000000e-03
4.559331901029e+00 6.115621296722e+00 -5.000000000000e-03
4.172307080322e+00 5.788876625755e+00 -5.000000000000e-03
5.308125016357e+00 1.581608590941e+00 -5.000000000000e-03
4.182759785459e+00 6.137184210199e+00 -5.000000000000e-03
7.691319173657e-01 3.022344962958e-01 -5.000000000000e-03
4.557095701076e+00 3.705537374222e+00 -5.000000000000e-03
3.955855496354e+00 6.209345424372e+00 -5.000000000000e-03
1.227339528611e+00 4.664092297505e+00 -5.000000000000e-03
2.484958414146e+00 5.498073307584e+00 -5.000000000000e-03
4.297394971901e+00 7.499475891501e-01 -5.000000000000e-03
3.294453668796e+00 4.362801365342e+00 -5.000000000000e-03
6.074799157146e+00 4.300141188451e-01 -5.000000000000e-03
6.130860750918e+00 5.279906190730e+00 -5.000000000000e-03
5.437106310843e+00 5.076291219971e+00 -5.000000000000e-03
5.559992249157e-01 1.846187012254e+00 -5.000000000000e-03
1.677914997772e+00 5.698963999237e+00 -5.000000000000e-03
2.371375948785e-01 1.577695805744e+00 -5.000000000000e-03
2.863176265565e+00 5.658898344744e+00 -5.000000000000e-03
7.226358836780e-01 4.388000015600e+00 -5.000000000000e-03
2.665255798391e+00 1.406443159099e+00 -5.000000000000e-03
3.989333759490e+00 6.022108307035e+00 -5.000000000000e-03
4.995083610058e+00 6.172416998430e+00 -5.000000000000e-03
5.306170505164e+00 6.213128371903e+00 -5.000000000000e-03
7.774959646423e-01 4.714896774376e+00 -5.000000000000e-03
2.058020823250e+00 5.184182232685e+00 -5.000000000000e-03
2.779676780744e+00 2.246621258707e+00 -5.000000000000e-03
2.724841473187e+00 4.180367273850e+00 -5.000000000000e-03
4.907612023779e+00 9.627828666518e-01 -5.000000000000e-03
4.940644540009e+00 8.416034524505e-01 -5.000000000000e-03
5.898497730743e+00 5.135184807007e+00 -5.000000000000e-03
4.435874751899e+00 5.617601380747e+00 -5.000000000000e-03
6.030703520612e+00 4.698550278045e+00 -5.000000000000e-03
4.904516061906e+00 6.194102330488e+00 -5.000000000000e-03
3.650860065396e+00 6.009052039416e+00 -5.000000000000e-03
5.108222526198e+00 3.379063133887e-01 -5.000000000000e-03
4.072903867519e+00 6.028400999376e+00 -5.000000000000e-03
5.159665681257e-01 2.029982025822e+00 -5.000000000000e-03
1.649888018482e+00 1.373353681527e-01 -5.000000000000e-03
2.919091439356e+00 3.841350318435e+00 -5.000000000000e-03
1.672801254621e+00 5.726625409240e+00 -5.000000000000e-03
5.451633776506e+00 4.918218363603e+00 -5.000000000000e-03
3.549671219415e+00 6.083751234784e+00 -5.000000000000e-03
4.242718651679e+00 7.045547237857e-01 -5.000000000000e-03
4.136512374810e+00 6.008507974171e+00 -5.000000000000e-03
1.839285734866e+00 5.180153187184e+00 -5.000000000000e-03
3.995576435286e+00 5.960062441940e+00 -5.000000000000e-03
9.552316235084e-01 4.899127693825e+00 -5.000000000000e-03
3.183005358008e+00 4.423388023045e+00 -5.000000000000e-03
5.326085287251e+00 4.055678705420e+00 -5.000000000000e-03
1.436973066564e+00 2.945029656991e+00 -5.000000000000e-03
4.441665229660e+00 5.659976368725e+00 -5.000000000000e-03
3.851644144358e+00 6.036598599768e+00 -5.000000000000e-03
6.092410821174e+00 5.881523067731e+00 -5.000000000000e-03
4.496679474499e+00 6.161955077434e+00 -5.000000000000e-03
2.581870233112e+00 4.148594207429e+00 -5.000000000000e-03
2.779427682433e+00 5.504636492564e+00 -5.000000000000e-03
5.975792236827e+00 5.258979343227e+00 -5.000000000000e-03
1.240315286215e+00 5.585305278597e+00 -5.000000000000e-03
5.173657339219e-01 5.541110714098e+00 -5.000000000000e-03
4.247634556620e+00 5.034454413956e+00 -5.000000000000e-03
3.341381905894e+00 2.368044991765e+00 -5.000000000000e-03
4.936087388114e+00 4.995857982532e+00 -5.000000000000e-03
4.013724911692e-01 3.870780479949e+00 -5.000000000000e-03
4.759312954557e+00 6.169041464922e+00 -5.000000000000e-03
5.911959432078e+00 4.999978700322e+00 -5.000000000000e-03
4.897445477497e+00 5.512930562679e+00 -5.000000000000e-03
3.742179813162e-01 5.653674746859e+00 -5.000000000000e-03
2.049642691682e+00 2.774032634526e+00 -5.000000000000e-03
6.071382941437e+00 2.089237928773e+00 -5.000000000000e-03
5.062099859568e+00 7.437930617211e-01 -5.000000000000e-03
2.630019048794e+00 2.556666471386e+00 -5.000000000000e-03
5.627692619140e+00 3.486369581266e+00 -5.000000000000e-03
2.365823754954e+00 5.143990601913e+00 -5.000000000000e-03
3.073176272980e+00 5.030460344068e+00 -5.000000000000e-03
5.392629997502e+00 3.973305598627e+00 -5.000000000000e-03
3.352975623791e+00 2.878871513132e-01 -5.000000000000e-03
5.376025833007e+00 5.703047164437e+00 -5.000000000000e-03
5.546649648539e+00 4.073287572805e+00 -5.000000000000e-03
2.482433889471e+00 5.506377542465e+00 -5.000000000000e-03
5.215400104403e+00 5.409531689207e+00 -5.000000000000e-03
3.915626816840e-01 1.609829655905e-01 -5.000000000000e-03
3.393659947810e+00 5.667658829054e+00 -5.000000000000e-03
2.694192775130e-01 1.808647129903e+00 -5.000000000000e-03
4.630634548211e+00 5.298165323015e-01 -5.000000000000e-03
6.004646982436e-01 5.716483412060e+00 -5.000000000000e-03
5.861748282997e+00 4.947158890699e+00 -5.000000000000e-03
4.206733240118e+00 2.602725128928e-01 -5.000000000000e-03
2.805038262584e-01 8.702294299106e-02 -5.000000000000e-03
4.040291467791e+00 5.779369698802e+00 -5.000000000000e-03
3.587321660214e+00 5.290699499835e+00 -5.000000000000e-03
1.301276349316e+00 1.343346323098e+00 -5.000000000000e-03
5.651635684677e+00 4.146177850502e+00 -5.000000000000e-03
3.995966640505e+00 1.845353217097e+00 -5.000000000000e-03
1.554854989473e+00 1.393644190255e-03 -5.000000000000e-03
1.403054957600e+00 5.946350403554e+00 -5.000000000000e-03
1.387553692894e-01 6.184668674699e+00 -5.000000000000e-03
2.476899425451e+00 1.445669445726e-01 -5.000000000000e-03
