5.973408536948e+00 3.064633716058e+00 5.000000000000e-03
5.146471971653e+00 1.715231652189e+00 5.000000000000e-03
2.997597379808e+00 5.103442724738e+00 5.000000000000e-03
2.910809972922e+00 6.405176546901e-01 5.000000000000e-03
1.766167426036e+00 2.885944789985e+00 5.000000000000e-03
3.003157034029e+00 9.420130129657e-01 5.000000000000e-03
2.949581129231e+00 1.847878414494e+00 5.000000000000e-03
4.564595092568e+00 2.682422447196e+00 5.000000000000e-03
2.182398015290e+00 3.239272919732e+00 5.000000000000e-03
8.628262966547e-01 2.917493583638e+00 5.000000000000e-03
5.405523059609e+00 3.878761312404e+00 5.000000000000e-03
2.653162741540e-01 2.128878093513e+00 5.000000000000e-03
6.264346545530e+00 1.862231357543e+00 5.000000000000e-03
5.618648977805e+00 3.189228435432e+00 5.000000000000e-03
2.512370417896e+00 3.511681452949e+00 5.000000000000e-03
1.990773538189e-01 2.443314125008e+00 5.000000000000e-03
3.642037413077e+00 1.674798622674e+00 5.000000000000e-03
2.199477369765e+00 4.374904827013e+00 5.000000000000e-03
1.674479689262e+00 4.670789021702e+00 5.000000000000e-03
4.052871212657e+00 2.509062356723e+00 5.000000000000e-03
5.452155215543e+00 2.594039584147e+00 5.000000000000e-03
5.316416965242e+00 3.037847170907e+00 5.000000000000e-03
5.014750164468e-01 3.599167757264e+00 5.000000000000e-03
3.392566551260e+00 2.229014332509e+00 5.000000000000e-03
4.691373350516e+00 3.649525306579e+00 5.000000000000e-03
4.317512449777e-01 2.382407700132e+00 5.000000000000e-03
3.233327291632e+00 3.802637574193e+00 5.000000000000e-03
5.274183665498e+00 4.488538895165e+00 5.000000000000e-03
3.727258501997e+00 3.342983623710e+00 5.000000000000e-03
4.773954358702e+00 2.496718269239e+00 5.000000000000e-03
2.930515532135e+00 2.817934769684e+00 5.000000000000e-03
5.603467617932e+00 2.610412912411e+00 5.000000000000e-03
5.212537133140e-01 2.310561093051e+00 5.000000000000e-03
2.472750755934e+00 6.749665825556e-01 5.000000000000e-03
6.595924560531e-01 2.150984898906e+00 5.000000000000e-03
2.099072157149e+00 4.833035155555e+00 5.000000000000e-03
9.764552761244e-01 2.292707917588e+00 5.000000000000e-03
7.297821985357e-01 3.778096842542e+00 5.000000000000e-03
3.015594554822e+00 3.201694025571e+00 5.000000000000e-03
2.169154200033e+00 2.231464344709e+00 5.000000000000e-03
4.740426173071e+00 2.756728639211e+00 5.000000000000e-03
3.190922777524e+00 4.011799199438e+00 5.000000000000e-03
3.131871671278e-01 2.034609877746e+00 5.000000000000e-03
2.823068220739e+00 5.430949309255e+00 5.000000000000e-03
2.380857434679e+00 2.244346805014e+00 5.000000000000e-03
2.084599906791e+00 9.894870385086e-01 5.000000000000e-03
5.794649643310e+00 3.727155307778e+00 5.000000000000e-03
3.826102190931e+00 3.256619724705e+00 5.000000000000e-03
4.666716594082e+00 3.533759568348e+00 5.000000000000e-03
3.465973869499e+00 1.475186067048e+00 5.000000000000e-03
3.994531838193e+00 3.133988087233e+00 5.000000000000e-03
2.730215143520e+00 1.181645321750e+00 5.000000000000e-03
3.223548653261e+00 3.097776944053e+00 5.000000000000e-03
1.960848437127e+00 3.253991628790e+00 5.000000000000e-03
5.539363740520e+00 3.816966206905e+00 5.000000000000e-03
3.333556810012e+00 1.834756701142e+00 5.000000000000e-03
5.843237620790e+00 4.401579323521e+00 5.000000000000e-03
2.064414948891e+00 1.884877094161e+00 5.000000000000e-03
6.181240523739e-02 5.363655956117e+00 5.000000000000e-03
2.871549654411e+00 1.715435721622e+00 5.000000000000e-03
4.416310528813e+00 2.504426292585e+00 5.000000000000e-03
1.261202786644e-01 4.483675305215e+00 5.000000000000e-03
5.214579882985e-01 2.810479542998e+00 5.000000000000e-03
3.445203917385e-01 5.232800105104e+00 5.000000000000e-03
6.089400180615e+00 2.097049438491e+00 5.000000000000e-03
6.222681131456e+00 2.301977509684e+00 5.000000000000e-03
4.191058750468e+00 3.483694007817e+00 5.000000000000e-03
2.667541182675e+00 1.251468904341e+00 5.000000000000e-03
5.961174402581e+00 1.845538681113e+00 5.000000000000e-03
5.705603286299e+00 5.254535736998e+00 5.000000000000e-03
2.194812306925e+00 2.252698532413e+00 5.000000000000e-03
9.726056334056e-01 4.654545383020e+00 5.000000000000e-03
1.015801981322e+00 2.290697657749e+00 5.000000000000e-03
9.355432919569e-01 2.062540482400e+00 5.000000000000e-03
2.817575547287e+00 7.281935539137e-01 5.000000000000e-03
4.157831103726e+00 3.004565932465e+00 5.000000000000e-03
1.817279714891e-01 2.340166208888e+00 5.000000000000e-03
2.972390986814e+00 5.736775407510e+00 5.000000000000e-03
2.193221698144e+00 6.399227425480e-01 5.000000000000e-03
2.473611637257e+00 3.143047336867e+00 5.000000000000e-03
4.429405705388e+00 3.245503828668e+00 5.000000000000e-03
2.873139580804e+00 5.782131884695e+00 5.000000000000e-03
6.512095516041e-02 2.363553681053e+00 5.000000000000e-03
2.608309282571e-01 3.954654693658e+00 5.000000000000e-03
1.894284014192e+00 2.774486370196e+00 5.000000000000e-03
4.170813511370e+00 4.545813109324e+00 5.000000000000e-03
2.445639868468e+00 3.077731740004e+00 5.000000000000e-03
1.099996509229e+00 6.215760686727e+00 5.000000000000e-03
5.631940028263e+00 1.464204368175e+00 5.000000000000e-03
4.754208020573e+00 4.162107550697e+00 5.000000000000e-03
3.854117204070e+00 4.642554624110e+00 5.000000000000e-03
2.787102786936e+00 5.877785666024e-01 5.000000000000e-03
2.107420386429e+00 1.480064240310e+00 5.000000000000e-03
2.796824095376e+00 3.199875619053e+00 5.000000000000e-03
3.416533172382e+00 1.725501649299e+00 5.000000000000e-03
2.983300917066e+00 2.776493583606e+00 5.000000000000e-03
3.252576087246e+00 5.584071213125e+00 5.000000000000e-03
5.967857618725e+00 1.574044514905e+00 5.000000000000e-03
4.325675271952e+00 3.289155648698e+00 5.000000000000e-03
3.487667932495e+00 2.383436962799e+00 5.000000000000e-03
3.385963664633e+00 2.068477119026e+00 -5.000000000000e-03
4.711654173004e+00 4.708284796473e+00 -5.000000000000e-03
1.428597165149e+00 5.908127423815e+00 -5.000000000000e-03
1.584526475311e+00 5.985877879806e+00 -5.000000000000e-03
4.922601390515e+00 3.145403707616e-01 -5.000000000000e-03
1.486824005499e+00 1.879306439668e+00 -5.000000000000e-03
5.370414468897e+00 6.064493687268e+00 -5.000000000000e-03
2.509463242725e+00 8.567545526219e-01 -5.000000000000e-03
2.593299512617e+00 4.363974702221e+00 -5.000000000000e-03
5.385745104079e+00 6.124060804656e+00 -5.000000000000e-03
4.067953725722e+00 3.735627587809e+00 -5.000000000000e-03
2.605057937781e+00 5.735597305393e+00 -5.000000000000e-03
3.267782523838e-01 6.158411946294e+00 -5.000000000000e-03
1.227789318457e+00 4.283107583867e+00 -5.000000000000e-03
1.938980274945e+00 6.232511223013e+00 -5.000000000000e-03
3.385507805050e+00 4.621067451807e+00 -5.000000000000e-03
4.016895551392e+00 6.186170767018e+00 -5.000000000000e-03
1.736931555531e+00 1.586045721733e+00 -5.000000000000e-03
3.120647613799e+00 3.959642487382e-01 -5.000000000000e-03
1.863236965266e+00 1.413677407643e+00 -5.000000000000e-03
2.401478183328e+00 5.784291007292e+00 -5.000000000000e-03
3.731986020511e+00 3.748733525202e+00 -5.000000000000e-03
5.254784229645e+00 1.442157983928e+00 -5.000000000000e-03
5.268958542292e+00 6.026137686806e+00 -5.000000000000e-03
4.158505086864e+00 5.625415681940e+00 -5.000000000000e-03
3.674209243054e+00 4.649568387947e+00 -5.000000000000e-03
4.425831821447e+00 3.983767548055e+00 -5.000000000000e-03
5.264561088686e-01 5.517775704908e+00 -5.000000000000e-03
3.425699881240e+00 2.594879947171e+00 -5.000000000000e-03
8.564150858618e-01 4.808584826266e+00 -5.000000000000e-03
5.590174955914e+00 5.338810581455e+00 -5.000000000000e-03
5.624974875119e+00 5.451833906705e+00 -5.000000000000e-03
3.240102420969e+00 4.586399235407e+00 -5.000000000000e-03
5.334932762022e+00 2.862105518902e-01 -5.000000000000e-03
3.700111261009e+00 5.732468087791e+00 -5.000000000000e-03
4.166399452178e+00 5.493665888957e+00 -5.000000000000e-03
5.097208161306e+00 2.301786714160e-02 -5.000000000000e-03
4.686093627724e+00 5.225547387111e+00 -5.000000000000e-03
5.230895586538e+00 6.000450123715e+00 -5.000000000000e-03
1.810346891329e+00 9.969439104085e-01 -5.000000000000e-03
3.885118531003e+00 1.037984879434e+00 -5.000000000000e-03
4.903078572019e-01 4.688896275970e+00 -5.000000000000e-03
3.092613786507e+00 3.980319485739e-01 -5.000000000000e-03
4.342143546220e+00 6.225597850969e+00 -5.000000000000e-03
5.193342149482e+00 6.128909960697e+00 -5.000000000000e-03
3.573814914670e-01 6.221362750843e+00 -5.000000000000e-03
4.981008716464e+00 6.156699435167e+00 -5.000000000000e-03
3.882294688430e-01 5.505119587558e+00 -5.000000000000e-03
5.176432588721e+00 4.949643858133e-02 -5.000000000000e-03
4.986918594525e+00 3.963483926863e+00 -5.000000000000e-03
1.102336806999e+00 4.291984127198e+00 -5.000000000000e-03
2.652450153041e+00 3.619479813311e+00 -5.000000000000e-03
1.120062616616e+00 3.168265920987e+00 -5.000000000000e-03
3.318875018358e+00 5.112174744567e+00 -5.000000000000e-03
5.367202918364e+00 6.274038917652e+00 -5.000000000000e-03
4.810843500619e+00 4.649923096611e+00 -5.000000000000e-03
4.853280752046e+00 6.058981952227e-01 -5.000000000000e-03
9.986248428380e-01 4.856709294513e+00 -5.000000000000e-03
2.764781113717e+00 6.247460830667e+00 -5.000000000000e-03
3.294390522316e+00 4.725262829307e+00 -5.000000000000e-03
8.604096163086e-01 5.748455121795e+00 -5.000000000000e-03
4.472373827501e+00 4.880368761189e+00 -5.000000000000e-03
2.113207262734e+00 4.990501577451e+00 -5.000000000000e-03
4.953500000096e+00 2.090169668934e+00 -5.000000000000e-03
3.928750343727e+00 2.726826205921e-01 -5.000000000000e-03
3.815523964091e+00 4.042361333400e+00 -5.000000000000e-03
4.261276966554e+00 5.498200063760e+00 -5.000000000000e-03
1.221741847080e+00 5.040785855573e+00 -5.000000000000e-03
5.081606652793e+00 4.549335387983e-01 -5.000000000000e-03
4.451607110596e+00 4.484526289678e+00 -5.000000000000e-03
1.603082142673e+00 2.390812302683e+00 -5.000000000000e-03
5.842684461866e+00 2.611019115229e+00 -5.000000000000e-03
5.299909992311e+00 5.614884254447e+00 -5.000000000000e-03
2.830153109760e+00 2.987561311847e+00 -5.000000000000e-03
4.935637409695e+00 2.998156159735e+00 -5.000000000000e-03
5.873606550997e-01 5.713794343459e+00 -5.000000000000e-03
1.522912753302e+00 5.091892081409e+00 -5.000000000000e-03
3.299818498979e+00 5.207059255833e+00 -5.000000000000e-03
5.714429522443e+00 5.826755472174e+00 -5.000000000000e-03
3.889711379483e+00 5.560643512494e+00 -5.000000000000e-03
2.594566640446e+00 3.698116850667e+00 -5.000000000000e-03
2.600610062497e+00 5.728141342252e+00 -5.000000000000e-03
4.234556808932e+00 5.978864760156e+00 -5.000000000000e-03
1.462763244568e+00 5.891755308661e+00 -5.000000000000e-03
3.786834802404e+00 4.794851817699e-01 -5.000000000000e-03
1.206553903650e+00 2.696482313555e+00 -5.000000000000e-03
5.757733713523e+00 5.604950372923e+00 -5.000000000000e-03
4.350351196783e+00 5.538005030167e+00 -5.000000000000e-03
3.584856144690e+00 5.261882997943e+00 -5.000000000000e-03
4.837851704665e+00 5.759194586278e+00 -5.000000000000e-03
1.588588676550e+00 5.899307725304e+00 -5.000000000000e-03
5.033639195147e+00 3.158349459590e-01 -5.000000000000e-03
2.076518709480e+00 5.365278996352e+00 -5.000000000000e-03
3.269102872741e+00 1.484917733830e+00 -5.000000000000e-03
2.674658760773e+00 3.796344418186e+00 -5.000000000000e-03
6.180792352311e-01 1.339801908978e+00 -5.000000000000e-03
3.738471120747e+00 1.091679347301e+00 -5.000000000000e-03
3.116927479906e+00 1.965088833681e+00 -5.000000000000e-03
1.038398259157e+00 6.006860644134e+00 -5.000000000000e-03
4.884967093705e+00 1.018516698683e+00 -5.000000000000e-03
