4.048792547895e-01 4.311522179393e+00 5.000000000000e-03
4.515347274877e+00 8.715327169412e-01 5.000000000000e-03
5.317127626599e+00 1.260268288804e+00 5.000000000000e-03
5.773881313757e+00 3.395375816554e-01 5.000000000000e-03
4.904565091308e+00 5.371419488604e+00 5.000000000000e-03
4.854738373999e+00 2.225951535068e+00 5.000000000000e-03
3.440042849853e+00 7.815180229520e-02 5.000000000000e-03
4.424458158906e+00 5.877066423107e+00 5.000000000000e-03
2.735401283787e+00 2.838151373391e+00 5.000000000000e-03
4.649567864209e+00 5.313962427879e+00 5.000000000000e-03
4.505182408879e+00 6.263077179081e+00 5.000000000000e-03
1.491096073497e+00 1.270649743303e+00 5.000000000000e-03
3.533298407765e+00 2.749670691089e+00 5.000000000000e-03
2.751912449271e+00 5.789933267750e+00 5.000000000000e-03
4.080214559466e+00 5.383729307307e-01 5.000000000000e-03
5.622704287572e+00 4.038814230566e+00 5.000000000000e-03
5.950872780862e+00 9.087299020346e-01 5.000000000000e-03
4.946448503979e+00 4.703011380857e+00 5.000000000000e-03
3.696347870228e+00 1.271131869869e+00 5.000000000000e-03
5.662991153999e-01 1.423745502873e+00 5.000000000000e-03
5.856026401244e+00 2.289450038114e-01 5.000000000000e-03
3.742010384171e+00 1.234891280770e+00 5.000000000000e-03
3.491931450251e+00 5.981938261568e+00 5.000000000000e-03
1.997269241386e+00 3.275827925702e+00 5.000000000000e-03
5.111607881964e+00 1.935616902998e+00 5.000000000000e-03
5.489801537015e+00 3.718280820198e+00 5.000000000000e-03
2.310190751629e+00 4.837088376856e+00 5.000000000000e-03
5.603204210750e+00 2.019393686378e+00 5.000000000000e-03
4.886581252270e+00 1.671109009073e+00 5.000000000000e-03
1.027814446960e+00 1.584036109364e+00 5.000000000000e-03
5.731053452381e+00 3.027798947742e+00 5.000000000000e-03
5.257538252812e+00 3.241295843997e+00 5.000000000000e-03
3.914801702711e+00 6.130215779979e+00 5.000000000000e-03
4.593154841391e+00 2.117531201846e+00 5.000000000000e-03
5.051971399948e+00 4.697102035899e+00 5.000000000000e-03
5.067888416846e+00 6.085558782911e+00 5.000000000000e-03
9.100891897542e-02 4.091953905928e+00 5.000000000000e-03
5.282972038034e+00 1.357907775479e+00 5.000000000000e-03
4.983194041128e-02 4.324173630552e+00 5.000000000000e-03
2.997947675920e-01 3.292061838097e+00 5.000000000000e-03
8.207789228008e-01 1.906840228040e+00 5.000000000000e-03
7.931069242718e-01 1.942205208755e+00 5.000000000000e-03
4.977723514866e+00 4.879960555843e+00 5.000000000000e-03
2.825031660187e+00 3.046655391796e-01 5.000000000000e-03
2.772407731308e+00 2.768076262606e+00 5.000000000000e-03
5.038226120974e+00 2.285974253809e+00 5.000000000000e-03
2.814526359746e+00 6.177409071275e+00 5.000000000000e-03
3.363326043965e+00 4.268440930617e+00 5.000000000000e-03
2.414302701214e+00 1.283289951867e+00 5.000000000000e-03
3.607546608688e+00 2.542238328282e+00 5.000000000000e-03
4.360761945928e+00 2.142177261925e-01 5.000000000000e-03
3.412909181152e+00 1.001901436279e+00 5.000000000000e-03
1.904803352868e-01 3.880062792306e+00 5.000000000000e-03
3.534030672624e+00 5.842046999120e+00 5.000000000000e-03
2.600949364873e+00 4.445267009662e+00 5.000000000000e-03
1.090234729149e+00 6.150207952779e+00 5.000000000000e-03
4.387831134921e+00 4.554115456617e+00 5.000000000000e-03
2.782713133520e-01 3.116585141780e+00 5.000000000000e-03
3.507507528956e+00 3.054161312854e-01 5.000000000000e-03
1.081639272136e+00 9.256595066837e-01 5.000000000000e-03
1.761766275770e+00 5.937198639205e+00 5.000000000000e-03
5.102765844631e+00 2.514502670328e+00 5.000000000000e-03
5.204726863720e+00 2.364111224727e+00 5.000000000000e-03
4.371826818920e+00 5.177445996147e+00 5.000000000000e-03
1.416597627290e+00 4.768820889164e+00 5.000000000000e-03
3.488700007688e-01 1.101401176154e+00 5.000000000000e-03
3.548208670071e+00 2.579644948067e+00 5.000000000000e-03
5.886381203495e+00 2.287701031312e+00 5.000000000000e-03
3.376100213995e-01 1.746656758714e+00 5.000000000000e-03
6.113597383632e+00 5.607361482128e+00 5.000000000000e-03
4.518351081601e+00 5.307040908507e+00 5.000000000000e-03
4.554725828412e+00 4.974798782466e+00 5.000000000000e-03
5.628480339680e+00 4.056786596019e+00 5.000000000000e-03
5.144103710294e+00 2.484697656688e+00 5.000000000000e-03
4.695910282106e+00 2.594705450688e+00 5.000000000000e-03
5.782603817804e-01 3.525725579691e+00 5.000000000000e-03
1.782236160620e-01 4.518590888261e+00 5.000000000000e-03
4.954129786434e+00 2.659090572312e+00 5.000000000000e-03
3.352591834460e+00 8.263572254951e-01 5.000000000000e-03
2.458026958036e+00 2.438608285716e-01 5.000000000000e-03
4.460093763846e+00 6.041203725558e+00 5.000000000000e-03
2.003925504127e+00 5.119688701501e-01 5.000000000000e-03
5.204801661789e+00 6.117422030473e+00 5.000000000000e-03
4.414506154493e+00 3.729501304395e-01 5.000000000000e-03
4.380357979844e+00 1.910152552702e-01 5.000000000000e-03
6.158379349425e+00 5.655909926743e+00 5.000000000000e-03
7.047703847745e-02 4.162463450532e+00 5.000000000000e-03
1.698670206447e+00 8.099107689743e-01 5.000000000000e-03
5.449111641309e+00 5.712395281513e+00 5.000000000000e-03
6.153051123636e+00 9.666770735680e-01 5.000000000000e-03
5.440109489116e+00 4.805454968913e+00 5.000000000000e-03
4.965903052948e+00 4.903265300745e+00 5.000000000000e-03
1.546748712578e+00 4.955012361079e-01 5.000000000000e-03
5.490781919710e-01 4.748940751524e+00 5.000000000000e-03
2.396578421183e+00 3.104830953587e+00 5.000000000000e-03
7.374045162921e-01 2.175252268744e+00 5.000000000000e-03
4.757411224770e+00 1.780997056025e+00 5.000000000000e-03
4.767278057593e+00 1.068749510904e+00 5.000000000000e-03
3.826175675631e+00 5.442441426858e+00 5.000000000000e-03
4.019076781828e-02 1.570069862406e+00 5.000000000000e-03
2.965336986886e+00 3.726491566935e+00 -5.000000000000e-03
1.896008959925e+00 1.916252940387e+00 -5.000000000000e-03
3.674762725358e+00 3.209801164803e+00 -5.000000000000e-03
6.165491200987e+00 4.861222023491e+00 -5.000000000000e-03
1.004036286889e+00 5.274625367855e+00 -5.000000000000e-03
1.522749544348e+00 5.228435452390e+00 -5.000000000000e-03
2.358678838868e+00 5.563075047841e+00 -5.000000000000e-03
7.670165565562e-01 4.631196414877e+00 -5.000000000000e-03
2.875039554752e+00 3.029282906961e+00 -5.000000000000e-03
2.893390815024e+00 5.265154811128e+00 -5.000000000000e-03
3.921942860228e+00 5.672546921626e+00 -5.000000000000e-03
3.269359228364e+00 4.830139958708e+00 -5.000000000000e-03
8.512245415747e-01 4.367903248268e+00 -5.000000000000e-03
2.976678551815e+00 3.751843131878e+00 -5.000000000000e-03
4.010077155501e+00 4.815372568275e+00 -5.000000000000e-03
1.127855233911e+00 3.934455206418e+00 -5.000000000000e-03
4.311995008876e+00 3.243902083182e+00 -5.000000000000e-03
1.022662618641e+00 5.100098142422e+00 -5.000000000000e-03
5.970925007920e+00 6.008461647785e+00 -5.000000000000e-03
2.097572567532e+00 6.060352977792e+00 -5.000000000000e-03
1.163283785097e+00 3.889556161253e+00 -5.000000000000e-03
2.969111013390e+00 4.594265715866e+00 -5.000000000000e-03
5.921855009848e+00 5.892603596204e+00 -5.000000000000e-03
5.642876354178e-01 5.322197912666e+00 -5.000000000000e-03
1.515627546543e+00 2.687315973501e+00 -5.000000000000e-03
1.462211690695e+00 4.226979290403e+00 -5.000000000000e-03
2.927978762773e+00 5.621674212829e+00 -5.000000000000e-03
1.343713704183e+00 2.813850726330e+00 -5.000000000000e-03
2.585197316749e+00 3.794257853279e+00 -5.000000000000e-03
1.705299809108e+00 4.895214769141e+00 -5.000000000000e-03
4.581251115099e-02 2.846681153729e+00 -5.000000000000e-03
1.954456145803e+00 6.079004578419e+00 -5.000000000000e-03
2.397963083655e+00 3.825760604110e+00 -5.000000000000e-03
4.341473682783e+00 3.232907937134e+00 -5.000000000000e-03
4.295763850660e+00 9.540956288406e-01 -5.000000000000e-03
2.593403092644e+00 3.747279162898e+00 -5.000000000000e-03
3.365283447421e+00 5.626508508855e+00 -5.000000000000e-03
1.059071198510e+00 4.052017970354e+00 -5.000000000000e-03
1.693070242993e+00 2.789252888224e+00 -5.000000000000e-03
3.398758907478e+00 5.136559561337e+00 -5.000000000000e-03
7.888688503087e-01 1.342694041064e-02 -5.000000000000e-03
8.504675300658e-01 6.236888650797e+00 -5.000000000000e-03
5.525461212747e+00 3.267359460780e+00 -5.000000000000e-03
3.299786992584e+00 4.905291256469e+00 -5.000000000000e-03
3.275953700342e+00 1.591347388077e+00 -5.000000000000e-03
6.108919886087e+00 2.861278478090e-01 -5.000000000000e-03
3.332994830344e+00 3.526215119058e+00 -5.000000000000e-03
2.217906504698e+00 5.470546749069e+00 -5.000000000000e-03
1.461470396438e+00 3.556063444588e+00 -5.000000000000e-03
8.829965761856e-01 4.756249607028e+00 -5.000000000000e-03
4.231438484508e+00 1.404391955918e+00 -5.000000000000e-03
1.763517704076e+00 4.837163170592e+00 -5.000000000000e-03
4.109712772446e+00 8.512334591643e-02 -5.000000000000e-03
4.345926302380e+00 3.259156832572e+00 -5.000000000000e-03
4.193680664593e+00 1.164499548780e-01 -5.000000000000e-03
3.981580459119e+00 5.362487656607e+00 -5.000000000000e-03
1.029449527731e+00 4.087071101966e+00 -5.000000000000e-03
3.265892022373e-01 5.224445398716e-01 -5.000000000000e-03
3.027281510875e+00 1.111196762248e+00 -5.000000000000e-03
5.459500769745e+00 2.275450419381e-01 -5.000000000000e-03
4.161162382608e+00 5.168394573968e+00 -5.000000000000e-03
6.112140626119e+00 5.444485260750e+00 -5.000000000000e-03
2.268001348399e+00 1.432708024692e+00 -5.000000000000e-03
1.505602541118e+00 3.374100703949e+00 -5.000000000000e-03
1.895948185785e+00 1.986932659304e+00 -5.000000000000e-03
1.021161849112e+00 3.951388406183e+00 -5.000000000000e-03
6.191535879581e+00 4.920799212899e+00 -5.000000000000e-03
3.985283668429e+00 5.656344504936e+00 -5.000000000000e-03
3.995716463009e+00 5.421263904011e+00 -5.000000000000e-03
2.411105364317e+00 3.911643348206e+00 -5.000000000000e-03
9.269218027143e-01 4.343883988301e+00 -5.000000000000e-03
1.737156738240e+00 1.964713738789e+00 -5.000000000000e-03
2.779199195057e+00 3.311870825743e+00 -5.000000000000e-03
2.031819819743e+00 2.822659807065e+00 -5.000000000000e-03
1.986509503700e+00 5.901552940115e+00 -5.000000000000e-03
2.901446404758e+00 5.228266221838e+00 -5.000000000000e-03
2.076536880720e-01 6.364179190701e-01 -5.000000000000e-03
4.155654965054e-02 1.563753792251e-01 -5.000000000000e-03
6.029960390986e+00 1.178576740078e+00 -5.000000000000e-03
2.290620468782e+00 2.719079184829e+00 -5.000000000000e-03
2.187983726994e+00 1.829644644891e-01 -5.000000000000e-03
3.277809106185e+00 4.832215333169e+00 -5.000000000000e-03
6.203903372696e-01 3.094302551332e+00 -5.000000000000e-03
3.108191649366e+00 4.103932131566e+00 -5.000000000000e-03
1.459481932862e+00 2.222242074423e-01 -5.000000000000e-03
4.224889526247e+00 3.634392638367e+00 -5.000000000000e-03
1.656124589542e+00 4.956444302793e+00 -5.000000000000e-03
4.832652875990e-01 5.607050294776e+00 -5.000000000000e-03
1.219200062891e+00 4.392018213797e+00 -5.000000000000e-03
2.141208305668e+00 6.072742812294e+00 -5.000000000000e-03
3.202886443490e+00 1.677783583949e+00 -5.000000000000e-03
3.641123824889e+00 6.264985804823e+00 -5.000000000000e-03
1.861776537371e+00 2.498410032887e+00 -5.000000000000e-03
2.732322591302e+00 3.040281210532e+00 -5.000000000000e-03
1.788039212035e+00 1.260150418513e+00 -5.000000000000e-03
7.484487467064e-01 4.405269006073e+00 -5.000000000000e-03
1.193856917304e+00 4.174878762416e+00 -5.000000000000e-03
3.680122611847e+00 3.182605472272e+00 -5.000000000000e-03
4.233473406755e+00 1.809501841699e+00 -5.000000000000e-03
1.264085850352e+00 4.241414353131e+00 -5.000000000000e-03
