5.705276280055e+00 4.202496505062e+00 5.000000000000e-03
5.933375251223e+00 1.614956998408e+00 5.000000000000e-03
5.120320275236e+00 6.238141798058e+00 5.000000000000e-03
3.438199073992e+00 1.097141715852e+00 5.000000000000e-03
6.097119503999e+00 4.199250387854e+00 5.000000000000e-03
2.424840289260e+00 6.046863345053e+00 5.000000000000e-03
3.925485706755e+00 8.465905261405e-01 5.000000000000e-03
2.278243399928e+00 1.005477676045e+00 5.000000000000e-03
2.840064133425e+00 6.218124098112e+00 5.000000000000e-03
4.332946560349e+00 5.389090094932e+00 5.000000000000e-03
5.864940529345e+00 1.335379795398e+00 5.000000000000e-03
9.516377944817e-01 5.627996955290e+00 5.000000000000e-03
2.721370826437e+00 4.676101896425e+00 5.000000000000e-03
3.295221499280e+00 1.392174312714e+00 5.000000000000e-03
2.849286853108e+00 3.415286170839e+00 5.000000000000e-03
3.836918981330e+00 1.531084232874e+00 5.000000000000e-03
3.019167657309e+00 2.943478401494e+00 5.000000000000e-03
1.242985842146e+00 4.032808524145e+00 5.000000000000e-03
4.605366292412e-01 4.557303333358e+00 5.000000000000e-03
3.143044940942e+00 6.895052568469e-01 5.000000000000e-03
6.180319698833e+00 1.309250726108e+00 5.000000000000e-03
2.827494835646e+00 5.363775242123e+00 5.000000000000e-03
1.266033197884e+00 2.156486830394e+00 5.000000000000e-03
1.382887090287e+00 2.946384632492e+00 5.000000000000e-03
5.678250209505e+00 4.079819251292e+00 5.000000000000e-03
5.335319563080e+00 3.647749219332e+00 5.000000000000e-03
2.306701133270e-01 5.654384015412e+00 5.000000000000e-03
1.263458097475e+00 3.969476974649e+00 5.000000000000e-03
1.328268647363e+00 5.672106553837e+00 5.000000000000e-03
5.556267722810e+00 1.299281164795e+00 5.000000000000e-03
2.729601801058e+00 4.803047358267e+00 5.000000000000e-03
3.400506252431e+00 1.189745412620e+00 5.000000000000e-03
2.178904025987e+00 3.546547012416e+00 5.000000000000e-03
5.134050883361e-01 1.806049403983e+00 5.000000000000e-03
4.660759123410e+00 2.189754691828e+00 5.000000000000e-03
3.314008533116e+00 5.925170579572e+00 5.000000000000e-03
6.171573228875e+00 5.608166430534e+00 5.000000000000e-03
1.005486052656e+00 6.013385972793e-01 5.000000000000e-03
2.459280705576e+00 5.555734659374e+00 5.000000000000e-03
6.162259827057e+00 4.025241916732e+00 5.000000000000e-03
4.058000236281e+00 9.633006202812e-02 5.000000000000e-03
6.366446553254e-02 5.920049178607e+00 5.000000000000e-03
1.798014819697e-01 5.713100735618e+00 5.000000000000e-03
1.750441264713e+00 1.668183906574e+00 5.000000000000e-03
3.969796705864e-01 5.799332687951e+00 5.000000000000e-03
3.455110619742e+00 4.875124485601e+00 5.000000000000e-03
2.369107228798e+00 3.607701863205e-01 5.000000000000e-03
1.946129747809e+00 1.841029637704e+00 5.000000000000e-03
3.338014532960e+00 5.453320379521e+00 5.000000000000e-03
2.677240293366e+00 5.563894826866e+00 5.000000000000e-03
2.796185418736e+00 5.001378853937e+00 5.000000000000e-03
1.524951939871e+00 5.757449716176e+00 5.000000000000e-03
4.766653449681e-02 3.716706596106e-02 5.000000000000e-03
3.559164173677e+00 5.261513809635e+00 5.000000000000e-03
1.981270572822e+00 3.899307686935e+00 5.000000000000e-03
1.936880155911e+00 4.524228367845e+00 5.000000000000e-03
3.842865739477e+00 6.052840409289e+00 5.000000000000e-03
7.439946792143e-01 5.218299354599e+00 5.000000000000e-03
5.527872719407e+00 6.094958620672e-02 5.000000000000e-03
2.932232915102e+00 4.737835571698e+00 5.000000000000e-03
4.108343692650e+00 2.600338335321e+00 5.000000000000e-03
5.973668422861e+00 1.681914094883e+00 5.000000000000e-03
3.461187380417e+00 4.107499564455e+00 5.000000000000e-03
1.716436132201e-01 5.464854664999e+00 5.000000000000e-03
1.782070727076e+00 6.019131398773e+00 5.000000000000e-03
7.920699825769e-01 4.873932601783e+00 5.000000000000e-03
5.254523997137e+00 2.669398880408e-01 5.000000000000e-03
6.204161203567e+00 4.590091237068e+00 5.000000000000e-03
3.827707202031e+00 5.715515759984e+00 5.000000000000e-03
5.711891789979e+00 5.684449414874e+00 5.000000000000e-03
2.528480131549e+00 2.152428629197e-01 5.000000000000e-03
1.867877272395e+00 3.833929989669e+00 5.000000000000e-03
1.578386840392e-02 4.799435125590e+00 5.000000000000e-03
7.142370878643e-01 3.534483235572e+00 5.000000000000e-03
4.034287823221e+00 3.384600116900e+00 5.000000000000e-03
3.930146828900e+00 4.538008856805e+00 5.000000000000e-03
4.682673547203e+00 6.253354867811e-01 5.000000000000e-03
2.716350825795e-01 5.794249485162e+00 5.000000000000e-03
9.407588690317e-01 3.651000330049e+00 5.000000000000e-03
4.664681220028e+00 4.142350531678e+00 5.000000000000e-03
9.018893197979e-01 3.125386188322e+00 5.000000000000e-03
1.260865442624e+00 1.827587594630e+00 5.000000000000e-03
1.987130946886e+00 3.299746307799e+00 5.000000000000e-03
6.323570542870e-01 3.484650735520e+00 5.000000000000e-03
2.784520773390e+00 5.029275368840e+00 5.000000000000e-03
4.974888339766e+00 5.249352148407e+00 5.000000000000e-03
5.434411764890e-01 2.830170468106e+00 5.000000000000e-03
2.746352227395e+00 6.096529659628e+00 5.000000000000e-03
6.125691799559e+00 5.047225499968e+00 5.000000000000e-03
5.531715617871e-01 6.208088312179e+00 5.000000000000e-03
2.617181894874e+00 6.249729147633e+00 5.000000000000e-03
3.936397545613e+00 4.940769032490e+00 5.000000000000e-03
6.001000908872e+00 4.999774222733e+00 5.000000000000e-03
5.105243434635e+00 5.439040358031e-02 5.000000000000e-03
6.189035814869e+00 3.054586914585e+00 5.000000000000e-03
1.913532559733e+00 3.608174654528e+00 5.000000000000e-03
6.246879912219e+00 5.561320952320e+00 5.000000000000e-03
9.617402174894e-02 3.814997653704e-02 5.000000000000e-03
3.525242341479e-01 5.002942297072e+00 5.000000000000e-03
4.637423949701e+00 1.631115841045e-01 5.000000000000e-03
5.202058734695e+00 2.525059535131e+00 -5.000000000000e-03
1.076977683031e+00 2.211094404392e+00 -5.000000000000e-03
4.280336506220e-01 3.017842299423e+00 -5.000000000000e-03
4.350273651731e+00 4.692363388366e+00 -5.000000000000e-03
5.035929225097e+00 2.663601005359e+00 -5.000000000000e-03
4.066637734261e+00 1.708557427804e+00 -5.000000000000e-03
2.590815117180e-01 1.488986540632e+00 -5.000000000000e-03
4.439887659860e+00 1.682531908404e+00 -5.000000000000e-03
4.614092957799e+00 7.677123471543e-01 -5.000000000000e-03
2.045706891487e+00 5.432725849957e+00 -5.000000000000e-03
5.101134384742e+00 2.664463516993e+00 -5.000000000000e-03
6.001618587925e+00 5.253487731846e+00 -5.000000000000e-03
5.757888821511e+00 3.255770041893e+00 -5.000000000000e-03
5.175542859973e+00 2.516916593001e+00 -5.000000000000e-03
1.593306247550e+00 4.133010677359e-02 -5.000000000000e-03
3.820132052556e-01 9.507475195228e-01 -5.000000000000e-03
3.497282971271e+00 2.038898658811e+00 -5.000000000000e-03
3.568529275315e+00 1.601180531440e+00 -5.000000000000e-03
3.055582775009e+00 1.320455333567e+00 -5.000000000000e-03
1.701169177011e-01 1.623521631660e+00 -5.000000000000e-03
2.359868054236e-01 3.308453289126e-01 -5.000000000000e-03
5.962505546869e+00 1.221244126296e+00 -5.000000000000e-03
3.706728120085e-01 3.273647489707e-01 -5.000000000000e-03
1.639954629783e+00 1.293917476783e+00 -5.000000000000e-03
2.372601865146e+00 1.787132245573e+00 -5.000000000000e-03
5.718858432922e+00 2.291176466688e+00 -5.000000000000e-03
1.984277103072e+00 5.014788482582e+00 -5.000000000000e-03
3.922945269738e+00 6.455625359844e-01 -5.000000000000e-03
5.519097404975e+00 3.954704236124e+00 -5.000000000000e-03
3.981905835392e+00 1.056727871641e+00 -5.000000000000e-03
5.054929448649e+00 1.923578001527e+00 -5.000000000000e-03
3.533842042824e+00 1.600065647259e+00 -5.000000000000e-03
5.957232116150e+00 3.690801558157e+00 -5.000000000000e-03
2.011124334857e+00 2.187384772428e+00 -5.000000000000e-03
4.044454173870e+00 1.533753390275e+00 -5.000000000000e-03
1.074285120812e-01 2.733056665652e+00 -5.000000000000e-03
5.375205563596e+00 2.101047096210e+00 -5.000000000000e-03
4.409289811146e+00 2.036968548528e+00 -5.000000000000e-03
4.937726610415e+00 2.550506731101e+00 -5.000000000000e-03
3.771846433237e+00 3.858879763715e+00 -5.000000000000e-03
4.161307020684e+00 1.708201980189e+00 -5.000000000000e-03
1.369955380382e+00 5.467112764120e+00 -5.000000000000e-03
4.233680635674e-01 7.608153114615e-01 -5.000000000000e-03
1.348461858137e+00 4.260721179182e+00 -5.000000000000e-03
5.838067008888e+00 3.890087585654e-01 -5.000000000000e-03
2.204357542516e+00 3.141165755972e+00 -5.000000000000e-03
1.699823939443e+00 5.011148990733e+00 -5.000000000000e-03
5.166556045778e+00 1.396587327760e+00 -5.000000000000e-03
1.389165663455e+00 5.508964994221e+00 -5.000000000000e-03
2.492941031589e+00 1.595298730011e+00 -5.000000000000e-03
4.064214386947e+00 2.249916727731e+00 -5.000000000000e-03
5.112448312547e+00 7.237872690034e-01 -5.000000000000e-03
5.567870288012e+00 2.172842071978e+00 -5.000000000000e-03
5.522547880098e+00 2.915343916797e+00 -5.000000000000e-03
4.657417253787e+00 2.418140985694e+00 -5.000000000000e-03
1.314684635143e+00 5.992166475828e+00 -5.000000000000e-03
6.380923039095e-01 2.501654722132e+00 -5.000000000000e-03
4.253483441934e+00 2.392622954521e+00 -5.000000000000e-03
2.130828394654e-01 2.650420710318e-01 -5.000000000000e-03
4.187969628142e+00 2.763626563739e+00 -5.000000000000e-03
5.123769685383e+00 1.147782068591e+00 -5.000000000000e-03
4.960236167426e+00 2.114027595387e-01 -5.000000000000e-03
3.579630471660e+00 1.736058902988e+00 -5.000000000000e-03
6.054684836872e+00 8.970265120553e-01 -5.000000000000e-03
2.172431145852e-01 3.391116657981e-01 -5.000000000000e-03
4.883796395913e+00 2.532498353338e+00 -5.000000000000e-03
3.996771845909e-01 1.086320189735e-01 -5.000000000000e-03
2.017034115550e+00 6.068756258031e+00 -5.000000000000e-03
5.541804401466e+00 6.891551699058e-01 -5.000000000000e-03
6.237878815727e+00 1.546576900375e+00 -5.000000000000e-03
6.786257865060e-01 1.307068007295e+00 -5.000000000000e-03
6.331629663150e-01 6.453792500329e-01 -5.000000000000e-03
1.925377760217e+00 5.439016198562e+00 -5.000000000000e-03
4.643708168235e+00 6.105127036936e+00 -5.000000000000e-03
3.339350117393e+00 1.649432500483e+00 -5.000000000000e-03
2.019119505795e+00 5.406583297072e+00 -5.000000000000e-03
1.401861636017e+00 1.135349798260e+00 -5.000000000000e-03
1.988824192500e-02 3.506123037765e+00 -5.000000000000e-03
6.140847410009e+00 2.970665315095e-01 -5.000000000000e-03
8.836504528735e-01 5.211551181856e+00 -5.000000000000e-03
1.044414711623e+00 5.481938964222e+00 -5.000000000000e-03
2.626919693485e+00 5.116522194882e-01 -5.000000000000e-03
2.666948834110e+00 3.832373861338e+00 -5.000000000000e-03
3.021582608179e+00 3.162226087373e+00 -5.000000000000e-03
2.900446675116e+00 1.185746099320e+00 -5.000000000000e-03
5.953159618678e+00 4.953302996995e-01 -5.000000000000e-03
4.790659900406e+00 2.546836131817e+00 -5.000000000000e-03
5.841900365447e+00 5.763697250451e+00 -5.000000000000e-03
9.602429969083e-01 1.321454745589e+00 -5.000000000000e-03
5.188431634816e+00 7.092560459274e-01 -5.000000000000e-03
2.333173943072e+00 1.677519538214e+00 -5.000000000000e-03
3.903410674527e+00 2.755983197502e+00 -5.000000000000e-03
3.375164606334e+00 8.282575229139e-01 -5.000000000000e-03
4.494348455657e+00 5.960877303133e+00 -5.000000000000e-03
4.291275876693e+00 4.155772350976e+00 -5.000000000000e-03
6.228365507207e+00 8.847949167310e-01 -5.000000000000e-03
4.703632418614e+00 4.469782510587e+00 -5.000000000000e-03
4.187056411008e-01 3.044177894248e+00 -5.000000000000e-03
5.998036026031e+00 4.822470668939e-01 -5.000000000000e-03
2.202693696913e+00 5.795172993421e+00 -5.000000000000e-03
