3.651301242555e+00 2.497412400997e+00 5.000000000000e-03
5.880797313269e+00 6.149505124240e+00 5.000000000000e-03
8.635818625783e-01 5.010529997210e+00 5.000000000000e-03
1.161823370648e+00 4.480590284985e+00 5.000000000000e-03
5.209102657141e+00 3.296513458556e+00 5.000000000000e-03
4.358012518033e+00 3.337470422001e+00 5.000000000000e-03
3.103511155761e+00 1.781243933015e+00 5.000000000000e-03
4.148292312624e+00 3.587440787001e+00 5.000000000000e-03
4.094566266308e+00 3.633404241973e+00 5.000000000000e-03
1.417081667479e+00 4.196475836862e+00 5.000000000000e-03
4.103635239297e-02 4.638934330698e+00 5.000000000000e-03
4.530008266857e+00 3.428344850745e+00 5.000000000000e-03
2.538570330347e+00 2.199700968411e-01 5.000000000000e-03
1.504901577298e+00 5.069201747783e+00 5.000000000000e-03
4.859590352141e+00 3.485544574649e+00 5.000000000000e-03
3.079688564321e+00 2.862973000614e+00 5.000000000000e-03
1.649569294210e+00 5.348049785279e+00 5.000000000000e-03
4.566562508122e+00 4.673614277114e+00 5.000000000000e-03
3.324028569614e+00 3.258304885171e+00 5.000000000000e-03
1.959510749041e+00 4.159913713888e+00 5.000000000000e-03
8.529264855447e-01 2.582848327752e+00 5.000000000000e-03
4.041206425966e+00 3.501466413513e+00 5.000000000000e-03
2.498456899471e+00 4.311439153296e+00 5.000000000000e-03
4.093363018353e+00 5.281875289973e+00 5.000000000000e-03
3.036976686874e+00 3.680001494578e+00 5.000000000000e-03
3.498192040908e+00 3.885076543797e+00 5.000000000000e-03
4.013878659260e+00 3.481081323733e+00 5.000000000000e-03
2.732051484738e+00 5.686973786593e-01 5.000000000000e-03
4.308217998742e+00 2.877821128224e+00 5.000000000000e-03
1.133377182349e-01 5.220733596994e+00 5.000000000000e-03
3.179360155635e+00 3.290232678383e+00 5.000000000000e-03
4.966746134842e+00 4.711172179512e+00 5.000000000000e-03
1.803965282076e+00 2.849281954840e+00 5.000000000000e-03
1.116742090355e+00 2.413396604044e-01 5.000000000000e-03
5.727038377583e+00 3.436830953680e+00 5.000000000000e-03
2.991557853312e+00 3.436138992830e+00 5.000000000000e-03
1.239131437052e+00 3.434520023327e+00 5.000000000000e-03
9.269474214357e-01 4.751578824984e+00 5.000000000000e-03
4.321814947442e+00 1.262487693094e+00 5.000000000000e-03
2.497321128214e+00 3.493228867879e+00 5.000000000000e-03
5.836777308681e+00 5.537613905104e+00 5.000000000000e-03
1.268970986714e-01 3.770814343714e+00 5.000000000000e-03
3.821574100643e+00 2.988991802911e+00 5.000000000000e-03
3.513213232880e+00 3.855578797835e+00 5.000000000000e-03
3.788003528935e+00 3.261338500427e+00 5.000000000000e-03
3.505473613645e+00 5.630570102215e+00 5.000000000000e-03
2.789850211200e+00 4.028685904419e+00 5.000000000000e-03
4.472748683602e+00 5.485057241379e+00 5.000000000000e-03
6.837849577570e-01 5.085657834119e+00 5.000000000000e-03
3.170368790521e+00 8.101132001817e-01 5.000000000000e-03
2.845904467473e+00 3.620591930947e+00 5.000000000000e-03
2.594478340678e+00 3.443084557204e+00 5.000000000000e-03
2.962606696785e+00 5.301588987230e+00 5.000000000000e-03
4.229756922778e+00 6.217673556787e+00 5.000000000000e-03
3.485463172459e+00 4.765753960864e-01 5.000000000000e-03
6.280844998470e+00 5.772124274019e+00 5.000000000000e-03
1.566115323549e+00 5.634147612085e+00 5.000000000000e-03
5.353286850875e+00 4.706868060655e+00 5.000000000000e-03
2.587244491086e+00 4.607120511735e+00 5.000000000000e-03
1.041965051874e+00 2.852925209075e+00 5.000000000000e-03
1.651767137572e+00 4.361556341283e+00 5.000000000000e-03
6.005515778370e-01 2.395019285123e+00 5.000000000000e-03
3.881854088029e+00 3.787137970981e+00 5.000000000000e-03
2.710234968082e+00 1.611659171087e+00 5.000000000000e-03
4.365216366684e+00 4.815346337215e+00 5.000000000000e-03
4.360136255668e+00 5.544136714120e+00 5.000000000000e-03
2.686642176040e+00 2.503943459635e+00 5.000000000000e-03
5.015495619474e+00 5.514440104815e+00 5.000000000000e-03
5.986188594497e+00 4.119145999440e+00 5.000000000000e-03
3.290665930365e+00 3.899767574985e+00 5.000000000000e-03
3.951783393080e+00 4.010115248199e+00 5.000000000000e-03
3.327254739088e+00 3.330361579719e+00 5.000000000000e-03
3.948913591601e+00 3.825823631077e+00 5.000000000000e-03
3.764591765223e+00 3.597196844413e+00 5.000000000000e-03
6.258558198606e+00 3.717269652510e+00 5.000000000000e-03
2.287869252795e+00 1.580333681346e+00 5.000000000000e-03
3.056005223618e+00 3.231487032913e+00 5.000000000000e-03
2.033936945062e+00 4.445229381022e-02 5.000000000000e-03
3.503675411227e+00 9.897125202584e-01 5.000000000000e-03
1.209030726046e+00 5.950134070362e+00 5.000000000000e-03
5.625375894501e+00 4.964562648955e+00 5.000000000000e-03
5.052065974437e-01 4.270392420936e+00 5.000000000000e-03
3.946330325471e+00 3.399420647940e+00 5.000000000000e-03
2.698833522148e+00 4.221319770474e+00 5.000000000000e-03
3.029438822786e+00 1.796486373819e+00 5.000000000000e-03
4.000051792404e+00 5.662018630952e+00 5.000000000000e-03
2.793456215825e+00 3.594687000233e+00 5.000000000000e-03
2.177130541352e+00 4.340650667181e+00 5.000000000000e-03
3.784243041700e+00 2.941680150390e+00 5.000000000000e-03
2.598290540359e+00 6.923974238482e-01 5.000000000000e-03
5.869381323793e+00 5.929958088452e+00 5.000000000000e-03
3.382898195162e+00 3.953617597122e+00 5.000000000000e-03
1.275720863494e+00 1.559555519203e+00 5.000000000000e-03
3.470224497308e+00 4.354421936305e+00 5.000000000000e-03
3.187853575815e+00 4.678549868096e+00 5.000000000000e-03
5.852201154298e+00 4.067687799327e+00 5.000000000000e-03
5.127184739461e+00 5.115503906162e+00 5.000000000000e-03
3.729161232335e+00 3.949037482714e+00 5.000000000000e-03
4.795347107058e+00 3.411452677045e+00 5.000000000000e-03
3.190854060616e+00 3.305623328221e+00 5.000000000000e-03
3.711718519260e+00 5.070296521439e+00 -5.000000000000e-03
2.070580054916e+00 9.107352895974e-01 -5.000000000000e-03
5.944829184647e+00 6.194436959019e-01 -5.000000000000e-03
6.247115092367e+00 4.366740917722e-01 -5.000000000000e-03
6.195242879952e+00 5.042259969474e+00 -5.000000000000e-03
1.328467556792e+00 2.946852341323e+00 -5.000000000000e-03
2.869517514212e+00 2.383672362193e+00 -5.000000000000e-03
5.914646099983e+00 9.015317588246e-01 -5.000000000000e-03
1.846467931727e+00 5.059028377607e+00 -5.000000000000e-03
3.083768442399e+00 2.674108925746e+00 -5.000000000000e-03
5.703107276689e+00 4.036078462612e+00 -5.000000000000e-03
6.118454932007e+00 4.357285278135e-01 -5.000000000000e-03
6.087845247686e+00 2.016942144977e+00 -5.000000000000e-03
5.430014510851e+00 1.142924640208e+00 -5.000000000000e-03
2.323561075755e+00 1.050250728058e+00 -5.000000000000e-03
4.313774835799e+00 2.621012960807e+00 -5.000000000000e-03
5.216795530124e+00 1.009820807627e+00 -5.000000000000e-03
1.131225307759e+00 1.059054047273e+00 -5.000000000000e-03
3.209525286083e-01 2.380071654315e+00 -5.000000000000e-03
4.128405345222e+00 1.228263817849e+00 -5.000000000000e-03
5.589570867229e+00 2.455037240574e+00 -5.000000000000e-03
1.229556687016e+00 7.631416704117e-01 -5.000000000000e-03
6.254002044222e+00 2.590814105991e+00 -5.000000000000e-03
6.007866414126e+00 8.698091194219e-01 -5.000000000000e-03
5.870769712774e+00 1.809064319542e+00 -5.000000000000e-03
8.844223509850e-02 5.770135491523e-01 -5.000000000000e-03
9.233426470866e-01 1.756490443742e+00 -5.000000000000e-03
3.704010773643e-01 8.082516679418e-01 -5.000000000000e-03
1.186765166733e+00 1.089705433026e+00 -5.000000000000e-03
4.763784361188e+00 2.970735298877e+00 -5.000000000000e-03
4.933567936580e+00 1.188429227023e+00 -5.000000000000e-03
5.836878078186e+00 1.872059096372e+00 -5.000000000000e-03
4.788605436873e-01 1.523870186623e+00 -5.000000000000e-03
2.551849022093e+00 3.766749723528e+00 -5.000000000000e-03
2.003500820501e+00 2.297610342484e+00 -5.000000000000e-03
5.295677585885e+00 2.227727177030e+00 -5.000000000000e-03
7.954512648179e-01 1.609805336383e+00 -5.000000000000e-03
1.687895056593e+00 3.563714947536e+00 -5.000000000000e-03
1.869495503073e+00 1.445173566268e+00 -5.000000000000e-03
5.079180662171e+00 4.943710675041e+00 -5.000000000000e-03
6.251928429785e+00 3.086620943522e+00 -5.000000000000e-03
5.907051486070e+00 9.843062267393e-01 -5.000000000000e-03
5.528725564369e+00 2.241943601868e+00 -5.000000000000e-03
6.146100031237e+00 6.194731434814e+00 -5.000000000000e-03
3.484109905937e-01 2.658634914203e+00 -5.000000000000e-03
2.047801298127e+00 1.471870641028e+00 -5.000000000000e-03
1.831550423335e+00 7.198362986958e-01 -5.000000000000e-03
9.890814088404e-01 3.730549169886e+00 -5.000000000000e-03
6.105747150118e+00 1.337115612448e+00 -5.000000000000e-03
8.712473773614e-01 9.401818513331e-01 -5.000000000000e-03
6.524092724482e-01 2.557899208854e+00 -5.000000000000e-03
5.012570995241e+00 2.058517319818e+00 -5.000000000000e-03
5.501768609948e+00 1.054373850713e+00 -5.000000000000e-03
2.767248605529e+00 1.245214232730e+00 -5.000000000000e-03
3.128045364032e+00 4.251511849321e+00 -5.000000000000e-03
5.569473788385e+00 1.314413010171e+00 -5.000000000000e-03
4.743677922610e+00 5.074531896356e-01 -5.000000000000e-03
5.593523983734e+00 6.314627651220e-01 -5.000000000000e-03
6.774555603068e-01 5.491439327106e+00 -5.000000000000e-03
1.392646555311e+00 6.188667101228e-01 -5.000000000000e-03
5.587780880731e+00 1.914820310623e+00 -5.000000000000e-03
6.146226926146e+00 7.929615439587e-01 -5.000000000000e-03
2.104779384945e+00 3.467791002965e-01 -5.000000000000e-03
5.718220812890e+00 2.438911441688e+00 -5.000000000000e-03
2.887143487182e-01 2.816445870884e+00 -5.000000000000e-03
4.992334986065e+00 1.537886574079e+00 -5.000000000000e-03
5.790792680446e+00 1.840690869380e+00 -5.000000000000e-03
5.329613683935e-01 1.162962892413e+00 -5.000000000000e-03
1.630347979081e+00 2.257533243818e+00 -5.000000000000e-03
1.600110915689e+00 9.379961028993e-01 -5.000000000000e-03
5.332441073269e+00 1.991584917080e+00 -5.000000000000e-03
2.882599452109e+00 1.728082441433e+00 -5.000000000000e-03
5.965690506283e+00 1.361176933042e+00 -5.000000000000e-03
2.024653242681e-01 7.822319166360e-01 -5.000000000000e-03
5.599637167031e+00 3.037273831564e-01 -5.000000000000e-03
1.494998380252e+00 5.311212689316e-01 -5.000000000000e-03
5.712289201118e+00 7.649933630301e-01 -5.000000000000e-03
1.810616961628e+00 5.126092825865e+00 -5.000000000000e-03
5.952886773283e+00 1.707841965718e+00 -5.000000000000e-03
5.825511534014e+00 7.592670762139e-01 -5.000000000000e-03
1.473619069113e+00 5.193448408090e+00 -5.000000000000e-03
4.804202184469e+00 1.533994673778e+00 -5.000000000000e-03
2.499348008396e+00 2.188671915707e+00 -5.000000000000e-03
4.310508230224e+00 7.779921344431e-01 -5.000000000000e-03
3.885629173189e-01 4.627444445690e-01 -5.000000000000e-03
5.468400697433e+00 6.124755760379e+00 -5.000000000000e-03
6.150414117830e+00 1.613194800328e-01 -5.000000000000e-03
3.625745460850e-01 3.950854289611e+00 -5.000000000000e-03
5.773658053398e+00 2.160153829015e+00 -5.000000000000e-03
3.057249626326e+00 4.464475959717e+00 -5.000000000000e-03
5.540026420577e+00 8.988949260079e-01 -5.000000000000e-03
5.139715439839e+00 2.318142353811e+00 -5.000000000000e-03
4.683953464209e-01 4.450651628157e-01 -5.000000000000e-03
5.940532606342e+00 1.430830383808e+00 -5.000000000000e-03
5.825910683957e+00 1.472433813817e+00 -5.000000000000e-03
4.009230424822e-01 2.118216783506e+00 -5.000000000000e-03
5.803923073805e+00 9.833186645209e-01 -5.000000000000e-03
1.815402640140e+00 4.475417856176e+00 -5.000000000000e-03
6.204488931156e+00 3.470334636580e+00 -5.000000000000e-03
6.239529285984e+00 1.292374300944e+00 -5.000000000000e-03
