2.265019485113e+00 3.084839412710e+00 5.000000000000e-03
3.220108972717e+00 1.968437333352e+00 5.000000000000e-03
1.350740408880e+00 4.321292770650e+00 5.000000000000e-03
2.024082556148e+00 3.740669264678e+00 5.000000000000e-03
1.318869015018e+00 3.201205392544e+00 5.000000000000e-03
2.967422710647e+00 4.478689880989e+00 5.000000000000e-03
2.921634973806e+00 2.400988779177e+00 5.000000000000e-03
3.532416578942e+00 3.173578867126e-01 5.000000000000e-03
3.670247863775e+00 1.037616789761e-01 5.000000000000e-03
3.344682371172e+00 1.706878498182e+00 5.000000000000e-03
3.295798307670e+00 3.503080383368e+00 5.000000000000e-03
4.114478301383e+00 2.995016662144e+00 5.000000000000e-03
4.277636396020e+00 2.554447475594e-01 5.000000000000e-03
3.026000617592e+00 4.099687359982e+00 5.000000000000e-03
1.731892776472e+00 1.525891499107e+00 5.000000000000e-03
5.433830424757e+00 4.895151837321e+00 5.000000000000e-03
3.712629723695e+00 3.378029161233e+00 5.000000000000e-03
1.114650476180e+00 5.656200294024e+00 5.000000000000e-03
4.066304974200e+00 2.920082348542e+00 5.000000000000e-03
2.651103172450e+00 4.424412387690e+00 5.000000000000e-03
2.271264795664e+00 4.538389282674e+00 5.000000000000e-03
2.640716927237e+00 4.805786036252e+00 5.000000000000e-03
2.355799342833e+00 4.053513114050e+00 5.000000000000e-03
2.223681876551e+00 1.777083461309e+00 5.000000000000e-03
5.684750214352e+00 5.955376005304e+00 5.000000000000e-03
4.114351179289e+00 2.435414587726e+00 5.000000000000e-03
5.328731484318e+00 1.666752463240e+00 5.000000000000e-03
4.972257122382e+00 2.457551423807e+00 5.000000000000e-03
2.666583533564e+00 1.883086738851e+00 5.000000000000e-03
2.333940977444e+00 8.134481855878e-01 5.000000000000e-03
5.686799196608e+00 5.836320318398e+00 5.000000000000e-03
3.085517323392e+00 4.619458454332e+00 5.000000000000e-03
4.207639073580e+00 2.633337119005e+00 5.000000000000e-03
2.994385677041e+00 4.042955624805e+00 5.000000000000e-03
2.155186210535e+00 1.962588998919e+00 5.000000000000e-03
3.531297288604e+00 1.156535356749e-01 5.000000000000e-03
1.852763892997e+00 4.019615786586e+00 5.000000000000e-03
5.154412917884e+00 3.752383646241e+00 5.000000000000e-03
5.070783323222e+00 2.395061162376e+00 5.000000000000e-03
1.157275704082e+00 1.943285988277e+00 5.000000000000e-03
3.419148778813e+00 2.585227391313e+00 5.000000000000e-03
3.409572105804e+00 4.487971028186e+00 5.000000000000e-03
1.829919571454e+00 5.140450521107e+00 5.000000000000e-03
1.904951429089e+00 3.994484497008e+00 5.000000000000e-03
2.900046973651e+00 5.368599366863e+00 5.000000000000e-03
9.204424013681e-01 2.720041547742e+00 5.000000000000e-03
1.787255426662e+00 1.534397222596e+00 5.000000000000e-03
2.876045900948e+00 4.151753698681e+00 5.000000000000e-03
1.574833119802e+00 2.628264843127e+00 5.000000000000e-03
2.164088152051e+00 3.831405085723e+00 5.000000000000e-03
6.261189632386e+00 4.544386708594e+00 5.000000000000e-03
3.498996179277e+00 3.782518835423e+00 5.000000000000e-03
2.551979142042e+00 3.775449772401e+00 5.000000000000e-03
5.205313923345e+00 2.313314303829e+00 5.000000000000e-03
2.833260368893e+00 3.931774358793e+00 5.000000000000e-03
3.201728120576e+00 4.704588775119e+00 5.000000000000e-03
2.636221312802e+00 3.842653574128e+00 5.000000000000e-03
1.845507249263e+00 1.682209108067e+00 5.000000000000e-03
2.240429362213e+00 4.739025679509e+00 5.000000000000e-03
1.610003004555e-01 6.025544635725e+00 5.000000000000e-03
3.125509961775e+00 2.357979824550e+00 5.000000000000e-03
4.249740746393e+00 5.469392923461e+00 5.000000000000e-03
2.973335141257e+00 3.969662720010e+00 5.000000000000e-03
5.299221212303e+00 4.353266831511e+00 5.000000000000e-03
2.825686650232e+00 4.766824398359e+00 5.000000000000e-03
3.878461539475e+00 3.910050868277e+00 5.000000000000e-03
1.823413463154e+00 5.409315990041e+00 5.000000000000e-03
5.878676045072e+00 5.058336047845e+00 5.000000000000e-03
3.017255947765e+00 3.956144580480e+00 5.000000000000e-03
2.672740742091e+00 3.244864113644e+00 5.000000000000e-03
2.292302839974e+00 3.454020880232e+00 5.000000000000e-03
2.994832107287e+00 4.354795168180e+00 5.000000000000e-03
1.469455305645e+00 5.475821288591e+00 5.000000000000e-03
2.263966121616e+00 2.552505170433e+00 5.000000000000e-03
2.672254859778e+00 1.522829033607e+00 5.000000000000e-03
2.083364563058e+00 1.949947608991e+00 5.000000000000e-03
3.045698593089e+00 4.101755535136e+00 5.000000000000e-03
4.131658547401e+00 1.373719604887e+00 5.000000000000e-03
3.045626986011e-01 5.550646655944e+00 5.000000000000e-03
1.112536120681e+00 1.704761858619e+00 5.000000000000e-03
4.610774979648e+00 3.093606118939e+00 5.000000000000e-03
4.872957010853e+00 4.729906764188e+00 5.000000000000e-03
2.814606006243e+00 5.078714393142e+00 5.000000000000e-03
4.211778857847e+00 2.998235633890e+00 5.000000000000e-03
2.974207864936e+00 4.072550393241e+00 5.000000000000e-03
4.479932086341e+00 2.089919505491e+00 5.000000000000e-03
4.985476346533e+00 3.923847439617e+00 5.000000000000e-03
2.657285756541e+00 5.043051968978e+00 5.000000000000e-03
4.876094731415e+00 5.901427044828e+00 5.000000000000e-03
4.129725553535e+00 2.253707037223e+00 5.000000000000e-03
3.718961800126e+00 2.527397177441e+00 5.000000000000e-03
3.009743060691e+00 4.059923110604e+00 5.000000000000e-03
1.043146920314e+00 3.333056307631e+00 5.000000000000e-03
2.989813408431e+00 3.984451815104e+00 5.000000000000e-03
5.332070020982e+00 3.611436272515e+00 5.000000000000e-03
2.564335287100e+00 3.258509511953e+00 5.000000000000e-03
1.524867984468e+00 4.973824677443e+00 5.000000000000e-03
4.133753990071e+00 4.684452749752e+00 5.000000000000e-03
4.985390899201e+00 2.176301932036e+00 5.000000000000e-03
3.046316764602e+00 4.028922261181e+00 5.000000000000e-03
4.868805076619e+00 3.496451547109e+00 -5.000000000000e-03
4.966080520934e+00 5.276850327172e+00 -5.000000000000e-03
4.005434668635e+00 6.253294071224e+00 -5.000000000000e-03
5.792221287733e+00 1.197108366568e+00 -5.000000000000e-03
3.817368855766e-01 3.773050989076e+00 -5.000000000000e-03
3.967580039955e-01 2.704124710285e+00 -5.000000000000e-03
9.582676457910e-01 3.869019254367e-01 -5.000000000000e-03
7.942248057097e-01 1.702101752903e+00 -5.000000000000e-03
8.146172354535e-01 4.100809385484e-01 -5.000000000000e-03
6.357007550557e-01 6.495482290659e-03 -5.000000000000e-03
1.112840328731e+00 6.226458782657e+00 -5.000000000000e-03
4.762443133660e+00 1.233922218950e+00 -5.000000000000e-03
3.613885162564e+00 4.379448710401e+00 -5.000000000000e-03
6.173490970900e+00 1.346430224089e-01 -5.000000000000e-03
6.613774127125e-01 4.782461393887e-01 -5.000000000000e-03
1.998711222227e+00 8.467009908543e-01 -5.000000000000e-03
5.424299027850e-01 1.119858634729e+00 -5.000000000000e-03
6.244567641022e+00 1.432405676037e+00 -5.000000000000e-03
2.427014450226e+00 4.981803919390e+00 -5.000000000000e-03
4.000341435212e+00 4.140651520554e-01 -5.000000000000e-03
4.628244250104e-01 5.643475821213e-01 -5.000000000000e-03
5.637955921268e+00 3.382972602863e+00 -5.000000000000e-03
5.285077908394e+00 5.624327683870e-01 -5.000000000000e-03
4.765344038916e+00 6.001410131728e+00 -5.000000000000e-03
3.673856051430e+00 1.428675246960e+00 -5.000000000000e-03
3.675014219675e+00 1.395508368289e+00 -5.000000000000e-03
6.161088371217e+00 4.351955417681e-01 -5.000000000000e-03
5.966345402493e+00 3.013077310205e-01 -5.000000000000e-03
5.341254368910e-01 5.178703285541e+00 -5.000000000000e-03
4.043535274428e-02 3.391057837075e+00 -5.000000000000e-03
1.198490719109e-02 1.249576553933e+00 -5.000000000000e-03
7.417114713381e-01 3.732210890019e-01 -5.000000000000e-03
4.629889633978e+00 6.157332394376e+00 -5.000000000000e-03
3.451095756978e-01 1.181735086192e+00 -5.000000000000e-03
5.840205213510e-02 1.540704350792e+00 -5.000000000000e-03
4.609379744016e+00 6.131291785603e+00 -5.000000000000e-03
5.103764490676e+00 6.082648989504e+00 -5.000000000000e-03
2.837788260709e+00 6.168777334671e+00 -5.000000000000e-03
1.287060678003e+00 3.464475319158e-01 -5.000000000000e-03
5.585853794839e+00 2.591174596214e+00 -5.000000000000e-03
5.918339204654e+00 9.652942751605e-01 -5.000000000000e-03
3.937296152485e-01 3.110910154140e-01 -5.000000000000e-03
5.111815862845e+00 1.628545852932e+00 -5.000000000000e-03
5.845403473938e+00 3.203175552718e+00 -5.000000000000e-03
5.239077245272e+00 3.959951798940e-02 -5.000000000000e-03
4.005534583941e+00 6.007322732653e+00 -5.000000000000e-03
3.828339799114e+00 5.405541977002e+00 -5.000000000000e-03
3.862779179696e-01 4.815609127938e+00 -5.000000000000e-03
5.627427759461e+00 1.417522634328e+00 -5.000000000000e-03
4.455021776580e+00 6.266011234851e+00 -5.000000000000e-03
9.160457822731e-02 6.266886849546e-01 -5.000000000000e-03
2.084346047915e+00 2.260294029679e+00 -5.000000000000e-03
3.238691402691e-01 4.835828785929e+00 -5.000000000000e-03
1.341406082734e-01 5.817044218414e-02 -5.000000000000e-03
4.921251965002e+00 1.051271624555e+00 -5.000000000000e-03
9.392108182283e-01 4.917945144192e+00 -5.000000000000e-03
5.473745416588e+00 5.519687538763e+00 -5.000000000000e-03
3.998620587063e+00 5.763330323444e+00 -5.000000000000e-03
3.974230520442e-01 4.746220530769e+00 -5.000000000000e-03
4.408421339341e+00 5.221133763077e+00 -5.000000000000e-03
3.213626278476e+00 1.949502468081e-01 -5.000000000000e-03
4.152914539677e+00 6.178117045285e+00 -5.000000000000e-03
5.241627458989e+00 6.277353395705e+00 -5.000000000000e-03
6.204605390257e+00 4.225726252910e-01 -5.000000000000e-03
5.264276975571e+00 2.996465109332e+00 -5.000000000000e-03
8.516667058021e-01 9.048392427764e-01 -5.000000000000e-03
4.690044279448e+00 5.164329334911e+00 -5.000000000000e-03
6.067443660774e+00 3.159504392069e-01 -5.000000000000e-03
5.643096703259e+00 1.195600217181e+00 -5.000000000000e-03
5.387309347169e+00 1.167673329701e+00 -5.000000000000e-03
1.350483913484e+00 1.378543377372e+00 -5.000000000000e-03
3.814359722712e-01 2.942665401828e-01 -5.000000000000e-03
4.794708122739e+00 9.932240522871e-02 -5.000000000000e-03
5.632044417963e+00 1.196092193630e+00 -5.000000000000e-03
4.953956173982e+00 4.890338799540e+00 -5.000000000000e-03
1.250037831492e+00 9.194377891570e-01 -5.000000000000e-03
4.756233651930e-01 5.189556038680e+00 -5.000000000000e-03
4.236350232476e+00 1.008468025115e+00 -5.000000000000e-03
6.229253986568e+00 9.915588662425e-01 -5.000000000000e-03
5.097079537538e-01 5.218163596885e+00 -5.000000000000e-03
4.133492300884e-02 5.669456175936e-01 -5.000000000000e-03
5.794245489282e+00 2.717837725085e-01 -5.000000000000e-03
4.278839200262e+00 4.273124187149e-01 -5.000000000000e-03
7.469254031457e-01 2.003162918460e-01 -5.000000000000e-03
5.831403408253e+00 8.398916977500e-01 -5.000000000000e-03
2.262286504856e-01 2.876655682557e+00 -5.000000000000e-03
2.784449188062e-01 2.719158380068e-01 -5.000000000000e-03
2.743344212659e-01 1.023948498408e+00 -5.000000000000e-03
3.045155734978e+00 1.410208824438e+00 -5.000000000000e-03
5.477881820938e+00 2.246024670021e-02 -5.000000000000e-03
1.279943326398e-01 9.863303435372e-01 -5.000000000000e-03
6.040567146700e+00 8.104946250209e-01 -5.000000000000e-03
4.935304145057e+00 6.122840472595e+00 -5.000000000000e-03
6.107095537233e+00 5.767304871678e-01 -5.000000000000e-03
2.955823412642e-01 4.174870608329e+00 -5.000000000000e-03
3.962481110773e-01 1.813900638304e-01 -5.000000000000e-03
6.086055103897e+00 3.827717120472e+00 -5.000000000000e-03
9.881673900814e-01 6.249240200874e+00 -5.000000000000e-03
2.464181881423e+00 6.060128604659e+00 -5.000000000000e-03
4.724615856879e+00 1.226194510695e+00 -5.000000000000e-03
