4.087081998435e+00 8.875777158221e-01 5.000000000000e-03
4.930774708742e+00 3.317224070280e+00 5.000000000000e-03
5.277177895853e+00 4.626050279009e+00 5.000000000000e-03
4.086890496990e+00 4.052511437880e+00 5.000000000000e-03
2.355581889510e+00 4.170060086662e+00 5.000000000000e-03
5.413064702515e+00 5.426396728718e+00 5.000000000000e-03
4.736412643312e+00 4.234838197608e+00 5.000000000000e-03
1.933246526002e+00 3.103537374691e+00 5.000000000000e-03
3.234311965420e+00 6.763678788689e-02 5.000000000000e-03
7.503594397115e-01 5.203662630065e+00 5.000000000000e-03
4.583156379078e+00 3.214965763973e+00 5.000000000000e-03
6.186927543498e+00 4.639218857930e+00 5.000000000000e-03
1.961829130832e+00 5.170422776333e+00 5.000000000000e-03
4.532820608215e+00 4.398014188691e+00 5.000000000000e-03
5.268966032641e-01 5.013652128461e+00 5.000000000000e-03
1.782649406631e+00 5.278234588431e+00 5.000000000000e-03
9.438303630824e-01 2.045850909560e+00 5.000000000000e-03
2.458276713880e+00 3.992960313243e+00 5.000000000000e-03
4.896768031879e-01 3.826655456126e+00 5.000000000000e-03
1.516732406296e+00 3.766958121997e+00 5.000000000000e-03
3.116450877932e+00 2.291483012067e+00 5.000000000000e-03
5.644740090433e+00 5.162836168217e+00 5.000000000000e-03
1.294211325345e+00 3.402773618836e+00 5.000000000000e-03
4.603051470833e+00 5.756442056363e+00 5.000000000000e-03
2.744704400996e+00 3.620567769872e+00 5.000000000000e-03
3.146611813105e+00 3.299056984369e+00 5.000000000000e-03
2.601382585644e+00 7.214758926424e-02 5.000000000000e-03
2.523330519885e+00 3.973091577318e+00 5.000000000000e-03
1.908444598455e+00 4.240761021849e+00 5.000000000000e-03
1.672455182678e+00 2.386645815468e+00 5.000000000000e-03
1.802945341142e+00 6.071549339048e+00 5.000000000000e-03
4.609170112229e+00 4.307278849903e+00 5.000000000000e-03
4.296123163643e+00 5.234843351058e+00 5.000000000000e-03
5.649539771258e+00 5.945892348242e+00 5.000000000000e-03
4.712191507674e+00 2.815447387666e+00 5.000000000000e-03
3.011252347297e+00 5.074736745978e+00 5.000000000000e-03
2.612622811148e+00 4.456510135830e-01 5.000000000000e-03
1.673515304691e+00 4.997805812794e+00 5.000000000000e-03
2.550637258803e-02 4.457205622743e+00 5.000000000000e-03
2.258759410998e+00 2.555614549712e+00 5.000000000000e-03
1.197828649003e+00 4.411498945937e+00 5.000000000000e-03
4.643477145368e+00 6.187714169002e+00 5.000000000000e-03
2.676185004944e+00 6.444557855573e-01 5.000000000000e-03
7.785768583655e-01 6.070996861317e+00 5.000000000000e-03
2.865550751463e+00 1.271802792626e-01 5.000000000000e-03
2.063797689095e+00 5.258619144127e+00 5.000000000000e-03
3.562240831336e+00 5.944695161782e+00 5.000000000000e-03
6.348951945122e-02 2.768705817602e+00 5.000000000000e-03
2.142105329477e+00 5.669110919866e+00 5.000000000000e-03
4.558446976420e+00 5.492646834806e+00 5.000000000000e-03
2.261266173218e+00 5.129527609916e+00 5.000000000000e-03
2.493564126876e+00 5.730217560232e+00 5.000000000000e-03
3.255052352234e+00 4.519889789496e+00 5.000000000000e-03
2.806657946244e+00 5.460425580447e+00 5.000000000000e-03
5.315358270412e+00 5.223256501153e+00 5.000000000000e-03
2.084908212803e+00 3.714095418870e+00 5.000000000000e-03
1.944369934881e+00 4.438270443465e+00 5.000000000000e-03
1.417061907162e+00 5.860009292469e+00 5.000000000000e-03
3.737762470930e+00 4.102587103221e+00 5.000000000000e-03
3.100049556292e+00 6.317507640890e-02 5.000000000000e-03
1.228188188835e+00 2.851344542637e+00 5.000000000000e-03
4.863840796646e+00 3.346713748241e+00 5.000000000000e-03
4.443015920619e+00 5.832143122138e+00 5.000000000000e-03
1.256508103547e+00 6.058231530663e+00 5.000000000000e-03
2.472367094041e+00 5.902778741773e+00 5.000000000000e-03
3.201950930680e+00 1.187818693970e+00 5.000000000000e-03
4.280676338160e+00 4.582563936310e+00 5.000000000000e-03
1.458880065224e+00 2.003246647732e+00 5.000000000000e-03
7.603948840149e-02 5.696541189197e+00 5.000000000000e-03
2.332527422056e+00 2.526407282825e+00 5.000000000000e-03
4.567106959261e+00 5.157435248428e+00 5.000000000000e-03
4.308456305638e+00 5.399566642719e+00 5.000000000000e-03
1.000544143798e+00 5.183265580933e+00 5.000000000000e-03
1.594503657850e+00 1.353654306975e+00 5.000000000000e-03
1.359800206782e+00 1.126034839161e+00 5.000000000000e-03
2.748266258762e+00 4.963345799559e-01 5.000000000000e-03
5.854926888733e+00 3.975652485560e-01 5.000000000000e-03
2.738031321338e+00 7.015700817263e-01 5.000000000000e-03
4.395878476506e+00 3.992440434981e+00 5.000000000000e-03
5.840771101486e+00 9.601527066706e-01 5.000000000000e-03
3.264493280604e+00 5.459250012527e+00 5.000000000000e-03
4.382926660893e+00 1.490057475275e-01 5.000000000000e-03
2.574718753449e+00 5.773669635022e+00 5.000000000000e-03
4.183234348860e+00 4.342266651849e+00 5.000000000000e-03
2.255996838651e+00 5.159112224055e+00 5.000000000000e-03
5.250010937509e-01 2.072303070872e+00 5.000000000000e-03
2.047005863679e+00 1.222675456403e+00 5.000000000000e-03
2.121083240693e+00 3.271046536495e+00 5.000000000000e-03
2.140009037687e+00 2.470148080530e+00 5.000000000000e-03
5.067574954705e+00 3.577862998209e+00 5.000000000000e-03
3.317330728137e+00 6.158407190840e+00 5.000000000000e-03
2.676590377406e+00 6.703872766230e-01 5.000000000000e-03
2.068672680259e+00 2.826135325305e+00 5.000000000000e-03
4.205299465320e+00 4.504930641206e+00 5.000000000000e-03
4.315101136720e+00 6.202751286281e+00 5.000000000000e-03
2.820112600005e+00 1.296320996519e+00 5.000000000000e-03
2.884702047524e+00 6.232722638165e-01 5.000000000000e-03
3.257739404741e+00 4.472219736376e+00 5.000000000000e-03
3.823567534375e+00 5.536573739929e+00 5.000000000000e-03
2.691601878656e+00 5.777933884062e+00 5.000000000000e-03
4.925241074827e+00 2.561300104732e+00 -5.000000000000e-03
1.085426259115e+00 3.901142250747e+00 -5.000000000000e-03
1.590563995674e+00 6.536426699705e-01 -5.000000000000e-03
2.923859942825e-01 2.773806529310e+00 -5.000000000000e-03
4.981483225334e+00 2.715465565975e+00 -5.000000000000e-03
5.585083463473e+00 1.798151935694e+00 -5.000000000000e-03
3.664272867238e+00 2.670589584344e+00 -5.000000000000e-03
6.034849743903e+00 1.815504822792e+00 -5.000000000000e-03
4.828807620510e+00 5.019858211562e+00 -5.000000000000e-03
3.810130955550e+00 5.102505500564e+00 -5.000000000000e-03
5.043140253976e+00 2.559564729998e+00 -5.000000000000e-03
2.615108501308e+00 4.084612088282e+00 -5.000000000000e-03
4.216055104804e+00 7.122009218267e-01 -5.000000000000e-03
4.898851484170e+00 2.570718590199e+00 -5.000000000000e-03
5.462403422263e-01 4.079962630095e+00 -5.000000000000e-03
1.195124445156e+00 2.886654092488e-01 -5.000000000000e-03
4.421761566319e+00 5.823979220248e-01 -5.000000000000e-03
5.639543573526e+00 1.705953167292e+00 -5.000000000000e-03
2.968210037868e-01 1.403473261376e-01 -5.000000000000e-03
3.701646859943e+00 2.534718346388e+00 -5.000000000000e-03
3.805253076558e+00 5.397278848859e+00 -5.000000000000e-03
4.443875055316e+00 2.719684659901e+00 -5.000000000000e-03
2.766045413574e+00 2.115115820681e+00 -5.000000000000e-03
1.677732949653e+00 2.828701826724e+00 -5.000000000000e-03
1.955135557296e-01 3.762729606755e+00 -5.000000000000e-03
5.889569986371e+00 4.027699442166e+00 -5.000000000000e-03
3.779793056735e+00 4.985845679160e+00 -5.000000000000e-03
3.346329423421e-01 6.254843176956e+00 -5.000000000000e-03
4.537599902264e+00 1.556106550249e+00 -5.000000000000e-03
6.075331316150e+00 4.350930809950e+00 -5.000000000000e-03
4.921075098150e+00 2.338109842694e+00 -5.000000000000e-03
5.657661451362e+00 1.675183048182e+00 -5.000000000000e-03
4.530974830846e+00 3.909504071983e+00 -5.000000000000e-03
2.833113322104e+00 4.922986092383e+00 -5.000000000000e-03
6.063410025755e+00 1.691445674996e+00 -5.000000000000e-03
4.062194043804e+00 6.931750997515e-01 -5.000000000000e-03
5.772326296972e+00 3.346002455822e+00 -5.000000000000e-03
4.628785954510e+00 1.279398470611e+00 -5.000000000000e-03
5.014856925167e+00 2.477541222628e+00 -5.000000000000e-03
5.835440288584e-01 3.292978045627e+00 -5.000000000000e-03
9.435820144791e-01 4.595633944143e+00 -5.000000000000e-03
3.474122148592e+00 4.833427181808e+00 -5.000000000000e-03
1.185060446877e+00 5.362973449974e+00 -5.000000000000e-03
2.006718227022e+00 2.219887489339e+00 -5.000000000000e-03
5.001336194432e+00 4.154768415704e+00 -5.000000000000e-03
3.923186436592e+00 3.103921060105e+00 -5.000000000000e-03
6.176493718971e+00 4.101393066022e+00 -5.000000000000e-03
6.070065449113e+00 2.464209858006e+00 -5.000000000000e-03
5.395119223476e+00 1.809113121172e+00 -5.000000000000e-03
6.035585698771e+00 3.074825743374e+00 -5.000000000000e-03
9.422412557613e-01 4.452471898407e+00 -5.000000000000e-03
3.984493466080e+00 4.245264760497e+00 -5.000000000000e-03
5.626662958942e+00 3.660552146488e+00 -5.000000000000e-03
4.588185511038e+00 9.648653005672e-01 -5.000000000000e-03
5.323933243417e+00 2.344206850824e+00 -5.000000000000e-03
2.153830893410e+00 3.263995260434e-01 -5.000000000000e-03
3.678199462876e+00 1.553375781165e+00 -5.000000000000e-03
3.694570477955e+00 1.369252645742e-01 -5.000000000000e-03
5.633890847934e+00 3.465936216700e+00 -5.000000000000e-03
4.413546043929e+00 1.126266524617e+00 -5.000000000000e-03
1.193795038707e+00 3.563104245278e+00 -5.000000000000e-03
5.609884797594e+00 4.742469165681e+00 -5.000000000000e-03
5.099200025523e-01 5.744359771580e-02 -5.000000000000e-03
5.276411382887e+00 3.276434607510e+00 -5.000000000000e-03
4.645679598932e+00 3.596954209926e+00 -5.000000000000e-03
4.413231538385e+00 2.279338540356e+00 -5.000000000000e-03
4.963133966243e+00 4.006167128230e+00 -5.000000000000e-03
2.987068857606e+00 1.168022161438e+00 -5.000000000000e-03
4.762895134367e+00 3.849756457344e+00 -5.000000000000e-03
5.638234703618e+00 2.322844971499e+00 -5.000000000000e-03
3.175038995252e+00 1.495900503529e+00 -5.000000000000e-03
4.580574700165e+00 3.571536720909e+00 -5.000000000000e-03
3.972546835648e+00 5.079373996615e+00 -5.000000000000e-03
2.126009708249e+00 5.991079702153e+00 -5.000000000000e-03
5.009293218694e+00 1.931947079368e+00 -5.000000000000e-03
3.846677228173e+00 5.093377178354e+00 -5.000000000000e-03
2.129957239246e+00 6.279910827763e+00 -5.000000000000e-03
1.463792702058e+00 2.769626775696e+00 -5.000000000000e-03
3.142488183979e+00 5.831790378085e+00 -5.000000000000e-03
2.315395974031e+00 1.539681097085e-01 -5.000000000000e-03
1.025426130603e+00 1.760276321114e+00 -5.000000000000e-03
1.442924981227e+00 3.210935947935e+00 -5.000000000000e-03
3.631547868023e+00 6.313375252177e-01 -5.000000000000e-03
6.627058795709e-01 4.398743463084e+00 -5.000000000000e-03
2.255223912935e+00 5.888638167973e+00 -5.000000000000e-03
5.152415863050e+00 4.019454233100e+00 -5.000000000000e-03
4.973126411019e+00 2.368431369563e+00 -5.000000000000e-03
3.426672284386e+00 2.992818390174e+00 -5.000000000000e-03
3.316518043558e+00 1.905732627471e+00 -5.000000000000e-03
1.779728246172e+00 1.836789197369e+00 -5.000000000000e-03
8.123836584407e-02 3.726919325902e+00 -5.000000000000e-03
6.061638679433e+00 7.116231018274e-01 -5.000000000000e-03
5.861275038187e-01 4.243099440156e-01 -5.000000000000e-03
3.409746283684e+00 5.391523145301e+00 -5.000000000000e-03
7.241666383646e-01 1.481123919177e+00 -5.000000000000e-03
4.145428833693e+00 1.807261825964e+00 -5.000000000000e-03
5.518405929709e+00 1.178218975040e+00 -5.000000000000e-03
1.573818824371e+00 6.311916340466e-01 -5.000000000000e-03
5.139798596091e+00 4.063873242365e+00 -5.000000000000e-03
3.530251229983e+00 5.222314728606e+00 -5.000000000000e-03
