1.619706750705e+00 3.365316151740e+00 5.000000000000e-03
2.951066385371e+00 8.331906335545e-01 5.000000000000e-03
4.866154181413e+00 4.697693237128e+00 5.000000000000e-03
3.919497129614e+00 4.191048541567e+00 5.000000000000e-03
5.191305442047e+00 5.944263119131e+00 5.000000000000e-03
5.306926896382e+00 4.155646217409e+00 5.000000000000e-03
5.185648104134e+00 2.142807113898e+00 5.000000000000e-03
4.654051701025e+00 5.846739935151e+00 5.000000000000e-03
1.922311389627e+00 3.329223437503e+00 5.000000000000e-03
2.789754252496e+00 5.789253392181e+00 5.000000000000e-03
5.663259414506e+00 3.346174686734e+00 5.000000000000e-03
2.683621365909e+00 6.268255650448e+00 5.000000000000e-03
2.777369030381e+00 4.014520501699e+00 5.000000000000e-03
1.527182447318e+00 3.536963941552e-01 5.000000000000e-03
3.386621384806e+00 2.803193861246e+00 5.000000000000e-03
4.317013494763e+00 3.330063869793e+00 5.000000000000e-03
3.787376652767e+00 1.529497719275e+00 5.000000000000e-03
3.025212139158e+00 2.602213152385e+00 5.000000000000e-03
7.111721662319e-01 5.586785979116e+00 5.000000000000e-03
2.807218957869e+00 5.166933553277e+00 5.000000000000e-03
4.150971659741e+00 2.486788729675e+00 5.000000000000e-03
2.863187451298e+00 3.390576641160e+00 5.000000000000e-03
4.820474877944e+00 8.197636254281e-01 5.000000000000e-03
4.669312093886e+00 4.009682481188e+00 5.000000000000e-03
4.544785158183e+00 4.491142556158e+00 5.000000000000e-03
4.024232829557e+00 3.547894016983e+00 5.000000000000e-03
5.791973782161e+00 3.950714206097e+00 5.000000000000e-03
3.179184351813e+00 5.595619368647e+00 5.000000000000e-03
3.216042409817e+00 2.394543020030e+00 5.000000000000e-03
4.036083947266e+00 3.737109028076e+00 5.000000000000e-03
3.618108961913e+00 1.919970908092e+00 5.000000000000e-03
2.140662649299e+00 1.285915893447e+00 5.000000000000e-03
3.652653109068e+00 3.989275305069e+00 5.000000000000e-03
3.679546552473e+00 5.503447492470e+00 5.000000000000e-03
4.117916298471e+00 2.146922663745e+00 5.000000000000e-03
3.013001621940e+00 2.298527085158e+00 5.000000000000e-03
4.081963709957e-01 5.763130315976e-01 5.000000000000e-03
4.442284140084e+00 4.056875783890e+00 5.000000000000e-03
4.837358974525e+00 3.752523590929e+00 5.000000000000e-03
4.553363227126e+00 4.546039678832e+00 5.000000000000e-03
1.416947892384e+00 2.510148542790e+00 5.000000000000e-03
2.402554512279e+00 1.770795674939e+00 5.000000000000e-03
2.445362624058e+00 5.378333403649e+00 5.000000000000e-03
4.237545451108e+00 2.626139854336e+00 5.000000000000e-03
3.179251529058e+00 2.602883696905e+00 5.000000000000e-03
4.231358668651e+00 3.995440097064e+00 5.000000000000e-03
3.369602718569e+00 3.479704036041e+00 5.000000000000e-03
5.183449500066e+00 5.432492573177e+00 5.000000000000e-03
2.934972017815e+00 2.653242425276e+00 5.000000000000e-03
3.359217645729e+00 8.341130926766e-01 5.000000000000e-03
3.790474201507e+00 3.427411019070e+00 5.000000000000e-03
4.532872462309e+00 4.831909972437e+00 5.000000000000e-03
3.706865105196e+00 2.805454486573e+00 5.000000000000e-03
3.236388800041e+00 2.188259129675e+00 5.000000000000e-03
3.183881786400e+00 2.652467662566e+00 5.000000000000e-03
2.830098484250e+00 6.134838828599e+00 5.000000000000e-03
2.450192360941e+00 3.430165777049e+00 5.000000000000e-03
1.506708938480e+00 3.782888186550e+00 5.000000000000e-03
4.511913595297e+00 5.208171995667e+00 5.000000000000e-03
4.231672411611e+00 4.035173691481e+00 5.000000000000e-03
8.189013101052e-02 5.568208359191e+00 5.000000000000e-03
5.310674849266e+00 3.884465157370e+00 5.000000000000e-03
8.419539622789e-01 3.356246643507e+00 5.000000000000e-03
1.280157176020e+00 5.896635837724e+00 5.000000000000e-03
3.422384062987e+00 1.524150561095e+00 5.000000000000e-03
3.676254939862e+00 1.969804887880e+00 5.000000000000e-03
5.516787018558e+00 3.898695490576e+00 5.000000000000e-03
1.575840954797e+00 3.570663902601e+00 5.000000000000e-03
3.485119577167e+00 2.457349369929e+00 5.000000000000e-03
2.841034932538e+00 6.652279073565e-02 5.000000000000e-03
6.252703174624e+00 4.796795868628e+00 5.000000000000e-03
2.803104749574e+00 2.470906304686e+00 5.000000000000e-03
4.763471542207e-01 6.146001902140e-01 5.000000000000e-03
5.131907623457e+00 2.597861283842e+00 5.000000000000e-03
4.915324506921e+00 4.728536531177e+00 5.000000000000e-03
4.908464735454e+00 2.935888848181e+00 5.000000000000e-03
4.081332622057e+00 3.590171042087e+00 5.000000000000e-03
5.511473014587e+00 3.498619115701e+00 5.000000000000e-03
1.453702563195e-01 4.074782714691e+00 5.000000000000e-03
6.088299163333e+00 1.081364313600e+00 5.000000000000e-03
2.876837313657e+00 5.887297334249e+00 5.000000000000e-03
5.064215515936e+00 2.507774659859e+00 5.000000000000e-03
2.179284646009e+00 4.256012035094e+00 5.000000000000e-03
2.963987309510e+00 5.736773768162e+00 5.000000000000e-03
4.133645564721e+00 4.433813770525e+00 5.000000000000e-03
3.034825642109e+00 2.581800009046e+00 5.000000000000e-03
3.280565474151e+00 3.925725028411e+00 5.000000000000e-03
3.717269016760e-01 5.879870853070e+00 5.000000000000e-03
3.901410640014e+00 3.698750715469e+00 5.000000000000e-03
5.852252037961e+00 3.538720086372e+00 5.000000000000e-03
2.856068312451e+00 3.358024318278e+00 5.000000000000e-03
4.098124013712e+00 4.602267563375e+00 5.000000000000e-03
4.400397031960e+00 3.518682562720e+00 5.000000000000e-03
4.108669027970e+00 2.364700758730e+00 5.000000000000e-03
4.906497096980e+00 2.881899426606e+00 5.000000000000e-03
3.568718104964e+00 1.962813448326e+00 5.000000000000e-03
3.556504962056e+00 5.131096653017e+00 5.000000000000e-03
4.000023062033e+00 4.114832804024e+00 5.000000000000e-03
3.471614231478e+00 5.127839517886e+00 5.000000000000e-03
5.458348016181e+00 4.556403947448e+00 5.000000000000e-03
3.412805107881e+00 4.755630661903e+00 -5.000000000000e-03
5.482386152719e+00 6.078532680395e+00 -5.000000000000e-03
1.542878598670e+00 2.716609150107e+00 -5.000000000000e-03
1.446291135696e+00 4.154125410190e+00 -5.000000000000e-03
9.172829237009e-01 1.176802864038e+00 -5.000000000000e-03
6.102435052377e+00 2.065974272385e+00 -5.000000000000e-03
3.528029440405e+00 4.656314927318e+00 -5.000000000000e-03
3.072196658559e-02 8.688008487635e-01 -5.000000000000e-03
7.584484785175e-01 7.942397691031e-01 -5.000000000000e-03
9.673733341967e-01 1.969458408381e+00 -5.000000000000e-03
7.454094633802e-01 6.222802436124e+00 -5.000000000000e-03
4.581151959959e-01 2.808775229517e+00 -5.000000000000e-03
1.912567145338e+00 1.273737088930e+00 -5.000000000000e-03
4.941429769334e+00 6.034988431835e+00 -5.000000000000e-03
3.416842925521e+00 1.369683499102e+00 -5.000000000000e-03
5.474782041705e+00 1.738583499014e+00 -5.000000000000e-03
5.088049434124e+00 1.550725657567e+00 -5.000000000000e-03
7.322332561547e-01 1.680089928904e+00 -5.000000000000e-03
6.227718032382e-01 1.735016117351e+00 -5.000000000000e-03
5.868788108723e+00 5.445005104436e+00 -5.000000000000e-03
7.616960252754e-01 1.441627699128e+00 -5.000000000000e-03
6.479692393938e-01 2.691358913234e+00 -5.000000000000e-03
4.825292739058e+00 1.318697676837e+00 -5.000000000000e-03
8.810687338678e-01 1.380878713297e+00 -5.000000000000e-03
4.414300337859e+00 7.642898954881e-01 -5.000000000000e-03
1.824401476529e+00 1.424965294194e+00 -5.000000000000e-03
6.032713162646e-01 1.759316047645e+00 -5.000000000000e-03
1.032250460235e+00 1.850855491710e+00 -5.000000000000e-03
8.408728746532e-01 5.979555654265e+00 -5.000000000000e-03
6.253111436581e+00 3.394072405929e+00 -5.000000000000e-03
1.006894424808e+00 7.414012416226e-01 -5.000000000000e-03
1.093326153908e-01 4.971002210244e+00 -5.000000000000e-03
9.902531508910e-01 1.791691625368e+00 -5.000000000000e-03
8.824907377574e-01 5.305807491780e+00 -5.000000000000e-03
5.788999944589e+00 6.179575550494e+00 -5.000000000000e-03
5.481314202267e+00 2.710974798425e-01 -5.000000000000e-03
1.101471453929e+00 4.169184537564e+00 -5.000000000000e-03
2.149355940286e+00 5.879245817372e+00 -5.000000000000e-03
8.834207985687e-01 1.386546677907e+00 -5.000000000000e-03
2.930299050604e+00 4.081730190701e+00 -5.000000000000e-03
3.284328187664e+00 1.441812668832e+00 -5.000000000000e-03
1.319317206149e+00 3.922729155335e+00 -5.000000000000e-03
5.701357584413e+00 5.450852294153e+00 -5.000000000000e-03
6.730287464369e-01 4.291186943324e-01 -5.000000000000e-03
9.753539333853e-01 1.621015937908e+00 -5.000000000000e-03
6.152333768872e+00 2.354856336505e+00 -5.000000000000e-03
3.231882158204e+00 5.085153322800e+00 -5.000000000000e-03
1.215711151296e+00 4.568830070372e+00 -5.000000000000e-03
4.560410205576e+00 5.139672610866e-02 -5.000000000000e-03
4.616729065365e+00 5.673387537447e+00 -5.000000000000e-03
6.446385404398e-01 1.902218502274e+00 -5.000000000000e-03
1.337278015765e+00 4.852123425786e-01 -5.000000000000e-03
3.308498872682e+00 4.755845609857e+00 -5.000000000000e-03
4.638561034425e+00 6.277853608012e+00 -5.000000000000e-03
6.792229719791e-01 1.044694106605e+00 -5.000000000000e-03
5.538497300841e-01 1.984076270358e+00 -5.000000000000e-03
2.565254097389e+00 2.309557374487e+00 -5.000000000000e-03
8.348693809142e-01 4.214567122376e+00 -5.000000000000e-03
6.674047081309e-01 4.701151692135e+00 -5.000000000000e-03
9.136948015354e-01 7.100232707047e-01 -5.000000000000e-03
8.920821753773e-01 2.002149635482e+00 -5.000000000000e-03
6.093842624392e+00 3.260369208897e+00 -5.000000000000e-03
3.548475398380e-02 1.586824045467e+00 -5.000000000000e-03
1.920451156315e+00 1.396336290436e+00 -5.000000000000e-03
4.289501200519e+00 6.172751240988e+00 -5.000000000000e-03
1.404835442969e+00 8.474300576684e-01 -5.000000000000e-03
9.894308953767e-01 5.878363697428e+00 -5.000000000000e-03
1.995601642659e+00 5.864214564294e+00 -5.000000000000e-03
1.535803072544e+00 4.002407094663e+00 -5.000000000000e-03
6.224379801141e+00 8.920271395156e-01 -5.000000000000e-03
9.166336504897e-01 4.442635142390e+00 -5.000000000000e-03
7.546100333170e-01 3.571439525339e+00 -5.000000000000e-03
4.802950096916e+00 1.220134801047e+00 -5.000000000000e-03
9.577591054819e-02 3.340783893259e+00 -5.000000000000e-03
5.135827796418e-01 6.227176098398e+00 -5.000000000000e-03
1.938541799913e-01 2.168713353526e+00 -5.000000000000e-03
8.149914282335e-02 1.265984431024e+00 -5.000000000000e-03
5.696831654091e+00 4.298965896018e+00 -5.000000000000e-03
8.035865322324e-01 1.834446351299e+00 -5.000000000000e-03
5.566570585309e-01 3.956488471657e+00 -5.000000000000e-03
2.210481857862e+00 2.394867774120e+00 -5.000000000000e-03
1.100199399169e+00 2.633730103149e+00 -5.000000000000e-03
3.006209107162e-01 5.521405081583e+00 -5.000000000000e-03
1.708576503920e+00 5.666358199904e+00 -5.000000000000e-03
8.168916900592e-01 1.380598964976e+00 -5.000000000000e-03
2.916313952804e-01 6.632410297610e-02 -5.000000000000e-03
5.806432129115e+00 4.702572417873e+00 -5.000000000000e-03
5.686498067870e+00 4.215854921059e-01 -5.000000000000e-03
5.620503311241e+00 2.430891296120e+00 -5.000000000000e-03
7.730075809512e-01 6.255446191586e+00 -5.000000000000e-03
1.748283119789e+00 6.125925863418e+00 -5.000000000000e-03
3.039151203746e+00 5.848044177516e+00 -5.000000000000e-03
4.725192523079e+00 2.580746411146e-01 -5.000000000000e-03
2.285331346712e+00 5.630179972661e+00 -5.000000000000e-03
5.351081834915e+00 3.161961820657e+00 -5.000000000000e-03
3.273692350847e+00 1.932117383177e+00 -5.000000000000e-03
5.334072661151e+00 4.867994181759e-01 -5.000000000000e-03
3.904010890845e+00 5.999947177241e+00 -5.000000000000e-03
3.302754111182e+00 4.668866404416e+00 -5.000000000000e-03
3.679767837387e+00 4.344157450118e+00 -5.000000000000e-03
