1.434446897575e+00 1.710151478996e-01 5.000000000000e-03
1.133730721067e+00 4.120217616762e+00 5.000000000000e-03
1.053294910624e+00 1.976603438421e+00 5.000000000000e-03
4.374920290906e+00 1.964314253675e+00 5.000000000000e-03
5.375067529831e+00 3.782319931759e-01 5.000000000000e-03
5.478139817389e+00 6.074775773180e+00 5.000000000000e-03
8.941669483111e-01 6.029082515702e+00 5.000000000000e-03
6.280139734122e+00 2.744055336941e+00 5.000000000000e-03
1.336181412958e+00 5.621955446428e+00 5.000000000000e-03
5.162634988046e+00 4.583102797964e+00 5.000000000000e-03
4.309869586535e+00 3.342435843376e+00 5.000000000000e-03
6.018215944443e-01 1.871837453219e-01 5.000000000000e-03
4.653694263173e-01 4.384148079062e+00 5.000000000000e-03
5.343758326373e+00 4.518338610771e+00 5.000000000000e-03
5.401317785454e-01 3.830086213991e+00 5.000000000000e-03
3.054611216345e-01 5.131314513917e+00 5.000000000000e-03
1.650541685544e+00 5.173648076714e+00 5.000000000000e-03
3.565475398981e+00 3.293354680572e+00 5.000000000000e-03
4.881612561292e-01 4.500918165375e+00 5.000000000000e-03
5.611858787640e+00 1.129515830694e+00 5.000000000000e-03
2.549981206014e+00 1.204971542773e+00 5.000000000000e-03
1.057884140810e+00 4.840370631997e+00 5.000000000000e-03
8.960799837874e-01 4.349974813480e+00 5.000000000000e-03
1.973408911952e+00 4.912691542636e+00 5.000000000000e-03
7.386450048528e-01 3.454018366350e+00 5.000000000000e-03
3.850558792882e+00 2.300797708373e+00 5.000000000000e-03
9.809868552645e-01 4.583417511376e+00 5.000000000000e-03
2.494293212201e-01 5.976850089585e-01 5.000000000000e-03
3.592856674885e-01 6.624366479253e-01 5.000000000000e-03
6.942559465434e-01 5.242939991436e+00 5.000000000000e-03
2.740305947968e+00 4.846931833945e+00 5.000000000000e-03
1.938823315647e+00 8.729570226985e-01 5.000000000000e-03
2.929859138710e+00 3.881019499751e+00 5.000000000000e-03
1.817049153107e+00 4.960105699489e+00 5.000000000000e-03
5.947142519601e+00 5.070749035310e+00 5.000000000000e-03
5.839538499256e+00 2.641769420368e+00 5.000000000000e-03
6.507613621168e-01 3.750205430466e+00 5.000000000000e-03
5.278962986345e-01 2.537599329380e+00 5.000000000000e-03
1.154057881931e+00 7.288064732808e-01 5.000000000000e-03
3.383073947862e-01 5.857278317376e+00 5.000000000000e-03
7.172828375439e-01 4.031744548080e+00 5.000000000000e-03
1.496058941045e+00 5.520970046735e+00 5.000000000000e-03
1.575325426032e+00 5.752055698267e+00 5.000000000000e-03
5.044184745163e+00 3.328008119816e+00 5.000000000000e-03
1.289492021253e-01 3.472718908051e+00 5.000000000000e-03
9.413671344648e-01 3.650832638151e+00 5.000000000000e-03
5.096801876256e+00 2.892600274468e+00 5.000000000000e-03
3.163835415488e+00 3.431367696109e+00 5.000000000000e-03
2.102518825182e+00 9.152003147641e-01 5.000000000000e-03
3.179307657214e+00 3.932945733204e+00 5.000000000000e-03
4.185118057617e-01 5.203073984175e+00 5.000000000000e-03
2.323712169504e+00 4.660199819619e+00 5.000000000000e-03
4.873511932265e+00 5.208423049943e+00 5.000000000000e-03
8.820595586959e-01 3.572782399843e+00 5.000000000000e-03
6.774153332489e-01 3.936191487483e+00 5.000000000000e-03
5.040891909059e+00 5.539030966413e+00 5.000000000000e-03
1.634909996564e-01 5.904480865198e+00 5.000000000000e-03
5.706277527638e+00 4.091140831203e+00 5.000000000000e-03
1.322369762271e+00 4.678203849270e+00 5.000000000000e-03
1.619280824083e+00 1.386324772267e+00 5.000000000000e-03
4.823002035381e+00 3.765263219531e+00 5.000000000000e-03
2.944210886511e+00 6.092300580836e+00 5.000000000000e-03
5.926849151480e+00 5.088766960615e+00 5.000000000000e-03
5.269630299075e-01 7.139106216929e-01 5.000000000000e-03
6.194464410076e+00 2.038690487062e+00 5.000000000000e-03
3.840098215665e+00 2.864835402633e+00 5.000000000000e-03
8.636663975699e-01 4.486741392007e+00 5.000000000000e-03
3.037820231797e+00 5.914261893950e+00 5.000000000000e-03
5.927056047312e-01 4.230111923217e+00 5.000000000000e-03
9.135332623018e-01 4.943560973287e+00 5.000000000000e-03
1.775825524074e+00 1.086120635133e+00 5.000000000000e-03
3.757009472650e+00 3.101948295484e+00 5.000000000000e-03
5.061872617688e-01 5.275121882286e+00 5.000000000000e-03
1.773751928562e+00 7.452740003302e-01 5.000000000000e-03
8.889175976088e-01 4.553579254043e+00 5.000000000000e-03
1.266218420134e+00 5.988126808516e+00 5.000000000000e-03
1.342125737771e+00 2.656430587318e+00 5.000000000000e-03
5.762774367958e+00 5.903381432556e-01 5.000000000000e-03
6.139031493655e+00 3.179398826869e+00 5.000000000000e-03
6.119372875969e+00 2.412614999252e+00 5.000000000000e-03
1.416893912828e+00 1.684180618019e-02 5.000000000000e-03
1.672754893683e+00 4.517638505236e+00 5.000000000000e-03
3.348372947118e+00 3.452955607226e+00 5.000000000000e-03
1.644012857644e+00 2.865107254340e-01 5.000000000000e-03
1.714742998949e+00 4.784676418935e+00 5.000000000000e-03
2.360685775650e-01 8.946532871261e-01 5.000000000000e-03
1.623644903226e+00 1.549788318434e-01 5.000000000000e-03
2.973373546006e+00 6.008328886558e+00 5.000000000000e-03
2.239704686467e+00 4.058077411955e+00 5.000000000000e-03
5.741035985047e-01 5.282774879286e+00 5.000000000000e-03
2.803511890523e-01 2.276254639891e+00 5.000000000000e-03
7.564301273510e-01 3.502525047389e+00 5.000000000000e-03
8.141625051358e-01 6.033416487639e+00 5.000000000000e-03
6.347061307980e-01 3.822390405320e+00 5.000000000000e-03
4.468529980709e-01 4.305531947809e+00 5.000000000000e-03
7.229896734747e-01 3.887435690075e+00 5.000000000000e-03
6.072503963902e+00 2.223098195542e+00 5.000000000000e-03
1.281950252547e+00 9.574106617870e-01 5.000000000000e-03
2.392895869929e+00 3.617342327912e+00 5.000000000000e-03
1.030734713615e+00 4.527050879599e+00 5.000000000000e-03
2.426373638359e-01 4.622309489358e+00 -5.000000000000e-03
3.930888888859e+00 1.199142182957e-01 -5.000000000000e-03
2.721920994358e+00 1.581854874982e+00 -5.000000000000e-03
3.838645486200e+00 6.034851598183e+00 -5.000000000000e-03
4.559561940311e+00 5.910454778128e+00 -5.000000000000e-03
3.548469698362e+00 4.903675262157e+00 -5.000000000000e-03
5.557724912575e+00 2.737002040910e+00 -5.000000000000e-03
3.984590209830e+00 2.645538710180e+00 -5.000000000000e-03
2.959235121980e+00 1.565165367333e+00 -5.000000000000e-03
5.072492450370e+00 3.747337662171e+00 -5.000000000000e-03
4.163207602383e+00 1.332975506690e+00 -5.000000000000e-03
3.672910013349e+00 1.865862584215e-01 -5.000000000000e-03
3.462571927734e+00 9.394107156212e-01 -5.000000000000e-03
4.736237918544e+00 4.757408389460e+00 -5.000000000000e-03
3.671077744799e+00 5.254869408726e+00 -5.000000000000e-03
3.596284519968e+00 1.773953869069e+00 -5.000000000000e-03
1.976906004136e+00 5.118706325018e+00 -5.000000000000e-03
2.750279846388e+00 1.415024852151e+00 -5.000000000000e-03
3.552518201857e+00 1.862941161348e-01 -5.000000000000e-03
3.640225960499e+00 5.321226922360e+00 -5.000000000000e-03
4.692356471562e+00 5.059566401096e+00 -5.000000000000e-03
3.729061082683e+00 2.122986769448e+00 -5.000000000000e-03
3.615242360861e+00 1.493887290325e+00 -5.000000000000e-03
5.661135518699e+00 5.069858235974e+00 -5.000000000000e-03
4.491469840342e+00 1.224154631053e+00 -5.000000000000e-03
5.325520036286e+00 2.515609457343e+00 -5.000000000000e-03
5.844101528873e+00 1.233049138281e+00 -5.000000000000e-03
5.259799955536e+00 5.009260264877e+00 -5.000000000000e-03
5.066554675048e+00 3.912224740720e+00 -5.000000000000e-03
4.368402428880e+00 1.471119223016e+00 -5.000000000000e-03
3.002615510829e+00 1.426070554842e+00 -5.000000000000e-03
4.702515209405e-01 9.954324226192e-01 -5.000000000000e-03
2.963811213624e+00 3.514417636824e+00 -5.000000000000e-03
2.081662535266e+00 5.238238970546e+00 -5.000000000000e-03
5.451372687935e+00 4.592408236561e+00 -5.000000000000e-03
4.337160905688e+00 7.491316726837e-01 -5.000000000000e-03
3.323677425194e+00 1.408471578026e+00 -5.000000000000e-03
4.857996702307e+00 4.118558165031e+00 -5.000000000000e-03
3.841682108271e+00 7.835048547078e-01 -5.000000000000e-03
2.198364630710e+00 5.335423919132e+00 -5.000000000000e-03
4.816424936247e+00 5.764169268154e+00 -5.000000000000e-03
1.380415217244e+00 4.425871019547e+00 -5.000000000000e-03
3.539830100436e+00 7.979785157075e-01 -5.000000000000e-03
2.533685047279e+00 4.458004285631e+00 -5.000000000000e-03
5.715304179260e+00 1.711752737522e+00 -5.000000000000e-03
4.216238239428e+00 7.139754842655e-01 -5.000000000000e-03
2.459108270194e+00 5.657089375482e+00 -5.000000000000e-03
4.108234284029e+00 2.566345015901e+00 -5.000000000000e-03
3.755317153400e+00 4.530058084865e+00 -5.000000000000e-03
2.644309628600e+00 3.674233128174e+00 -5.000000000000e-03
3.736027116082e+00 6.176127973584e+00 -5.000000000000e-03
4.340141171221e+00 4.689998336430e+00 -5.000000000000e-03
1.511782698538e+00 5.168597118909e+00 -5.000000000000e-03
3.502615181798e+00 1.609858952299e+00 -5.000000000000e-03
3.621512484505e+00 6.513874761799e-02 -5.000000000000e-03
3.003005669968e+00 5.750102200381e+00 -5.000000000000e-03
6.554932637833e-02 1.233849722391e+00 -5.000000000000e-03
3.328933904362e+00 5.238031496384e-01 -5.000000000000e-03
3.289801605611e-01 4.003855318788e+00 -5.000000000000e-03
2.469601361473e+00 1.445249355423e+00 -5.000000000000e-03
3.315062249331e+00 6.883467642336e-01 -5.000000000000e-03
2.633234962182e+00 2.152728850890e-01 -5.000000000000e-03
2.864841827739e+00 3.660385361192e+00 -5.000000000000e-03
2.713357499568e+00 9.782469963732e-01 -5.000000000000e-03
2.692976086508e+00 2.687891747662e+00 -5.000000000000e-03
3.638460746834e+00 5.644117250133e+00 -5.000000000000e-03
4.728381009631e+00 7.241371223633e-01 -5.000000000000e-03
5.940954611157e+00 3.971681761916e+00 -5.000000000000e-03
4.866718316086e+00 6.007050230243e-01 -5.000000000000e-03
4.040746520396e+00 2.399636056920e+00 -5.000000000000e-03
4.382006139450e+00 1.407199335968e+00 -5.000000000000e-03
4.509319537893e+00 1.731434045190e+00 -5.000000000000e-03
6.201254901601e+00 3.810254046438e+00 -5.000000000000e-03
3.919656824311e+00 6.243555556316e+00 -5.000000000000e-03
3.195502135826e+00 8.266026239074e-01 -5.000000000000e-03
2.470777568147e+00 4.432880939198e+00 -5.000000000000e-03
5.433144670949e+00 1.276155653286e+00 -5.000000000000e-03
2.285013582823e+00 3.183479172108e+00 -5.000000000000e-03
4.470444078344e+00 4.022313060534e+00 -5.000000000000e-03
2.002598887022e+00 2.413549878976e+00 -5.000000000000e-03
2.381481417700e+00 9.463636275671e-01 -5.000000000000e-03
1.364628684683e+00 3.610734820944e+00 -5.000000000000e-03
5.092304347062e+00 1.355770524489e+00 -5.000000000000e-03
2.753481915868e+00 1.559396150248e+00 -5.000000000000e-03
6.089512539896e+00 1.122483438094e+00 -5.000000000000e-03
4.728848692099e+00 1.098392912104e-03 -5.000000000000e-03
3.215094950863e+00 7.390793017179e-01 -5.000000000000e-03
3.489336161844e+00 2.277446765584e+00 -5.000000000000e-03
3.779561625176e+00 1.076837661250e+00 -5.000000000000e-03
1.303017264199e+00 2.997024237654e+00 -5.000000000000e-03
2.752681034847e+00 5.126900644956e+00 -5.000000000000e-03
6.140147779432e+00 3.646308555501e+00 -5.000000000000e-03
2.849977798022e+00 1.348559459575e+00 -5.000000000000e-03
2.911436949845e+00 2.787287643810e+00 -5.000000000000e-03
2.786056406462e+00 2.824688068847e+00 -5.000000000000e-03
3.805678997185e+00 1.108634278824e+00 -5.000000000000e-03
3.765065695671e+00 7.307423371217e-01 -5.000000000000e-03
2.424195194927e+00 1.873549011251e+00 -5.000000000000e-03
1.265246074604e+00 3.350632438530e+00 -5.000000000000e-03
1.549578931330e+00 1.535970559940e+00 -5.000000000000e-03
