5.820594638413e+00 1.733653048789e+00 5.000000000000e-03
5.316322013816e+00 4.092175355744e+00 5.000000000000e-03
2.368978784623e+00 3.083004445731e+00 5.000000000000e-03
3.061564844639e+00 1.685716836114e+00 5.000000000000e-03
5.056422096714e+00 4.267653042114e+00 5.000000000000e-03
1.447018518200e+00 1.756146369268e+00 5.000000000000e-03
2.669925913273e+00 1.200385156629e+00 5.000000000000e-03
1.304004759829e+00 4.757161633467e+00 5.000000000000e-03
1.612591766742e+00 5.310724802602e-01 5.000000000000e-03
6.000573117123e+00 3.381877953980e+00 5.000000000000e-03
1.232928770482e-01 5.136271118049e+00 5.000000000000e-03
5.294912898217e+00 2.258294413454e+00 5.000000000000e-03
1.362479537420e+00 7.981222926987e-01 5.000000000000e-03
2.390556954124e+00 5.301594903833e+00 5.000000000000e-03
3.773560138054e+00 1.115294377825e-01 5.000000000000e-03
1.129894251474e-01 6.698475812098e-01 5.000000000000e-03
4.534963669113e-01 1.226567158226e+00 5.000000000000e-03
4.790296275814e+00 1.153329923603e+00 5.000000000000e-03
4.153773255598e+00 6.000278182405e+00 5.000000000000e-03
3.799339099194e+00 9.382131714157e-01 5.000000000000e-03
2.386076209052e+00 6.018539774318e+00 5.000000000000e-03
7.815263980451e-01 3.250104432017e+00 5.000000000000e-03
7.520911928284e-01 3.340036585019e+00 5.000000000000e-03
2.611283382302e-01 1.181857589597e+00 5.000000000000e-03
1.402938496384e+00 3.671420995103e+00 5.000000000000e-03
5.685741615570e+00 4.108592919815e+00 5.000000000000e-03
2.178536454865e+00 4.878991866089e+00 5.000000000000e-03
2.585661867470e+00 2.504349441826e-01 5.000000000000e-03
4.320977884003e+00 3.627911288775e+00 5.000000000000e-03
2.782583007376e+00 5.531536118117e+00 5.000000000000e-03
3.369850574574e+00 3.038369564973e+00 5.000000000000e-03
2.250722014376e+00 4.779246526191e-01 5.000000000000e-03
4.806232688689e+00 6.153326663339e+00 5.000000000000e-03
1.941388236543e-01 2.808176780475e+00 5.000000000000e-03
3.285529626333e+00 3.895160498931e+00 5.000000000000e-03
4.777956304286e+00 5.956729509841e+00 5.000000000000e-03
2.966515187561e+00 2.367724464165e+00 5.000000000000e-03
4.432344107772e+00 1.733125166573e+00 5.000000000000e-03
4.415951922947e-01 1.205658286245e+00 5.000000000000e-03
2.041055201536e+00 6.077661681329e-01 5.000000000000e-03
2.817935707852e+00 3.472795754787e+00 5.000000000000e-03
5.381373916725e+00 2.262505967202e+00 5.000000000000e-03
1.937228984604e+00 2.080703495477e-01 5.000000000000e-03
3.006579713710e+00 3.757787375472e+00 5.000000000000e-03
4.360345064124e+00 2.084670692651e+00 5.000000000000e-03
1.474278618660e+00 4.572964749899e+00 5.000000000000e-03
4.995486767215e+00 1.423716159740e+00 5.000000000000e-03
4.505014884579e+00 1.912415682794e+00 5.000000000000e-03
2.959134863195e+00 6.160547706923e+00 5.000000000000e-03
2.855401190066e+00 3.207441278917e+00 5.000000000000e-03
4.121169874907e+00 1.086613300991e+00 5.000000000000e-03
5.604633458814e+00 9.668071148895e-01 5.000000000000e-03
5.452703828514e+00 2.357299045968e+00 5.000000000000e-03
4.654320755803e+00 6.190899648834e+00 5.000000000000e-03
1.823225568966e+00 4.270858565918e+00 5.000000000000e-03
5.813440302813e+00 6.604723429521e-01 5.000000000000e-03
2.919048153465e+00 5.895779956751e+00 5.000000000000e-03
3.900490759453e+00 2.529226152841e-01 5.000000000000e-03
2.490319471190e+00 3.256020861897e-01 5.000000000000e-03
3.025684669046e+00 8.683606474134e-01 5.000000000000e-03
3.623679186675e+00 3.601623803663e+00 5.000000000000e-03
6.266156286891e+00 4.220694577280e+00 5.000000000000e-03
2.787177576986e+00 4.000451910715e+00 5.000000000000e-03
3.975744963207e+00 3.216417385132e+00 5.000000000000e-03
2.389778107347e+00 5.472819181556e-01 5.000000000000e-03
3.430813117391e+00 5.513703463701e+00 5.000000000000e-03
5.902024900840e+00 1.485445328633e+00 5.000000000000e-03
2.658234563227e+00 3.030414333243e-01 5.000000000000e-03
2.029285564554e+00 5.120978011803e+00 5.000000000000e-03
6.062876498142e+00 1.671155633868e+00 5.000000000000e-03
1.571476894472e-01 2.232151530246e+00 5.000000000000e-03
2.995958050305e+00 1.383535287500e+00 5.000000000000e-03
1.690686816784e+00 6.035654386635e+00 5.000000000000e-03
6.132934963828e+00 1.634517795192e+00 5.000000000000e-03
1.871157462359e+00 3.677293833972e+00 5.000000000000e-03
6.040990310878e-01 3.586546541997e+00 5.000000000000e-03
1.879994731646e+00 3.487163110132e+00 5.000000000000e-03
3.355336273805e+00 7.454334007363e-01 5.000000000000e-03
4.443618199889e+00 4.341479453955e-01 5.000000000000e-03
5.872391058052e+00 4.220227531126e-01 5.000000000000e-03
5.252683087828e+00 8.382287488483e-01 5.000000000000e-03
5.852777586468e+00 5.019430618548e+00 5.000000000000e-03
2.222280193625e+00 8.128834536451e-01 5.000000000000e-03
2.595417951414e+00 1.189688535911e+00 5.000000000000e-03
4.130933873813e+00 1.116079555758e+00 5.000000000000e-03
4.569819520769e+00 1.848943565066e+00 5.000000000000e-03
5.534918707833e+00 2.543317929522e+00 5.000000000000e-03
3.130010468090e+00 2.316536803746e+00 5.000000000000e-03
2.551875517429e+00 1.478517923504e+00 5.000000000000e-03
3.316781227922e+00 7.320966328401e-01 5.000000000000e-03
4.874758377397e+00 6.139874975534e+00 5.000000000000e-03
2.455630866497e+00 3.471172752931e+00 5.000000000000e-03
5.115970429157e+00 1.242242088243e+00 5.000000000000e-03
3.685321349417e+00 4.748625463667e+00 5.000000000000e-03
3.305455855333e+00 5.439972695493e+00 5.000000000000e-03
3.205269979754e+00 4.714838707227e+00 5.000000000000e-03
1.673325739888e+00 6.110462865095e+00 5.000000000000e-03
3.780553810096e+00 6.176055178895e+00 5.000000000000e-03
5.089891071785e+00 5.701256640981e+00 5.000000000000e-03
4.828005716148e+00 2.860975880834e+00 5.000000000000e-03
3.902942075484e+00 4.851452680312e+00 -5.000000000000e-03
4.026489248497e+00 2.800724270165e+00 -5.000000000000e-03
3.482318062246e+00 4.527278392324e+00 -5.000000000000e-03
2.182721288205e-01 3.879693825951e+00 -5.000000000000e-03
4.483966520925e+00 2.515389190530e+00 -5.000000000000e-03
2.967059945204e+00 3.162326952885e+00 -5.000000000000e-03
4.084192134426e+00 5.512799911816e+00 -5.000000000000e-03
3.472862442524e+00 4.488844658202e+00 -5.000000000000e-03
5.995536741814e+00 4.712528855297e+00 -5.000000000000e-03
3.083228669520e+00 3.091146286264e+00 -5.000000000000e-03
5.465520183678e+00 4.906923234971e+00 -5.000000000000e-03
4.343476465480e+00 2.727819313940e+00 -5.000000000000e-03
3.456496426698e+00 4.447648187283e+00 -5.000000000000e-03
3.991433883539e+00 5.405785671549e+00 -5.000000000000e-03
9.836177927693e-01 5.977368573101e+00 -5.000000000000e-03
4.088707312059e+00 5.430102450368e+00 -5.000000000000e-03
1.447634103084e+00 1.046001808752e-01 -5.000000000000e-03
5.577015135952e+00 1.427215156115e+00 -5.000000000000e-03
4.332729002391e+00 5.205549999917e+00 -5.000000000000e-03
4.591325948935e+00 5.998083756724e+00 -5.000000000000e-03
3.199159396575e+00 1.054445529628e-01 -5.000000000000e-03
3.750047757066e+00 3.258907307185e+00 -5.000000000000e-03
4.393788868797e+00 5.469339962896e+00 -5.000000000000e-03
4.919457412761e+00 1.762790371046e+00 -5.000000000000e-03
4.508452775952e+00 8.117234206221e-01 -5.000000000000e-03
6.970023426332e-01 4.525672445102e+00 -5.000000000000e-03
3.939845927694e+00 4.621667961818e+00 -5.000000000000e-03
1.636813173616e+00 2.877146539232e+00 -5.000000000000e-03
1.440470718059e+00 6.242577152165e+00 -5.000000000000e-03
5.521194324585e+00 3.224844888323e+00 -5.000000000000e-03
6.493353040874e-01 2.049627388950e+00 -5.000000000000e-03
2.641412197792e-01 8.721536517720e-01 -5.000000000000e-03
1.392578638087e+00 6.253524331622e+00 -5.000000000000e-03
2.573470187813e+00 2.655898895609e+00 -5.000000000000e-03
2.143457810713e+00 2.459695752149e+00 -5.000000000000e-03
1.821541359865e+00 5.563894132057e+00 -5.000000000000e-03
1.130048912547e+00 5.231783998856e+00 -5.000000000000e-03
2.683575056008e+00 5.640385846950e-01 -5.000000000000e-03
1.064602654358e+00 6.050790445882e+00 -5.000000000000e-03
4.744267186096e+00 2.313728519073e+00 -5.000000000000e-03
1.788304792620e+00 4.558657478374e+00 -5.000000000000e-03
1.421782460036e+00 2.880682039162e-01 -5.000000000000e-03
1.547586821209e+00 1.241351277088e+00 -5.000000000000e-03
5.061302955380e+00 3.298766510367e+00 -5.000000000000e-03
1.673113571499e+00 4.475877852764e+00 -5.000000000000e-03
7.568663383413e-01 4.120041710764e+00 -5.000000000000e-03
2.897739312518e+00 2.998594489573e+00 -5.000000000000e-03
3.687502300977e+00 1.998830020082e+00 -5.000000000000e-03
3.565731963842e+00 4.810482357245e+00 -5.000000000000e-03
1.759315009986e+00 4.988308710416e+00 -5.000000000000e-03
4.894831746513e+00 5.603912713721e+00 -5.000000000000e-03
3.277290752854e+00 1.000934195423e+00 -5.000000000000e-03
4.384881481106e-01 1.358704773572e+00 -5.000000000000e-03
1.673450592431e+00 1.164142629235e+00 -5.000000000000e-03
2.264195972297e+00 1.347272081801e+00 -5.000000000000e-03
3.816850300294e+00 4.847500691248e+00 -5.000000000000e-03
1.299247799651e+00 1.034629194155e-02 -5.000000000000e-03
4.604356738352e+00 4.791810197183e+00 -5.000000000000e-03
3.042238265273e-01 2.320258872056e-01 -5.000000000000e-03
8.273761734720e-01 1.859121536504e+00 -5.000000000000e-03
5.825522917333e+00 5.187086305223e+00 -5.000000000000e-03
1.311779392529e+00 4.473914641067e-01 -5.000000000000e-03
3.693024922870e+00 2.436217664488e+00 -5.000000000000e-03
3.859279668639e+00 4.783439249094e+00 -5.000000000000e-03
2.580204491553e-01 9.440547481829e-01 -5.000000000000e-03
3.604595595811e+00 1.678231288807e+00 -5.000000000000e-03
6.024285692251e+00 4.636037144274e+00 -5.000000000000e-03
6.160965002155e+00 4.962984490299e+00 -5.000000000000e-03
1.343925925472e+00 1.192057038643e-01 -5.000000000000e-03
4.027358162025e+00 4.989559627150e+00 -5.000000000000e-03
4.354870429143e+00 5.538649035505e+00 -5.000000000000e-03
6.106899954158e+00 6.018513768834e-01 -5.000000000000e-03
1.108312699870e+00 6.080792791896e+00 -5.000000000000e-03
5.117688126057e-01 3.392906172491e+00 -5.000000000000e-03
5.055603412676e+00 2.232316857609e+00 -5.000000000000e-03
6.063007592837e+00 1.839347042615e+00 -5.000000000000e-03
6.207908440492e+00 5.266092861953e+00 -5.000000000000e-03
3.976178988736e+00 4.774877653628e+00 -5.000000000000e-03
4.427338221070e+00 4.948286705117e+00 -5.000000000000e-03
4.196743767773e+00 5.386094918515e+00 -5.000000000000e-03
2.481454153504e+00 5.492724305835e+00 -5.000000000000e-03
4.770006168630e+00 1.878999408487e+00 -5.000000000000e-03
1.736478222899e+00 6.064039399260e-01 -5.000000000000e-03
6.248328467520e+00 5.509254047802e+00 -5.000000000000e-03
4.422105019652e+00 5.446879059938e+00 -5.000000000000e-03
1.876240740292e+00 4.617440961704e+00 -5.000000000000e-03
6.827381679011e-01 5.479974856557e+00 -5.000000000000e-03
1.335658256249e+00 6.503213255284e-01 -5.000000000000e-03
3.506545070678e+00 4.134654190282e+00 -5.000000000000e-03
4.276666709765e+00 5.797078825820e+00 -5.000000000000e-03
3.590266094933e+00 2.668853628598e+00 -5.000000000000e-03
6.103317096833e+00 1.083893804784e-01 -5.000000000000e-03
4.362899030799e+00 5.359421721738e+00 -5.000000000000e-03
1.101371396604e+00 6.281493718789e+00 -5.000000000000e-03
3.754946640389e+00 5.359977965291e+00 -5.000000000000e-03
5.171718127447e+00 2.019565284379e+00 -5.000000000000e-03
6.223249331878e+00 2.383859718413e-01 -5.000000000000e-03
1.648558807588e+00 4.729304409240e+00 -5.000000000000e-03
2.492167876667e-01 2.225770800458e-01 -5.000000000000e-03
4.528666796867e-01 1.730955874084e+00 -5.000000000000e-03
