2.542112308996e+00 5.473369242036e+00 5.000000000000e-03
4.449703081571e+00 2.698434764415e-01 5.000000000000e-03
5.829573155866e+00 8.999404107678e-01 5.000000000000e-03
5.547981544504e+00 1.550672945424e+00 5.000000000000e-03
1.188034050315e+00 3.721176662183e+00 5.000000000000e-03
2.814949019740e+00 1.611078931239e+00 5.000000000000e-03
7.385933324617e-01 1.265626748728e+00 5.000000000000e-03
3.991819271301e+00 2.663569608820e+00 5.000000000000e-03
9.591854968061e-01 1.160623478477e+00 5.000000000000e-03
8.790888433077e-01 3.751956683883e-01 5.000000000000e-03
4.246297294719e+00 3.415777314989e+00 5.000000000000e-03
1.453636193167e+00 3.324249881276e+00 5.000000000000e-03
5.624809836395e+00 8.486337147744e-01 5.000000000000e-03
4.527636317751e+00 3.933917791046e+00 5.000000000000e-03
5.486799873764e+00 1.924683731648e+00 5.000000000000e-03
6.207716624703e-01 3.476256277227e+00 5.000000000000e-03
5.789361310175e+00 4.129984555074e-01 5.000000000000e-03
8.470091219590e-01 1.462217770484e+00 5.000000000000e-03
6.198890381153e+00 2.213949995522e-01 5.000000000000e-03
4.849248781897e+00 5.351893492166e-01 5.000000000000e-03
1.511442398869e+00 3.431005728020e-01 5.000000000000e-03
6.157252463521e-01 3.864693237238e+00 5.000000000000e-03
3.896429065538e+00 4.507451234885e+00 5.000000000000e-03
5.840396851077e+00 2.779414338713e+00 5.000000000000e-03
1.059255842342e-01 1.057401680471e-01 5.000000000000e-03
1.884604241015e+00 1.850249398781e+00 5.000000000000e-03
4.793374376559e+00 9.795934183818e-01 5.000000000000e-03
5.112296396950e+00 2.793332046839e+00 5.000000000000e-03
4.642579453815e+00 6.928498518172e-01 5.000000000000e-03
3.005240938334e+00 5.379051716191e+00 5.000000000000e-03
5.390974633627e+00 3.585256185812e+00 5.000000000000e-03
2.112114778770e-01 1.707230567727e+00 5.000000000000e-03
8.026999485518e-01 2.667926390056e-01 5.000000000000e-03
4.834513966029e+00 5.373311655777e+00 5.000000000000e-03
5.181960916014e+00 1.140358260804e+00 5.000000000000e-03
1.416332930430e+00 9.459270114163e-01 5.000000000000e-03
3.405824758481e+00 3.118376711665e+00 5.000000000000e-03
4.404232696655e+00 1.408431734724e+00 5.000000000000e-03
7.036639817546e-01 3.212714945340e+00 5.000000000000e-03
3.950710074427e+00 4.399552591806e+00 5.000000000000e-03
6.133144139284e+00 4.857854490047e+00 5.000000000000e-03
6.163812886392e+00 4.889281545394e+00 5.000000000000e-03
3.344467348172e+00 3.156124537960e+00 5.000000000000e-03
7.864065286355e-01 6.973040502660e-01 5.000000000000e-03
1.869737214054e+00 2.225959768788e-01 5.000000000000e-03
1.762084578308e+00 1.510978062609e+00 5.000000000000e-03
4.791692462029e+00 3.482328098945e+00 5.000000000000e-03
3.769976896903e+00 8.897317902584e-02 5.000000000000e-03
3.770640262745e+00 4.584618700021e+00 5.000000000000e-03
5.483160930442e+00 7.641607530850e-01 5.000000000000e-03
5.444293683839e+00 1.047007619392e+00 5.000000000000e-03
5.929307708989e+00 3.686285151926e-01 5.000000000000e-03
1.281950671763e+00 5.638506165733e+00 5.000000000000e-03
4.372046818009e+00 4.370525681632e+00 5.000000000000e-03
5.966901259832e+00 1.672802428688e+00 5.000000000000e-03
8.649905735968e-01 4.697564611702e-02 5.000000000000e-03
5.363158932622e+00 6.682868730098e-01 5.000000000000e-03
5.524668825537e+00 5.157102589134e+00 5.000000000000e-03
3.883413228385e+00 3.117356254251e+00 5.000000000000e-03
2.105497817628e+00 8.651559880715e-01 5.000000000000e-03
5.420003222890e+00 4.412241814841e+00 5.000000000000e-03
4.506348276400e+00 3.177273972612e-01 5.000000000000e-03
5.514668442254e+00 1.432854428657e+00 5.000000000000e-03
5.109604627198e+00 1.715214965734e+00 5.000000000000e-03
5.849710238542e+00 1.237599897033e+00 5.000000000000e-03
1.217338159160e+00 1.618503957212e+00 5.000000000000e-03
5.122820034714e+00 4.048044595692e+00 5.000000000000e-03
3.218887279687e+00 3.398393530301e+00 5.000000000000e-03
2.972648638485e+00 3.075624092100e+00 5.000000000000e-03
3.886659708639e+00 4.407699797506e+00 5.000000000000e-03
5.642183500031e+00 6.195666438594e+00 5.000000000000e-03
3.984735726202e+00 6.017374632301e-01 5.000000000000e-03
5.728393743882e+00 1.868515532087e-01 5.000000000000e-03
4.603287933726e+00 4.134210963964e-01 5.000000000000e-03
5.737313666411e+00 2.455788433554e+00 5.000000000000e-03
9.132355954233e-01 1.546673133997e+00 5.000000000000e-03
2.792439453224e+00 3.808611156930e+00 5.000000000000e-03
4.052863308318e+00 6.220189613604e+00 5.000000000000e-03
5.586662965966e+00 1.182340727158e+00 5.000000000000e-03
9.767785539632e-01 1.315380155273e+00 5.000000000000e-03
5.845158961908e-01 5.853857579420e+00 5.000000000000e-03
2.501043174171e+00 5.984228927214e+00 5.000000000000e-03
7.605040337810e-01 1.493308435680e+00 5.000000000000e-03
5.655336075996e+00 2.185249022218e-02 5.000000000000e-03
5.414310312194e+00 1.049401042186e+00 5.000000000000e-03
3.590559750231e+00 3.752496269749e+00 5.000000000000e-03
3.405572732865e+00 3.038435942794e+00 5.000000000000e-03
4.482472307097e+00 4.698736721556e+00 5.000000000000e-03
5.832297900370e+00 2.555112465731e+00 5.000000000000e-03
3.118792351138e+00 3.311903851542e+00 5.000000000000e-03
1.941957892113e-01 7.574964956161e-01 5.000000000000e-03
3.320390096237e+00 3.146719762605e+00 5.000000000000e-03
5.691508456444e+00 4.684444727439e+00 5.000000000000e-03
4.849711068963e+00 1.262357870533e+00 5.000000000000e-03
2.548484229284e-01 2.775169581772e+00 5.000000000000e-03
1.144053137270e+00 3.658889432147e+00 5.000000000000e-03
4.012436533292e+00 4.288381339373e-02 5.000000000000e-03
1.269325818811e+00 5.685502642704e+00 5.000000000000e-03
3.866320433913e+00 3.315354412307e+00 5.000000000000e-03
3.685845962933e+00 3.800299196514e+00 5.000000000000e-03
2.512780827347e+00 2.519313421775e+00 -5.000000000000e-03
2.190118464418e+00 4.436382090062e+00 -5.000000000000e-03
4.688932921085e+00 3.299728450527e+00 -5.000000000000e-03
1.668103082037e+00 5.579698791856e+00 -5.000000000000e-03
4.276257790156e+00 5.350608333908e+00 -5.000000000000e-03
2.228852499173e+00 4.791166331714e-01 -5.000000000000e-03
1.120913083101e-01 2.594156055906e+00 -5.000000000000e-03
1.462132602978e+00 4.558461886062e+00 -5.000000000000e-03
6.030515747319e+00 5.565025284194e+00 -5.000000000000e-03
4.147846522949e+00 5.558850670885e+00 -5.000000000000e-03
1.646251836419e+00 4.742316346960e+00 -5.000000000000e-03
1.497158986526e+00 2.153977443603e+00 -5.000000000000e-03
1.605016883729e+00 1.051642488883e+00 -5.000000000000e-03
2.523624726275e+00 2.493791220353e+00 -5.000000000000e-03
2.947304571475e+00 3.490208168162e+00 -5.000000000000e-03
2.947666408692e+00 5.148992845645e-01 -5.000000000000e-03
1.564531329847e+00 7.845701527300e-01 -5.000000000000e-03
6.171543909640e+00 3.279939810828e+00 -5.000000000000e-03
1.699964351022e+00 5.145261073887e+00 -5.000000000000e-03
9.268700770832e-01 5.083502121815e+00 -5.000000000000e-03
4.567893791108e+00 5.940119750383e+00 -5.000000000000e-03
1.862824422144e+00 2.753221343404e+00 -5.000000000000e-03
1.346006033510e+00 2.513698681381e+00 -5.000000000000e-03
1.727545741032e+00 5.302158061164e+00 -5.000000000000e-03
2.367354472982e+00 4.454302168179e+00 -5.000000000000e-03
1.321750312910e+00 3.025811745707e+00 -5.000000000000e-03
4.131978682387e+00 5.465397520084e+00 -5.000000000000e-03
6.039179551376e+00 2.627226083688e+00 -5.000000000000e-03
3.444888991189e+00 5.418028114545e+00 -5.000000000000e-03
4.948280963589e+00 5.991465720438e+00 -5.000000000000e-03
1.156711478549e+00 5.030749954045e+00 -5.000000000000e-03
6.180634913074e+00 3.313908980986e+00 -5.000000000000e-03
4.059103729250e+00 3.736215676552e+00 -5.000000000000e-03
2.762116149178e+00 7.607775644786e-01 -5.000000000000e-03
1.891612907322e+00 4.820978274836e+00 -5.000000000000e-03
4.642996680652e-01 2.963028932959e+00 -5.000000000000e-03
1.902999897050e-02 2.045605121193e+00 -5.000000000000e-03
3.507466946117e+00 2.026040453994e-01 -5.000000000000e-03
1.844838460438e+00 4.696389328429e+00 -5.000000000000e-03
1.469253541448e+00 6.101771111243e+00 -5.000000000000e-03
6.205090386298e+00 3.188035705995e+00 -5.000000000000e-03
5.785887077117e+00 3.706630128418e+00 -5.000000000000e-03
2.213796230290e+00 3.325615419354e+00 -5.000000000000e-03
5.517311244247e+00 2.622811081468e+00 -5.000000000000e-03
1.560338728879e+00 5.863861955451e+00 -5.000000000000e-03
6.269612763116e+00 3.590747968035e+00 -5.000000000000e-03
4.052177593900e+00 2.321740306172e+00 -5.000000000000e-03
1.772512451616e+00 4.677895667704e+00 -5.000000000000e-03
5.497078578396e+00 3.443596069909e+00 -5.000000000000e-03
5.592923659956e-01 4.787239839293e+00 -5.000000000000e-03
3.167973925118e+00 4.937131310450e+00 -5.000000000000e-03
2.887463695211e+00 6.105355512249e+00 -5.000000000000e-03
5.739682830446e-01 2.976479925284e+00 -5.000000000000e-03
2.007967740110e+00 4.858307467431e+00 -5.000000000000e-03
2.569881671227e+00 3.970617913124e+00 -5.000000000000e-03
2.282362407694e+00 2.746421051507e+00 -5.000000000000e-03
5.029203524205e+00 2.559271904022e-01 -5.000000000000e-03
2.380359703546e+00 5.143592762753e+00 -5.000000000000e-03
2.011300692843e+00 1.726650024366e+00 -5.000000000000e-03
1.745957995686e+00 2.852835926932e+00 -5.000000000000e-03
4.115333420496e+00 1.034125734167e+00 -5.000000000000e-03
5.766246923566e-01 8.607317219188e-01 -5.000000000000e-03
4.572477441858e+00 1.657952806794e+00 -5.000000000000e-03
2.012489890606e+00 4.158785376912e+00 -5.000000000000e-03
2.876715976028e+00 4.771746991326e+00 -5.000000000000e-03
2.601576893203e+00 1.774679862280e+00 -5.000000000000e-03
1.734681189159e+00 5.578708364770e+00 -5.000000000000e-03
3.555661709938e-01 1.093345560850e+00 -5.000000000000e-03
2.740852592951e+00 6.237749639395e+00 -5.000000000000e-03
4.141752889520e-01 5.200418410193e+00 -5.000000000000e-03
4.913806876554e+00 4.965558260127e+00 -5.000000000000e-03
4.874597115869e+00 2.432722600377e+00 -5.000000000000e-03
3.278409303971e+00 4.591608720930e+00 -5.000000000000e-03
3.434140194079e+00 4.983816062392e+00 -5.000000000000e-03
1.075878336227e+00 3.033497566323e+00 -5.000000000000e-03
4.122844668536e+00 5.587402920047e+00 -5.000000000000e-03
1.325028731025e+00 5.384327558598e+00 -5.000000000000e-03
5.916486298786e+00 3.317505443076e+00 -5.000000000000e-03
1.936160441864e+00 4.351767838038e+00 -5.000000000000e-03
1.719628796610e+00 2.786879123164e+00 -5.000000000000e-03
6.098923961083e+00 3.664767250706e+00 -5.000000000000e-03
3.400303818953e+00 2.092692834372e+00 -5.000000000000e-03
3.668019688611e+00 2.406280330544e+00 -5.000000000000e-03
2.368132819832e+00 5.317593223114e+00 -5.000000000000e-03
9.031934280026e-01 2.460897932841e+00 -5.000000000000e-03
1.774957020893e+00 4.370804632229e+00 -5.000000000000e-03
1.367344460130e+00 2.254690063820e+00 -5.000000000000e-03
7.398895975561e-01 3.402222503951e+00 -5.000000000000e-03
1.294198326573e-01 4.771679659231e+00 -5.000000000000e-03
9.417493383324e-01 5.041803357864e+00 -5.000000000000e-03
4.091809544635e+00 3.501645683237e+00 -5.000000000000e-03
4.440900049954e+00 3.048897833937e+00 -5.000000000000e-03
3.506915302806e+00 1.700723413553e+00 -5.000000000000e-03
1.797236269304e+00 8.832515953290e-01 -5.000000000000e-03
1.298765694642e+00 4.193470054959e+00 -5.000000000000e-03
1.237825734936e+00 4.031295183049e+00 -5.000000000000e-03
6.075954288092e-01 1.716571189944e-01 -5.000000000000e-03
4.683930185036e+00 3.327235531533e+00 -5.000000000000e-03
1.728267057150e+00 4.361750415603e+00 -5.000000000000e-03
3.612143252900e+00 4.563143762096e+00 -5.000000000000e-03
