3.876437459050e+00 4.220803689454e+00 5.000000000000e-03
2.970657419709e+00 5.222619846350e-01 5.000000000000e-03
3.895775483440e+00 2.634640117756e+00 5.000000000000e-03
2.690574358134e+00 3.992682340550e+00 5.000000000000e-03
3.508482294296e+00 5.264602490195e+00 5.000000000000e-03
1.925008533061e+00 2.970464340335e+00 5.000000000000e-03
6.159307024782e+00 3.708842725004e-01 5.000000000000e-03
5.824298765306e+00 2.345590244923e+00 5.000000000000e-03
5.237707467463e+00 4.957798449844e+00 5.000000000000e-03
2.605165492624e+00 2.466310405995e+00 5.000000000000e-03
5.474741751386e+00 1.795110819873e+00 5.000000000000e-03
5.093979749342e+00 6.002405462013e+00 5.000000000000e-03
3.705994506861e+00 5.204614820939e+00 5.000000000000e-03
2.380501749216e+00 5.469540034296e+00 5.000000000000e-03
3.815109625535e+00 3.790510172334e+00 5.000000000000e-03
1.138606502423e+00 6.017667537584e+00 5.000000000000e-03
1.396721702477e+00 4.892943784165e+00 5.000000000000e-03
4.006445848093e+00 4.381903156767e+00 5.000000000000e-03
4.329238836765e+00 4.916901648519e+00 5.000000000000e-03
3.515890589236e+00 4.722249352231e+00 5.000000000000e-03
5.070512782540e+00 5.710549777527e+00 5.000000000000e-03
3.620130019662e+00 6.098645682163e+00 5.000000000000e-03
4.799480039654e+00 3.047679629036e+00 5.000000000000e-03
4.981097379542e+00 5.878268112038e+00 5.000000000000e-03
6.610302952049e-01 4.420779311585e+00 5.000000000000e-03
1.099819675919e+00 2.595342855261e+00 5.000000000000e-03
5.998029932028e+00 5.792386221300e+00 5.000000000000e-03
2.156106670862e+00 5.290182316561e+00 5.000000000000e-03
4.678707882953e+00 2.965655185248e+00 5.000000000000e-03
1.819021321609e+00 5.617710555677e+00 5.000000000000e-03
3.638677209143e+00 3.855663421140e-01 5.000000000000e-03
4.264444638540e+00 4.628729867822e+00 5.000000000000e-03
3.549867829093e+00 2.850536418080e+00 5.000000000000e-03
3.426160790991e+00 5.815610924022e+00 5.000000000000e-03
3.744109635229e+00 2.254840456607e+00 5.000000000000e-03
1.932047443017e+00 2.995274411891e+00 5.000000000000e-03
3.812607872030e+00 4.251426450167e+00 5.000000000000e-03
4.226124339681e+00 5.237025559457e+00 5.000000000000e-03
5.386086706089e+00 1.558985067809e-01 5.000000000000e-03
3.375647902967e+00 1.151239132633e+00 5.000000000000e-03
3.660215597323e+00 9.327912373827e-01 5.000000000000e-03
5.582511213947e-01 5.003910771691e+00 5.000000000000e-03
2.894712096669e+00 3.942743023858e+00 5.000000000000e-03
2.190321076737e+00 5.040267803109e+00 5.000000000000e-03
5.076734054388e+00 5.729097178734e+00 5.000000000000e-03
5.577897331015e+00 4.237152995763e+00 5.000000000000e-03
2.306630576750e+00 4.005840572600e-02 5.000000000000e-03
5.939942506445e+00 2.766558035956e+00 5.000000000000e-03
1.985493047641e-01 6.101240592074e+00 5.000000000000e-03
2.960400224873e+00 4.572546221472e+00 5.000000000000e-03
2.750374959539e+00 3.081788230832e-01 5.000000000000e-03
3.675079884611e+00 4.458635641262e+00 5.000000000000e-03
3.911408129601e-01 4.373549114065e+00 5.000000000000e-03
6.130572150386e+00 4.310657096780e-01 5.000000000000e-03
2.515176633639e+00 5.833149978383e+00 5.000000000000e-03
6.852541857250e-01 5.003149633239e+00 5.000000000000e-03
3.373702428897e+00 3.483423182932e+00 5.000000000000e-03
1.564217663635e+00 4.228626094411e+00 5.000000000000e-03
3.755426287739e+00 5.253357332622e+00 5.000000000000e-03
6.225666472009e+00 2.958079993939e+00 5.000000000000e-03
5.680740749114e+00 5.422064199345e+00 5.000000000000e-03
6.131020620721e+00 5.171694706922e+00 5.000000000000e-03
5.268776489979e+00 4.817659329890e+00 5.000000000000e-03
4.394228246590e+00 4.961714208325e+00 5.000000000000e-03
3.090619221941e+00 4.360030453083e+00 5.000000000000e-03
5.018936643125e+00 5.135116590137e+00 5.000000000000e-03
4.607838002407e+00 1.827234915058e-02 5.000000000000e-03
3.788300476745e+00 5.048595623607e+00 5.000000000000e-03
3.618407011069e+00 5.613697748664e+00 5.000000000000e-03
1.565365779784e+00 5.620468008477e+00 5.000000000000e-03
3.352001749149e+00 1.174781416107e+00 5.000000000000e-03
1.680096658761e+00 5.429168808464e+00 5.000000000000e-03
3.317156454127e+00 4.935214407412e+00 5.000000000000e-03
3.968326646990e+00 4.372304214274e+00 5.000000000000e-03
2.992993696872e+00 1.258588032330e+00 5.000000000000e-03
3.785574912371e+00 5.231705657524e+00 5.000000000000e-03
3.974264210218e+00 4.926513644742e+00 5.000000000000e-03
2.725593012995e+00 5.255098938034e+00 5.000000000000e-03
4.038996358405e+00 4.389891848176e+00 5.000000000000e-03
3.559428401679e+00 5.167883231940e+00 5.000000000000e-03
3.976713099372e+00 2.439333400638e+00 5.000000000000e-03
5.118744830459e+00 3.357806105745e+00 5.000000000000e-03
1.472675817389e+00 5.365072964005e+00 5.000000000000e-03
3.656044884989e+00 3.203779371735e+00 5.000000000000e-03
5.235616127037e+00 2.069486382619e+00 5.000000000000e-03
2.347114480728e+00 2.606659102666e+00 5.000000000000e-03
2.093637690645e+00 5.641899100353e+00 5.000000000000e-03
4.160876212106e+00 5.844594710226e+00 5.000000000000e-03
3.642437796892e+00 5.405150285418e+00 5.000000000000e-03
1.642639615922e+00 5.557816569612e+00 5.000000000000e-03
4.231588023957e+00 1.870936526696e+00 5.000000000000e-03
3.990134337613e+00 4.021283545808e+00 5.000000000000e-03
2.876354917774e+00 3.377166724493e+00 5.000000000000e-03
9.913191783073e-01 4.299345308120e+00 5.000000000000e-03
4.067253664102e+00 5.261252881882e+00 5.000000000000e-03
4.753349565595e+00 5.414944451233e+00 5.000000000000e-03
5.074128769022e+00 2.719336837519e+00 5.000000000000e-03
4.225838167413e+00 3.890296042687e+00 5.000000000000e-03
5.207752232495e+00 2.954550627163e-01 5.000000000000e-03
1.256363175722e-01 3.390879832262e+00 5.000000000000e-03
1.723538067396e+00 5.458994104292e-01 -5.000000000000e-03
1.242373083378e+00 3.114837154870e+00 -5.000000000000e-03
4.965906281470e+00 4.440879032721e-01 -5.000000000000e-03
7.474704499665e-02 1.018768534987e+00 -5.000000000000e-03
2.422138988793e+00 1.266733080117e+00 -5.000000000000e-03
3.052610443114e+00 7.964789235907e-01 -5.000000000000e-03
1.920516340000e+00 2.093257546693e+00 -5.000000000000e-03
2.069301008994e+00 4.875161541854e+00 -5.000000000000e-03
5.939387824469e+00 1.205287459064e+00 -5.000000000000e-03
5.584208595644e+00 1.309505848459e+00 -5.000000000000e-03
1.570795908598e-01 1.532508791337e+00 -5.000000000000e-03
2.683079185540e+00 2.029033762054e+00 -5.000000000000e-03
1.778731948611e+00 6.239614152419e+00 -5.000000000000e-03
2.742257156655e+00 1.586265568958e+00 -5.000000000000e-03
1.029091823242e+00 1.296061970462e+00 -5.000000000000e-03
3.183933115863e+00 2.051539671446e+00 -5.000000000000e-03
1.091054368000e+00 5.018792744643e+00 -5.000000000000e-03
4.452003070544e+00 2.630232755760e+00 -5.000000000000e-03
2.336352171403e+00 1.476343293096e+00 -5.000000000000e-03
5.829539606621e+00 1.374819641295e+00 -5.000000000000e-03
3.088365007171e+00 1.593088904948e+00 -5.000000000000e-03
5.912708124151e+00 1.513585597294e+00 -5.000000000000e-03
3.584932108279e+00 1.437674210769e+00 -5.000000000000e-03
4.904251231543e+00 1.270788978767e+00 -5.000000000000e-03
4.746321219174e+00 1.105115519909e-01 -5.000000000000e-03
5.814065630613e+00 6.432554658283e-01 -5.000000000000e-03
1.844234373102e+00 1.828566302262e+00 -5.000000000000e-03
4.981186650836e+00 1.863582443883e-02 -5.000000000000e-03
6.223400188909e+00 1.442594904662e+00 -5.000000000000e-03
4.298917606019e+00 3.254656397210e+00 -5.000000000000e-03
1.926614145043e+00 5.758871302298e-01 -5.000000000000e-03
4.391265696408e+00 1.228915324942e+00 -5.000000000000e-03
2.596017847743e+00 3.618513960693e+00 -5.000000000000e-03
1.786584204132e+00 7.514190546507e-01 -5.000000000000e-03
5.569165958048e+00 4.974737322349e+00 -5.000000000000e-03
6.181288982446e+00 2.176484438891e+00 -5.000000000000e-03
1.549750726175e+00 5.114575337752e+00 -5.000000000000e-03
4.402439100228e+00 7.225594055198e-01 -5.000000000000e-03
6.276188634946e+00 1.517602498520e+00 -5.000000000000e-03
4.328946327911e-01 1.140151152316e+00 -5.000000000000e-03
2.808451906056e-01 5.033752973692e+00 -5.000000000000e-03
1.418268156494e-01 9.198965651461e-01 -5.000000000000e-03
2.622603614247e+00 1.984750487062e+00 -5.000000000000e-03
3.790982939816e+00 2.003474496239e+00 -5.000000000000e-03
5.788399515232e+00 3.647809244232e+00 -5.000000000000e-03
5.506409023110e+00 6.388840333103e-01 -5.000000000000e-03
5.845073245558e-01 3.093778013703e+00 -5.000000000000e-03
1.958530093703e+00 3.288951404620e+00 -5.000000000000e-03
1.489726449013e-01 4.279341425991e+00 -5.000000000000e-03
4.091245430950e-01 9.593890982240e-01 -5.000000000000e-03
9.220150256838e-01 1.803546654266e+00 -5.000000000000e-03
3.545068412840e+00 2.088304147560e+00 -5.000000000000e-03
2.656624738249e+00 2.781829261065e+00 -5.000000000000e-03
3.794235610126e+00 6.025280715080e+00 -5.000000000000e-03
2.370218682542e+00 4.947884457072e-01 -5.000000000000e-03
5.298637070475e+00 1.025970208576e+00 -5.000000000000e-03
2.830318515989e-01 8.456524633827e-02 -5.000000000000e-03
5.233102260712e+00 7.012744168320e-02 -5.000000000000e-03
6.145942870611e+00 1.168817961520e+00 -5.000000000000e-03
6.231750042076e+00 1.380918302517e+00 -5.000000000000e-03
4.257225228983e+00 1.080976990410e+00 -5.000000000000e-03
1.374536521642e+00 4.429147823129e-01 -5.000000000000e-03
2.559765842215e+00 4.047901283432e-01 -5.000000000000e-03
3.819079888726e+00 2.802411349574e+00 -5.000000000000e-03
6.209294721791e+00 2.601409697413e+00 -5.000000000000e-03
1.141475315325e+00 1.720027604282e+00 -5.000000000000e-03
2.310012783195e+00 1.426463916068e+00 -5.000000000000e-03
5.344224988448e+00 1.351463847748e+00 -5.000000000000e-03
2.757471640805e+00 1.847582609128e+00 -5.000000000000e-03
3.515833953108e+00 4.776822493442e-01 -5.000000000000e-03
4.225280237337e+00 3.247196094996e+00 -5.000000000000e-03
5.693477692933e+00 1.747709866782e+00 -5.000000000000e-03
1.376793732377e-01 3.890130926351e+00 -5.000000000000e-03
3.928678614514e+00 1.505225860250e+00 -5.000000000000e-03
3.920995838111e+00 1.429215499435e+00 -5.000000000000e-03
5.504297073671e+00 2.692975161878e+00 -5.000000000000e-03
9.581694571567e-01 1.238942963069e+00 -5.000000000000e-03
6.102786383425e+00 3.306884504982e+00 -5.000000000000e-03
6.220324314941e+00 4.254188090983e+00 -5.000000000000e-03
3.221572024685e+00 1.637659621450e-01 -5.000000000000e-03
1.390844612710e-01 1.370222439194e+00 -5.000000000000e-03
1.110340465367e-01 1.938567258153e+00 -5.000000000000e-03
1.243494672500e+00 1.538468197322e+00 -5.000000000000e-03
4.994302156012e+00 4.699489071172e-01 -5.000000000000e-03
4.496265268525e+00 7.998723847858e-01 -5.000000000000e-03
3.336858187452e+00 1.591840780026e+00 -5.000000000000e-03
4.173290120268e+00 1.501838924927e+00 -5.000000000000e-03
3.372310322496e+00 5.581277771060e+00 -5.000000000000e-03
5.874862548003e-02 1.766041053878e+00 -5.000000000000e-03
5.495728287926e+00 1.361893196339e+00 -5.000000000000e-03
4.431230757799e+00 5.491212095011e+00 -5.000000000000e-03
2.996173313915e+00 1.952486097440e+00 -5.000000000000e-03
1.613926417930e+00 2.479523368049e+00 -5.000000000000e-03
5.142463538058e+00 2.449003411224e+00 -5.000000000000e-03
1.641296232030e+00 6.188299975860e+00 -5.000000000000e-03
9.077553502367e-02 1.790492048083e+00 -5.000000000000e-03
2.972884107895e+00 5.993007981644e+00 -5.000000000000e-03
2.693798100109e+00 1.114387417398e+00 -5.000000000000e-03
1.442656987754e+00 7.908870862373e-01 -5.000000000000e-03
5.261426970678e+00 1.805626933152e+00 -5.000000000000e-03
