3.182757094306e+00 5.377722092833e+00 5.000000000000e-03
3.222332306536e+00 6.165908985336e+00 5.000000000000e-03
2.843014827847e+00 2.349563349361e+00 5.000000000000e-03
1.633100467768e+00 2.958499413563e+00 5.000000000000e-03
2.234659288203e+00 4.777164206670e+00 5.000000000000e-03
1.386778417371e+00 1.291520833695e+00 5.000000000000e-03
3.015481378849e+00 4.272208620867e+00 5.000000000000e-03
2.186148430615e+00 5.906486083435e-01 5.000000000000e-03
6.025142386228e-01 4.318897010832e+00 5.000000000000e-03
1.797500365337e+00 1.328951987332e+00 5.000000000000e-03
5.376127985598e+00 2.849181275705e+00 5.000000000000e-03
3.709824045189e+00 5.919390261426e+00 5.000000000000e-03
3.105471650008e+00 5.347072227832e+00 5.000000000000e-03
7.995287451214e-01 3.258720755348e+00 5.000000000000e-03
2.364067530877e+00 4.250792408557e+00 5.000000000000e-03
6.261656894474e-01 1.604051040906e-01 5.000000000000e-03
4.866696566841e+00 3.884358130080e+00 5.000000000000e-03
2.755602720396e+00 5.473125014796e+00 5.000000000000e-03
2.764658694212e+00 5.331903524313e+00 5.000000000000e-03
2.937924607081e+00 4.044968971745e+00 5.000000000000e-03
3.769123008760e+00 5.157457785890e+00 5.000000000000e-03
2.976731609476e+00 5.991151654139e-01 5.000000000000e-03
3.535131586327e+00 4.277086453148e+00 5.000000000000e-03
3.425157928819e+00 5.850252429415e+00 5.000000000000e-03
6.266036238077e+00 1.834255926711e+00 5.000000000000e-03
5.754296335822e+00 3.317971688478e+00 5.000000000000e-03
2.745427098928e+00 4.437637236083e+00 5.000000000000e-03
4.862252109455e+00 4.321201433654e+00 5.000000000000e-03
3.842057150166e+00 5.394676516370e+00 5.000000000000e-03
6.331150919290e-01 3.497905782468e+00 5.000000000000e-03
3.845550043847e+00 2.084027290932e+00 5.000000000000e-03
2.680760366218e+00 5.539076138449e+00 5.000000000000e-03
1.832061881874e+00 2.701141392544e+00 5.000000000000e-03
4.650359979091e+00 3.723428921808e+00 5.000000000000e-03
1.210566054780e+00 3.694295701079e-02 5.000000000000e-03
1.374010171562e+00 1.314009237488e+00 5.000000000000e-03
5.082878563351e+00 5.604528948812e+00 5.000000000000e-03
4.886216985780e+00 4.902428270927e+00 5.000000000000e-03
2.640862508299e+00 2.800756218769e+00 5.000000000000e-03
3.660572775823e+00 1.030555354423e+00 5.000000000000e-03
4.464725136263e+00 2.198308291454e+00 5.000000000000e-03
3.372135139879e+00 3.810020633249e+00 5.000000000000e-03
2.922702083183e+00 4.718303856035e-01 5.000000000000e-03
4.733292685029e+00 2.730456320567e-01 5.000000000000e-03
3.770968636884e+00 5.138001296736e+00 5.000000000000e-03
1.422538991123e+00 5.394228955187e+00 5.000000000000e-03
5.192735286160e+00 3.119204578864e+00 5.000000000000e-03
3.330169534819e+00 2.154239852323e+00 5.000000000000e-03
5.562621927438e+00 6.277389558663e+00 5.000000000000e-03
4.179481372514e+00 1.544549488289e+00 5.000000000000e-03
2.607508783446e+00 1.441695079654e-01 5.000000000000e-03
3.093106533573e+00 5.146284448836e+00 5.000000000000e-03
5.395697992509e+00 4.559126337930e+00 5.000000000000e-03
2.984456529930e+00 4.211246844345e+00 5.000000000000e-03
7.885449567353e-01 3.576740419777e+00 5.000000000000e-03
3.471061521872e+00 4.011270481025e+00 5.000000000000e-03
2.390475859832e+00 5.910355683414e+00 5.000000000000e-03
4.690305387701e+00 5.535168359076e+00 5.000000000000e-03
3.013982975074e+00 5.368979820242e+00 5.000000000000e-03
4.221359449449e+00 3.121288817246e+00 5.000000000000e-03
5.472908444779e+00 5.613996576319e+00 5.000000000000e-03
8.123775872814e-01 4.838575794412e+00 5.000000000000e-03
2.577091377339e+00 3.888503478148e+00 5.000000000000e-03
2.625878742462e+00 5.271303112463e+00 5.000000000000e-03
3.320956684184e+00 4.933210994616e+00 5.000000000000e-03
3.094445297602e+00 3.378310843242e+00 5.000000000000e-03
4.762024314113e+00 2.159501165976e+00 5.000000000000e-03
3.049620268663e+00 5.570882894345e+00 5.000000000000e-03
2.102162279781e+00 4.683508627656e+00 5.000000000000e-03
4.793295797735e-01 3.590009816238e+00 5.000000000000e-03
3.685839457919e+00 1.051948654595e+00 5.000000000000e-03
1.686384413586e+00 4.718906198632e+00 5.000000000000e-03
2.417912877866e+00 5.402617145465e+00 5.000000000000e-03
2.751238777585e+00 5.408076248449e+00 5.000000000000e-03
4.923186558170e+00 7.021152838115e-01 5.000000000000e-03
3.060649353403e+00 5.363644900709e+00 5.000000000000e-03
2.979037230399e+00 2.525607222153e-01 5.000000000000e-03
2.548392520076e+00 5.782430610058e+00 5.000000000000e-03
2.729162969645e+00 5.468783276910e+00 5.000000000000e-03
2.087278037329e+00 3.975107066122e+00 5.000000000000e-03
2.576113671504e+00 2.171660546266e+00 5.000000000000e-03
1.405871214795e+00 3.336572764194e+00 5.000000000000e-03
5.382723120084e-01 3.435483145589e+00 5.000000000000e-03
2.194757483328e+00 4.852115375185e+00 5.000000000000e-03
4.999899170650e+00 4.667662511239e+00 5.000000000000e-03
1.128547500906e+00 1.315562480251e+00 5.000000000000e-03
3.404279980826e+00 3.656752081380e+00 5.000000000000e-03
3.573688752277e+00 6.143674981252e+00 5.000000000000e-03
2.401363781138e+00 4.856467508335e+00 5.000000000000e-03
3.403999768399e-01 3.607764046249e+00 5.000000000000e-03
2.935846462854e+00 2.571576100117e+00 5.000000000000e-03
2.132682459502e+00 4.183546141799e+00 5.000000000000e-03
2.668340810295e+00 2.368043926733e+00 5.000000000000e-03
9.084005845716e-01 4.847211824605e+00 5.000000000000e-03
2.043657423065e+00 3.904718242782e+00 5.000000000000e-03
3.954118062319e+00 5.323511079828e+00 5.000000000000e-03
3.831024824776e+00 4.205398304385e+00 5.000000000000e-03
2.877086137818e+00 6.198654170635e+00 5.000000000000e-03
2.392037124167e-01 1.853314709145e+00 5.000000000000e-03
6.092359867453e-01 6.126387970214e-01 5.000000000000e-03
5.998051481678e+00 2.379266002706e+00 -5.000000000000e-03
6.278814236814e+00 3.123176528257e+00 -5.000000000000e-03
5.133262266061e+00 2.062244556790e+00 -5.000000000000e-03
5.659972039826e+00 2.360327273999e+00 -5.000000000000e-03
2.959534254372e+00 1.016204230685e+00 -5.000000000000e-03
3.499837389168e+00 5.590564728896e-01 -5.000000000000e-03
5.758373107480e+00 2.965656055970e+00 -5.000000000000e-03
4.378602068873e+00 1.423073559575e+00 -5.000000000000e-03
2.155895357562e-01 1.494921936390e+00 -5.000000000000e-03
5.649297381235e+00 2.807333899586e+00 -5.000000000000e-03
6.042688837248e+00 2.427215893771e-01 -5.000000000000e-03
9.231990315641e-01 1.098143612517e+00 -5.000000000000e-03
4.469697923263e-01 2.436632805604e-02 -5.000000000000e-03
4.059749614878e+00 2.347395482253e+00 -5.000000000000e-03
6.272651282063e+00 4.196005460694e-01 -5.000000000000e-03
4.174483694020e+00 2.477378705561e+00 -5.000000000000e-03
4.262026254759e+00 4.277128545902e+00 -5.000000000000e-03
4.392553582277e+00 4.776816521121e+00 -5.000000000000e-03
3.299817961573e+00 9.795325131594e-01 -5.000000000000e-03
5.468989772868e+00 2.612702577041e+00 -5.000000000000e-03
5.369748907087e+00 1.643777795941e+00 -5.000000000000e-03
4.147800240847e-01 1.458073035613e+00 -5.000000000000e-03
4.604166994661e+00 2.888231785322e+00 -5.000000000000e-03
1.056216701040e-01 1.279683510383e+00 -5.000000000000e-03
5.237926585538e+00 5.834840498107e-01 -5.000000000000e-03
2.893050562478e+00 3.509877744502e+00 -5.000000000000e-03
5.303301996218e+00 3.276910068951e+00 -5.000000000000e-03
1.508913781609e+00 4.453908152878e+00 -5.000000000000e-03
3.354402497886e-01 2.306770099281e-01 -5.000000000000e-03
6.046066184626e+00 4.036676770284e+00 -5.000000000000e-03
6.129216826603e+00 2.413960118239e+00 -5.000000000000e-03
4.600895646937e+00 5.738757769891e+00 -5.000000000000e-03
1.898947167063e+00 1.566431892694e+00 -5.000000000000e-03
5.726961241409e+00 1.971179523483e+00 -5.000000000000e-03
5.864441069155e+00 6.814970329158e-01 -5.000000000000e-03
4.810741077812e+00 4.499910762350e+00 -5.000000000000e-03
4.448555143318e+00 4.282793753779e+00 -5.000000000000e-03
5.964339150726e+00 6.097731480926e+00 -5.000000000000e-03
6.087308969096e+00 4.061673395074e-01 -5.000000000000e-03
1.066630151561e+00 3.707196327957e-01 -5.000000000000e-03
4.900182613530e+00 2.519342314061e-01 -5.000000000000e-03
5.567849690706e+00 2.104482398931e+00 -5.000000000000e-03
7.699760937564e-01 1.110930586610e+00 -5.000000000000e-03
2.128566985587e+00 1.029917845956e+00 -5.000000000000e-03
3.080599807578e+00 3.201777276347e+00 -5.000000000000e-03
2.839363803917e+00 2.770550599240e+00 -5.000000000000e-03
5.634194783330e+00 4.040330775328e+00 -5.000000000000e-03
5.766053184223e-01 1.142667272639e+00 -5.000000000000e-03
3.761998950378e+00 3.147101286927e+00 -5.000000000000e-03
5.560116998880e+00 2.720041389566e+00 -5.000000000000e-03
4.888448587250e+00 1.281338888143e+00 -5.000000000000e-03
8.037257790328e-01 2.491617042533e-01 -5.000000000000e-03
1.406641441764e+00 1.966333994678e+00 -5.000000000000e-03
4.961482297801e+00 6.186045784765e+00 -5.000000000000e-03
1.548798393658e-01 6.127992616653e+00 -5.000000000000e-03
7.221853492664e-01 2.265373954948e+00 -5.000000000000e-03
1.537199151758e-01 5.113880867068e-01 -5.000000000000e-03
2.542424389319e+00 3.705741993538e+00 -5.000000000000e-03
4.102036559531e-01 1.653059236722e+00 -5.000000000000e-03
6.193814582610e+00 3.912727552349e-01 -5.000000000000e-03
4.212585483587e+00 2.699687305589e+00 -5.000000000000e-03
2.876906291301e-01 5.884419517047e+00 -5.000000000000e-03
5.831568795344e+00 2.033351967262e+00 -5.000000000000e-03
4.351879473114e-01 1.562211199672e+00 -5.000000000000e-03
6.259549117572e+00 3.774374115855e+00 -5.000000000000e-03
2.652704709490e+00 5.674075625442e+00 -5.000000000000e-03
3.353010665736e+00 9.569551267193e-01 -5.000000000000e-03
1.384215801043e-01 9.755027263522e-01 -5.000000000000e-03
7.583954227810e-01 1.036071327075e+00 -5.000000000000e-03
5.944780267861e+00 2.180504231917e+00 -5.000000000000e-03
6.054668759581e+00 4.111096209442e+00 -5.000000000000e-03
1.833570473036e-01 1.020007655080e-01 -5.000000000000e-03
4.118026275386e+00 3.311374625594e+00 -5.000000000000e-03
1.660442176731e+00 3.544458964146e-01 -5.000000000000e-03
1.733660138603e+00 3.073487485390e-01 -5.000000000000e-03
1.182412627391e-02 1.115868951820e+00 -5.000000000000e-03
6.150989022911e+00 5.331572864476e-01 -5.000000000000e-03
1.963406911049e+00 3.714034739391e-01 -5.000000000000e-03
3.946201130660e+00 5.620869898074e+00 -5.000000000000e-03
4.356012674037e+00 6.125242731494e-01 -5.000000000000e-03
1.595872145976e-01 6.277438609972e+00 -5.000000000000e-03
4.363945164537e-01 4.086676871145e-01 -5.000000000000e-03
6.655972699713e-01 6.185352745693e+00 -5.000000000000e-03
5.160791678986e+00 2.089175133687e+00 -5.000000000000e-03
5.913229164032e+00 5.808785888565e+00 -5.000000000000e-03
3.077595523011e+00 1.639665916381e+00 -5.000000000000e-03
3.343992903681e+00 1.759661655510e+00 -5.000000000000e-03
5.300478954662e+00 5.982466583946e+00 -5.000000000000e-03
6.598148853455e-01 1.378748576924e+00 -5.000000000000e-03
4.090095105084e-01 1.555703384774e+00 -5.000000000000e-03
4.473333580474e-01 5.053078130572e+00 -5.000000000000e-03
1.629444908343e+00 1.649326483171e+00 -5.000000000000e-03
1.066092685404e+00 1.615565652348e+00 -5.000000000000e-03
4.233762229810e+00 3.640588686584e+00 -5.000000000000e-03
1.546744829437e+00 9.053705224846e-01 -5.000000000000e-03
6.914166697782e-01 1.403978871045e+00 -5.000000000000e-03
4.521280103676e+00 1.348113357905e+00 -5.000000000000e-03
4.308167299398e+00 2.074937407251e+00 -5.000000000000e-03
2.375378014616e+00 4.067405270672e-01 -5.000000000000e-03
1.088330377812e+00 5.436401583118e-01 -5.000000000000e-03
