1.072121363805e+00 4.504729786335e+00 5.000000000000e-03
1.422295729573e+00 1.694412732178e-01 5.000000000000e-03
3.422156098677e+00 2.785825741179e+00 5.000000000000e-03
4.560218260760e+00 1.201423153584e+00 5.000000000000e-03
4.237624493628e+00 2.190424666256e-02 5.000000000000e-03
1.197503117852e+00 3.239709640880e+00 5.000000000000e-03
2.428030470279e+00 9.549954630853e-01 5.000000000000e-03
5.489524583212e+00 3.690471921695e+00 5.000000000000e-03
1.817409636252e+00 4.133372210341e+00 5.000000000000e-03
4.966321366502e+00 4.175655069573e-01 5.000000000000e-03
4.225490647300e+00 2.706377889721e+00 5.000000000000e-03
5.405454954373e+00 4.977278073535e+00 5.000000000000e-03
3.572579205136e+00 2.974355379956e+00 5.000000000000e-03
6.055648722719e+00 2.140564459288e+00 5.000000000000e-03
4.795933719694e+00 4.667839260582e+00 5.000000000000e-03
1.318146026303e+00 6.753266801068e-01 5.000000000000e-03
6.013009189977e+00 5.797984623160e-01 5.000000000000e-03
5.826482439128e+00 4.279375828191e+00 5.000000000000e-03
1.996727473911e+00 2.697337248713e+00 5.000000000000e-03
1.402079980370e+00 6.234913955602e+00 5.000000000000e-03
4.529842105420e+00 5.288719933478e+00 5.000000000000e-03
2.290697120853e+00 1.450950605193e+00 5.000000000000e-03
4.289314785587e+00 6.058629498869e+00 5.000000000000e-03
4.574289837251e+00 4.397263454794e+00 5.000000000000e-03
1.175806038148e+00 3.997268140880e+00 5.000000000000e-03
5.132047110244e+00 5.435312425880e+00 5.000000000000e-03
4.349813930840e+00 5.068002983883e+00 5.000000000000e-03
4.113687745096e+00 6.261544525135e+00 5.000000000000e-03
2.456904535093e+00 3.727091991994e+00 5.000000000000e-03
1.935557126888e+00 1.155891067361e+00 5.000000000000e-03
7.811023554413e-01 4.188713076238e+00 5.000000000000e-03
9.753516698488e-01 5.386545346060e+00 5.000000000000e-03
4.001299857708e+00 2.180309524676e+00 5.000000000000e-03
1.645175554389e+00 1.059145609308e+00 5.000000000000e-03
1.811274724621e+00 2.988682427784e+00 5.000000000000e-03
3.932470285706e+00 5.694664808745e-01 5.000000000000e-03
4.335525029974e+00 1.197052088266e+00 5.000000000000e-03
3.281285294936e+00 1.452330998220e+00 5.000000000000e-03
6.037228559361e+00 5.811622087678e-01 5.000000000000e-03
4.436115872464e+00 5.485243811241e+00 5.000000000000e-03
3.349490500513e+00 3.839092704713e+00 5.000000000000e-03
1.795275701415e+00 1.364354172981e+00 5.000000000000e-03
1.620255011709e+00 1.791433957383e-01 5.000000000000e-03
1.560919850240e+00 9.133848223930e-01 5.000000000000e-03
4.233349931426e+00 3.585312357626e+00 5.000000000000e-03
4.763545515541e+00 3.421854043605e+00 5.000000000000e-03
3.983845524690e+00 5.159521842683e+00 5.000000000000e-03
4.699008661371e+00 5.733495377341e+00 5.000000000000e-03
9.604262381246e-01 2.692664503064e+00 5.000000000000e-03
1.067820452341e+00 2.869787527514e+00 5.000000000000e-03
5.077913029969e+00 5.638165439826e+00 5.000000000000e-03
4.148591947042e+00 5.285910092894e+00 5.000000000000e-03
1.796616607515e+00 1.469649078690e+00 5.000000000000e-03
2.702952842800e+00 3.468162825024e+00 5.000000000000e-03
2.676233579173e+00 1.121614071105e+00 5.000000000000e-03
1.430536465876e+00 4.847402146975e+00 5.000000000000e-03
1.162094758371e+00 3.377399520506e+00 5.000000000000e-03
4.793267622812e+00 2.377482734673e+00 5.000000000000e-03
2.650696769187e+00 6.140927478624e-01 5.000000000000e-03
3.431833981486e+00 4.318412890601e+00 5.000000000000e-03
1.217969893473e+00 2.252274251684e-02 5.000000000000e-03
5.279461552183e+00 6.096271931887e+00 5.000000000000e-03
2.040104394695e+00 4.606179681517e+00 5.000000000000e-03
2.891624223968e+00 5.750317032188e+00 5.000000000000e-03
5.235478759024e+00 1.922906115910e+00 5.000000000000e-03
5.587082719705e+00 1.699094406181e+00 5.000000000000e-03
3.448846532023e+00 4.104311974757e+00 5.000000000000e-03
6.243677520035e+00 3.899919929099e+00 5.000000000000e-03
4.495379341281e+00 1.003643113762e+00 5.000000000000e-03
3.976225947320e+00 4.559207084807e+00 5.000000000000e-03
1.195097484624e+00 6.186775338665e+00 5.000000000000e-03
5.174050688080e+00 8.578726378548e-01 5.000000000000e-03
3.582742920102e+00 2.183677389414e+00 5.000000000000e-03
6.256693609053e+00 3.529200523716e+00 5.000000000000e-03
4.550530440335e-01 6.006702426820e-01 5.000000000000e-03
3.463595530734e+00 1.711729388718e+00 5.000000000000e-03
3.654537363122e+00 2.250399259760e+00 5.000000000000e-03
5.840208295658e+00 1.860893019407e+00 5.000000000000e-03
5.717741174292e+00 2.459420625871e+00 5.000000000000e-03
2.628414998629e+00 1.371151730007e+00 5.000000000000e-03
1.575514826868e+00 5.781770904894e+00 5.000000000000e-03
3.705738341527e+00 5.632231562500e+00 5.000000000000e-03
1.455906013144e+00 5.811680913619e+00 5.000000000000e-03
4.120266349884e-01 4.361767650793e+00 5.000000000000e-03
5.068914727168e+00 5.608298687380e+00 5.000000000000e-03
1.267812825684e-01 4.051587699569e+00 5.000000000000e-03
4.659456353239e+00 3.737662119064e+00 5.000000000000e-03
2.735973736955e-01 5.614520231613e+00 5.000000000000e-03
1.896949668752e+00 5.517883753210e+00 5.000000000000e-03
3.227475302009e+00 2.501291820207e+00 5.000000000000e-03
4.008899854368e+00 2.249539401628e+00 5.000000000000e-03
3.835541662777e+00 1.410228584670e+00 5.000000000000e-03
1.598768285439e+00 3.969416904695e+00 5.000000000000e-03
1.298539071729e+00 4.455702981433e+00 5.000000000000e-03
2.611378206037e+00 2.407905520773e+00 5.000000000000e-03
5.563488404675e+00 6.041010826960e+00 5.000000000000e-03
5.940667957455e+00 4.535930320493e+00 5.000000000000e-03
8.400603167583e-01 1.492536644388e+00 5.000000000000e-03
5.440337797406e+00 5.029882647994e+00 5.000000000000e-03
3.960944108142e+00 5.637515066938e-01 5.000000000000e-03
1.102778312836e+00 3.665117808550e+00 -5.000000000000e-03
5.469490718463e-01 9.679235000697e-01 -5.000000000000e-03
1.339559900923e+00 4.959658151293e+00 -5.000000000000e-03
3.873751392660e+00 8.777650374369e-01 -5.000000000000e-03
5.923704897204e+00 2.545627067418e+00 -5.000000000000e-03
1.270914325127e-01 6.006978908355e+00 -5.000000000000e-03
9.492436050413e-01 1.570183288932e+00 -5.000000000000e-03
5.380124091559e+00 1.212099256775e+00 -5.000000000000e-03
1.038938747911e+00 1.638171141408e+00 -5.000000000000e-03
5.816802083496e+00 1.424980317831e+00 -5.000000000000e-03
1.273306361988e+00 2.415573850440e+00 -5.000000000000e-03
3.625822372865e+00 6.587060215386e-01 -5.000000000000e-03
3.192818462332e+00 8.345663575038e-01 -5.000000000000e-03
3.606410523871e-01 5.399472587257e+00 -5.000000000000e-03
1.970130706491e+00 4.305427033269e+00 -5.000000000000e-03
3.864217498051e+00 3.536142892261e+00 -5.000000000000e-03
1.084287153121e+00 1.546629973443e+00 -5.000000000000e-03
5.807296647834e+00 1.301709131467e+00 -5.000000000000e-03
4.538528094265e-01 3.110630486085e+00 -5.000000000000e-03
2.302206217074e+00 4.252108027080e+00 -5.000000000000e-03
2.529161809224e+00 4.800320436443e+00 -5.000000000000e-03
2.192268738594e+00 5.736654599492e+00 -5.000000000000e-03
2.629093080395e+00 1.737957038026e+00 -5.000000000000e-03
6.133170472822e+00 2.601586795089e+00 -5.000000000000e-03
9.014439858826e-01 2.690063477269e-01 -5.000000000000e-03
1.285023303060e+00 2.435042435677e+00 -5.000000000000e-03
3.368659014490e+00 4.898765079079e+00 -5.000000000000e-03
5.439983751810e+00 2.464626264809e+00 -5.000000000000e-03
1.129075105812e+00 2.041761647424e+00 -5.000000000000e-03
1.074476407248e+00 1.839542095593e+00 -5.000000000000e-03
3.267906182299e+00 1.852847514870e+00 -5.000000000000e-03
2.298520639371e+00 5.054576176639e+00 -5.000000000000e-03
3.573600943817e+00 5.495128741275e+00 -5.000000000000e-03
9.967464378754e-01 2.155036225139e+00 -5.000000000000e-03
4.329073909759e+00 4.127484342995e+00 -5.000000000000e-03
3.480735877062e+00 3.708373828564e-01 -5.000000000000e-03
4.946435568713e+00 6.049463805647e+00 -5.000000000000e-03
1.182024487300e+00 1.862841133444e+00 -5.000000000000e-03
4.158127439473e+00 1.486745691702e+00 -5.000000000000e-03
2.733578416266e+00 4.607079472535e+00 -5.000000000000e-03
5.766115409389e+00 1.477664701565e+00 -5.000000000000e-03
3.804436383632e+00 4.662505683907e+00 -5.000000000000e-03
3.378447763868e+00 9.492977399746e-01 -5.000000000000e-03
1.099523227880e+00 1.635312237308e+00 -5.000000000000e-03
1.607032415091e-01 2.371755449415e+00 -5.000000000000e-03
5.839574175703e+00 3.232222677893e+00 -5.000000000000e-03
4.409210226026e+00 3.610977100144e+00 -5.000000000000e-03
6.032614495369e+00 5.921293954864e-03 -5.000000000000e-03
3.625270947068e+00 4.876199568862e+00 -5.000000000000e-03
2.328845631186e+00 4.598086024034e+00 -5.000000000000e-03
1.119363864296e+00 2.113579352021e+00 -5.000000000000e-03
5.520494301227e-01 6.003964093621e+00 -5.000000000000e-03
2.387872692893e-01 5.876902710538e+00 -5.000000000000e-03
7.178682291953e-01 3.130845873874e+00 -5.000000000000e-03
5.531117597376e+00 2.685303207993e+00 -5.000000000000e-03
3.013996969891e+00 1.707569051456e+00 -5.000000000000e-03
5.291613985849e+00 4.092845566884e+00 -5.000000000000e-03
2.466168262500e+00 7.011953687383e-01 -5.000000000000e-03
4.586922984034e+00 4.120778801200e+00 -5.000000000000e-03
3.519216088654e-01 5.892056598296e+00 -5.000000000000e-03
7.325651507998e-01 7.035738096379e-01 -5.000000000000e-03
2.615674566669e+00 8.238103817363e-01 -5.000000000000e-03
6.223803005715e+00 2.692893740706e+00 -5.000000000000e-03
5.057848516687e+00 1.045085447902e+00 -5.000000000000e-03
9.953051101844e-01 2.952382636371e-01 -5.000000000000e-03
2.377133932997e+00 7.936270817216e-01 -5.000000000000e-03
3.329454407705e+00 7.812160985590e-01 -5.000000000000e-03
3.060544548246e+00 5.868066041401e+00 -5.000000000000e-03
1.170733957406e+00 1.966822811267e+00 -5.000000000000e-03
2.927470505772e-01 3.408758482879e+00 -5.000000000000e-03
6.174780188739e+00 4.586207561604e+00 -5.000000000000e-03
5.389849591481e+00 4.181788286903e+00 -5.000000000000e-03
5.828689330249e+00 3.748076239144e+00 -5.000000000000e-03
2.190488428508e+00 3.940902832399e+00 -5.000000000000e-03
2.215486951427e+00 3.348759589726e+00 -5.000000000000e-03
1.350584910913e+00 5.113071505179e+00 -5.000000000000e-03
1.756834792800e+00 7.374483425061e-01 -5.000000000000e-03
6.171916608139e+00 4.333851952284e-01 -5.000000000000e-03
4.455309914073e+00 3.701500697991e+00 -5.000000000000e-03
2.023979167221e+00 3.167598031259e+00 -5.000000000000e-03
2.234073404290e+00 5.655229499286e+00 -5.000000000000e-03
4.467853657653e+00 3.065409198067e+00 -5.000000000000e-03
3.513811275406e+00 7.907235795432e-01 -5.000000000000e-03
3.404828781858e+00 1.928353112526e+00 -5.000000000000e-03
5.840478862439e+00 5.285863494930e+00 -5.000000000000e-03
2.446576205550e+00 4.821142353561e+00 -5.000000000000e-03
3.012190410494e+00 2.890791625757e+00 -5.000000000000e-03
3.474034766981e+00 5.457768244791e+00 -5.000000000000e-03
5.884647968861e+00 3.385651681416e+00 -5.000000000000e-03
5.158173412231e+00 2.483784763851e+00 -5.000000000000e-03
6.553062703558e-01 2.270497943167e+00 -5.000000000000e-03
1.463521771970e-02 5.720469691707e+00 -5.000000000000e-03
5.689992314370e-01 3.040032929034e+00 -5.000000000000e-03
3.820450778957e-02 1.334492833621e+00 -5.000000000000e-03
5.677326636239e+00 1.275319610202e+00 -5.000000000000e-03
2.855203423852e+00 7.692034997629e-01 -5.000000000000e-03
1.381941668620e+00 5.124235813061e+00 -5.000000000000e-03
3.782609217054e+00 4.139516022832e+00 -5.000000000000e-03
6.240172156027e+00 4.937171225537e+00 -5.000000000000e-03
2.373437787698e-01 6.011171691337e+00 -5.000000000000e-03
