2.833854129552e+00 2.549974625136e+00 5.000000000000e-03
2.698018458896e+00 7.766377712620e-01 5.000000000000e-03
1.616020887844e+00 8.134325188434e-01 5.000000000000e-03
2.971939417055e-01 4.423077269948e+00 5.000000000000e-03
2.224143943405e+00 8.923568067606e-01 5.000000000000e-03
2.669998849561e+00 1.392329667157e+00 5.000000000000e-03
3.150711862847e+00 1.452578708298e+00 5.000000000000e-03
2.086003062216e+00 2.330237266785e+00 5.000000000000e-03
1.549562457486e-01 5.653682929416e+00 5.000000000000e-03
2.694468777379e+00 4.469055932519e+00 5.000000000000e-03
2.064028302371e+00 2.140967978827e+00 5.000000000000e-03
1.929495505419e+00 2.719444917071e+00 5.000000000000e-03
3.615051713725e+00 1.297544725775e+00 5.000000000000e-03
7.772473865016e-01 4.415118831701e-01 5.000000000000e-03
5.882051044636e+00 6.594629660427e-01 5.000000000000e-03
1.432789471244e+00 3.632259513357e+00 5.000000000000e-03
1.099139974417e+00 2.911688606505e+00 5.000000000000e-03
2.832692900712e+00 4.448103062305e+00 5.000000000000e-03
2.963568579143e+00 3.448941785418e+00 5.000000000000e-03
2.692403573379e+00 2.237066764493e+00 5.000000000000e-03
2.390997749888e+00 3.155340601827e+00 5.000000000000e-03
6.252489449713e+00 3.685211221513e+00 5.000000000000e-03
1.304671810782e+00 1.703176297818e+00 5.000000000000e-03
1.272645822286e+00 2.401425558945e+00 5.000000000000e-03
1.944625115550e+00 1.891934867715e+00 5.000000000000e-03
1.125990455071e-01 8.918487489630e-01 5.000000000000e-03
1.532858214537e+00 2.866466620575e+00 5.000000000000e-03
3.261494698324e+00 5.453258350995e+00 5.000000000000e-03
6.038565709818e+00 1.735472178967e+00 5.000000000000e-03
3.267551565288e+00 2.685318348841e+00 5.000000000000e-03
2.637175507587e+00 2.260584708114e+00 5.000000000000e-03
9.633054595990e-01 4.443047471041e+00 5.000000000000e-03
3.016083556731e-01 1.366107224813e+00 5.000000000000e-03
1.820790621689e+00 2.465379099921e+00 5.000000000000e-03
2.538931331554e+00 1.976257379594e+00 5.000000000000e-03
2.744534381715e+00 3.041712572087e+00 5.000000000000e-03
3.919589883095e+00 8.035849566596e-02 5.000000000000e-03
5.070339156000e+00 2.120143689710e+00 5.000000000000e-03
1.798996870591e+00 2.390273825399e+00 5.000000000000e-03
1.741068815875e+00 3.155346026369e+00 5.000000000000e-03
3.153266594057e+00 1.232895113708e+00 5.000000000000e-03
2.170327778059e+00 2.053323902709e+00 5.000000000000e-03
4.369461944598e+00 2.594941764911e+00 5.000000000000e-03
1.315367715108e-01 9.190941613128e-01 5.000000000000e-03
2.794477087139e+00 5.420908461883e+00 5.000000000000e-03
2.464225475987e+00 4.015783576758e+00 5.000000000000e-03
5.798963467306e+00 7.034968893592e-01 5.000000000000e-03
2.350308163379e+00 1.885677866533e+00 5.000000000000e-03
3.817027941132e+00 1.053992456753e+00 5.000000000000e-03
2.745221595612e+00 2.432813414178e+00 5.000000000000e-03
3.091240904790e+00 5.156199746668e+00 5.000000000000e-03
2.433188762362e+00 1.969746828793e+00 5.000000000000e-03
3.073778456919e+00 2.590395336279e+00 5.000000000000e-03
2.513285588086e+00 1.986909377131e-01 5.000000000000e-03
3.606348883141e+00 2.718868257556e+00 5.000000000000e-03
5.720354068471e+00 2.104227536249e+00 5.000000000000e-03
5.293598345203e-01 4.124615613549e+00 5.000000000000e-03
2.700537545944e+00 2.785650185229e+00 5.000000000000e-03
3.081676430157e+00 5.986043983836e+00 5.000000000000e-03
3.107181578743e+00 1.236231786391e+00 5.000000000000e-03
2.487147805390e+00 3.766521815787e+00 5.000000000000e-03
2.855858237020e+00 1.847223349843e+00 5.000000000000e-03
3.011391994263e+00 5.987457308632e+00 5.000000000000e-03
2.325387482200e+00 2.773407803924e+00 5.000000000000e-03
1.689963869466e+00 3.262038819937e+00 5.000000000000e-03
3.316315505213e+00 1.834028453755e+00 5.000000000000e-03
4.779550695401e+00 2.394080616504e+00 5.000000000000e-03
3.803438588439e+00 2.107241399066e+00 5.000000000000e-03
3.943368950185e+00 2.078317654318e+00 5.000000000000e-03
3.069092831120e+00 2.528596357138e+00 5.000000000000e-03
2.884022802753e+00 4.172754356029e+00 5.000000000000e-03
2.801803003977e+00 9.072540244221e-01 5.000000000000e-03
3.653743594453e+00 1.962654227976e+00 5.000000000000e-03
2.541987765822e+00 2.873031162755e+00 5.000000000000e-03
2.626444552558e+00 4.698361611732e-01 5.000000000000e-03
1.217833034246e+00 2.496158337052e+00 5.000000000000e-03
2.687107894002e+00 2.893163567287e+00 5.000000000000e-03
6.236908145161e+00 1.277408083276e+00 5.000000000000e-03
2.056374520018e+00 2.666789347588e+00 5.000000000000e-03
1.251777352025e+00 4.105209564919e+00 5.000000000000e-03
3.076070419000e+00 3.994654277042e+00 5.000000000000e-03
1.491599192789e+00 5.251039655491e-01 5.000000000000e-03
1.551707281387e+00 4.502352523545e-01 5.000000000000e-03
2.299312565360e+00 5.113501604403e+00 5.000000000000e-03
3.976976789608e+00 3.688145985045e+00 5.000000000000e-03
1.791891013450e+00 2.693705505506e+00 5.000000000000e-03
1.113482241552e+00 1.725544489964e+00 5.000000000000e-03
1.041328117401e+00 9.598799907487e-01 5.000000000000e-03
1.059282932614e+00 4.587043150170e+00 5.000000000000e-03
2.481711094378e+00 7.018097428193e-01 5.000000000000e-03
2.247329052794e+00 2.955826027968e+00 5.000000000000e-03
2.529426546304e+00 2.012618113022e+00 5.000000000000e-03
2.312267230871e+00 3.432683966965e+00 5.000000000000e-03
4.051630673546e+00 1.026036138261e+00 5.000000000000e-03
1.548098852551e+00 3.895310907760e+00 5.000000000000e-03
1.859143707790e+00 1.191378109348e+00 5.000000000000e-03
3.245262291540e-01 3.047032789340e+00 5.000000000000e-03
8.764922103970e-01 1.251667055377e+00 5.000000000000e-03
5.478688437168e+00 1.147681113364e+00 5.000000000000e-03
2.623079405336e+00 2.274106388714e+00 5.000000000000e-03
1.330759488746e+00 5.838831099608e+00 -5.000000000000e-03
5.739654682456e+00 5.261316374224e+00 -5.000000000000e-03
4.500644208367e+00 3.365200905587e+00 -5.000000000000e-03
5.096012089575e+00 5.100512014960e+00 -5.000000000000e-03
4.024734232768e+00 1.260213447481e+00 -5.000000000000e-03
4.994149021511e+00 4.660464567629e+00 -5.000000000000e-03
2.190969629257e+00 4.333475629318e+00 -5.000000000000e-03
4.896004736785e+00 5.714994457012e+00 -5.000000000000e-03
4.911075327183e+00 1.057651866567e+00 -5.000000000000e-03
8.151707585821e-01 1.669336386066e+00 -5.000000000000e-03
2.074023690474e+00 3.774048232573e+00 -5.000000000000e-03
4.975582093943e+00 4.170767573137e+00 -5.000000000000e-03
5.397407174421e+00 4.538142597028e+00 -5.000000000000e-03
3.830159768562e+00 2.939114036755e+00 -5.000000000000e-03
4.861430403714e+00 5.005926571552e+00 -5.000000000000e-03
9.917641932320e-01 2.227961127400e+00 -5.000000000000e-03
2.725167396220e-01 4.778829229751e+00 -5.000000000000e-03
4.573207154796e+00 4.317103224194e+00 -5.000000000000e-03
4.034860808530e+00 5.799288304837e-03 -5.000000000000e-03
3.356108477645e-01 4.895658784268e+00 -5.000000000000e-03
2.696022307459e+00 5.620502465447e+00 -5.000000000000e-03
3.136006240483e+00 5.762104927629e+00 -5.000000000000e-03
1.414437458411e+00 9.334045938313e-01 -5.000000000000e-03
5.836853376211e+00 3.427227624882e-01 -5.000000000000e-03
3.276404778631e+00 4.365229488196e+00 -5.000000000000e-03
5.397840625980e+00 5.302039602137e+00 -5.000000000000e-03
2.141059655727e+00 6.465755886022e-01 -5.000000000000e-03
4.520270002949e+00 5.915214718641e+00 -5.000000000000e-03
5.502426352774e+00 3.727334094600e+00 -5.000000000000e-03
1.841421927472e-01 2.155308016275e+00 -5.000000000000e-03
1.945763645726e+00 7.271636319908e-01 -5.000000000000e-03
3.961182177381e+00 5.170472820225e+00 -5.000000000000e-03
4.872672244018e+00 6.051040051708e+00 -5.000000000000e-03
2.086737138840e+00 9.158673204026e-01 -5.000000000000e-03
1.315338208384e+00 2.741800497021e+00 -5.000000000000e-03
5.757937056772e+00 4.867169189613e+00 -5.000000000000e-03
5.734295199361e+00 4.765983724552e+00 -5.000000000000e-03
1.140481283459e+00 3.681814196188e+00 -5.000000000000e-03
5.905227372141e+00 6.003758978359e+00 -5.000000000000e-03
4.241908820076e+00 4.424908887763e+00 -5.000000000000e-03
2.486335709761e+00 4.450337863851e+00 -5.000000000000e-03
4.735052752064e+00 4.717692143250e+00 -5.000000000000e-03
5.999313469908e+00 4.906411427567e+00 -5.000000000000e-03
4.571137386551e+00 3.838511556535e+00 -5.000000000000e-03
4.425970040487e+00 5.349469640993e+00 -5.000000000000e-03
4.675856064492e+00 6.173173005951e+00 -5.000000000000e-03
5.055954339495e+00 3.396797423486e+00 -5.000000000000e-03
3.989922214839e+00 5.510841386179e+00 -5.000000000000e-03
5.445628029630e+00 5.044762627037e+00 -5.000000000000e-03
4.882665496439e+00 5.592547176213e+00 -5.000000000000e-03
5.692056331251e+00 4.904770595924e+00 -5.000000000000e-03
5.431123938595e+00 4.077894923246e+00 -5.000000000000e-03
1.204669727805e+00 4.481486063803e+00 -5.000000000000e-03
4.635436868103e+00 2.113826662143e+00 -5.000000000000e-03
4.843773431137e+00 4.507158268789e+00 -5.000000000000e-03
4.834619266010e+00 4.670866717209e+00 -5.000000000000e-03
5.684381845107e+00 1.060184660121e+00 -5.000000000000e-03
5.001056967845e+00 5.147647430577e+00 -5.000000000000e-03
5.514557678155e+00 5.261909785198e+00 -5.000000000000e-03
5.843105392813e-01 3.436848346128e+00 -5.000000000000e-03
3.646487868165e+00 5.363145684126e+00 -5.000000000000e-03
5.289968635883e+00 4.589535011028e+00 -5.000000000000e-03
4.923082395311e+00 4.925369535192e+00 -5.000000000000e-03
5.634786592349e+00 4.307761023933e+00 -5.000000000000e-03
2.807733918761e+00 3.252293754342e+00 -5.000000000000e-03
4.777037337041e+00 2.234734181316e+00 -5.000000000000e-03
5.954532807024e+00 2.579015032641e-01 -5.000000000000e-03
5.247224813049e+00 2.087345260337e+00 -5.000000000000e-03
4.283648922542e+00 1.069811623276e+00 -5.000000000000e-03
4.574910808108e+00 4.610876278468e+00 -5.000000000000e-03
1.549296569303e+00 4.292926416363e+00 -5.000000000000e-03
4.739598076293e+00 4.697401013717e+00 -5.000000000000e-03
4.316733750469e+00 3.955805999705e+00 -5.000000000000e-03
5.115264857918e+00 2.678683831786e+00 -5.000000000000e-03
1.778630159386e+00 1.658158164844e+00 -5.000000000000e-03
3.134726295482e+00 9.294753621134e-01 -5.000000000000e-03
4.461797632921e+00 4.969687139043e+00 -5.000000000000e-03
3.955282633730e-01 7.952742072096e-01 -5.000000000000e-03
1.975376151176e+00 4.654896138188e+00 -5.000000000000e-03
4.042189557613e+00 3.259418803106e+00 -5.000000000000e-03
5.017365414153e+00 5.043212298167e+00 -5.000000000000e-03
5.373231459853e+00 4.262895018640e+00 -5.000000000000e-03
2.780305049626e+00 5.606360445928e+00 -5.000000000000e-03
3.900048173753e+00 5.271926731410e+00 -5.000000000000e-03
5.100701843713e+00 5.279317557473e+00 -5.000000000000e-03
4.254252690803e+00 6.159983214779e+00 -5.000000000000e-03
5.980663116620e+00 4.506491900970e+00 -5.000000000000e-03
4.944463818867e+00 5.323900117536e-01 -5.000000000000e-03
5.636004224347e+00 4.857136788269e+00 -5.000000000000e-03
3.617178821127e+00 3.223660682091e+00 -5.000000000000e-03
5.429675684493e-01 5.375387965215e+00 -5.000000000000e-03
4.962841887683e+00 2.879873582858e+00 -5.000000000000e-03
3.399924000154e+00 4.928813918866e+00 -5.000000000000e-03
5.100137979611e+00 4.697128171761e+00 -5.000000000000e-03
4.749746169079e+00 3.981451986327e+00 -5.000000000000e-03
5.275358452194e+00 6.913634253924e-01 -5.000000000000e-03
5.002197573347e+00 5.086257264167e+00 -5.000000000000e-03
4.984189081930e+00 9.632663444819e-02 -5.000000000000e-03
5.421764770950e+00 4.399893017840e+00 -5.000000000000e-03
4.707329683210e+00 5.707106374678e+00 -5.000000000000e-03
