5.692569682413e+00 2.231600200939e+00 5.000000000000e-03
2.113568258891e+00 1.783595276854e+00 5.000000000000e-03
4.268859146097e+00 4.032929442164e+00 5.000000000000e-03
4.503198656101e+00 3.358628646205e+00 5.000000000000e-03
5.326861574340e+00 3.041955802099e+00 5.000000000000e-03
5.742266259719e+00 2.184364065891e+00 5.000000000000e-03
2.819736875223e+00 4.645340908775e+00 5.000000000000e-03
8.942920529913e-01 6.942267282181e-01 5.000000000000e-03
7.753890630957e-01 5.890097724896e+00 5.000000000000e-03
1.661635783255e+00 2.694485860740e-01 5.000000000000e-03
1.243163199011e+00 2.412927946001e+00 5.000000000000e-03
5.988219212893e+00 2.593418649160e+00 5.000000000000e-03
1.367081527659e+00 2.804273856619e-01 5.000000000000e-03
3.066120591066e+00 3.107514038837e+00 5.000000000000e-03
1.441459846711e+00 3.214193566951e+00 5.000000000000e-03
5.457607028062e+00 1.618543751121e+00 5.000000000000e-03
5.803723211447e+00 3.136564143043e+00 5.000000000000e-03
6.582487309776e-03 1.512476944030e+00 5.000000000000e-03
1.552770472880e+00 6.076251232189e-01 5.000000000000e-03
5.744875425608e+00 2.469210434064e+00 5.000000000000e-03
4.806437296470e+00 1.728339607731e+00 5.000000000000e-03
4.445852754248e+00 3.566858837718e+00 5.000000000000e-03
4.590617339004e+00 1.440374002077e+00 5.000000000000e-03
4.813095564459e+00 6.502480478570e-01 5.000000000000e-03
4.890159854120e+00 7.158415156799e-01 5.000000000000e-03
3.266199740900e+00 2.442100037148e+00 5.000000000000e-03
4.716590974281e-01 2.424928492538e+00 5.000000000000e-03
6.280938652676e+00 2.999714332966e-01 5.000000000000e-03
5.552876668932e+00 3.132788358542e+00 5.000000000000e-03
4.807016402164e-01 2.291239835040e+00 5.000000000000e-03
5.747455806005e+00 2.810132019654e+00 5.000000000000e-03
5.270456745473e-01 3.286539624264e+00 5.000000000000e-03
5.133443844868e+00 1.894101738797e+00 5.000000000000e-03
4.397637839440e+00 2.072549971115e+00 5.000000000000e-03
5.294082871237e+00 2.797788553290e+00 5.000000000000e-03
6.055837227415e+00 6.100465179956e+00 5.000000000000e-03
4.895604031458e-01 4.568024092388e+00 5.000000000000e-03
3.666794470735e+00 2.281376774392e+00 5.000000000000e-03
4.115226586494e+00 4.941345986598e-01 5.000000000000e-03
8.155608739320e-01 1.387135761344e+00 5.000000000000e-03
4.538821626942e-01 1.180526714756e-01 5.000000000000e-03
5.117040597160e+00 4.547435705767e+00 5.000000000000e-03
4.526536225534e+00 3.422736278995e+00 5.000000000000e-03
1.303062698255e+00 3.537109118181e-01 5.000000000000e-03
1.269924469740e+00 9.386747415093e-01 5.000000000000e-03
1.198941304444e-01 1.929176196382e+00 5.000000000000e-03
5.573275924628e+00 1.549273634164e+00 5.000000000000e-03
1.179238095823e+00 2.388321865432e+00 5.000000000000e-03
1.572421804419e+00 1.601863321460e+00 5.000000000000e-03
4.680028207686e-01 3.114968542876e+00 5.000000000000e-03
4.932990941542e+00 3.971616109698e+00 5.000000000000e-03
1.900561194886e+00 3.996099198804e+00 5.000000000000e-03
5.989076489532e+00 2.949789190818e+00 5.000000000000e-03
4.093718058748e-01 3.013518135762e+00 5.000000000000e-03
4.102181797771e+00 7.048949584996e-01 5.000000000000e-03
4.698860728370e+00 3.878783494642e+00 5.000000000000e-03
2.268940803786e+00 1.443423183088e+00 5.000000000000e-03
8.178497602192e-03 2.419001353015e+00 5.000000000000e-03
1.356422001058e+00 2.440500151904e+00 5.000000000000e-03
2.032955450219e-01 2.048543750885e+00 5.000000000000e-03
5.473597222551e+00 2.789157222658e+00 5.000000000000e-03
8.301029002603e-02 2.501270354970e+00 5.000000000000e-03
6.132143173085e+00 2.764706508724e+00 5.000000000000e-03
2.644816237374e+00 8.250040335160e-01 5.000000000000e-03
1.092512816553e+00 1.768642092459e+00 5.000000000000e-03
5.777243401959e+00 2.384393360522e+00 5.000000000000e-03
5.152813478834e+00 2.880591984474e+00 5.000000000000e-03
4.942982351042e+00 4.086960957448e+00 5.000000000000e-03
7.977563195148e-01 2.632258482413e-01 5.000000000000e-03
2.843983297827e+00 3.745888728870e+00 5.000000000000e-03
3.391033041950e+00 2.852982158479e+00 5.000000000000e-03
7.477070922559e-02 1.692572319020e+00 5.000000000000e-03
5.009721840559e+00 3.944950949542e+00 5.000000000000e-03
4.982017541062e+00 1.949971440211e+00 5.000000000000e-03
5.751721073443e+00 2.532249319019e+00 5.000000000000e-03
6.003026276398e+00 9.941443518358e-01 5.000000000000e-03
4.930266206029e+00 5.725925495683e+00 5.000000000000e-03
5.885016509944e+00 2.604994621849e+00 5.000000000000e-03
5.648162246422e+00 5.596793537720e-01 5.000000000000e-03
5.016742238941e+00 2.390089600080e+00 5.000000000000e-03
1.338615723979e+00 2.191752770058e+00 5.000000000000e-03
1.018376095489e-01 3.087822104633e+00 5.000000000000e-03
7.060910380710e-01 2.176372798754e+00 5.000000000000e-03
2.881228864213e+00 2.524753538423e+00 5.000000000000e-03
5.827186189596e+00 2.047902712639e+00 5.000000000000e-03
5.208498661611e+00 4.520072183801e+00 5.000000000000e-03
4.085372312298e+00 2.566834904917e+00 5.000000000000e-03
5.399647971069e+00 4.338523678157e+00 5.000000000000e-03
3.738304678987e+00 3.842285542176e+00 5.000000000000e-03
2.737348896002e+00 4.063817864015e+00 5.000000000000e-03
4.742687389337e+00 2.054676071683e+00 5.000000000000e-03
1.018294748577e+00 1.721543382188e+00 5.000000000000e-03
5.269767267230e+00 2.612915652384e+00 5.000000000000e-03
4.807206030670e+00 3.368587244747e+00 5.000000000000e-03
6.047853716578e+00 1.020752688556e+00 5.000000000000e-03
3.505262492365e+00 1.559018406974e+00 5.000000000000e-03
4.079686183963e+00 4.352031114001e+00 5.000000000000e-03
3.884697227517e+00 2.140065615520e-01 5.000000000000e-03
2.596780474332e+00 4.357475704311e+00 5.000000000000e-03
3.277904734647e-01 3.775771877193e+00 5.000000000000e-03
1.563071106223e+00 4.230591578779e+00 -5.000000000000e-03
5.946543974415e+00 3.618648996900e+00 -5.000000000000e-03
2.052249255585e+00 5.161837260397e+00 -5.000000000000e-03
3.433553905694e+00 1.405119012410e+00 -5.000000000000e-03
3.824540448420e+00 5.988168081033e+00 -5.000000000000e-03
5.205559545954e+00 3.552674527456e-01 -5.000000000000e-03
1.020098592294e+00 5.515547738175e+00 -5.000000000000e-03
1.624653663781e+00 4.041846086171e+00 -5.000000000000e-03
6.207888591529e+00 6.156906136677e+00 -5.000000000000e-03
4.278491088357e+00 6.190546515914e-01 -5.000000000000e-03
1.256039736626e-01 1.706439826211e-01 -5.000000000000e-03
3.570576901118e+00 5.908203194698e+00 -5.000000000000e-03
2.030955542014e+00 8.239242129730e-01 -5.000000000000e-03
1.829058305129e+00 5.073789739704e+00 -5.000000000000e-03
3.288338641273e+00 5.643111092521e+00 -5.000000000000e-03
1.964463997329e+00 6.221253649306e+00 -5.000000000000e-03
4.595841017046e+00 3.112799412588e+00 -5.000000000000e-03
2.460062927172e+00 5.188234909993e+00 -5.000000000000e-03
1.315885785397e+00 4.752748326705e+00 -5.000000000000e-03
3.243828738521e+00 5.675258392361e+00 -5.000000000000e-03
6.354988408627e-01 1.198967410267e+00 -5.000000000000e-03
3.121668617373e+00 5.711196293796e+00 -5.000000000000e-03
3.988521762571e+00 1.064162661644e+00 -5.000000000000e-03
2.392139900979e+00 3.256428840461e+00 -5.000000000000e-03
1.741326322124e+00 5.894553353453e+00 -5.000000000000e-03
1.638054545870e+00 3.806389941404e+00 -5.000000000000e-03
3.066253610077e+00 6.043526162953e+00 -5.000000000000e-03
1.188458988214e+00 4.838051683020e+00 -5.000000000000e-03
2.306859709074e+00 5.269167996597e+00 -5.000000000000e-03
3.054671130308e+00 1.121529755160e+00 -5.000000000000e-03
8.306335579123e-01 4.873817226139e+00 -5.000000000000e-03
3.074796148537e+00 5.698337316808e+00 -5.000000000000e-03
1.192792505071e+00 4.701301522112e+00 -5.000000000000e-03
4.106166356976e+00 1.195477359128e+00 -5.000000000000e-03
2.775611594311e+00 5.836630557166e+00 -5.000000000000e-03
2.409366213572e+00 5.233050469210e+00 -5.000000000000e-03
5.270666930909e+00 5.375293955950e+00 -5.000000000000e-03
1.132061302732e+00 2.861258024100e+00 -5.000000000000e-03
2.393498978751e+00 3.262422993488e+00 -5.000000000000e-03
3.117874218044e+00 3.951747074932e+00 -5.000000000000e-03
6.990086706664e-02 5.673204314999e+00 -5.000000000000e-03
3.862662847571e+00 3.210614643784e+00 -5.000000000000e-03
2.055555426538e-01 6.253137893586e+00 -5.000000000000e-03
4.540473880355e+00 5.538793692406e+00 -5.000000000000e-03
2.353033057240e+00 1.556203222732e+00 -5.000000000000e-03
2.146162263794e+00 5.355034230844e+00 -5.000000000000e-03
2.578142712712e-01 6.041182148362e+00 -5.000000000000e-03
2.101417148404e+00 3.095354899099e+00 -5.000000000000e-03
2.144978879538e+00 4.601851115662e+00 -5.000000000000e-03
2.103468892408e+00 8.730416423585e-01 -5.000000000000e-03
2.532636337810e+00 4.350303695108e-01 -5.000000000000e-03
2.835011731523e+00 5.795342422589e+00 -5.000000000000e-03
2.986921423536e+00 5.881910015040e+00 -5.000000000000e-03
1.102316302023e+00 4.995306019948e+00 -5.000000000000e-03
4.163564369168e-01 5.974436064443e+00 -5.000000000000e-03
2.282677446503e+00 5.658361742653e+00 -5.000000000000e-03
4.590966755968e+00 6.041730465408e+00 -5.000000000000e-03
2.209790493664e+00 4.229401393753e+00 -5.000000000000e-03
3.870170730226e+00 1.519568203578e+00 -5.000000000000e-03
1.683728424131e+00 3.867363340705e+00 -5.000000000000e-03
5.169822435115e+00 3.046722581024e+00 -5.000000000000e-03
2.224673043107e+00 5.311285524070e+00 -5.000000000000e-03
2.252833533357e+00 5.052092841044e+00 -5.000000000000e-03
2.522765373729e+00 2.648258248844e+00 -5.000000000000e-03
3.234134066853e+00 4.492428380222e+00 -5.000000000000e-03
2.332700708931e+00 4.377303855299e+00 -5.000000000000e-03
2.899081858314e+00 1.006415284690e+00 -5.000000000000e-03
3.099142683660e+00 1.238476212036e+00 -5.000000000000e-03
2.576367807094e+00 5.078654554345e+00 -5.000000000000e-03
3.154415576358e+00 5.516791127108e+00 -5.000000000000e-03
9.259902498589e-01 3.562640562172e+00 -5.000000000000e-03
1.294215353858e+00 3.864863778976e+00 -5.000000000000e-03
2.080313368224e+00 4.455421202410e+00 -5.000000000000e-03
2.189163435752e+00 6.671917978795e-01 -5.000000000000e-03
4.597133054416e+00 1.676518034965e+00 -5.000000000000e-03
1.852743235204e+00 6.146680862095e+00 -5.000000000000e-03
4.410384624714e-01 5.788268562616e+00 -5.000000000000e-03
1.065710124343e+00 4.190382441438e+00 -5.000000000000e-03
2.003368132431e+00 5.471382724182e+00 -5.000000000000e-03
1.026385816759e+00 5.792481181159e+00 -5.000000000000e-03
8.124010127410e-02 4.205806368406e+00 -5.000000000000e-03
2.086419327201e+00 2.983168191456e+00 -5.000000000000e-03
3.351222784795e+00 5.779900495232e+00 -5.000000000000e-03
2.458820643459e-01 1.245451215707e+00 -5.000000000000e-03
1.871183622622e+00 5.778559557437e+00 -5.000000000000e-03
1.731838398890e+00 4.105663075773e+00 -5.000000000000e-03
1.764553343257e+00 4.476010508699e+00 -5.000000000000e-03
3.448348534866e+00 4.563759663096e+00 -5.000000000000e-03
9.017385675016e-02 5.053951219724e+00 -5.000000000000e-03
2.363617583687e+00 2.206063439525e+00 -5.000000000000e-03
2.187033103688e+00 5.515097819079e+00 -5.000000000000e-03
2.936621269114e+00 2.379281359836e+00 -5.000000000000e-03
3.412948922230e+00 5.809953109700e+00 -5.000000000000e-03
5.013210334543e+00 5.339783438518e+00 -5.000000000000e-03
2.458833128633e+00 3.963330056092e+00 -5.000000000000e-03
2.257847909603e+00 5.421419287769e+00 -5.000000000000e-03
1.722891208189e+00 1.167278692298e+00 -5.000000000000e-03
3.166313343758e+00 4.658843126076e+00 -5.000000000000e-03
2.144680477796e+00 5.072390877043e+00 -5.000000000000e-03
4.702132076173e+00 5.022075321857e+00 -5.000000000000e-03
