2.440759013225e-01 4.460133659317e+00 5.000000000000e-03
4.709013553969e+00 4.614651727205e+00 5.000000000000e-03
3.433116161516e+00 2.709689956813e+00 5.000000000000e-03
3.276008274220e+00 1.068041839457e+00 5.000000000000e-03
4.800002669242e+00 5.303428238267e+00 5.000000000000e-03
1.584920049298e+00 3.241805065113e+00 5.000000000000e-03
3.897521207897e+00 4.541533774598e+00 5.000000000000e-03
1.426653381763e+00 1.630323582024e+00 5.000000000000e-03
2.690816285385e+00 3.631267792932e+00 5.000000000000e-03
4.479694211456e+00 4.530471631409e+00 5.000000000000e-03
1.867457157564e+00 2.119789089330e+00 5.000000000000e-03
2.990257608523e+00 4.725487038467e+00 5.000000000000e-03
5.907362795579e-02 1.763814324619e+00 5.000000000000e-03
1.902583066889e+00 2.977769154446e+00 5.000000000000e-03
4.187044481509e+00 2.285084031684e+00 5.000000000000e-03
2.292770153669e+00 4.888431917746e+00 5.000000000000e-03
1.315178026233e+00 2.679017622508e+00 5.000000000000e-03
3.979540524427e+00 5.533762093085e+00 5.000000000000e-03
2.859707885985e+00 4.660568564802e+00 5.000000000000e-03
2.125666184950e+00 3.105066642375e+00 5.000000000000e-03
2.106822454390e+00 1.754729524328e+00 5.000000000000e-03
2.179956469443e+00 3.625947230469e+00 5.000000000000e-03
6.214920732362e+00 4.247910604676e+00 5.000000000000e-03
3.963243311472e+00 3.155055778977e+00 5.000000000000e-03
5.221017572137e+00 2.948282368574e+00 5.000000000000e-03
3.432233073255e+00 5.470231387186e+00 5.000000000000e-03
5.349801181216e+00 5.324238693480e+00 5.000000000000e-03
2.898550329268e+00 5.067660154714e+00 5.000000000000e-03
5.197858787090e+00 4.062957111361e+00 5.000000000000e-03
4.424398461279e+00 1.921461384677e+00 5.000000000000e-03
5.221574420867e+00 3.063694620428e+00 5.000000000000e-03
1.847713494541e+00 3.198663651174e+00 5.000000000000e-03
1.818450388230e+00 4.250910251350e+00 5.000000000000e-03
1.893210381850e+00 3.598323650556e+00 5.000000000000e-03
4.456094830919e+00 2.216397179670e+00 5.000000000000e-03
9.133755229538e-01 1.828626505373e+00 5.000000000000e-03
3.872405276172e+00 2.579619626357e-01 5.000000000000e-03
4.758347421153e+00 1.419597982080e+00 5.000000000000e-03
2.987115507399e+00 5.722294454846e+00 5.000000000000e-03
6.800071234570e-01 4.549491942569e+00 5.000000000000e-03
4.059154021270e+00 4.234086814258e+00 5.000000000000e-03
2.246036471644e+00 2.281715306094e+00 5.000000000000e-03
3.305295808428e+00 2.481432333795e+00 5.000000000000e-03
2.540437408094e+00 1.797384484139e+00 5.000000000000e-03
2.152773200786e+00 2.092437388041e+00 5.000000000000e-03
2.281271804495e+00 5.863397303048e+00 5.000000000000e-03
4.165503316860e+00 2.338263924197e+00 5.000000000000e-03
2.103115601837e+00 3.562351422341e+00 5.000000000000e-03
3.859745085945e+00 1.758187243393e+00 5.000000000000e-03
1.689115214707e+00 3.900962274150e+00 5.000000000000e-03
8.043331064814e-01 4.564526308453e-01 5.000000000000e-03
1.802414916034e+00 2.790180903879e+00 5.000000000000e-03
2.242302434698e+00 2.994209090543e+00 5.000000000000e-03
3.068161283475e+00 5.219461868888e+00 5.000000000000e-03
1.983396048468e+00 2.994266423198e+00 5.000000000000e-03
3.493160711642e+00 2.517304056934e+00 5.000000000000e-03
1.822283825333e+00 3.516713261008e+00 5.000000000000e-03
4.637757789912e+00 2.656959697498e+00 5.000000000000e-03
4.209509463086e+00 3.194542987948e+00 5.000000000000e-03
8.290969747537e-01 6.572593515383e-01 5.000000000000e-03
4.382681777908e+00 4.340124347397e+00 5.000000000000e-03
4.695921197560e+00 2.504554876210e+00 5.000000000000e-03
1.951279665820e+00 3.023797571250e+00 5.000000000000e-03
2.667971064249e+00 5.741882987890e+00 5.000000000000e-03
3.651012262480e+00 6.243774916616e+00 5.000000000000e-03
2.399541416572e+00 3.003479711565e+00 5.000000000000e-03
2.496158098314e+00 2.551778607800e+00 5.000000000000e-03
5.436373282311e+00 1.995292890336e+00 5.000000000000e-03
1.958229106837e+00 3.069933232204e+00 5.000000000000e-03
1.044600156869e+00 3.095243647999e+00 5.000000000000e-03
4.238311844336e+00 2.038478869594e+00 5.000000000000e-03
1.609045953684e+00 2.044072227283e+00 5.000000000000e-03
3.099644716092e+00 2.279453503895e+00 5.000000000000e-03
4.028767245357e+00 3.684596355581e+00 5.000000000000e-03
5.015144938596e+00 3.906059086707e+00 5.000000000000e-03
4.530117427042e+00 2.226758886849e+00 5.000000000000e-03
1.932077584557e+00 2.965578346355e+00 5.000000000000e-03
3.699028339661e+00 3.755960846204e+00 5.000000000000e-03
1.283268715304e+00 4.087955575897e-02 5.000000000000e-03
2.207694963832e+00 5.306021560146e+00 5.000000000000e-03
2.131650816962e+00 4.386118363876e+00 5.000000000000e-03
3.115108052477e-01 4.383566629082e+00 5.000000000000e-03
1.442390985552e+00 3.435293611164e+00 5.000000000000e-03
2.985390088820e+00 4.648148006745e+00 5.000000000000e-03
1.973313216180e+00 3.048816865456e+00 5.000000000000e-03
2.292300253911e+00 1.577550454987e+00 5.000000000000e-03
3.356288594050e+00 1.931788166149e-01 5.000000000000e-03
4.194486456525e+00 5.931140901998e+00 5.000000000000e-03
5.371842477377e+00 3.671510207896e+00 5.000000000000e-03
3.035995749787e+00 5.061589585558e+00 5.000000000000e-03
3.621217747301e+00 4.793023971579e+00 5.000000000000e-03
2.022850725252e+00 3.021409055546e+00 5.000000000000e-03
2.983838731051e+00 4.767752781753e-01 5.000000000000e-03
1.916780336758e+00 3.044382099443e+00 5.000000000000e-03
4.730826980846e+00 1.129201338300e+00 5.000000000000e-03
1.030810044314e+00 2.998244483591e+00 5.000000000000e-03
3.014377046870e+00 3.110932639889e+00 5.000000000000e-03
6.128087535112e+00 3.872717289522e+00 5.000000000000e-03
5.379103707176e+00 4.257612837402e+00 5.000000000000e-03
2.034837772823e+00 2.988526562335e+00 5.000000000000e-03
3.865645584184e+00 6.060964602992e+00 -5.000000000000e-03
1.583130893517e+00 4.637329080588e+00 -5.000000000000e-03
7.272384214342e-01 5.753702789832e-02 -5.000000000000e-03
2.249341811137e-01 1.038556833439e+00 -5.000000000000e-03
4.066555040848e+00 1.974724908413e-01 -5.000000000000e-03
5.277556259273e-01 5.041328143100e+00 -5.000000000000e-03
8.265135098252e-01 5.769160919441e+00 -5.000000000000e-03
4.767715244738e+00 5.815724894662e+00 -5.000000000000e-03
9.772242370133e-03 6.096257105399e+00 -5.000000000000e-03
6.095050016785e+00 5.637599182756e-01 -5.000000000000e-03
5.967325259090e+00 5.684052707232e+00 -5.000000000000e-03
4.011263026241e+00 1.973412102604e+00 -5.000000000000e-03
3.914780995667e+00 4.515289769157e-02 -5.000000000000e-03
5.852091926491e+00 1.246399772097e+00 -5.000000000000e-03
3.589358357725e-01 5.723722935458e+00 -5.000000000000e-03
3.464667884569e-01 4.666611704049e+00 -5.000000000000e-03
5.981643628028e+00 6.281967384057e+00 -5.000000000000e-03
8.218915941448e-02 7.868165147217e-01 -5.000000000000e-03
3.563946058195e+00 4.178033415995e+00 -5.000000000000e-03
8.906410234127e-01 7.886089645593e-01 -5.000000000000e-03
9.956132650189e-01 6.189537223439e+00 -5.000000000000e-03
5.053401986685e+00 1.084975924643e+00 -5.000000000000e-03
6.105712923317e+00 3.939693503313e-01 -5.000000000000e-03
1.064212741395e+00 1.051387294241e+00 -5.000000000000e-03
1.922741141939e+00 1.258765654894e+00 -5.000000000000e-03
1.928386407892e+00 1.226058955252e+00 -5.000000000000e-03
6.203296304587e+00 8.247715991419e-01 -5.000000000000e-03
6.212927822527e+00 2.221789456197e-01 -5.000000000000e-03
4.310230370271e+00 4.132877901792e-01 -5.000000000000e-03
2.843557227882e+00 2.104467896738e+00 -5.000000000000e-03
3.616452747711e-01 5.984240305392e+00 -5.000000000000e-03
1.674221229833e-01 5.967704479053e+00 -5.000000000000e-03
6.196219801491e+00 2.706095096883e+00 -5.000000000000e-03
8.438656561168e-01 1.386453536064e-01 -5.000000000000e-03
4.656685567542e-01 8.926133161233e-01 -5.000000000000e-03
6.170619833071e+00 2.727826114368e+00 -5.000000000000e-03
5.885195473315e+00 3.256831236616e+00 -5.000000000000e-03
5.747386447270e+00 4.525786026599e+00 -5.000000000000e-03
6.200757819688e+00 1.528035553825e+00 -5.000000000000e-03
1.415711284002e+00 4.849603827170e+00 -5.000000000000e-03
5.766708129314e+00 3.353026872142e-01 -5.000000000000e-03
5.749889576283e+00 5.652139970820e-01 -5.000000000000e-03
4.995191212809e+00 5.687931873830e+00 -5.000000000000e-03
3.469623079853e+00 1.049822473342e-01 -5.000000000000e-03
5.966588132211e+00 2.754481826102e+00 -5.000000000000e-03
1.773977608362e+00 1.431753603909e+00 -5.000000000000e-03
5.157739986215e-01 3.901382223617e+00 -5.000000000000e-03
3.210493214322e-01 7.206018086570e-01 -5.000000000000e-03
5.617841969443e+00 6.093027169828e+00 -5.000000000000e-03
6.252422669009e+00 2.139586595415e+00 -5.000000000000e-03
5.633872645805e+00 5.735118480118e+00 -5.000000000000e-03
4.530394138353e+00 5.598600509246e+00 -5.000000000000e-03
5.268655325477e-01 9.506436589110e-01 -5.000000000000e-03
6.191166768388e+00 8.050900687622e-03 -5.000000000000e-03
1.683496703477e+00 6.033885981783e+00 -5.000000000000e-03
3.066956374725e+00 1.804722326158e+00 -5.000000000000e-03
4.804257458426e+00 1.797327778862e+00 -5.000000000000e-03
4.955555761338e+00 2.481162463167e+00 -5.000000000000e-03
3.168696981467e-01 7.703257945064e-01 -5.000000000000e-03
4.869175608383e+00 2.288134364381e+00 -5.000000000000e-03
4.261345272412e+00 3.404489450446e-01 -5.000000000000e-03
2.389270368072e+00 3.995076743671e+00 -5.000000000000e-03
5.971080702442e+00 2.800677448366e+00 -5.000000000000e-03
6.248030848612e+00 8.078701728418e-01 -5.000000000000e-03
1.706633389504e+00 6.077909192614e+00 -5.000000000000e-03
1.393696203770e-01 5.875843724705e+00 -5.000000000000e-03
2.922811356743e+00 6.274083854252e+00 -5.000000000000e-03
5.995370529888e+00 2.127446589196e-01 -5.000000000000e-03
3.799883201274e-01 1.324834085315e-03 -5.000000000000e-03
5.168711523882e+00 5.830134043665e+00 -5.000000000000e-03
1.919964574562e+00 4.841991626151e+00 -5.000000000000e-03
5.760093060812e+00 5.471656723626e-01 -5.000000000000e-03
6.110402699229e+00 3.012700741528e+00 -5.000000000000e-03
3.719354262111e-01 6.276946318706e+00 -5.000000000000e-03
4.579598325866e-01 4.632071752300e+00 -5.000000000000e-03
2.340050350296e+00 3.964323592308e+00 -5.000000000000e-03
4.273062201694e+00 3.909691242412e-01 -5.000000000000e-03
2.020100665625e+00 5.886058988561e-01 -5.000000000000e-03
5.906309131632e+00 1.508224832846e-01 -5.000000000000e-03
4.247542540566e+00 4.325693760676e-01 -5.000000000000e-03
5.711422991051e+00 4.582934965012e-01 -5.000000000000e-03
1.251134873974e-01 8.786084869358e-01 -5.000000000000e-03
1.150012973814e+00 1.284246695551e+00 -5.000000000000e-03
5.586860676370e+00 5.736421519912e-01 -5.000000000000e-03
5.027815234958e+00 4.098236660522e-01 -5.000000000000e-03
6.104478961501e+00 2.556448157249e+00 -5.000000000000e-03
6.079738687131e+00 1.055414673589e+00 -5.000000000000e-03
5.488011282222e+00 6.094858698477e+00 -5.000000000000e-03
5.639247926739e+00 4.531967692782e+00 -5.000000000000e-03
6.131367397646e+00 2.160003281987e+00 -5.000000000000e-03
7.607553069631e-01 5.703039344728e+00 -5.000000000000e-03
5.647394559612e+00 6.786105305777e-02 -5.000000000000e-03
1.034088823708e+00 1.348752230078e+00 -5.000000000000e-03
5.486429111432e+00 9.579257101777e-02 -5.000000000000e-03
1.116064792035e+00 2.000399251331e+00 -5.000000000000e-03
6.038141447798e+00 5.658450287147e-01 -5.000000000000e-03
2.851784061610e+00 5.256759838808e+00 -5.000000000000e-03
4.081895846532e-02 6.020839922604e+00 -5.000000000000e-03
5.715869562210e+00 4.462894253645e+00 -5.000000000000e-03
5.036781833974e-01 5.452054763462e+00 -5.000000000000e-03
