6.134533624864e-01 1.391968511614e-01 5.000000000000e-03
3.091238080660e+00 5.945076292513e+00 5.000000000000e-03
5.332448090876e+00 1.986373552102e+00 5.000000000000e-03
2.495555988990e+00 4.037173735638e+00 5.000000000000e-03
1.740718420556e+00 4.962682514906e+00 5.000000000000e-03
2.070182625334e+00 1.811284569610e+00 5.000000000000e-03
4.640103930502e+00 4.692411676344e+00 5.000000000000e-03
5.235532248467e+00 4.348605011180e+00 5.000000000000e-03
3.308709440469e+00 4.687972526580e+00 5.000000000000e-03
3.976743143191e+00 1.788009340184e+00 5.000000000000e-03
1.875485283475e+00 1.102447040368e-01 5.000000000000e-03
3.297004074309e+00 6.996787250735e-01 5.000000000000e-03
4.579264604101e+00 1.157566613832e+00 5.000000000000e-03
4.305130126719e+00 2.782891127649e+00 5.000000000000e-03
5.390548991899e+00 6.106740982985e+00 5.000000000000e-03
2.994939181715e+00 4.965769637351e+00 5.000000000000e-03
4.041197030605e+00 6.023058909183e+00 5.000000000000e-03
2.570882453487e+00 5.657969298911e+00 5.000000000000e-03
4.652272384887e+00 2.103518165375e+00 5.000000000000e-03
3.754051156593e+00 4.778853828320e-01 5.000000000000e-03
3.020547440828e+00 5.325488118866e-01 5.000000000000e-03
3.863126064755e+00 6.035544685027e+00 5.000000000000e-03
1.404153000548e+00 5.977474787676e+00 5.000000000000e-03
5.752835560110e+00 4.264263025382e+00 5.000000000000e-03
3.108935935525e+00 4.871926251437e+00 5.000000000000e-03
5.947620996824e+00 4.743902961695e-01 5.000000000000e-03
4.372841136405e+00 2.187777543748e+00 5.000000000000e-03
5.545538644974e+00 1.062096182632e+00 5.000000000000e-03
3.474939700151e+00 6.897769305356e-01 5.000000000000e-03
2.021877726486e+00 5.234910966766e+00 5.000000000000e-03
4.913899097365e-01 5.217825735826e+00 5.000000000000e-03
3.599696069865e+00 2.913383978432e-01 5.000000000000e-03
3.924622612991e+00 2.313399428339e+00 5.000000000000e-03
2.861561042284e+00 1.312445216548e+00 5.000000000000e-03
4.232735262380e+00 1.485028375427e+00 5.000000000000e-03
2.095393896173e+00 1.805552582197e+00 5.000000000000e-03
2.815855685031e+00 5.647029194852e+00 5.000000000000e-03
4.526934922329e+00 1.980222478048e+00 5.000000000000e-03
2.685744475718e+00 5.567711923827e+00 5.000000000000e-03
2.709979110004e+00 8.519203894497e-01 5.000000000000e-03
4.392938035177e+00 2.632233494806e+00 5.000000000000e-03
2.022863355834e+00 2.010379284779e-01 5.000000000000e-03
5.216384774335e+00 3.197150719125e+00 5.000000000000e-03
3.743999001388e+00 2.622175546862e+00 5.000000000000e-03
3.016098048008e+00 5.134993937225e-01 5.000000000000e-03
9.159013434200e-01 3.029408026038e+00 5.000000000000e-03
1.925609218919e+00 4.529359407497e+00 5.000000000000e-03
3.926986098433e+00 1.150624639202e+00 5.000000000000e-03
2.838104042284e+00 4.538633065308e+00 5.000000000000e-03
3.470289852658e+00 5.512473620398e+00 5.000000000000e-03
3.817590868343e+00 5.962668757499e+00 5.000000000000e-03
3.498548495989e+00 2.493634012533e-01 5.000000000000e-03
3.481521823171e+00 2.295990097524e+00 5.000000000000e-03
2.815442321045e-01 5.517788709295e+00 5.000000000000e-03
5.915689623251e+00 6.720621995612e-01 5.000000000000e-03
3.361639174327e+00 4.377648626899e+00 5.000000000000e-03
4.658836633173e+00 5.421472567297e+00 5.000000000000e-03
1.461993638385e+00 3.953474686281e+00 5.000000000000e-03
2.934302938343e+00 5.661069977926e+00 5.000000000000e-03
2.162211388429e+00 2.334685856390e+00 5.000000000000e-03
3.249136065411e+00 5.262378825831e+00 5.000000000000e-03
3.032756253038e+00 4.255403779395e+00 5.000000000000e-03
2.388797826215e+00 5.326848902865e+00 5.000000000000e-03
2.161904742685e+00 5.100983970385e+00 5.000000000000e-03
2.054886860266e+00 5.767128375197e+00 5.000000000000e-03
5.313716093723e+00 6.187713569713e+00 5.000000000000e-03
1.789113715068e-01 2.121503269846e-01 5.000000000000e-03
3.716855173791e+00 1.616160977130e+00 5.000000000000e-03
3.344676703982e+00 1.826342303984e+00 5.000000000000e-03
3.081886269912e+00 4.841907711063e+00 5.000000000000e-03
2.678933872409e+00 8.635352321683e-01 5.000000000000e-03
7.495849671815e-01 4.315390113015e+00 5.000000000000e-03
2.859163647593e+00 5.651032061075e+00 5.000000000000e-03
2.557920497797e+00 5.689431744477e+00 5.000000000000e-03
5.757411501716e+00 2.014147564040e+00 5.000000000000e-03
2.496451845490e+00 5.495538553071e+00 5.000000000000e-03
4.670252219099e+00 1.222481055833e+00 5.000000000000e-03
3.361258903335e+00 6.015814445738e+00 5.000000000000e-03
3.327536352167e+00 1.586246796182e+00 5.000000000000e-03
2.726738722107e+00 1.647085361693e-02 5.000000000000e-03
1.621106951010e+00 3.936876015283e+00 5.000000000000e-03
3.752897730342e+00 4.924435384465e+00 5.000000000000e-03
3.466974627162e+00 3.457166570024e-01 5.000000000000e-03
2.389943204147e+00 8.878787195691e-01 5.000000000000e-03
4.521920113593e+00 5.497488604193e+00 5.000000000000e-03
2.870286710076e+00 8.168193866682e-02 5.000000000000e-03
2.598785300765e+00 5.073423229528e+00 5.000000000000e-03
5.836982926082e+00 4.380125435448e+00 5.000000000000e-03
4.563345514524e+00 1.672916297279e+00 5.000000000000e-03
4.580329988554e+00 2.815945238715e+00 5.000000000000e-03
5.735866463704e+00 3.639995144525e+00 5.000000000000e-03
3.929973882347e+00 3.673637388351e-01 5.000000000000e-03
3.694389536972e+00 5.267111883421e+00 5.000000000000e-03
4.226194482761e+00 6.250029968778e+00 5.000000000000e-03
2.590464126899e+00 2.522254839479e+00 5.000000000000e-03
4.660686612940e+00 1.153714013417e+00 5.000000000000e-03
2.600730724113e+00 5.971617011988e+00 5.000000000000e-03
5.221825698451e+00 4.235983681184e+00 5.000000000000e-03
2.630317410734e+00 2.038893263001e+00 5.000000000000e-03
1.423092806131e+00 1.262628748281e-01 5.000000000000e-03
1.539329732718e+00 2.559882767175e+00 -5.000000000000e-03
7.671942627125e-01 1.855800459020e+00 -5.000000000000e-03
6.112191738983e-01 2.426587367703e+00 -5.000000000000e-03
1.186504068973e+00 5.299304810336e+00 -5.000000000000e-03
6.128240658929e-01 6.275240956489e+00 -5.000000000000e-03
2.099741415204e+00 3.605682793843e+00 -5.000000000000e-03
6.106958686460e+00 1.886752250394e+00 -5.000000000000e-03
3.118107574003e-01 5.322808148079e+00 -5.000000000000e-03
3.419222783179e+00 2.064465068545e+00 -5.000000000000e-03
4.702099903035e+00 4.065230029925e+00 -5.000000000000e-03
6.237778548685e+00 2.006747230360e+00 -5.000000000000e-03
4.861480666320e+00 2.959083095819e+00 -5.000000000000e-03
5.447635033895e+00 5.147483696772e-01 -5.000000000000e-03
5.139133299060e+00 1.859114528211e+00 -5.000000000000e-03
4.272234562654e-01 2.000757966555e+00 -5.000000000000e-03
4.444258264734e+00 4.217872133569e+00 -5.000000000000e-03
5.778861511110e+00 1.016586002827e+00 -5.000000000000e-03
2.227589063074e+00 3.409487063889e+00 -5.000000000000e-03
2.453561988559e+00 4.543040315520e+00 -5.000000000000e-03
4.147378134009e-01 2.220792336136e+00 -5.000000000000e-03
5.732349260309e+00 5.349665554637e+00 -5.000000000000e-03
6.225287565802e-01 4.571817898768e+00 -5.000000000000e-03
4.651002551907e+00 1.383293120607e-01 -5.000000000000e-03
5.072605460539e-01 2.746099911605e+00 -5.000000000000e-03
4.018286181879e+00 3.503997149011e+00 -5.000000000000e-03
5.504526235842e+00 4.436636307423e+00 -5.000000000000e-03
2.630894741250e-01 4.469931828838e+00 -5.000000000000e-03
5.636203241630e+00 4.041724501341e+00 -5.000000000000e-03
2.291336164775e+00 1.127258141128e+00 -5.000000000000e-03
4.124393954121e+00 1.188779175030e+00 -5.000000000000e-03
3.364396983046e+00 3.876414367648e+00 -5.000000000000e-03
1.012073473994e+00 4.904057701982e+00 -5.000000000000e-03
4.691051785844e-01 3.643690066124e+00 -5.000000000000e-03
5.543271144145e+00 1.868049103209e+00 -5.000000000000e-03
3.366351626704e+00 2.882592292801e+00 -5.000000000000e-03
5.769612499195e-01 1.607786210677e+00 -5.000000000000e-03
4.805208159123e+00 2.684675743711e+00 -5.000000000000e-03
5.917753592605e+00 2.250881454279e+00 -5.000000000000e-03
5.862823851518e-01 2.108047251781e+00 -5.000000000000e-03
5.972949097931e+00 5.272209655186e+00 -5.000000000000e-03
4.124116303734e-01 2.514346908592e+00 -5.000000000000e-03
1.695703121105e+00 7.397750122274e-01 -5.000000000000e-03
4.799611982006e+00 3.010844900355e+00 -5.000000000000e-03
3.311047833255e-01 2.460257204718e+00 -5.000000000000e-03
4.258416234586e+00 2.048356505314e+00 -5.000000000000e-03
4.253008350676e+00 3.768397311486e+00 -5.000000000000e-03
3.332800191563e+00 5.371400188487e+00 -5.000000000000e-03
2.180546310439e+00 2.601970428635e+00 -5.000000000000e-03
2.847297029396e+00 4.848518610430e+00 -5.000000000000e-03
3.562201143723e+00 2.731795220708e+00 -5.000000000000e-03
8.117962039879e-01 3.466727819366e+00 -5.000000000000e-03
6.001983124398e+00 3.365224076037e+00 -5.000000000000e-03
6.067013165168e+00 3.124422656894e+00 -5.000000000000e-03
1.831547702762e+00 2.634691089222e+00 -5.000000000000e-03
5.030296215779e-01 4.109678078172e+00 -5.000000000000e-03
8.985174736599e-01 4.993953504570e+00 -5.000000000000e-03
2.012457519313e+00 7.120832288468e-01 -5.000000000000e-03
4.320343255420e-01 2.683902893943e+00 -5.000000000000e-03
5.744948501635e-01 2.286355748493e+00 -5.000000000000e-03
1.065663459831e-01 2.267395622494e+00 -5.000000000000e-03
5.561226371458e-01 3.169363068651e+00 -5.000000000000e-03
6.127789928475e+00 2.152545823322e+00 -5.000000000000e-03
9.019778281508e-01 1.339046761544e+00 -5.000000000000e-03
2.802546192119e+00 1.190516225716e+00 -5.000000000000e-03
5.340735919101e+00 3.037297900902e+00 -5.000000000000e-03
6.153129900137e-01 2.774117422004e+00 -5.000000000000e-03
2.366555452951e+00 1.208277120681e+00 -5.000000000000e-03
3.283129687768e-01 4.581748198389e+00 -5.000000000000e-03
4.678375979654e-01 4.958518771620e+00 -5.000000000000e-03
1.203522225260e+00 2.452575553156e+00 -5.000000000000e-03
4.181789798381e+00 1.141622580120e+00 -5.000000000000e-03
5.121146241852e+00 3.496761288387e+00 -5.000000000000e-03
7.081802967037e-01 4.538595268599e+00 -5.000000000000e-03
2.624540769256e+00 3.595805524563e+00 -5.000000000000e-03
2.277061942922e+00 3.473596576550e+00 -5.000000000000e-03
5.211163293589e+00 3.070068213085e+00 -5.000000000000e-03
1.077841976497e+00 3.219642264859e+00 -5.000000000000e-03
3.545859099718e+00 4.605379940599e+00 -5.000000000000e-03
2.186050799144e+00 4.371600638237e+00 -5.000000000000e-03
2.873568902895e+00 2.906773547748e+00 -5.000000000000e-03
9.952756181346e-01 1.310888594740e+00 -5.000000000000e-03
4.620444596005e+00 3.969330464831e+00 -5.000000000000e-03
5.932305601644e+00 2.455621593259e+00 -5.000000000000e-03
6.447527493199e-01 2.409546481954e+00 -5.000000000000e-03
6.762002905458e-01 1.097381487742e+00 -5.000000000000e-03
2.041111861976e+00 1.420710497645e+00 -5.000000000000e-03
4.030762119608e+00 2.490508714421e+00 -5.000000000000e-03
5.770294100678e+00 6.094229677498e+00 -5.000000000000e-03
8.603679992237e-02 2.676973190299e+00 -5.000000000000e-03
7.590167846719e-01 3.298863657538e+00 -5.000000000000e-03
5.721709007943e+00 4.047644064920e+00 -5.000000000000e-03
1.834005264529e+00 9.674695926506e-01 -5.000000000000e-03
1.647706777756e+00 2.584268524753e-01 -5.000000000000e-03
5.801578707715e+00 1.904004148683e+00 -5.000000000000e-03
2.639051588088e+00 3.053332604997e+00 -5.000000000000e-03
8.999635524992e-02 2.716910066781e+00 -5.000000000000e-03
4.642946622420e+00 1.446888077440e-01 -5.000000000000e-03
6.106214507729e-01 4.400075678824e+00 -5.000000000000e-03
1.016447653136e+00 3.581639589962e+00 -5.000000000000e-03
1.624408285607e+00 1.794369600820e+00 -5.000000000000e-03
