3.468540951688e+00 2.703559442986e+00 5.000000000000e-03
3.017017323016e+00 4.371294898003e+00 5.000000000000e-03
3.099508569903e+00 3.618186016150e+00 5.000000000000e-03
2.204475462426e+00 4.089542883308e+00 5.000000000000e-03
4.171705991570e+00 1.892537868918e+00 5.000000000000e-03
3.675740635978e+00 2.671534635698e+00 5.000000000000e-03
1.459134734776e+00 1.376231768236e+00 5.000000000000e-03
4.130158916501e+00 2.432145472002e+00 5.000000000000e-03
1.339576095737e+00 3.065249824291e+00 5.000000000000e-03
2.339576716328e+00 2.502853505602e+00 5.000000000000e-03
4.742680448162e+00 3.364363477369e+00 5.000000000000e-03
2.211364838574e+00 1.400292953436e+00 5.000000000000e-03
4.680811971233e+00 2.340028055567e+00 5.000000000000e-03
2.242620755127e+00 1.366550626594e+00 5.000000000000e-03
2.617450475976e+00 2.719025957345e+00 5.000000000000e-03
4.479541943347e+00 1.599171408912e+00 5.000000000000e-03
3.647822096280e+00 2.454906502070e+00 5.000000000000e-03
1.134793755640e+00 4.943645309182e-01 5.000000000000e-03
1.426779678408e-02 4.927004967903e+00 5.000000000000e-03
2.334049150633e+00 1.611768322641e+00 5.000000000000e-03
1.430461622782e+00 1.501399874074e+00 5.000000000000e-03
5.179996471378e+00 5.366128501638e+00 5.000000000000e-03
7.647191570073e-01 3.702162917156e+00 5.000000000000e-03
1.922444876758e+00 3.947385708224e-01 5.000000000000e-03
3.446630198172e+00 5.792541243275e+00 5.000000000000e-03
3.295686043737e+00 7.761048311451e-01 5.000000000000e-03
4.356901957753e+00 1.144437318305e+00 5.000000000000e-03
1.133150212931e+00 3.317540131200e+00 5.000000000000e-03
2.064446081310e+00 4.487431631832e-01 5.000000000000e-03
1.910740867391e+00 1.567688807636e-01 5.000000000000e-03
2.911280484200e+00 1.883769593968e-01 5.000000000000e-03
1.323755076071e+00 1.121757662755e+00 5.000000000000e-03
3.781010258942e+00 1.195752658125e+00 5.000000000000e-03
2.212603087244e+00 4.798700472717e+00 5.000000000000e-03
2.081777278556e+00 1.292824533174e+00 5.000000000000e-03
3.046658684231e+00 4.863713601953e-01 5.000000000000e-03
2.370674024994e+00 1.709823215682e+00 5.000000000000e-03
4.632422922043e+00 1.767248040248e+00 5.000000000000e-03
3.297358172740e+00 1.165127410084e+00 5.000000000000e-03
5.328094389268e+00 7.828139235807e-01 5.000000000000e-03
3.481017250534e+00 5.422329060042e-02 5.000000000000e-03
1.336193150721e+00 2.845402087632e+00 5.000000000000e-03
2.712161405606e+00 3.297742284711e+00 5.000000000000e-03
1.540251552771e+00 5.661351931042e+00 5.000000000000e-03
2.523690749513e+00 7.939506547491e-01 5.000000000000e-03
4.799203618800e+00 5.991836547985e+00 5.000000000000e-03
2.674819625298e+00 2.719732357420e+00 5.000000000000e-03
2.010279616432e+00 5.412578880312e+00 5.000000000000e-03
2.117558597767e+00 4.894680247599e+00 5.000000000000e-03
3.396746757769e+00 4.220505531381e+00 5.000000000000e-03
4.231149505205e+00 1.643192714629e+00 5.000000000000e-03
1.471433760927e+00 3.657765954227e+00 5.000000000000e-03
2.120667237005e+00 1.309240332141e+00 5.000000000000e-03
2.031752056818e+00 2.625199321384e+00 5.000000000000e-03
3.416905731252e+00 3.827879205383e+00 5.000000000000e-03
2.446434502363e+00 1.115229819583e+00 5.000000000000e-03
1.546233682433e+00 2.810210778000e+00 5.000000000000e-03
2.059352253380e+00 8.130337228175e-01 5.000000000000e-03
3.158947785159e+00 2.206087600865e+00 5.000000000000e-03
3.922474079768e+00 3.159536326771e+00 5.000000000000e-03
4.331289058473e-01 2.509839294001e+00 5.000000000000e-03
2.306892717314e+00 2.712457866025e+00 5.000000000000e-03
2.250604167772e+00 1.644463970298e+00 5.000000000000e-03
2.129856666943e+00 1.343227040728e+00 5.000000000000e-03
4.203575490612e+00 6.836316373070e-01 5.000000000000e-03
4.817126576356e+00 2.191220517896e+00 5.000000000000e-03
3.781290677215e+00 2.225831792413e+00 5.000000000000e-03
3.258627038804e+00 1.382321770285e+00 5.000000000000e-03
2.119560319825e+00 4.153082370317e+00 5.000000000000e-03
1.822372983516e+00 6.107346484274e+00 5.000000000000e-03
2.135294175968e+00 1.446077210539e+00 5.000000000000e-03
2.314950781187e+00 1.429379948388e+00 5.000000000000e-03
2.103175525839e+00 7.097834075567e-02 5.000000000000e-03
4.662856171502e+00 4.840002120124e+00 5.000000000000e-03
2.357309770271e+00 1.724992774041e+00 5.000000000000e-03
1.728783388801e+00 3.346519607278e+00 5.000000000000e-03
2.454807489154e+00 1.610902068714e+00 5.000000000000e-03
2.199898918563e+00 4.630406164843e+00 5.000000000000e-03
1.678583732817e+00 1.677735934788e+00 5.000000000000e-03
5.366654115124e+00 3.323555671888e+00 5.000000000000e-03
2.506433711566e+00 1.787963659870e+00 5.000000000000e-03
3.900530195765e+00 3.916327189074e+00 5.000000000000e-03
5.991277085872e+00 3.415595687938e+00 5.000000000000e-03
2.386616533744e+00 3.026751350053e-02 5.000000000000e-03
2.995508698780e+00 1.933580196969e+00 5.000000000000e-03
2.318752839851e+00 3.865893871037e+00 5.000000000000e-03
5.037877181967e+00 4.317284545339e+00 5.000000000000e-03
1.585083895043e+00 2.886947280500e+00 5.000000000000e-03
3.200106821301e+00 2.224211740869e+00 5.000000000000e-03
3.246957422426e+00 2.126160865099e+00 5.000000000000e-03
1.185426025561e+00 2.780931260749e+00 5.000000000000e-03
2.234132576928e+00 1.612294048907e+00 5.000000000000e-03
2.554403357171e+00 6.270118039721e+00 5.000000000000e-03
3.283360805368e+00 4.794650483202e+00 5.000000000000e-03
2.837187943425e+00 2.707927357893e+00 5.000000000000e-03
2.060856957969e+00 4.967824636889e+00 5.000000000000e-03
1.233285775523e+00 2.931198506098e-01 5.000000000000e-03
4.284468093854e+00 3.308529084870e+00 5.000000000000e-03
2.978355255166e+00 2.252928102973e+00 5.000000000000e-03
2.113181786660e+00 1.340579510586e+00 5.000000000000e-03
5.527386150705e+00 2.913220183907e+00 -5.000000000000e-03
5.978895242758e+00 5.570018008258e+00 -5.000000000000e-03
5.988773997318e+00 4.960775050198e+00 -5.000000000000e-03
9.115179388951e-01 4.664681156617e-01 -5.000000000000e-03
4.637871326390e+00 6.021289057456e-01 -5.000000000000e-03
6.275769595148e+00 1.399909404558e+00 -5.000000000000e-03
5.694571982020e+00 4.892239598066e+00 -5.000000000000e-03
3.446619402924e+00 2.700579607399e-01 -5.000000000000e-03
6.015202449767e-01 4.306131687521e+00 -5.000000000000e-03
6.101358585295e+00 4.269579922036e+00 -5.000000000000e-03
3.253557951718e-01 6.099833195098e+00 -5.000000000000e-03
6.278168964322e+00 5.699622493379e-01 -5.000000000000e-03
6.266898580468e+00 3.899778106144e+00 -5.000000000000e-03
2.716744201802e+00 4.754653784894e+00 -5.000000000000e-03
2.594983206434e+00 5.454420614171e+00 -5.000000000000e-03
3.996406198766e+00 5.878849174826e+00 -5.000000000000e-03
6.179659036835e+00 2.372037905512e+00 -5.000000000000e-03
1.141352780834e-02 3.825907114923e+00 -5.000000000000e-03
5.316637122776e+00 2.964948826081e-01 -5.000000000000e-03
5.972701978049e+00 3.703565102723e-01 -5.000000000000e-03
5.513196685368e+00 1.716971056450e+00 -5.000000000000e-03
4.754705794588e+00 2.766321104388e+00 -5.000000000000e-03
4.574285891419e+00 5.428424570631e+00 -5.000000000000e-03
1.520896661203e+00 6.030245185648e+00 -5.000000000000e-03
1.000438654667e+00 4.469775407229e+00 -5.000000000000e-03
3.769051834584e+00 1.590736659451e+00 -5.000000000000e-03
5.894834088199e+00 2.346618149590e+00 -5.000000000000e-03
5.533536649516e+00 4.224142546265e-01 -5.000000000000e-03
5.969320924648e+00 3.116019647572e+00 -5.000000000000e-03
5.048279770835e+00 3.825400149562e-01 -5.000000000000e-03
1.068175141566e+00 1.385392673007e+00 -5.000000000000e-03
5.491849163434e+00 2.540440859476e-01 -5.000000000000e-03
5.912436136235e+00 2.823601200585e-01 -5.000000000000e-03
6.096574219642e+00 6.221375211210e+00 -5.000000000000e-03
5.774566466929e+00 2.030495411384e+00 -5.000000000000e-03
5.850042795165e+00 6.896656432888e-01 -5.000000000000e-03
5.805965239834e+00 7.736044664800e-01 -5.000000000000e-03
5.652623730294e+00 1.872790421532e+00 -5.000000000000e-03
2.731733292234e+00 4.382654661496e+00 -5.000000000000e-03
5.888969852843e+00 5.145637406164e+00 -5.000000000000e-03
4.920417249491e+00 7.520673409373e-01 -5.000000000000e-03
5.947252741134e+00 5.745502664658e+00 -5.000000000000e-03
4.907235123980e+00 6.160500904306e-01 -5.000000000000e-03
5.992867434943e+00 5.029229059812e+00 -5.000000000000e-03
1.814998807019e+00 4.097268417176e+00 -5.000000000000e-03
2.706907354928e-01 3.795931915654e+00 -5.000000000000e-03
4.336107549664e+00 5.708076062964e+00 -5.000000000000e-03
4.005722876854e-02 5.820000511950e+00 -5.000000000000e-03
5.534267622625e+00 3.097464154618e-01 -5.000000000000e-03
1.266350374924e+00 1.434070805309e+00 -5.000000000000e-03
1.500737667812e+00 4.390175282349e-01 -5.000000000000e-03
5.419873642025e+00 6.282154432864e+00 -5.000000000000e-03
5.476665360383e+00 1.153184217249e+00 -5.000000000000e-03
5.813697030776e+00 7.285145940843e-01 -5.000000000000e-03
5.689421196403e+00 5.371136248395e+00 -5.000000000000e-03
9.796290129093e-01 4.802193536791e+00 -5.000000000000e-03
4.373202333774e+00 4.306444901898e+00 -5.000000000000e-03
5.756988638914e+00 1.176521583626e+00 -5.000000000000e-03
5.746404730261e+00 7.652473159837e-01 -5.000000000000e-03
5.583973633185e+00 1.512796377243e-01 -5.000000000000e-03
9.929407556229e-01 5.734638869729e+00 -5.000000000000e-03
2.432797072930e+00 2.733971835776e+00 -5.000000000000e-03
6.001249385490e+00 4.318293791747e+00 -5.000000000000e-03
6.031967652214e+00 4.728192495460e-01 -5.000000000000e-03
5.067888735762e+00 8.485828203833e-01 -5.000000000000e-03
4.795340353065e+00 3.886873811308e-01 -5.000000000000e-03
5.644245712950e+00 6.027707214979e+00 -5.000000000000e-03
6.258227050821e+00 5.729628706242e+00 -5.000000000000e-03
5.930870987875e+00 5.938062360139e-01 -5.000000000000e-03
4.179136921847e+00 2.183904072409e-01 -5.000000000000e-03
5.618210290099e+00 4.874108493862e-01 -5.000000000000e-03
5.939955424710e+00 5.764981431872e+00 -5.000000000000e-03
3.768207545648e+00 3.530359253265e+00 -5.000000000000e-03
5.920157556126e+00 5.966228106938e-01 -5.000000000000e-03
6.076981224642e+00 5.829494781541e+00 -5.000000000000e-03
5.297249886918e+00 2.548609037768e-01 -5.000000000000e-03
6.397577107511e-01 8.748531159310e-01 -5.000000000000e-03
3.663420435344e-01 5.974397455919e-01 -5.000000000000e-03
6.496565954075e-01 4.150948165166e-01 -5.000000000000e-03
4.467139162595e+00 4.661599030341e-01 -5.000000000000e-03
6.118243132256e+00 1.859596127836e+00 -5.000000000000e-03
3.996454393158e+00 5.255150519063e+00 -5.000000000000e-03
7.205722180190e-01 5.156033675337e+00 -5.000000000000e-03
6.078577101462e+00 1.749600984539e-01 -5.000000000000e-03
2.000316413897e-01 5.986652680343e+00 -5.000000000000e-03
2.373630489865e+00 5.421794955296e+00 -5.000000000000e-03
4.829113776116e+00 7.048351683812e-01 -5.000000000000e-03
5.645740779601e+00 4.723985423042e+00 -5.000000000000e-03
4.113374503232e-01 4.361682824545e+00 -5.000000000000e-03
3.592163195849e+00 5.446822474400e+00 -5.000000000000e-03
2.936055755197e+00 7.603485305904e-01 -5.000000000000e-03
7.635386400560e-01 6.213750519360e-01 -5.000000000000e-03
5.616410295280e-01 1.393832803490e+00 -5.000000000000e-03
1.126636208884e+00 4.243762906381e+00 -5.000000000000e-03
6.206455417869e+00 3.340747295678e+00 -5.000000000000e-03
1.803613106824e-01 6.218699147778e+00 -5.000000000000e-03
4.522873229506e+00 4.730589706837e-01 -5.000000000000e-03
9.101270345760e-01 1.099969224435e-01 -5.000000000000e-03
5.379031120985e+00 6.087267992184e+00 -5.000000000000e-03
6.259072821357e+00 5.403089589319e-01 -5.000000000000e-03
