3.028749816091e+00 5.139072078225e+00 5.000000000000e-03
7.952585136045e-01 1.564634612160e+00 5.000000000000e-03
6.027025326917e+00 5.034343632833e+00 5.000000000000e-03
4.198548238877e-01 2.131656707041e+00 5.000000000000e-03
6.055131008745e+00 9.009544671929e-01 5.000000000000e-03
3.381885599798e+00 6.868654593048e-01 5.000000000000e-03
6.074009634729e+00 2.612401245500e+00 5.000000000000e-03
5.878430497401e+00 3.963899979316e+00 5.000000000000e-03
2.455460836565e+00 2.967516028248e+00 5.000000000000e-03
1.748866879417e+00 9.919676267851e-01 5.000000000000e-03
5.335451974384e+00 4.028673095894e+00 5.000000000000e-03
3.152793110542e+00 4.787737225394e+00 5.000000000000e-03
2.294463804080e+00 4.017119769865e+00 5.000000000000e-03
2.854870773337e-01 4.140731614057e+00 5.000000000000e-03
5.283281513661e+00 3.607795205663e+00 5.000000000000e-03
5.344843740487e+00 4.997805430979e+00 5.000000000000e-03
4.192288882089e+00 2.846990383322e+00 5.000000000000e-03
3.121458328467e+00 2.610200383505e+00 5.000000000000e-03
2.573368187939e+00 5.352429350911e+00 5.000000000000e-03
6.154254603849e+00 1.783877492520e+00 5.000000000000e-03
5.085507161279e+00 3.485583523161e+00 5.000000000000e-03
6.180461959135e+00 4.966195002584e+00 5.000000000000e-03
6.201351512836e+00 5.058782074396e+00 5.000000000000e-03
4.097877598566e+00 2.950080627133e+00 5.000000000000e-03
2.011439874500e+00 3.291544134733e+00 5.000000000000e-03
2.458240047020e+00 1.175521335491e+00 5.000000000000e-03
4.077955473551e-01 2.278475443284e+00 5.000000000000e-03
3.706884031551e+00 6.424282344429e-01 5.000000000000e-03
4.123844259989e+00 4.594545226544e+00 5.000000000000e-03
3.641629374446e+00 3.032961683397e+00 5.000000000000e-03
9.995279337559e-01 1.669942013392e+00 5.000000000000e-03
6.035346969087e+00 1.618120268530e+00 5.000000000000e-03
5.472761181029e+00 5.439702864597e+00 5.000000000000e-03
1.758128881635e+00 3.104251306071e+00 5.000000000000e-03
1.871648480749e+00 4.784096070904e+00 5.000000000000e-03
2.117190074876e-01 4.100327107737e+00 5.000000000000e-03
2.172939175990e+00 1.761084549830e+00 5.000000000000e-03
3.558039936476e+00 2.365305205654e+00 5.000000000000e-03
4.174006009058e+00 2.863282001761e+00 5.000000000000e-03
5.856314308466e+00 4.313668257676e+00 5.000000000000e-03
4.621857201756e-01 1.033819751403e+00 5.000000000000e-03
3.136173931703e+00 4.714040501398e+00 5.000000000000e-03
2.620391749944e+00 3.893733189918e+00 5.000000000000e-03
5.090421879749e+00 2.590899915267e+00 5.000000000000e-03
1.137746596089e+00 4.468543368999e+00 5.000000000000e-03
1.296462649412e+00 2.674446677025e+00 5.000000000000e-03
5.000105037799e+00 5.488389235397e+00 5.000000000000e-03
1.559727139410e+00 4.217415862053e+00 5.000000000000e-03
3.413674045669e+00 1.787806000272e+00 5.000000000000e-03
4.678640207166e+00 1.984700480094e+00 5.000000000000e-03
2.090639049275e-01 1.887856997504e+00 5.000000000000e-03
4.047666339265e+00 5.282074513242e+00 5.000000000000e-03
4.312992856161e+00 5.038291687501e+00 5.000000000000e-03
5.294017062097e+00 5.468714797346e+00 5.000000000000e-03
2.871124326953e+00 1.356146145519e+00 5.000000000000e-03
4.723670537471e-01 6.400276874137e-01 5.000000000000e-03
5.462105052290e+00 3.427323199762e+00 5.000000000000e-03
5.290054500771e+00 3.400729611561e+00 5.000000000000e-03
6.117297230383e+00 1.714062689590e+00 5.000000000000e-03
7.998303013881e-01 3.771916429170e+00 5.000000000000e-03
3.327925834521e+00 3.321222685686e+00 5.000000000000e-03
4.548255784173e+00 4.045580249039e+00 5.000000000000e-03
2.973294677048e+00 9.001925722901e-01 5.000000000000e-03
4.488394031622e-01 2.557123402683e+00 5.000000000000e-03
2.841729090753e+00 4.039748524344e+00 5.000000000000e-03
5.880289365677e+00 6.275586727607e+00 5.000000000000e-03
2.662445060581e+00 4.618520074342e-01 5.000000000000e-03
6.151700513138e+00 1.590970054745e+00 5.000000000000e-03
3.905033244026e+00 4.616537698080e+00 5.000000000000e-03
1.457104975257e+00 1.618654321893e+00 5.000000000000e-03
1.425960774203e+00 1.129142845703e+00 5.000000000000e-03
2.531193893315e+00 3.607142397748e+00 5.000000000000e-03
2.917125515730e+00 5.468430621926e+00 5.000000000000e-03
1.447368357030e+00 1.541862372664e+00 5.000000000000e-03
4.878981087921e+00 3.316212113529e+00 5.000000000000e-03
9.637305456221e-01 2.258985896003e+00 5.000000000000e-03
6.282275044839e+00 9.237587483237e-02 5.000000000000e-03
6.243471512709e+00 6.194572535050e+00 5.000000000000e-03
5.737325055882e+00 2.275982871755e+00 5.000000000000e-03
3.648573953016e+00 5.659327847710e+00 5.000000000000e-03
1.593183972718e+00 7.935910212507e-01 5.000000000000e-03
2.763273710602e+00 2.707612697201e+00 5.000000000000e-03
2.977714225526e+00 4.091887801373e+00 5.000000000000e-03
1.883213292982e+00 4.361279918176e+00 5.000000000000e-03
2.158604825007e-01 1.858329696443e+00 5.000000000000e-03
3.891068868274e+00 2.020814494398e+00 5.000000000000e-03
2.886722505443e+00 1.189929882177e+00 5.000000000000e-03
5.826200146500e+00 2.890085069237e+00 5.000000000000e-03
1.759943243855e+00 5.361175840719e+00 5.000000000000e-03
7.285651712453e-02 1.262871921532e+00 5.000000000000e-03
5.269514410804e+00 5.402289134466e+00 5.000000000000e-03
5.629951961967e+00 4.574346246557e+00 5.000000000000e-03
4.367944747529e+00 4.921661598146e+00 5.000000000000e-03
1.316511669497e+00 6.107524514554e+00 5.000000000000e-03
2.369071168914e+00 3.139879056014e+00 5.000000000000e-03
3.307763347010e+00 1.599644083510e+00 5.000000000000e-03
2.844754063285e+00 5.504654703931e+00 5.000000000000e-03
6.173389852376e-01 4.285574820579e+00 5.000000000000e-03
2.381085387525e+00 8.981529368397e-02 5.000000000000e-03
1.604034114296e+00 2.290000172608e+00 5.000000000000e-03
1.112174047201e+00 3.474058001632e+00 -5.000000000000e-03
4.681274606598e+00 1.716858904934e+00 -5.000000000000e-03
6.099970685948e+00 3.983097656630e+00 -5.000000000000e-03
4.609391292096e+00 1.037942848888e+00 -5.000000000000e-03
3.360106716152e+00 2.457532457890e+00 -5.000000000000e-03
4.737436750186e+00 6.257258898761e+00 -5.000000000000e-03
1.512077752134e+00 6.172073554064e+00 -5.000000000000e-03
1.012447035591e+00 5.348555756075e-01 -5.000000000000e-03
6.082910918305e+00 2.366916839194e+00 -5.000000000000e-03
4.157249559406e+00 6.144853043418e+00 -5.000000000000e-03
9.990570517671e-01 5.255588162765e+00 -5.000000000000e-03
3.937125376706e+00 2.214895008692e+00 -5.000000000000e-03
3.032813677254e-01 4.946882686703e+00 -5.000000000000e-03
6.915496282763e-01 5.235414164303e+00 -5.000000000000e-03
4.574424348923e+00 1.122848454838e-02 -5.000000000000e-03
5.181289558487e+00 2.113066832154e-02 -5.000000000000e-03
4.548332690310e+00 2.112117141940e-01 -5.000000000000e-03
5.232499388585e+00 4.514339363440e+00 -5.000000000000e-03
1.784051991705e+00 1.089185543579e-02 -5.000000000000e-03
3.870033135961e-01 4.772323501912e+00 -5.000000000000e-03
1.402982837314e-01 2.094404564512e+00 -5.000000000000e-03
4.961437349920e+00 1.855286973544e+00 -5.000000000000e-03
7.561192422535e-01 5.473268810937e+00 -5.000000000000e-03
3.366290111478e+00 1.990900239934e+00 -5.000000000000e-03
5.819428510978e+00 3.754630664333e+00 -5.000000000000e-03
6.647192850162e-01 5.329518802416e+00 -5.000000000000e-03
1.978423933498e-01 5.354175958463e+00 -5.000000000000e-03
5.029950175318e+00 5.759265919070e+00 -5.000000000000e-03
4.429960402816e+00 3.142550300175e-02 -5.000000000000e-03
3.166253349435e+00 2.909262706793e+00 -5.000000000000e-03
4.484723711565e+00 1.145634722449e+00 -5.000000000000e-03
2.216464788105e+00 8.865186985548e-01 -5.000000000000e-03
3.599714574904e+00 4.307282030084e+00 -5.000000000000e-03
1.124924298353e+00 3.139293100331e+00 -5.000000000000e-03
4.697656767495e+00 4.433605037035e+00 -5.000000000000e-03
3.181147258413e+00 7.452643206139e-01 -5.000000000000e-03
3.439297478140e+00 3.984011152075e-01 -5.000000000000e-03
4.712524672860e+00 3.748635435336e+00 -5.000000000000e-03
4.512273261711e+00 4.302056694676e-01 -5.000000000000e-03
2.585650507735e+00 6.863967047308e-01 -5.000000000000e-03
9.989594888505e-01 3.681821972769e+00 -5.000000000000e-03
4.815428988300e-01 6.125712225700e+00 -5.000000000000e-03
2.069470022449e+00 3.079191647036e+00 -5.000000000000e-03
4.159916409196e+00 2.159539187614e+00 -5.000000000000e-03
7.384731214602e-01 4.841422397513e+00 -5.000000000000e-03
5.736288726993e+00 3.822185307364e+00 -5.000000000000e-03
2.601015631737e+00 2.142394972686e+00 -5.000000000000e-03
6.232467867493e+00 2.359986440181e+00 -5.000000000000e-03
5.447651382316e+00 4.900420955696e+00 -5.000000000000e-03
6.369003118605e-01 5.056871668335e+00 -5.000000000000e-03
7.748552835407e-01 3.583802033770e+00 -5.000000000000e-03
1.173705398130e+00 2.002834819192e+00 -5.000000000000e-03
4.618116056653e+00 2.804366145729e+00 -5.000000000000e-03
3.097550759489e+00 4.319281041871e+00 -5.000000000000e-03
1.403705084666e+00 3.975778866396e+00 -5.000000000000e-03
4.009503883909e+00 2.857604726289e-01 -5.000000000000e-03
4.550398165046e+00 9.214450827062e-01 -5.000000000000e-03
2.226613527505e-01 1.552636231688e+00 -5.000000000000e-03
4.947474915119e+00 4.336581726130e+00 -5.000000000000e-03
3.486590901568e-02 3.418844085754e+00 -5.000000000000e-03
6.549962269341e-01 4.951662154307e+00 -5.000000000000e-03
2.435957678336e-01 5.266236786009e+00 -5.000000000000e-03
4.560106619545e+00 1.222603615459e+00 -5.000000000000e-03
5.556647290856e+00 2.380841821587e+00 -5.000000000000e-03
2.177786296029e+00 9.475634159454e-01 -5.000000000000e-03
3.881466312793e+00 2.403539141141e+00 -5.000000000000e-03
6.039211361840e+00 2.289556147180e+00 -5.000000000000e-03
1.325962571931e+00 5.765499693350e+00 -5.000000000000e-03
4.440825281893e+00 1.068904560525e-01 -5.000000000000e-03
2.753936691818e+00 4.424685919999e+00 -5.000000000000e-03
4.495811949551e-01 5.772327171314e+00 -5.000000000000e-03
6.005902008512e-01 5.439256409330e+00 -5.000000000000e-03
4.307407914375e+00 1.515427752755e-02 -5.000000000000e-03
1.878148180425e+00 1.001732920624e+00 -5.000000000000e-03
2.278231454115e-01 3.715415463853e+00 -5.000000000000e-03
5.068961509082e+00 6.109480674061e+00 -5.000000000000e-03
4.258176339119e+00 7.175653877770e-01 -5.000000000000e-03
1.162039475304e+00 3.444966867847e+00 -5.000000000000e-03
4.550295293119e+00 3.625315425800e+00 -5.000000000000e-03
8.195298200995e-01 5.241301555671e+00 -5.000000000000e-03
4.883524449347e+00 2.782721255048e+00 -5.000000000000e-03
1.385305597353e+00 5.606597582753e+00 -5.000000000000e-03
2.997850126400e+00 4.377251947173e+00 -5.000000000000e-03
3.481481861404e+00 2.811184150146e+00 -5.000000000000e-03
7.352654066374e-01 5.502076631689e+00 -5.000000000000e-03
4.066042546300e+00 2.018249973134e+00 -5.000000000000e-03
4.263055388589e+00 1.776276449337e+00 -5.000000000000e-03
4.879583553636e+00 4.625839878767e+00 -5.000000000000e-03
1.028678734245e+00 3.329226033252e+00 -5.000000000000e-03
1.065934624104e+00 5.423688311421e+00 -5.000000000000e-03
6.036574250243e+00 5.286693999574e+00 -5.000000000000e-03
5.565633943021e+00 5.614619681421e+00 -5.000000000000e-03
1.053650919728e+00 5.297351167493e+00 -5.000000000000e-03
4.366415844595e+00 6.256958463249e+00 -5.000000000000e-03
4.326646415350e-01 5.280167323896e+00 -5.000000000000e-03
7.529525872991e-02 4.959387908859e+00 -5.000000000000e-03
5.468734548005e+00 2.330492342203e+00 -5.000000000000e-03
1.119005573534e+00 3.635270784376e+00 -5.000000000000e-03
4.928054353315e+00 4.388181341550e+00 -5.000000000000e-03
3.015495502286e+00 3.423504938080e+00 -5.000000000000e-03
