1.324085811160e+00 5.062543167524e+00 5.000000000000e-03
1.431449491878e+00 1.753110234635e+00 5.000000000000e-03
2.488704595800e+00 3.571224620486e+00 5.000000000000e-03
6.130319161232e+00 5.510326911986e+00 5.000000000000e-03
4.780858935011e+00 5.018122634438e+00 5.000000000000e-03
3.756184613236e-01 2.834767388790e+00 5.000000000000e-03
2.027268776792e+00 4.649838906378e+00 5.000000000000e-03
5.198241239555e+00 2.213665505289e+00 5.000000000000e-03
3.086518142973e+00 4.609675816240e+00 5.000000000000e-03
2.480618489782e+00 2.907416096030e+00 5.000000000000e-03
5.881135167153e+00 5.148731039590e+00 5.000000000000e-03
4.416766231153e+00 5.881171034351e+00 5.000000000000e-03
5.518143415992e+00 3.131633502896e+00 5.000000000000e-03
3.829213614663e-01 1.294603835072e+00 5.000000000000e-03
4.681901034783e+00 5.620784719710e+00 5.000000000000e-03
6.508543332422e-01 4.611003532154e+00 5.000000000000e-03
2.933114342006e+00 6.070668090409e+00 5.000000000000e-03
6.116622976556e+00 5.667292148741e+00 5.000000000000e-03
1.661552384696e+00 3.115380245120e+00 5.000000000000e-03
1.425571927625e+00 1.909087257891e+00 5.000000000000e-03
6.251614866082e+00 4.650744176328e+00 5.000000000000e-03
5.253726484334e+00 2.991595874048e+00 5.000000000000e-03
4.774025748793e+00 4.883678713320e+00 5.000000000000e-03
1.015730976608e+00 5.686577902172e+00 5.000000000000e-03
2.527918651213e+00 3.478127222488e-01 5.000000000000e-03
3.588647692543e+00 5.418177359199e+00 5.000000000000e-03
4.317932470236e+00 5.158412972061e+00 5.000000000000e-03
5.789318685974e+00 6.232517337067e+00 5.000000000000e-03
2.160535619451e+00 4.610131915500e+00 5.000000000000e-03
2.066067741273e+00 3.505900680896e+00 5.000000000000e-03
5.726461289982e+00 3.324705338442e+00 5.000000000000e-03
1.264256881969e+00 5.703648178946e+00 5.000000000000e-03
2.922172816723e+00 2.986427498382e+00 5.000000000000e-03
1.886139101522e+00 5.740132872164e+00 5.000000000000e-03
5.696959414910e-01 7.401756348957e-01 5.000000000000e-03
5.090185112741e-01 4.306431948222e+00 5.000000000000e-03
1.489753058697e+00 4.529232573830e+00 5.000000000000e-03
4.233842136205e+00 8.690677699769e-01 5.000000000000e-03
2.936660244325e+00 6.094601553159e+00 5.000000000000e-03
5.863653445812e+00 5.946204431536e+00 5.000000000000e-03
2.289730164151e+00 3.217277314392e+00 5.000000000000e-03
2.409069692243e+00 4.451150637736e+00 5.000000000000e-03
3.140766268746e+00 1.717128159004e+00 5.000000000000e-03
2.177505643946e+00 4.714880896720e+00 5.000000000000e-03
4.028940602965e+00 4.521807053672e+00 5.000000000000e-03
3.749345015788e+00 2.941071273684e+00 5.000000000000e-03
4.201000913739e+00 4.558033848739e+00 5.000000000000e-03
1.413177515835e+00 5.550822604169e+00 5.000000000000e-03
8.280022158039e-01 3.828941031113e+00 5.000000000000e-03
3.853889496866e-01 3.013070047698e+00 5.000000000000e-03
1.026903420776e-01 5.276182328762e+00 5.000000000000e-03
3.886983469846e+00 1.033203575594e+00 5.000000000000e-03
1.304755114432e+00 4.163985888829e+00 5.000000000000e-03
3.389676073330e+00 2.720575969450e+00 5.000000000000e-03
3.317169564890e+00 1.170697963651e+00 5.000000000000e-03
1.354287453383e+00 4.793338330967e+00 5.000000000000e-03
1.174152879275e+00 2.861151359693e+00 5.000000000000e-03
5.706301654270e+00 8.084985547235e-01 5.000000000000e-03
1.957677370680e+00 2.820765274120e+00 5.000000000000e-03
5.067147419518e+00 5.635687734232e+00 5.000000000000e-03
1.277621908947e+00 4.986245453088e+00 5.000000000000e-03
5.071665461471e+00 6.211763432192e-01 5.000000000000e-03
1.779178169157e+00 3.935375395993e+00 5.000000000000e-03
5.406725199245e+00 1.765251894086e+00 5.000000000000e-03
4.799207076518e+00 2.012027053496e+00 5.000000000000e-03
7.611192254331e-01 2.174672286832e+00 5.000000000000e-03
6.118190476834e-01 2.901603761440e+00 5.000000000000e-03
4.959172296717e+00 2.085715594223e+00 5.000000000000e-03
1.788777777898e+00 5.896939736453e+00 5.000000000000e-03
3.201129622010e+00 7.750931569116e-01 5.000000000000e-03
1.675465830016e+00 1.784852218896e+00 5.000000000000e-03
4.882278241738e+00 1.527800456038e+00 5.000000000000e-03
5.190319989080e+00 1.365594612284e+00 5.000000000000e-03
4.152263790960e+00 1.787659931885e+00 5.000000000000e-03
3.925055251460e+00 6.121494046480e+00 5.000000000000e-03
8.590559188222e-01 4.321003836078e+00 5.000000000000e-03
5.126105107725e+00 1.299116416919e+00 5.000000000000e-03
4.000038717876e+00 3.753399565788e+00 5.000000000000e-03
6.115950242952e+00 6.321819891253e-01 5.000000000000e-03
1.437050672814e+00 1.343064017322e+00 5.000000000000e-03
4.164264321314e+00 4.693129566602e+00 5.000000000000e-03
5.003415290829e+00 2.259799787797e+00 5.000000000000e-03
5.145264405429e-01 3.432619957713e+00 5.000000000000e-03
2.220415540737e+00 3.678925772367e-01 5.000000000000e-03
1.328157807935e-01 5.284514473959e+00 5.000000000000e-03
3.346354495280e+00 1.707293076228e+00 5.000000000000e-03
3.746771206270e+00 4.711681237953e+00 5.000000000000e-03
5.901885340316e+00 4.609943357616e+00 5.000000000000e-03
2.559545841521e+00 5.915990268241e+00 5.000000000000e-03
3.715229784580e-01 5.780677763686e+00 5.000000000000e-03
2.983505453890e+00 3.033188101093e+00 5.000000000000e-03
5.107071946860e+00 4.814710600076e+00 5.000000000000e-03
3.101584378850e+00 4.321999386123e-02 5.000000000000e-03
3.881548027090e+00 9.343915390841e-01 5.000000000000e-03
2.388764102547e+00 6.188833295738e+00 5.000000000000e-03
3.621290394309e+00 8.352409033471e-01 5.000000000000e-03
3.709636343160e+00 2.274072031498e+00 5.000000000000e-03
1.676132030695e+00 2.432863705230e+00 5.000000000000e-03
4.471228784656e+00 5.846529233208e+00 5.000000000000e-03
5.177088793995e-01 4.278910208711e+00 5.000000000000e-03
2.437060588743e+00 2.170822772999e+00 -5.000000000000e-03
3.750320474918e+00 6.387099955416e-01 -5.000000000000e-03
2.723075507374e+00 5.001004021724e+00 -5.000000000000e-03
2.656810662327e+00 2.211137430534e+00 -5.000000000000e-03
1.270724085854e+00 3.427194274037e+00 -5.000000000000e-03
5.474564928957e+00 9.469870131820e-01 -5.000000000000e-03
5.566031663689e-01 2.098864327766e+00 -5.000000000000e-03
5.126037607566e+00 2.921378160154e+00 -5.000000000000e-03
4.798641557405e-01 2.065623617971e+00 -5.000000000000e-03
2.270729993895e+00 5.453853776407e+00 -5.000000000000e-03
3.897879116437e-01 2.272222254541e+00 -5.000000000000e-03
5.353523942210e+00 2.745050236386e+00 -5.000000000000e-03
5.446648463199e+00 5.971365223642e+00 -5.000000000000e-03
5.865878163145e+00 9.395771762187e-01 -5.000000000000e-03
3.792419316130e+00 4.265319509201e-01 -5.000000000000e-03
4.548502903276e+00 2.912768687671e+00 -5.000000000000e-03
1.344074643704e+00 3.995348165477e+00 -5.000000000000e-03
5.334486511518e+00 2.513924893478e+00 -5.000000000000e-03
5.410464579033e+00 5.755404228185e+00 -5.000000000000e-03
5.774266951988e+00 1.183658649782e+00 -5.000000000000e-03
4.327609104705e+00 9.511085107113e-02 -5.000000000000e-03
1.902494091760e+00 5.499121457943e+00 -5.000000000000e-03
2.348510490318e+00 5.235733622203e+00 -5.000000000000e-03
1.195068660912e+00 3.362869457111e+00 -5.000000000000e-03
4.761945186954e+00 3.544298005228e+00 -5.000000000000e-03
2.060179952602e-01 2.253273276473e+00 -5.000000000000e-03
3.012288998878e+00 3.374415444675e+00 -5.000000000000e-03
5.457089036437e+00 4.537057002645e+00 -5.000000000000e-03
1.657054309982e-01 1.978147801956e+00 -5.000000000000e-03
4.881506825213e-01 2.181618763981e+00 -5.000000000000e-03
5.802776898732e-01 4.025067127849e+00 -5.000000000000e-03
4.042390213793e+00 3.626347442645e+00 -5.000000000000e-03
2.479205027634e+00 1.998580434266e+00 -5.000000000000e-03
3.654996927244e-01 2.268946711213e+00 -5.000000000000e-03
7.834692180799e-01 5.860487176446e+00 -5.000000000000e-03
7.484026954352e-01 4.752491604650e+00 -5.000000000000e-03
3.963713852224e+00 2.727027523837e+00 -5.000000000000e-03
1.628399517540e-01 1.267931235897e-01 -5.000000000000e-03
3.825545870160e+00 3.121942835424e+00 -5.000000000000e-03
5.962468252578e+00 3.972332937049e+00 -5.000000000000e-03
1.750393180170e-01 3.734016385011e+00 -5.000000000000e-03
3.162835912850e-01 1.701763859128e+00 -5.000000000000e-03
8.918310996314e-01 3.255630694024e+00 -5.000000000000e-03
1.288521958843e+00 3.801029940918e+00 -5.000000000000e-03
5.224593125973e+00 3.600385361797e+00 -5.000000000000e-03
9.604499461891e-01 1.639820178171e+00 -5.000000000000e-03
5.126331270216e+00 2.466911813427e+00 -5.000000000000e-03
2.918515867383e+00 4.381435430014e+00 -5.000000000000e-03
5.963143019547e+00 3.504899572610e+00 -5.000000000000e-03
1.821196462625e+00 5.205906905319e-02 -5.000000000000e-03
5.746451087134e+00 2.125894828965e+00 -5.000000000000e-03
2.686324508931e+00 9.693383881168e-01 -5.000000000000e-03
5.429648798891e+00 1.379904230422e+00 -5.000000000000e-03
6.157137508051e+00 2.431975271393e+00 -5.000000000000e-03
6.003888423848e+00 1.927955856432e+00 -5.000000000000e-03
3.915520629414e-01 4.702127150353e+00 -5.000000000000e-03
5.558159696459e+00 5.986186630052e+00 -5.000000000000e-03
2.441725525010e+00 1.073905146627e+00 -5.000000000000e-03
1.342963570600e+00 6.066046236136e+00 -5.000000000000e-03
6.043160856211e+00 1.566584107369e+00 -5.000000000000e-03
3.278838094564e+00 1.571057022419e-01 -5.000000000000e-03
6.049399077732e-01 3.837232283408e+00 -5.000000000000e-03
3.974700194050e-01 3.945460183202e+00 -5.000000000000e-03
2.556688053793e+00 9.878654434981e-01 -5.000000000000e-03
2.074556305366e+00 3.835737139278e-01 -5.000000000000e-03
4.062929167553e+00 2.147078983609e-01 -5.000000000000e-03
2.755911620340e+00 2.202372157915e+00 -5.000000000000e-03
1.201095573332e+00 2.957391743018e-02 -5.000000000000e-03
7.768287559928e-01 7.855898569113e-01 -5.000000000000e-03
1.509849219267e+00 6.228803395826e-01 -5.000000000000e-03
5.437050498321e+00 2.068628677212e+00 -5.000000000000e-03
5.323208789864e+00 5.954195974666e+00 -5.000000000000e-03
2.573314654593e-01 5.713040857129e+00 -5.000000000000e-03
3.561032941030e+00 4.766687338286e+00 -5.000000000000e-03
4.435143319212e+00 5.008792585432e+00 -5.000000000000e-03
2.899613481332e+00 4.920919661162e+00 -5.000000000000e-03
1.926839871296e+00 4.893130322585e+00 -5.000000000000e-03
4.930628139349e+00 3.764133538171e+00 -5.000000000000e-03
2.191898433187e+00 2.984694620636e+00 -5.000000000000e-03
1.872164305949e+00 5.162652530722e+00 -5.000000000000e-03
2.690575203278e-01 4.895907460916e+00 -5.000000000000e-03
1.082057128271e+00 4.990954739060e-01 -5.000000000000e-03
1.432712429362e+00 1.207256688749e+00 -5.000000000000e-03
3.538616253595e+00 4.536369427466e+00 -5.000000000000e-03
2.857852967904e-01 2.199806672179e+00 -5.000000000000e-03
2.230485234218e+00 5.819963044216e+00 -5.000000000000e-03
4.425831771547e+00 5.003004556239e+00 -5.000000000000e-03
3.675795178036e+00 1.408652540986e+00 -5.000000000000e-03
1.646648815350e+00 6.593012201500e-01 -5.000000000000e-03
1.286837805097e+00 3.240919664698e+00 -5.000000000000e-03
5.380801291873e-01 2.129573992023e+00 -5.000000000000e-03
1.651504952967e+00 1.050754658547e+00 -5.000000000000e-03
5.157244840114e+00 6.183200445956e+00 -5.000000000000e-03
3.966675012382e+00 1.745861954309e-01 -5.000000000000e-03
2.115520412305e+00 1.564302631720e+00 -5.000000000000e-03
9.787231506733e-01 3.054219241202e+00 -5.000000000000e-03
2.931728080592e+00 4.910400021370e+00 -5.000000000000e-03
4.512821406049e+00 2.767940276078e+00 -5.000000000000e-03
5.656857042551e+00 1.891795136352e+00 -5.000000000000e-03
2.552135353520e+00 2.395570374220e+00 -5.000000000000e-03
