5.618680452992e+00 2.856144587662e+00 5.000000000000e-03
3.613317281591e+00 2.315830116348e+00 5.000000000000e-03
8.062183119554e-01 4.658456039781e+00 5.000000000000e-03
3.031058794988e+00 4.501041250189e-01 5.000000000000e-03
5.692995419356e+00 3.224397777210e+00 5.000000000000e-03
4.366923685203e+00 3.157522284583e+00 5.000000000000e-03
8.930412065813e-01 1.784125318747e+00 5.000000000000e-03
6.217511793182e+00 2.859217123284e+00 5.000000000000e-03
3.124792078459e+00 1.754980613302e-01 5.000000000000e-03
4.873551346444e+00 3.310018615008e+00 5.000000000000e-03
9.267811323149e-01 4.735215618047e+00 5.000000000000e-03
5.624771422781e+00 3.099744327341e+00 5.000000000000e-03
9.867673466456e-01 3.853679766703e+00 5.000000000000e-03
6.312044949315e-01 1.435683117202e+00 5.000000000000e-03
6.579991224305e-01 3.557160866898e+00 5.000000000000e-03
1.548143661983e+00 4.687162980646e+00 5.000000000000e-03
6.271779633465e+00 3.391174358788e+00 5.000000000000e-03
2.642398848737e-01 3.973347500886e+00 5.000000000000e-03
6.209309575398e-01 2.426697715611e+00 5.000000000000e-03
4.260494260364e-01 3.173441644784e+00 5.000000000000e-03
5.877244443508e+00 4.725537442462e+00 5.000000000000e-03
5.199526105729e+00 1.903210112893e+00 5.000000000000e-03
1.110458363278e+00 4.214294084215e+00 5.000000000000e-03
9.127431273793e-01 3.714904590299e+00 5.000000000000e-03
3.493208056461e+00 4.071144348557e+00 5.000000000000e-03
4.787610207355e+00 4.923305594725e+00 5.000000000000e-03
1.394953169712e+00 3.063584201581e+00 5.000000000000e-03
2.976189748436e+00 4.424831592126e+00 5.000000000000e-03
1.440011950791e+00 1.369326193741e+00 5.000000000000e-03
5.945400811302e+00 3.790790713106e+00 5.000000000000e-03
1.212953283917e+00 3.735662474066e+00 5.000000000000e-03
5.827250760723e+00 3.302296967589e-01 5.000000000000e-03
3.000076422547e+00 4.600020153466e+00 5.000000000000e-03
6.208246225423e+00 1.663273080957e+00 5.000000000000e-03
6.822047394653e-01 5.217834017387e+00 5.000000000000e-03
7.516471104473e-01 4.026035965733e+00 5.000000000000e-03
8.996373529577e-01 2.997199110822e+00 5.000000000000e-03
3.748037269554e-01 4.699917386561e+00 5.000000000000e-03
6.180647348619e+00 1.597035860534e+00 5.000000000000e-03
1.969949684254e+00 4.622829951502e+00 5.000000000000e-03
5.844132518298e+00 4.641437497231e+00 5.000000000000e-03
6.109472862796e+00 3.790472393256e-02 5.000000000000e-03
2.852639421720e-01 1.707272905716e+00 5.000000000000e-03
1.043649149073e+00 3.619597970902e+00 5.000000000000e-03
2.701394715423e+00 3.812347704519e+00 5.000000000000e-03
2.932731919605e+00 4.640269429566e+00 5.000000000000e-03
3.523156408676e+00 8.106272561409e-02 5.000000000000e-03
1.565348982868e+00 4.653909612215e+00 5.000000000000e-03
1.170943165696e+00 5.348074849432e+00 5.000000000000e-03
2.824076446131e+00 3.104568625520e+00 5.000000000000e-03
5.508153304736e+00 3.304489966476e+00 5.000000000000e-03
5.668759568608e-01 1.417343922646e+00 5.000000000000e-03
5.708213907388e-01 3.643994321779e+00 5.000000000000e-03
2.702828838805e-01 4.915822273492e+00 5.000000000000e-03
2.820642674121e+00 1.004300780881e+00 5.000000000000e-03
2.094537423854e+00 7.745884956196e-01 5.000000000000e-03
6.093800877164e+00 4.631474667647e+00 5.000000000000e-03
4.693467611501e-01 3.734544954174e-01 5.000000000000e-03
2.263766618603e+00 9.331468934221e-01 5.000000000000e-03
5.879238627568e+00 4.615771081044e+00 5.000000000000e-03
5.465808210873e+00 2.255655016315e+00 5.000000000000e-03
1.055824038492e+00 4.566419076885e+00 5.000000000000e-03
2.041084423754e+00 8.221228909468e-01 5.000000000000e-03
1.543060151690e+00 3.566626409601e+00 5.000000000000e-03
1.815878501877e+00 4.367388662179e+00 5.000000000000e-03
5.845051981935e+00 1.841400418024e+00 5.000000000000e-03
1.888447064571e-01 2.124446963155e+00 5.000000000000e-03
5.893298701187e-01 4.643633878655e+00 5.000000000000e-03
1.239276229084e+00 2.121381883950e+00 5.000000000000e-03
1.962964736591e+00 4.324581157586e+00 5.000000000000e-03
4.668789158183e+00 5.421854136421e+00 5.000000000000e-03
1.471658975806e+00 2.598422009980e+00 5.000000000000e-03
4.958535805421e-01 3.644156147472e+00 5.000000000000e-03
6.134797687548e+00 2.085741989454e+00 5.000000000000e-03
1.974504006475e+00 3.439928420894e+00 5.000000000000e-03
1.026638990324e+00 3.775278807895e+00 5.000000000000e-03
4.207754336468e+00 3.857592582166e+00 5.000000000000e-03
1.804081783385e+00 1.794943343336e+00 5.000000000000e-03
1.196081223680e+00 4.580024572578e+00 5.000000000000e-03
2.555666424161e+00 4.157962509894e+00 5.000000000000e-03
5.606966963288e+00 4.638266869048e+00 5.000000000000e-03
2.338282072695e+00 4.747885531895e+00 5.000000000000e-03
4.212471836315e+00 2.182946078349e+00 5.000000000000e-03
6.071309394387e-01 5.648576452868e+00 5.000000000000e-03
5.804557118666e+00 2.956749375744e+00 5.000000000000e-03
6.474351246911e-01 4.758165763040e+00 5.000000000000e-03
4.914047223571e-01 2.100283144609e+00 5.000000000000e-03
1.616574325663e+00 1.282695499329e+00 5.000000000000e-03
1.177273471880e+00 5.030624450097e+00 5.000000000000e-03
1.976916375503e+00 3.406901825144e+00 5.000000000000e-03
2.782124234092e+00 3.558093272276e-01 5.000000000000e-03
6.969460940726e-01 5.181130173037e+00 5.000000000000e-03
3.755354067857e+00 3.386419506089e+00 5.000000000000e-03
1.393213193899e-01 2.290816002974e+00 5.000000000000e-03
1.580651237627e+00 4.856618310345e+00 5.000000000000e-03
8.682729925646e-01 3.644500569272e+00 5.000000000000e-03
2.170179618206e+00 8.285533658322e-01 5.000000000000e-03
5.949705547973e+00 4.151405477037e+00 5.000000000000e-03
6.820698838912e-01 3.815994393817e+00 5.000000000000e-03
1.229847636056e+00 3.745046426008e+00 5.000000000000e-03
3.207770348420e+00 4.954062679070e+00 -5.000000000000e-03
5.175298175535e+00 4.284591046763e+00 -5.000000000000e-03
1.213229288434e+00 4.865725873537e+00 -5.000000000000e-03
3.701226828576e+00 9.165552440343e-01 -5.000000000000e-03
3.895005688236e+00 1.055187738575e+00 -5.000000000000e-03
2.644553600165e+00 2.104479316172e+00 -5.000000000000e-03
4.408700049684e+00 2.298448653940e-01 -5.000000000000e-03
3.749646255908e+00 7.822904958052e-01 -5.000000000000e-03
9.496521532136e-01 7.266501038074e-01 -5.000000000000e-03
4.126318364885e+00 2.893490645857e+00 -5.000000000000e-03
6.092779282777e+00 8.580177954747e-01 -5.000000000000e-03
2.023969903407e+00 1.562526957963e+00 -5.000000000000e-03
3.976432121620e+00 1.095339480391e+00 -5.000000000000e-03
5.948083960963e+00 5.906971343082e-01 -5.000000000000e-03
3.934516150003e+00 9.687794255540e-01 -5.000000000000e-03
2.971407948628e+00 6.200332207005e+00 -5.000000000000e-03
4.112245951308e+00 5.469219769322e-01 -5.000000000000e-03
5.178886940543e+00 1.017361470196e-01 -5.000000000000e-03
5.753356134788e+00 5.868724976662e+00 -5.000000000000e-03
3.708663958278e+00 4.008846908652e+00 -5.000000000000e-03
4.432660490148e+00 1.147984081084e+00 -5.000000000000e-03
3.113269278519e+00 4.690481253831e+00 -5.000000000000e-03
8.597135048210e-01 2.635916173715e+00 -5.000000000000e-03
3.685530048312e+00 6.024460526486e+00 -5.000000000000e-03
4.367300863549e+00 1.496766883117e+00 -5.000000000000e-03
3.053081350972e+00 3.496920331507e+00 -5.000000000000e-03
3.847362126890e+00 4.442590771795e+00 -5.000000000000e-03
4.197742516504e+00 1.695733528151e+00 -5.000000000000e-03
4.913708542194e+00 3.767893274811e-01 -5.000000000000e-03
4.226725456016e+00 6.230314300852e+00 -5.000000000000e-03
2.012569358036e+00 1.867884611871e+00 -5.000000000000e-03
3.308585667375e+00 2.145201785301e+00 -5.000000000000e-03
3.837333998225e+00 6.012739334929e+00 -5.000000000000e-03
3.793249986402e+00 1.879375725305e+00 -5.000000000000e-03
4.927408531991e+00 4.767453790933e+00 -5.000000000000e-03
3.764013454804e+00 1.826497731168e+00 -5.000000000000e-03
3.990203094643e+00 9.133658822920e-01 -5.000000000000e-03
4.128752541357e+00 6.276879324854e+00 -5.000000000000e-03
1.804262466933e+00 1.981754610915e-02 -5.000000000000e-03
3.501490461885e+00 1.332907821752e+00 -5.000000000000e-03
2.890607517147e+00 4.885285557030e+00 -5.000000000000e-03
4.057553560377e+00 1.299235469379e+00 -5.000000000000e-03
3.630542909106e+00 1.929826299056e+00 -5.000000000000e-03
2.206438448400e+00 2.577108775288e+00 -5.000000000000e-03
5.030515934872e+00 2.261889364751e+00 -5.000000000000e-03
5.162116324506e+00 1.785598510539e+00 -5.000000000000e-03
1.952870001341e+00 4.449497449696e+00 -5.000000000000e-03
3.799734786262e+00 5.713485215712e+00 -5.000000000000e-03
3.965853339214e+00 1.215643581845e+00 -5.000000000000e-03
4.345794095163e+00 2.893842091315e-01 -5.000000000000e-03
3.076943492035e+00 2.048845354180e+00 -5.000000000000e-03
3.268881249311e+00 9.683144097714e-02 -5.000000000000e-03
5.591138079724e+00 6.079205288034e+00 -5.000000000000e-03
1.997428471014e+00 6.071802550545e+00 -5.000000000000e-03
3.863930793421e+00 1.087958023730e+00 -5.000000000000e-03
4.380448564137e+00 5.747920644899e+00 -5.000000000000e-03
3.995089070471e+00 3.220574410925e-01 -5.000000000000e-03
3.615476251879e+00 2.014694133487e+00 -5.000000000000e-03
4.383269063173e+00 4.204835960754e+00 -5.000000000000e-03
3.541083231024e+00 2.001246083198e+00 -5.000000000000e-03
3.884508520145e+00 6.553174770972e-01 -5.000000000000e-03
3.269336049826e+00 9.700792222100e-01 -5.000000000000e-03
4.157740817568e+00 1.085200591105e+00 -5.000000000000e-03
4.268643198816e+00 8.740593780109e-01 -5.000000000000e-03
4.604325036478e+00 1.352836341783e+00 -5.000000000000e-03
3.197706379240e+00 2.492479234272e+00 -5.000000000000e-03
2.093795511525e+00 1.365645125613e-01 -5.000000000000e-03
5.346583228293e+00 5.201177641262e+00 -5.000000000000e-03
3.633555986322e+00 9.645928315940e-01 -5.000000000000e-03
5.695646274833e+00 5.813786842600e+00 -5.000000000000e-03
4.684666720489e+00 6.677600782253e-01 -5.000000000000e-03
4.037347264989e+00 1.303492990894e+00 -5.000000000000e-03
5.059421748753e+00 5.988805305135e+00 -5.000000000000e-03
5.952721376830e+00 2.589320622924e+00 -5.000000000000e-03
4.585519946815e+00 1.080000126257e+00 -5.000000000000e-03
5.188894027446e+00 2.427818110149e+00 -5.000000000000e-03
3.214102533838e+00 6.179975587814e+00 -5.000000000000e-03
5.843858575617e+00 1.348176521879e+00 -5.000000000000e-03
3.863518065251e+00 2.712643837702e+00 -5.000000000000e-03
4.294412976471e-01 1.773387781284e-01 -5.000000000000e-03
3.791553451604e+00 1.319087862392e+00 -5.000000000000e-03
3.623244055435e+00 1.338831028917e+00 -5.000000000000e-03
3.843294279331e+00 6.285847898123e-01 -5.000000000000e-03
5.543253255785e+00 8.092872119991e-01 -5.000000000000e-03
2.156791285720e+00 2.592667521387e+00 -5.000000000000e-03
4.402049081725e+00 4.485886013091e-01 -5.000000000000e-03
1.540548541147e-01 5.936803061526e+00 -5.000000000000e-03
1.974144830701e+00 3.833451731133e+00 -5.000000000000e-03
4.547527827172e+00 5.191362205112e+00 -5.000000000000e-03
5.317114068642e+00 6.153238090110e+00 -5.000000000000e-03
5.319034102592e+00 7.795154886085e-01 -5.000000000000e-03
2.713371439195e+00 1.810081751574e+00 -5.000000000000e-03
3.396443950267e+00 4.868849515336e+00 -5.000000000000e-03
5.328695469100e+00 5.887785839891e+00 -5.000000000000e-03
3.680974627904e+00 5.203791138298e+00 -5.000000000000e-03
3.423158008171e+00 5.441023910357e+00 -5.000000000000e-03
4.809256219123e+00 1.733192666011e+00 -5.000000000000e-03
4.074973091178e+00 5.113807570307e-01 -5.000000000000e-03
2.941909151623e+00 1.241302444141e+00 -5.000000000000e-03
5.238126053329e+00 6.171238681420e+00 -5.000000000000e-03
