2.572972517685e+00 4.195281286146e+00 5.000000000000e-03
2.790530847157e+00 5.881726361353e+00 5.000000000000e-03
7.243443439356e-01 1.771398101020e+00 5.000000000000e-03
6.106958919429e+00 2.836875881775e+00 5.000000000000e-03
5.466347172107e-01 1.187548591077e+00 5.000000000000e-03
3.753557358865e+00 4.383888380618e+00 5.000000000000e-03
3.008780479833e+00 4.135865718577e+00 5.000000000000e-03
1.774221715263e+00 5.402982185246e+00 5.000000000000e-03
2.526064714009e+00 4.187146565383e+00 5.000000000000e-03
1.461157756389e+00 4.344380464444e+00 5.000000000000e-03
2.532329059975e+00 6.498704367349e-01 5.000000000000e-03
2.954155478638e+00 4.046202348999e+00 5.000000000000e-03
1.559604523185e+00 3.461443315763e+00 5.000000000000e-03
3.147741587399e+00 4.367187451781e+00 5.000000000000e-03
3.144698567322e+00 3.120867166810e+00 5.000000000000e-03
2.361667143236e-01 1.231985928025e+00 5.000000000000e-03
1.042272804622e+00 2.139948662420e+00 5.000000000000e-03
2.741586953117e+00 1.262423508571e+00 5.000000000000e-03
3.595222540510e+00 2.927562810978e+00 5.000000000000e-03
3.649855485731e+00 1.191089003824e+00 5.000000000000e-03
1.026718603811e+00 4.183272878806e+00 5.000000000000e-03
4.232005607081e+00 1.228588042703e-01 5.000000000000e-03
3.182741943638e+00 4.920982702540e+00 5.000000000000e-03
1.987463256677e+00 3.987842097238e+00 5.000000000000e-03
8.950331348628e-01 3.676332746074e+00 5.000000000000e-03
1.846210197005e+00 5.547288217012e-01 5.000000000000e-03
1.671689753349e+00 1.323410615373e+00 5.000000000000e-03
4.824126973847e+00 4.766813820996e+00 5.000000000000e-03
2.092430202205e+00 2.680100549824e+00 5.000000000000e-03
2.684232872346e+00 3.578651896065e+00 5.000000000000e-03
2.876876137262e+00 1.595107601703e+00 5.000000000000e-03
4.378230589262e+00 2.011321943393e+00 5.000000000000e-03
1.904015014137e+00 5.518133414404e+00 5.000000000000e-03
5.265538326632e+00 2.786567868438e+00 5.000000000000e-03
1.730704754620e+00 2.499174420821e+00 5.000000000000e-03
3.750790741118e+00 4.807521604528e+00 5.000000000000e-03
2.901666715072e+00 4.045462753628e+00 5.000000000000e-03
1.455698453080e+00 3.253391076892e+00 5.000000000000e-03
1.929019023249e+00 2.989547159174e+00 5.000000000000e-03
6.054207535774e+00 3.572677987855e+00 5.000000000000e-03
1.871959635625e+00 3.705631692927e+00 5.000000000000e-03
2.436299231314e+00 8.607955285829e-01 5.000000000000e-03
4.035298644130e+00 3.460766295674e+00 5.000000000000e-03
4.868632389117e+00 1.252932870415e+00 5.000000000000e-03
3.508912972456e+00 1.748249082235e+00 5.000000000000e-03
4.694301489189e+00 3.730134994522e+00 5.000000000000e-03
3.175972634307e+00 3.166438245887e+00 5.000000000000e-03
3.469073971026e+00 2.427682927395e+00 5.000000000000e-03
2.701307691287e+00 7.338888243914e-01 5.000000000000e-03
5.726608633069e+00 3.561233208221e+00 5.000000000000e-03
3.865655625244e+00 5.066029906901e+00 5.000000000000e-03
2.171243979963e+00 3.695372373331e+00 5.000000000000e-03
2.852362344416e+00 3.929866296660e+00 5.000000000000e-03
3.439294854350e+00 3.611310685487e+00 5.000000000000e-03
1.204749915200e+00 4.495136545198e+00 5.000000000000e-03
2.943541539109e+00 3.538036484135e+00 5.000000000000e-03
3.993805763479e+00 1.422364347821e+00 5.000000000000e-03
2.849818390548e+00 3.582958840429e+00 5.000000000000e-03
2.752877614281e+00 2.498590688099e+00 5.000000000000e-03
3.488680379808e+00 1.932587499979e+00 5.000000000000e-03
1.820213992129e+00 2.594579473124e+00 5.000000000000e-03
1.433966779317e+00 5.319346134429e+00 5.000000000000e-03
2.872835848911e+00 4.041246521788e+00 5.000000000000e-03
2.590008376057e+00 3.216837194704e+00 5.000000000000e-03
1.837356793856e+00 1.339829473090e+00 5.000000000000e-03
1.429322591507e+00 1.998863458882e+00 5.000000000000e-03
1.965376746928e+00 2.467121180853e-01 5.000000000000e-03
1.717900936449e+00 3.017994510938e+00 5.000000000000e-03
6.063890124072e+00 2.717412547432e+00 5.000000000000e-03
2.178805963174e+00 4.005693174834e+00 5.000000000000e-03
1.523822509331e+00 2.513727429345e+00 5.000000000000e-03
1.990481071978e+00 2.355883347988e+00 5.000000000000e-03
1.729081347241e+00 2.648818418797e+00 5.000000000000e-03
4.565275593899e+00 5.497976579393e+00 5.000000000000e-03
3.090650407741e+00 3.909127339421e+00 5.000000000000e-03
2.391141328665e+00 4.060753827583e+00 5.000000000000e-03
2.919586863928e+00 4.019445474569e+00 5.000000000000e-03
3.704927088546e+00 3.395941882055e-01 5.000000000000e-03
2.505017981225e+00 3.366990762627e+00 5.000000000000e-03
1.612133117434e+00 5.664672248759e+00 5.000000000000e-03
1.905227386690e+00 2.312130002289e+00 5.000000000000e-03
4.830536533977e+00 3.076492620701e+00 5.000000000000e-03
5.082917940770e+00 1.144862744045e+00 5.000000000000e-03
2.049518123243e+00 2.388458199303e+00 5.000000000000e-03
1.951197215335e+00 2.339898318877e+00 5.000000000000e-03
2.886756666046e+00 4.079461473159e+00 5.000000000000e-03
4.197850394682e+00 5.659757215808e+00 5.000000000000e-03
4.067698352286e+00 1.341812618655e+00 5.000000000000e-03
2.747195489176e+00 2.547364081887e+00 5.000000000000e-03
2.774869023165e+00 2.636613082122e+00 5.000000000000e-03
2.350465309587e+00 8.589761610401e-01 5.000000000000e-03
3.040675952692e+00 3.837835199632e+00 5.000000000000e-03
1.597510066291e+00 2.948018803702e+00 5.000000000000e-03
1.682371824932e+00 1.137542989429e+00 5.000000000000e-03
3.263209692100e+00 2.938857037980e+00 5.000000000000e-03
2.407071790257e+00 5.662802989282e-01 5.000000000000e-03
6.229052726217e+00 2.788199686549e+00 5.000000000000e-03
2.132999143687e+00 5.745403155771e+00 5.000000000000e-03
2.008996124127e+00 2.827734759461e+00 5.000000000000e-03
2.860722746081e+00 3.917568795732e+00 5.000000000000e-03
7.768295956856e-01 8.202205298171e-01 -5.000000000000e-03
3.226398128090e+00 5.710952444369e+00 -5.000000000000e-03
5.558735740429e+00 3.719050683587e+00 -5.000000000000e-03
5.051868940418e+00 2.610100263279e-01 -5.000000000000e-03
1.012937228144e+00 1.283323665469e-01 -5.000000000000e-03
4.160744613782e-03 6.141576640515e+00 -5.000000000000e-03
5.429931231263e+00 4.763735742758e+00 -5.000000000000e-03
5.859998341699e+00 1.401713082355e+00 -5.000000000000e-03
3.588432842777e+00 5.807864930148e+00 -5.000000000000e-03
4.574786787047e+00 9.831795409107e-01 -5.000000000000e-03
6.012021312551e+00 6.263603240535e+00 -5.000000000000e-03
5.870029120908e+00 4.541663533007e+00 -5.000000000000e-03
4.430482874276e+00 1.513682801571e+00 -5.000000000000e-03
8.994194082678e-01 2.846716268672e+00 -5.000000000000e-03
5.640703423230e+00 3.248278243233e+00 -5.000000000000e-03
3.631691822013e-01 5.840703124532e-01 -5.000000000000e-03
6.014102847444e+00 5.511001551760e+00 -5.000000000000e-03
4.418157619218e+00 1.587336391997e+00 -5.000000000000e-03
1.746829763929e-01 1.565438460775e+00 -5.000000000000e-03
6.161022901456e+00 5.412960583406e+00 -5.000000000000e-03
6.138017853856e+00 1.887803545913e+00 -5.000000000000e-03
4.971589047935e+00 5.642498597476e+00 -5.000000000000e-03
5.906816657937e+00 1.038162649372e+00 -5.000000000000e-03
1.653994538016e+00 1.999856440971e+00 -5.000000000000e-03
2.145348374654e+00 6.442140589288e-01 -5.000000000000e-03
4.806119741716e-01 4.195904772870e+00 -5.000000000000e-03
4.938942916175e+00 5.317298837330e+00 -5.000000000000e-03
5.495147456843e+00 3.061939991518e-03 -5.000000000000e-03
5.166665433815e+00 7.214251279096e-01 -5.000000000000e-03
5.487847220811e+00 5.853824287158e+00 -5.000000000000e-03
3.599832226440e+00 4.667304706735e-01 -5.000000000000e-03
5.869346534217e+00 6.238206595162e+00 -5.000000000000e-03
8.377688618314e-01 8.352317082541e-02 -5.000000000000e-03
5.759796901334e+00 6.048186538816e+00 -5.000000000000e-03
5.968406422080e+00 4.109718148603e+00 -5.000000000000e-03
5.905414679578e+00 6.242272797924e+00 -5.000000000000e-03
6.084248930191e+00 4.532755879407e+00 -5.000000000000e-03
4.316683511256e+00 2.462134951246e-02 -5.000000000000e-03
2.998357172584e-01 2.929517672030e+00 -5.000000000000e-03
8.831256491388e-01 1.790322759520e+00 -5.000000000000e-03
6.195339166705e+00 5.257153788029e+00 -5.000000000000e-03
6.079147330494e+00 4.798051828032e+00 -5.000000000000e-03
3.515805789774e+00 5.028396740874e+00 -5.000000000000e-03
5.508722901179e+00 3.671229599973e+00 -5.000000000000e-03
4.968583821222e+00 4.755299206470e+00 -5.000000000000e-03
4.427807400103e+00 7.750850814487e-01 -5.000000000000e-03
6.077475206590e+00 5.241917653086e+00 -5.000000000000e-03
2.795691320508e-01 3.915371781207e-01 -5.000000000000e-03
5.005476633075e+00 5.537320205825e+00 -5.000000000000e-03
8.055519059020e-01 5.102493667340e+00 -5.000000000000e-03
3.375206692294e+00 6.930403345153e-01 -5.000000000000e-03
6.043196166733e+00 4.205992075145e-02 -5.000000000000e-03
5.878558426499e+00 6.187627167684e-01 -5.000000000000e-03
6.152079850331e+00 4.700979805835e+00 -5.000000000000e-03
3.716504349194e+00 1.014899214661e+00 -5.000000000000e-03
3.871996421702e+00 1.265735968110e+00 -5.000000000000e-03
1.096168233464e+00 1.165556726047e+00 -5.000000000000e-03
6.222456721339e+00 5.730860857180e+00 -5.000000000000e-03
5.732695295355e+00 6.098570511740e+00 -5.000000000000e-03
5.181552358325e+00 5.423500886775e+00 -5.000000000000e-03
4.772155170385e+00 1.693983037208e+00 -5.000000000000e-03
2.670095680317e+00 5.582718371352e+00 -5.000000000000e-03
4.504351263564e+00 1.071578080734e+00 -5.000000000000e-03
1.114668594317e-01 9.897494491560e-01 -5.000000000000e-03
5.984462890657e+00 1.881886983554e+00 -5.000000000000e-03
1.198164691190e+00 5.346311601214e-01 -5.000000000000e-03
2.966869982537e+00 4.533200199525e+00 -5.000000000000e-03
6.105796561477e+00 5.962726432964e+00 -5.000000000000e-03
5.847966937474e+00 5.538856425187e+00 -5.000000000000e-03
3.118127466303e+00 1.599697791939e+00 -5.000000000000e-03
4.999007981264e+00 4.145716031260e+00 -5.000000000000e-03
6.098444171625e+00 4.806014457632e+00 -5.000000000000e-03
3.638237268641e+00 2.701209731582e+00 -5.000000000000e-03
5.858947165909e+00 5.540242606723e+00 -5.000000000000e-03
6.174421136290e+00 4.843327521161e+00 -5.000000000000e-03
5.870125805809e+00 6.112040671291e+00 -5.000000000000e-03
5.527059447897e+00 8.625475727006e-01 -5.000000000000e-03
8.548706593312e-02 5.520218761340e+00 -5.000000000000e-03
5.060395404061e+00 9.139214065369e-01 -5.000000000000e-03
6.140758250820e+00 1.884221430129e-01 -5.000000000000e-03
2.050837513477e+00 6.104992955972e+00 -5.000000000000e-03
5.796389056559e+00 6.142664502845e+00 -5.000000000000e-03
1.035261769225e-01 5.816509960610e+00 -5.000000000000e-03
1.450005554472e-02 4.591728669383e-01 -5.000000000000e-03
2.401518364525e-02 6.146651092483e-01 -5.000000000000e-03
5.624541917605e+00 1.718197845834e+00 -5.000000000000e-03
5.569510824452e+00 5.774722282003e-01 -5.000000000000e-03
1.737175381748e-02 2.953161548862e+00 -5.000000000000e-03
3.763949966482e+00 6.229767847785e+00 -5.000000000000e-03
4.269119155210e+00 4.571248825829e+00 -5.000000000000e-03
5.565453076336e+00 7.729038857424e-01 -5.000000000000e-03
3.795696606823e+00 5.501198539258e+00 -5.000000000000e-03
3.101012379374e-01 4.919589467131e+00 -5.000000000000e-03
3.388314785958e+00 6.046958099363e+00 -5.000000000000e-03
3.974386519790e+00 2.311065569648e+00 -5.000000000000e-03
1.207901058654e+00 2.472763937589e-01 -5.000000000000e-03
6.142965341135e+00 1.428313205779e-01 -5.000000000000e-03
4.229206460349e-01 1.844981857933e+00 -5.000000000000e-03
6.022420525888e+00 1.579203020570e-01 -5.000000000000e-03
5.878366147723e+00 4.507566270420e+00 -5.000000000000e-03
