5.643443384428e+00 3.213520721558e+00 5.000000000000e-03
1.669141226174e+00 3.846146598953e+00 5.000000000000e-03
2.492050479136e-01 3.328281225984e+00 5.000000000000e-03
3.967714993200e+00 4.462157473685e+00 5.000000000000e-03
9.428691376428e-01 3.987545115541e+00 5.000000000000e-03
2.480820222341e+00 4.249065653541e+00 5.000000000000e-03
2.837503108063e-01 4.763684465253e+00 5.000000000000e-03
5.984209997478e+00 3.824746468758e+00 5.000000000000e-03
5.451041632732e+00 1.687794404107e+00 5.000000000000e-03
1.166291828862e+00 1.559932716545e+00 5.000000000000e-03
5.569414093523e+00 2.248307784858e+00 5.000000000000e-03
1.115688986668e+00 4.475513427940e+00 5.000000000000e-03
6.655273472301e-01 3.264308802805e+00 5.000000000000e-03
7.570598198204e-01 4.649295331685e+00 5.000000000000e-03
8.558330270155e-01 3.230929156787e+00 5.000000000000e-03
6.027951975753e+00 4.323881852178e-01 5.000000000000e-03
5.037170501470e+00 2.971592270921e+00 5.000000000000e-03
6.038930630194e+00 2.246040480419e+00 5.000000000000e-03
5.820142474138e+00 3.849092105921e+00 5.000000000000e-03
2.130940929422e+00 3.067404756468e+00 5.000000000000e-03
1.682358384225e+00 2.866501349878e+00 5.000000000000e-03
5.017788226827e-01 4.169964284183e+00 5.000000000000e-03
3.742951444037e+00 2.654831738559e+00 5.000000000000e-03
1.289811030113e+00 1.861298411086e+00 5.000000000000e-03
3.248801065981e-01 3.069366749187e+00 5.000000000000e-03
2.016305687357e+00 1.458196646010e+00 5.000000000000e-03
6.205307845278e+00 4.709262725677e+00 5.000000000000e-03
3.751623313783e-01 3.266768431366e-01 5.000000000000e-03
1.528291579097e+00 5.708225107976e+00 5.000000000000e-03
5.327761909097e+00 3.680466271313e+00 5.000000000000e-03
3.831891781133e-01 3.172687998322e+00 5.000000000000e-03
3.768457375077e+00 2.996045979597e+00 5.000000000000e-03
1.171607535112e-01 2.393518013689e+00 5.000000000000e-03
8.605190043989e-01 4.345288132768e+00 5.000000000000e-03
1.466395934902e+00 2.369818538250e+00 5.000000000000e-03
3.285131387556e-01 3.006406770057e+00 5.000000000000e-03
5.605723494252e+00 1.264993022920e+00 5.000000000000e-03
2.574916534636e-01 3.141100644396e+00 5.000000000000e-03
1.947192458078e+00 3.522510019641e+00 5.000000000000e-03
1.667769169677e-01 3.490866139403e+00 5.000000000000e-03
1.689817441925e+00 2.989286938540e+00 5.000000000000e-03
4.670738858640e+00 4.793530278489e+00 5.000000000000e-03
1.165382810912e+00 2.472117327709e-01 5.000000000000e-03
4.722644053114e-01 2.892003902876e+00 5.000000000000e-03
6.221640194598e-01 2.430281129760e-01 5.000000000000e-03
4.673897946904e-02 2.365543550223e+00 5.000000000000e-03
5.041572027395e-01 2.749020264565e+00 5.000000000000e-03
2.348588716252e+00 1.866291301383e+00 5.000000000000e-03
1.246098967537e+00 3.332032052413e+00 5.000000000000e-03
5.952406558565e+00 1.622424171729e+00 5.000000000000e-03
1.335347080691e+00 4.569731303391e+00 5.000000000000e-03
6.966372611705e-01 4.670192024100e+00 5.000000000000e-03
5.266464647829e+00 2.918505071331e+00 5.000000000000e-03
1.478778462492e+00 1.824288471855e+00 5.000000000000e-03
5.605007732101e+00 1.720104179725e+00 5.000000000000e-03
4.241772112832e+00 3.895445200437e+00 5.000000000000e-03
1.018361701387e+00 4.824393046470e+00 5.000000000000e-03
1.311863371659e-01 5.667677695509e+00 5.000000000000e-03
4.071910944943e+00 3.755282770364e+00 5.000000000000e-03
1.693911438585e+00 2.940819632208e+00 5.000000000000e-03
3.165587311325e+00 1.438977640328e+00 5.000000000000e-03
4.157100263539e+00 3.875335499331e+00 5.000000000000e-03
4.097966789050e+00 3.892480404169e+00 5.000000000000e-03
5.411252278073e+00 1.964689695343e+00 5.000000000000e-03
9.474809593826e-01 5.490531074841e+00 5.000000000000e-03
1.341457879863e+00 3.910329199060e+00 5.000000000000e-03
3.552905108548e+00 4.971992362332e+00 5.000000000000e-03
1.394510441158e+00 4.865319952396e+00 5.000000000000e-03
1.811482302690e+00 1.910123921319e+00 5.000000000000e-03
2.924983494504e-01 2.231373751208e+00 5.000000000000e-03
5.933427900953e+00 4.667575399886e-01 5.000000000000e-03
4.509969324513e+00 2.725272886421e+00 5.000000000000e-03
5.202554789756e+00 2.959596695106e+00 5.000000000000e-03
6.949455782810e-01 4.810923630309e+00 5.000000000000e-03
5.865734185913e+00 3.239621224699e+00 5.000000000000e-03
6.003928832252e+00 2.732277492035e+00 5.000000000000e-03
3.311998160099e+00 2.460393293715e+00 5.000000000000e-03
1.694780296403e+00 1.753340800234e+00 5.000000000000e-03
1.398661720944e+00 3.399098848538e+00 5.000000000000e-03
3.596203838000e+00 3.434002506543e+00 5.000000000000e-03
1.520501197837e+00 2.122399844678e+00 5.000000000000e-03
6.126653215428e+00 4.553104227376e+00 5.000000000000e-03
9.804172848113e-01 4.252759355758e+00 5.000000000000e-03
2.141657793914e+00 7.260128750034e-01 5.000000000000e-03
1.554197630240e+00 5.376396550316e+00 5.000000000000e-03
5.080663616386e+00 1.377261922004e+00 5.000000000000e-03
1.392910719899e+00 2.872231454102e+00 5.000000000000e-03
3.463041198148e-02 3.863778453138e+00 5.000000000000e-03
1.219870464670e+00 3.138094503294e+00 5.000000000000e-03
8.377368832327e-01 1.067240591213e+00 5.000000000000e-03
5.275638452330e+00 5.391504166857e+00 5.000000000000e-03
1.454908245205e+00 2.331747726107e+00 5.000000000000e-03
8.052181877081e-01 2.722216305597e-01 5.000000000000e-03
5.649995420316e+00 1.611377170752e-01 5.000000000000e-03
7.289955463971e-01 1.535366357771e+00 5.000000000000e-03
4.506673781795e-01 3.004708767249e+00 5.000000000000e-03
4.083509281939e+00 3.851144723780e+00 5.000000000000e-03
6.058598195323e-01 3.286533376250e+00 5.000000000000e-03
5.082876718331e+00 2.612755423453e+00 5.000000000000e-03
3.963743882411e-01 3.186740000278e+00 5.000000000000e-03
2.527249913138e+00 5.079756215186e+00 -5.000000000000e-03
4.381315600217e+00 3.009927570638e+00 -5.000000000000e-03
3.560644699823e+00 3.820155918432e+00 -5.000000000000e-03
2.974494148833e+00 3.389624364047e-01 -5.000000000000e-03
3.777620592673e+00 5.734626080792e+00 -5.000000000000e-03
3.348336801550e+00 2.790859836073e+00 -5.000000000000e-03
3.617441948318e+00 4.253349286424e+00 -5.000000000000e-03
3.524213279610e+00 4.338175136306e+00 -5.000000000000e-03
2.031531883905e+00 3.663385828733e+00 -5.000000000000e-03
4.749136117561e+00 4.420029546075e+00 -5.000000000000e-03
5.386020661841e+00 4.934634201655e+00 -5.000000000000e-03
4.449076503565e+00 8.452356580253e-01 -5.000000000000e-03
4.772904588456e+00 5.402000991304e+00 -5.000000000000e-03
3.490450786633e+00 2.601525370561e+00 -5.000000000000e-03
4.644540709706e+00 1.140644574037e+00 -5.000000000000e-03
4.236961510996e+00 6.238390229993e+00 -5.000000000000e-03
3.623259726045e+00 5.890034088468e+00 -5.000000000000e-03
4.440092929997e+00 1.117642677761e+00 -5.000000000000e-03
4.580978978964e+00 6.227658298580e+00 -5.000000000000e-03
3.154572984118e+00 1.639286622344e+00 -5.000000000000e-03
2.435998439520e+00 5.107041357207e+00 -5.000000000000e-03
5.620297615469e+00 9.258511210486e-01 -5.000000000000e-03
1.991086513317e+00 1.003057018552e+00 -5.000000000000e-03
3.109611817202e+00 2.393338877932e+00 -5.000000000000e-03
3.737813468330e+00 5.452451357897e+00 -5.000000000000e-03
4.926501575502e+00 4.336261974091e+00 -5.000000000000e-03
4.191928607582e+00 2.053618750439e+00 -5.000000000000e-03
4.477718459712e+00 5.064963085393e+00 -5.000000000000e-03
9.814604364305e-01 1.427483690219e+00 -5.000000000000e-03
3.280007309605e+00 4.246585716822e+00 -5.000000000000e-03
5.519892202814e+00 5.678131725614e+00 -5.000000000000e-03
3.190291126266e+00 5.084241710550e+00 -5.000000000000e-03
4.063320771993e+00 6.270975090592e+00 -5.000000000000e-03
3.835255755765e+00 5.585250377913e+00 -5.000000000000e-03
3.726944697177e+00 1.486650846293e+00 -5.000000000000e-03
2.921484119532e+00 5.312362870404e+00 -5.000000000000e-03
3.708999898858e+00 5.533009837979e+00 -5.000000000000e-03
3.477630934324e+00 1.083812863562e-01 -5.000000000000e-03
7.263380171961e-01 1.267854293862e+00 -5.000000000000e-03
3.659215408959e+00 5.779571446097e+00 -5.000000000000e-03
2.383853297263e+00 7.620680732135e-01 -5.000000000000e-03
3.596670729197e+00 6.046070785588e+00 -5.000000000000e-03
3.759001916520e+00 5.877588299503e+00 -5.000000000000e-03
3.255999967065e+00 5.303731913118e+00 -5.000000000000e-03
1.909691771791e+00 2.455943417722e-01 -5.000000000000e-03
4.559484008982e-01 2.429492017192e+00 -5.000000000000e-03
2.774374315373e+00 2.201871006647e+00 -5.000000000000e-03
4.799830313682e+00 6.929961274242e-01 -5.000000000000e-03
4.367480655853e+00 4.255189133526e+00 -5.000000000000e-03
4.504985175690e+00 5.326081561133e+00 -5.000000000000e-03
3.618320813872e+00 5.754339607866e+00 -5.000000000000e-03
2.411045142818e+00 4.962788481041e+00 -5.000000000000e-03
4.037763733029e+00 5.754135558962e+00 -5.000000000000e-03
3.607418039381e+00 6.212248300307e+00 -5.000000000000e-03
3.132246204682e+00 9.609300071324e-02 -5.000000000000e-03
2.635766125453e+00 5.546113048317e+00 -5.000000000000e-03
3.532852222720e+00 5.868317683379e+00 -5.000000000000e-03
3.725197565002e+00 5.581386623247e+00 -5.000000000000e-03
4.130004980262e+00 3.605607657843e+00 -5.000000000000e-03
3.789912361864e+00 5.376740757800e+00 -5.000000000000e-03
3.326918564200e+00 5.353482128582e+00 -5.000000000000e-03
1.951800251931e+00 2.404581631791e+00 -5.000000000000e-03
3.080028186764e+00 4.348593246874e+00 -5.000000000000e-03
3.116018299668e+00 3.489470628028e-01 -5.000000000000e-03
2.964584651157e+00 2.868578600696e+00 -5.000000000000e-03
4.684160445973e+00 3.072357120973e+00 -5.000000000000e-03
4.621936023788e+00 5.517372992355e+00 -5.000000000000e-03
3.347601623434e+00 5.921932695118e+00 -5.000000000000e-03
3.178593592552e+00 2.430855730477e+00 -5.000000000000e-03
4.386823181837e+00 5.885181889835e+00 -5.000000000000e-03
3.119398362272e+00 4.827492510347e+00 -5.000000000000e-03
3.578052323034e+00 6.054962478059e+00 -5.000000000000e-03
2.948453435135e+00 4.914525654881e+00 -5.000000000000e-03
3.167591477833e+00 2.431558612341e+00 -5.000000000000e-03
2.034968687846e-01 5.905189270914e+00 -5.000000000000e-03
4.464049531912e+00 4.412683187525e+00 -5.000000000000e-03
3.281912392558e+00 5.672805317119e+00 -5.000000000000e-03
1.943477580053e+00 3.936646720648e+00 -5.000000000000e-03
2.851339660377e+00 5.075242116945e+00 -5.000000000000e-03
5.807128426476e+00 6.257975990265e+00 -5.000000000000e-03
3.978600572332e+00 5.213892050903e+00 -5.000000000000e-03
5.170977003364e+00 1.020029564597e+00 -5.000000000000e-03
4.315619934297e+00 1.516134409169e-01 -5.000000000000e-03
3.669377075308e+00 2.026923509883e-01 -5.000000000000e-03
3.411872477181e+00 5.376735750548e+00 -5.000000000000e-03
3.079784805712e+00 1.802373749127e-02 -5.000000000000e-03
2.881288134216e-01 5.727071571590e+00 -5.000000000000e-03
2.055630698736e+00 1.292459543030e+00 -5.000000000000e-03
3.766027306867e+00 2.402347822446e+00 -5.000000000000e-03
2.058457878803e+00 1.766701559915e+00 -5.000000000000e-03
4.122145768093e+00 2.686695061241e+00 -5.000000000000e-03
2.800116832799e+00 1.070063953872e+00 -5.000000000000e-03
2.956084746478e+00 9.438701246829e-01 -5.000000000000e-03
2.763240953166e+00 4.829394698010e+00 -5.000000000000e-03
5.603490647101e+00 1.059449973205e+00 -5.000000000000e-03
4.367939396320e+00 6.032063137891e+00 -5.000000000000e-03
3.741580536162e+00 1.049252546857e+00 -5.000000000000e-03
3.244049614986e+00 5.259102599127e+00 -5.000000000000e-03
3.931117074308e+00 6.517690646379e-01 -5.000000000000e-03
2.131896864975e+00 1.817470339904e+00 -5.000000000000e-03
