2.347645291547e+00 5.852953169352e+00 5.000000000000e-03
3.181913306297e+00 2.778246059830e+00 5.000000000000e-03
4.867843802416e+00 7.302607780685e-01 5.000000000000e-03
6.569399712257e-01 1.636392525511e+00 5.000000000000e-03
3.890951105267e+00 2.844322661126e+00 5.000000000000e-03
1.142900723110e+00 2.082991926791e+00 5.000000000000e-03
6.147544709278e+00 3.465571722713e+00 5.000000000000e-03
4.312625633481e+00 2.099472677542e+00 5.000000000000e-03
1.611931019592e+00 3.272670122913e+00 5.000000000000e-03
5.667256232299e+00 5.480238826768e+00 5.000000000000e-03
3.428166938322e+00 1.673389558444e+00 5.000000000000e-03
2.264665477231e+00 3.190530116380e+00 5.000000000000e-03
1.935499719771e+00 3.290540256151e+00 5.000000000000e-03
2.473102809343e+00 1.414879162521e+00 5.000000000000e-03
2.631685955674e+00 3.301163277510e-01 5.000000000000e-03
2.772689025433e+00 3.306022146163e+00 5.000000000000e-03
4.217542817833e+00 3.101875605989e+00 5.000000000000e-03
3.951658801469e+00 5.105098651157e+00 5.000000000000e-03
2.498896268282e+00 9.240320804995e-01 5.000000000000e-03
2.035334166101e+00 1.271560684256e+00 5.000000000000e-03
9.466703250480e-01 1.715689086975e+00 5.000000000000e-03
6.590814605725e-01 6.920849973407e-01 5.000000000000e-03
4.906373006262e+00 3.263459205326e+00 5.000000000000e-03
5.983170644345e+00 3.331829138032e+00 5.000000000000e-03
3.556794120894e+00 3.944176052755e+00 5.000000000000e-03
2.422461257579e+00 3.388212091557e+00 5.000000000000e-03
1.262265081100e+00 5.467998833886e-01 5.000000000000e-03
2.270164784111e+00 4.260750141702e+00 5.000000000000e-03
2.474473069324e+00 2.750047342569e+00 5.000000000000e-03
1.670487210776e+00 3.511604349955e+00 5.000000000000e-03
4.665994926535e-01 8.154239338393e-01 5.000000000000e-03
1.560483134261e+00 9.153081348749e-01 5.000000000000e-03
2.597373652102e+00 3.600432788471e+00 5.000000000000e-03
5.904716985804e+00 2.255901141290e+00 5.000000000000e-03
2.366808366132e+00 2.210748349076e+00 5.000000000000e-03
3.561181821272e+00 5.358529918137e+00 5.000000000000e-03
1.677132520867e+00 3.135597675168e+00 5.000000000000e-03
1.304973253804e+00 4.598839223062e+00 5.000000000000e-03
8.221864285280e-01 2.429050987450e+00 5.000000000000e-03
1.600791160810e+00 2.178990825712e+00 5.000000000000e-03
3.440019249803e+00 1.997892054044e+00 5.000000000000e-03
3.693604707466e+00 4.716026944339e+00 5.000000000000e-03
2.493036507321e+00 3.518543134204e+00 5.000000000000e-03
5.915864225203e+00 1.189009610589e+00 5.000000000000e-03
9.281873952006e-01 1.722041641394e+00 5.000000000000e-03
5.060773811615e+00 7.967725663155e-01 5.000000000000e-03
3.704886079631e+00 2.187378271171e+00 5.000000000000e-03
3.097807047712e+00 8.155703123511e-01 5.000000000000e-03
3.030733813842e+00 9.501229804323e-01 5.000000000000e-03
1.930154467190e+00 2.837815652516e+00 5.000000000000e-03
1.516535276650e+00 1.957134373794e+00 5.000000000000e-03
3.568186460514e+00 3.853219533406e+00 5.000000000000e-03
4.284843343389e+00 1.911178999056e+00 5.000000000000e-03
1.380110896271e+00 2.537609860452e+00 5.000000000000e-03
3.447956512454e+00 1.514738848208e+00 5.000000000000e-03
5.493126043869e+00 5.866096603056e+00 5.000000000000e-03
2.074071116061e+00 1.782923274235e+00 5.000000000000e-03
3.151736821324e+00 4.463069481277e-01 5.000000000000e-03
3.713552176417e-01 2.621323244169e+00 5.000000000000e-03
3.282124960074e+00 2.131662264968e+00 5.000000000000e-03
2.597543697824e+00 2.577503246033e+00 5.000000000000e-03
1.898273751989e+00 5.843326132935e+00 5.000000000000e-03
5.221982822440e+00 1.446838573148e+00 5.000000000000e-03
3.100918918759e+00 2.036085032749e+00 5.000000000000e-03
1.928530508419e+00 4.037408961115e+00 5.000000000000e-03
1.394911216583e+00 3.468291750007e+00 5.000000000000e-03
1.438164088676e+00 1.100635064590e+00 5.000000000000e-03
3.313217176428e+00 3.830510999096e+00 5.000000000000e-03
1.930069268560e+00 3.152322518410e+00 5.000000000000e-03
2.622055574523e+00 4.114951607072e+00 5.000000000000e-03
1.588888723217e+00 2.147714308602e+00 5.000000000000e-03
5.984503021462e+00 5.124015846294e+00 5.000000000000e-03
1.667290419872e+00 3.097654674628e+00 5.000000000000e-03
9.810331664085e-01 3.822852003242e+00 5.000000000000e-03
2.907568574975e+00 6.007219429453e+00 5.000000000000e-03
2.846482815502e+00 1.365768007849e+00 5.000000000000e-03
2.263844203775e+00 3.320635676748e+00 5.000000000000e-03
1.582023782414e+00 2.821123515003e+00 5.000000000000e-03
4.769795610302e+00 5.008775841722e-01 5.000000000000e-03
5.218511339005e+00 2.544697753692e+00 5.000000000000e-03
2.869984531079e+00 4.483060891077e-01 5.000000000000e-03
2.339952982548e+00 3.415235506558e+00 5.000000000000e-03
5.902127610056e+00 8.317381332665e-01 5.000000000000e-03
9.877797045418e-01 8.009591530981e-01 5.000000000000e-03
2.658469955278e+00 5.476640277321e+00 5.000000000000e-03
9.904596558421e-01 3.315676238078e+00 5.000000000000e-03
5.145619488524e+00 2.563329904642e+00 5.000000000000e-03
4.210179396062e-01 6.064669111441e+00 5.000000000000e-03
5.957349795162e+00 4.108755721022e+00 5.000000000000e-03
4.246014182285e+00 4.891563091033e-01 5.000000000000e-03
5.152063483991e+00 3.545614990823e+00 5.000000000000e-03
2.214502960894e+00 1.274995980812e+00 5.000000000000e-03
6.508175098231e-01 2.230199622316e+00 5.000000000000e-03
3.254275807278e+00 1.934696958907e+00 5.000000000000e-03
6.984148466422e-01 5.309308915963e-01 5.000000000000e-03
5.350648554349e-01 8.248735482901e-01 5.000000000000e-03
4.384457553718e+00 3.887180604921e+00 5.000000000000e-03
2.190740817297e+00 3.477273427917e+00 5.000000000000e-03
3.742446752219e+00 3.879193174506e+00 5.000000000000e-03
4.762262477662e+00 5.749105610241e+00 5.000000000000e-03
5.897222128963e+00 3.107383064787e+00 -5.000000000000e-03
5.001044181596e+00 2.319647248795e+00 -5.000000000000e-03
5.457752462899e+00 2.852797601005e-01 -5.000000000000e-03
5.469733836850e+00 5.825538261843e-01 -5.000000000000e-03
7.249675246608e-02 5.472806521391e+00 -5.000000000000e-03
6.262843378160e+00 2.868127325961e+00 -5.000000000000e-03
5.030036530998e+00 5.449490455695e+00 -5.000000000000e-03
6.938528173268e-01 5.046611258754e+00 -5.000000000000e-03
5.038756368172e+00 2.748789128661e+00 -5.000000000000e-03
4.958219721350e+00 5.154258175405e+00 -5.000000000000e-03
4.250099881430e+00 4.897692857616e+00 -5.000000000000e-03
2.355456871642e-01 1.574843542383e-01 -5.000000000000e-03
5.120793058311e+00 5.342662798787e+00 -5.000000000000e-03
6.449330871000e-01 4.716912082960e+00 -5.000000000000e-03
2.697942768530e-01 3.106258332209e+00 -5.000000000000e-03
6.394093128602e-01 5.443987141886e+00 -5.000000000000e-03
9.930170412902e-02 3.176524932787e+00 -5.000000000000e-03
2.269258286468e-01 5.546515306684e+00 -5.000000000000e-03
1.239016761431e+00 3.934872683481e+00 -5.000000000000e-03
4.688551890956e+00 4.794261395086e+00 -5.000000000000e-03
4.896051967606e+00 5.383312176111e+00 -5.000000000000e-03
1.435750265364e+00 1.880218965327e-02 -5.000000000000e-03
6.128480957130e+00 5.075708802566e+00 -5.000000000000e-03
5.159660736022e+00 5.186579140816e+00 -5.000000000000e-03
5.463903170858e+00 4.887506481201e+00 -5.000000000000e-03
3.213968249915e+00 4.523736316385e+00 -5.000000000000e-03
5.770421587645e-01 3.068964529254e+00 -5.000000000000e-03
5.713667858026e+00 2.528569710114e+00 -5.000000000000e-03
2.083632350824e+00 4.016176410328e+00 -5.000000000000e-03
4.764080244617e+00 4.851486407067e+00 -5.000000000000e-03
7.613060638961e-01 4.926438310707e+00 -5.000000000000e-03
6.088817494657e-01 5.051048096429e+00 -5.000000000000e-03
3.480216963589e+00 2.591566797181e+00 -5.000000000000e-03
4.835973833948e+00 4.707293241150e+00 -5.000000000000e-03
5.124345976092e+00 4.877304901642e+00 -5.000000000000e-03
9.633023285883e-02 2.893865820943e+00 -5.000000000000e-03
4.949869805217e+00 4.903821521837e+00 -5.000000000000e-03
7.628777842988e-01 2.003543603104e+00 -5.000000000000e-03
4.930593828051e+00 5.089747029683e+00 -5.000000000000e-03
1.489866633566e-01 3.610600991970e+00 -5.000000000000e-03
3.357745628391e+00 5.756137026504e+00 -5.000000000000e-03
5.079937468873e-01 2.095929671695e+00 -5.000000000000e-03
6.256606728049e+00 1.474412581816e+00 -5.000000000000e-03
5.640837900746e+00 3.861543201497e-01 -5.000000000000e-03
4.989496891725e+00 4.620010390031e+00 -5.000000000000e-03
5.137380281236e+00 4.544757183103e+00 -5.000000000000e-03
7.048099770426e-01 5.801224398162e+00 -5.000000000000e-03
5.666951386189e+00 2.323190191009e+00 -5.000000000000e-03
3.866766641872e+00 5.500067249145e+00 -5.000000000000e-03
5.443746373073e+00 1.735586578456e+00 -5.000000000000e-03
4.154976124783e+00 5.441697830584e+00 -5.000000000000e-03
3.870934565542e+00 9.266055776614e-01 -5.000000000000e-03
2.452573473114e+00 2.724753560385e-01 -5.000000000000e-03
5.779659269087e+00 2.766731154488e+00 -5.000000000000e-03
4.526218331800e+00 4.225395129274e+00 -5.000000000000e-03
4.884088095956e+00 2.343642054043e+00 -5.000000000000e-03
1.179901477122e+00 5.212706898282e+00 -5.000000000000e-03
5.881244009705e+00 4.885583997518e-01 -5.000000000000e-03
5.972040692781e+00 4.572800282010e-01 -5.000000000000e-03
3.370652236298e-01 5.310684491404e+00 -5.000000000000e-03
6.016581755683e+00 4.485761106978e+00 -5.000000000000e-03
6.087310237710e+00 6.194412401294e-02 -5.000000000000e-03
7.049158194186e-01 5.915669782609e+00 -5.000000000000e-03
4.453014882060e+00 4.604373892362e+00 -5.000000000000e-03
4.335762779448e+00 5.135340118171e+00 -5.000000000000e-03
1.052011631167e+00 4.088743792638e+00 -5.000000000000e-03
5.422183774052e+00 4.642414785077e+00 -5.000000000000e-03
1.828361218653e+00 2.105510948664e+00 -5.000000000000e-03
5.118117706282e+00 5.199239651233e+00 -5.000000000000e-03
5.391673303651e+00 6.220183520290e+00 -5.000000000000e-03
5.143430396086e+00 2.111937367897e+00 -5.000000000000e-03
6.123884386379e+00 1.721775248268e+00 -5.000000000000e-03
5.697848470940e+00 6.411989187372e-01 -5.000000000000e-03
3.400978932942e+00 3.470929159376e+00 -5.000000000000e-03
1.114939390791e+00 4.892842091009e+00 -5.000000000000e-03
2.639862803162e+00 4.590053591258e+00 -5.000000000000e-03
4.022373684549e+00 5.561704347369e+00 -5.000000000000e-03
4.502276624644e+00 1.879743112538e-01 -5.000000000000e-03
5.569357775651e+00 5.545184976680e-01 -5.000000000000e-03
4.825923961578e+00 4.576605651960e+00 -5.000000000000e-03
5.573184580911e+00 1.326256985628e+00 -5.000000000000e-03
4.184673497966e+00 4.053983312876e+00 -5.000000000000e-03
3.800013087632e-01 1.134257715401e+00 -5.000000000000e-03
5.423922215745e+00 2.675681490116e-01 -5.000000000000e-03
6.278047373371e+00 2.146320763732e+00 -5.000000000000e-03
1.312946000551e+00 2.903840331121e-01 -5.000000000000e-03
6.034397219756e+00 4.644153791215e+00 -5.000000000000e-03
5.669138999891e+00 4.503158171926e+00 -5.000000000000e-03
2.853045763260e+00 2.766305109669e+00 -5.000000000000e-03
5.201681476432e+00 4.628102541003e+00 -5.000000000000e-03
5.669826439976e+00 8.959687547920e-01 -5.000000000000e-03
2.217835622463e-02 5.328629475859e+00 -5.000000000000e-03
9.870697337433e-01 4.702829402530e+00 -5.000000000000e-03
3.135876031329e-01 5.995011810192e-01 -5.000000000000e-03
3.811626559212e+00 8.551667708602e-01 -5.000000000000e-03
2.813542656095e+00 2.756008618215e+00 -5.000000000000e-03
4.692392255195e+00 1.293765926926e+00 -5.000000000000e-03
1.397160162174e-01 2.373314992570e+00 -5.000000000000e-03
4.479344339816e+00 2.307878445312e+00 -5.000000000000e-03
5.123677802136e+00 5.971046031656e+00 -5.000000000000e-03
