5.130924574981e+00 1.153481400489e+00 5.000000000000e-03
5.012808255347e-01 1.341889097024e+00 5.000000000000e-03
1.891835307857e+00 5.358136590224e+00 5.000000000000e-03
5.025234139350e+00 1.266826367384e+00 5.000000000000e-03
3.461860831809e-01 5.116658020252e-01 5.000000000000e-03
5.353160909741e+00 1.035212812586e+00 5.000000000000e-03
1.262970681938e+00 7.297557920112e-01 5.000000000000e-03
1.591107740437e-01 4.729093032080e+00 5.000000000000e-03
4.723038133892e+00 1.457083176373e+00 5.000000000000e-03
2.262223535894e+00 4.526164770599e-01 5.000000000000e-03
5.597250497217e+00 2.695756319445e+00 5.000000000000e-03
5.868001403257e+00 4.959755721217e+00 5.000000000000e-03
5.457339344328e+00 5.220820466991e+00 5.000000000000e-03
5.920233782572e+00 3.130471022059e+00 5.000000000000e-03
4.616444174655e-01 4.404825290110e-01 5.000000000000e-03
5.054862825731e-01 5.691045710843e+00 5.000000000000e-03
4.838366397519e+00 3.630860586794e+00 5.000000000000e-03
5.928783085033e+00 5.941812440818e+00 5.000000000000e-03
4.596156911126e+00 4.039654066887e+00 5.000000000000e-03
5.601798649925e+00 1.680384940726e+00 5.000000000000e-03
4.729092683476e+00 5.635129201754e+00 5.000000000000e-03
2.570310982618e-01 4.072048507843e+00 5.000000000000e-03
7.735324564471e-02 5.642507265030e+00 5.000000000000e-03
1.091906799463e+00 2.657147316812e+00 5.000000000000e-03
5.993004125507e+00 2.428112686726e+00 5.000000000000e-03
6.214216660726e+00 2.704035934736e+00 5.000000000000e-03
2.838435097314e-01 2.291986303317e-02 5.000000000000e-03
3.475087167717e-01 7.958172147464e-01 5.000000000000e-03
3.484184233318e+00 5.455472905371e+00 5.000000000000e-03
5.523125369289e+00 3.472235110178e+00 5.000000000000e-03
8.999267138705e-01 6.294467660506e-01 5.000000000000e-03
2.896883825079e-01 7.480626487140e-01 5.000000000000e-03
1.116102001516e+00 2.847150190762e+00 5.000000000000e-03
1.419714621212e+00 3.752886992578e+00 5.000000000000e-03
1.938170558339e+00 4.635709096373e+00 5.000000000000e-03
1.100410635490e+00 3.515432404980e+00 5.000000000000e-03
2.540823540696e+00 5.697694939792e+00 5.000000000000e-03
5.619957835305e+00 6.183867159918e+00 5.000000000000e-03
5.804700185364e+00 2.517547547324e-01 5.000000000000e-03
5.706904150610e+00 5.388631233970e+00 5.000000000000e-03
9.113298031845e-01 2.282834315551e-01 5.000000000000e-03
5.075896513431e+00 5.730228129799e+00 5.000000000000e-03
9.245281686438e-01 6.249174367253e+00 5.000000000000e-03
2.557486892737e+00 9.156355640120e-01 5.000000000000e-03
2.674055874727e+00 8.621415065725e-01 5.000000000000e-03
1.873909304022e-01 4.633957477100e+00 5.000000000000e-03
1.974690822933e+00 2.884063460616e-01 5.000000000000e-03
4.314018169110e-01 7.564715422422e-01 5.000000000000e-03
6.199231772292e+00 2.096967218105e+00 5.000000000000e-03
5.491664270037e+00 3.548899932337e+00 5.000000000000e-03
2.143551458572e+00 4.288198373563e+00 5.000000000000e-03
5.516804091513e+00 1.530354642071e-01 5.000000000000e-03
5.939259415201e+00 5.627858441379e+00 5.000000000000e-03
1.286233239242e+00 3.432460164649e+00 5.000000000000e-03
5.974592169306e+00 4.813433136614e+00 5.000000000000e-03
7.322609354095e-01 1.380200188388e+00 5.000000000000e-03
1.839661015570e-01 6.121866114487e+00 5.000000000000e-03
5.918637293617e+00 5.361045088614e+00 5.000000000000e-03
5.912036908427e+00 4.305472647678e+00 5.000000000000e-03
4.067571520124e+00 3.765657268150e+00 5.000000000000e-03
5.291876013101e+00 1.728800101075e+00 5.000000000000e-03
4.671396792508e+00 3.094929516092e+00 5.000000000000e-03
5.998866520714e+00 5.485219414087e+00 5.000000000000e-03
6.275669856011e-01 6.151629841993e-01 5.000000000000e-03
8.768462669622e-02 4.471101455005e+00 5.000000000000e-03
3.631292077067e+00 5.046887290117e+00 5.000000000000e-03
3.260398391129e+00 1.293958520184e+00 5.000000000000e-03
1.965478145908e+00 3.405957436202e+00 5.000000000000e-03
5.868316050306e+00 3.462865393992e-01 5.000000000000e-03
9.511503674828e-01 3.295262987429e+00 5.000000000000e-03
1.193789182018e+00 4.796511266223e+00 5.000000000000e-03
4.549411266634e+00 1.953883938497e+00 5.000000000000e-03
2.478100817553e-01 4.641559605978e+00 5.000000000000e-03
6.134427180748e+00 5.606374447966e+00 5.000000000000e-03
2.061236263671e+00 5.545117158875e+00 5.000000000000e-03
1.456635661854e+00 4.125088751051e+00 5.000000000000e-03
3.801173411900e+00 6.235343592238e+00 5.000000000000e-03
2.907642132368e+00 5.936740513044e+00 5.000000000000e-03
4.231035594573e-01 4.198038211857e-01 5.000000000000e-03
4.377300371397e+00 4.544564496232e+00 5.000000000000e-03
5.416097764973e+00 4.684800501957e+00 5.000000000000e-03
1.257382155864e+00 2.684688841503e+00 5.000000000000e-03
5.943653217469e+00 5.509066758309e+00 5.000000000000e-03
6.031065709325e+00 1.935888617067e+00 5.000000000000e-03
4.725890752050e+00 2.311583527534e-01 5.000000000000e-03
5.926378797116e+00 5.919050045892e+00 5.000000000000e-03
2.564292585806e+00 3.420242510392e-01 5.000000000000e-03
5.856745418495e+00 3.182668199078e+00 5.000000000000e-03
9.369528160906e-01 1.356116540439e+00 5.000000000000e-03
1.349837557936e-01 5.522979084565e+00 5.000000000000e-03
5.866036789851e+00 5.664936149235e+00 5.000000000000e-03
1.684816235339e-01 6.309797504209e-01 5.000000000000e-03
5.835013024074e+00 5.318643301344e+00 5.000000000000e-03
2.250570974118e-01 3.815584680055e-02 5.000000000000e-03
5.538407636627e+00 5.865297346100e+00 5.000000000000e-03
5.617978225392e+00 2.407893837732e+00 5.000000000000e-03
5.500595762890e+00 4.923719941673e+00 5.000000000000e-03
6.177764935742e+00 4.956804206194e+00 5.000000000000e-03
1.851907263038e-01 3.910055546390e+00 5.000000000000e-03
4.951446139065e-01 1.265336089342e+00 5.000000000000e-03
1.952339471923e+00 1.679844225773e+00 -5.000000000000e-03
3.500693795616e+00 1.684021290419e+00 -5.000000000000e-03
3.069301651783e+00 2.795118806367e+00 -5.000000000000e-03
4.456776282091e+00 6.097205186660e+00 -5.000000000000e-03
3.423964139136e+00 6.502462652386e-01 -5.000000000000e-03
3.322963424046e+00 5.676050422090e+00 -5.000000000000e-03
1.417713354274e+00 1.602201761828e+00 -5.000000000000e-03
3.259707773317e+00 5.829189348705e+00 -5.000000000000e-03
3.464187331834e+00 2.840924205998e+00 -5.000000000000e-03
4.390327300712e+00 1.341401056243e+00 -5.000000000000e-03
3.280252179115e+00 2.397401625989e+00 -5.000000000000e-03
3.044758241261e-01 1.614816112166e+00 -5.000000000000e-03
3.856191050171e+00 3.173235876376e+00 -5.000000000000e-03
2.679197157419e+00 2.902338785999e-01 -5.000000000000e-03
3.577427470537e+00 3.765560265465e+00 -5.000000000000e-03
6.383503579214e-01 3.589171413300e+00 -5.000000000000e-03
3.183507232711e+00 3.260309749375e+00 -5.000000000000e-03
4.985218277554e+00 2.113804424984e+00 -5.000000000000e-03
1.553664161137e-01 2.115883410624e+00 -5.000000000000e-03
3.009035022016e+00 5.906061617872e-01 -5.000000000000e-03
1.661061844804e+00 3.640907930412e+00 -5.000000000000e-03
2.721840645424e+00 1.918562702230e+00 -5.000000000000e-03
3.250766356829e+00 4.952207897420e+00 -5.000000000000e-03
2.006228018940e+00 3.947624210248e+00 -5.000000000000e-03
6.098740978121e+00 4.262209209241e+00 -5.000000000000e-03
3.325578820399e+00 2.549746931502e+00 -5.000000000000e-03
1.514681359858e+00 3.209908608539e-01 -5.000000000000e-03
5.741194187249e+00 1.894344151900e+00 -5.000000000000e-03
2.976505348327e+00 2.233207562059e+00 -5.000000000000e-03
3.293903026463e+00 3.295781302480e+00 -5.000000000000e-03
2.643139838049e+00 1.799004400257e+00 -5.000000000000e-03
2.309359389542e+00 4.474203335167e+00 -5.000000000000e-03
6.259986824104e+00 1.378542685671e+00 -5.000000000000e-03
2.980716271492e+00 2.331832338804e+00 -5.000000000000e-03
3.485793285667e+00 3.971202824702e+00 -5.000000000000e-03
4.105289807815e+00 2.836557849594e-01 -5.000000000000e-03
1.821805097024e+00 2.009417255007e+00 -5.000000000000e-03
2.064919024460e+00 2.338634653024e+00 -5.000000000000e-03
4.198334953757e-01 2.921596762842e+00 -5.000000000000e-03
1.548926988813e+00 3.050118908612e+00 -5.000000000000e-03
5.033418977848e+00 4.451740655301e+00 -5.000000000000e-03
5.932257835084e+00 5.120722431876e+00 -5.000000000000e-03
2.954700065829e+00 5.447536847728e+00 -5.000000000000e-03
3.596855687939e+00 3.671543645520e+00 -5.000000000000e-03
1.316674816980e+00 5.880588998584e+00 -5.000000000000e-03
4.570769574078e+00 5.939594745773e+00 -5.000000000000e-03
3.013209678073e+00 5.178926324978e+00 -5.000000000000e-03
1.296996044509e-01 3.368660148865e+00 -5.000000000000e-03
1.660172947727e+00 1.579489722930e+00 -5.000000000000e-03
2.393129487641e+00 5.541351424117e+00 -5.000000000000e-03
3.635021886046e+00 6.201012420197e+00 -5.000000000000e-03
2.526378142352e+00 2.722029679519e+00 -5.000000000000e-03
3.471319820639e+00 1.464951456487e+00 -5.000000000000e-03
2.197312663654e-01 1.434765266785e+00 -5.000000000000e-03
2.270069201103e+00 1.610704142393e+00 -5.000000000000e-03
1.724703181329e+00 4.034811480518e+00 -5.000000000000e-03
9.807940060100e-01 7.542949306649e-01 -5.000000000000e-03
2.478951802800e+00 3.909798985221e+00 -5.000000000000e-03
2.959657026406e+00 2.515821269515e+00 -5.000000000000e-03
3.720006866494e+00 4.123616227183e+00 -5.000000000000e-03
3.075739259304e+00 2.154755678771e+00 -5.000000000000e-03
3.397939441512e+00 3.336163581980e+00 -5.000000000000e-03
3.172541022179e+00 3.972075443279e+00 -5.000000000000e-03
3.129882457030e+00 6.845751954220e-01 -5.000000000000e-03
1.195738408935e+00 6.180134955352e+00 -5.000000000000e-03
3.590954715675e+00 8.765433478759e-01 -5.000000000000e-03
3.290235744342e+00 3.424744477695e+00 -5.000000000000e-03
4.933512151111e+00 1.952738725845e+00 -5.000000000000e-03
2.988866423130e+00 1.223932727693e+00 -5.000000000000e-03
4.762524343544e+00 6.738264129987e-01 -5.000000000000e-03
3.408273170378e+00 1.883962288997e+00 -5.000000000000e-03
3.604632522770e+00 5.899263970970e-01 -5.000000000000e-03
3.446376650882e+00 3.222521597188e+00 -5.000000000000e-03
1.026362327269e+00 5.946651009086e+00 -5.000000000000e-03
1.383480398532e+00 6.192427590258e+00 -5.000000000000e-03
3.970786945409e+00 1.237378782438e+00 -5.000000000000e-03
4.537664278028e+00 5.425204736082e+00 -5.000000000000e-03
3.609962231100e+00 1.685658928896e+00 -5.000000000000e-03
5.629554378629e+00 1.937748973323e+00 -5.000000000000e-03
3.471000217478e+00 3.178238803572e+00 -5.000000000000e-03
3.972223632550e+00 2.631155756926e+00 -5.000000000000e-03
3.722923896173e+00 4.333746925194e+00 -5.000000000000e-03
3.097706390499e+00 4.091476725958e+00 -5.000000000000e-03
3.017033620970e+00 1.727317172194e+00 -5.000000000000e-03
2.992543179400e+00 3.942784760156e+00 -5.000000000000e-03
3.108153954980e+00 3.160048871905e+00 -5.000000000000e-03
4.355777506117e+00 9.117270194491e-02 -5.000000000000e-03
3.116921038234e+00 5.283017916622e-01 -5.000000000000e-03
2.918143636986e+00 2.922751621699e+00 -5.000000000000e-03
3.239030318721e+00 2.382946568581e+00 -5.000000000000e-03
2.309892591858e+00 2.007397221205e+00 -5.000000000000e-03
1.110558385102e+00 5.193349782706e+00 -5.000000000000e-03
1.196570099375e+00 4.530773116518e+00 -5.000000000000e-03
3.234431360972e+00 5.766105324337e+00 -5.000000000000e-03
4.852786514968e-01 5.028154698686e+00 -5.000000000000e-03
4.843159003987e+00 1.243524085522e+00 -5.000000000000e-03
4.022876804863e+00 3.502833053242e+00 -5.000000000000e-03
4.625365080831e+00 5.971973433400e+00 -5.000000000000e-03
3.915335713768e+00 5.431489685144e+00 -5.000000000000e-03
3.912326023054e+00 6.101399542263e+00 -5.000000000000e-03
