2.339458278250e+00 4.467273137955e+00 5.000000000000e-03
2.638431186951e+00 2.673990885904e+00 5.000000000000e-03
6.180626402107e+00 4.401700300233e+00 5.000000000000e-03
3.543492737520e+00 1.403349803596e+00 5.000000000000e-03
2.112886037768e+00 4.960966905240e+00 5.000000000000e-03
1.594298344941e+00 2.249207214593e+00 5.000000000000e-03
3.475096112523e+00 4.449077657428e+00 5.000000000000e-03
2.065932311951e+00 3.323824606871e+00 5.000000000000e-03
1.659380208097e-01 1.040114560300e+00 5.000000000000e-03
1.028814518046e+00 1.180310138115e+00 5.000000000000e-03
3.047960238819e+00 1.228166473189e+00 5.000000000000e-03
2.249391530294e+00 2.855839969728e+00 5.000000000000e-03
2.503294932075e+00 4.348986164891e+00 5.000000000000e-03
4.878639345602e+00 5.027964977665e+00 5.000000000000e-03
2.778026787242e+00 4.470274283739e+00 5.000000000000e-03
1.513312748713e+00 5.755004181113e+00 5.000000000000e-03
5.874331216679e+00 4.844505084659e+00 5.000000000000e-03
1.997833464358e+00 4.247111302493e+00 5.000000000000e-03
2.309784304510e+00 4.358285841636e+00 5.000000000000e-03
3.945942781223e+00 3.972361344021e+00 5.000000000000e-03
2.404301297826e+00 3.694950775544e+00 5.000000000000e-03
3.324595927242e+00 3.152807603196e+00 5.000000000000e-03
4.013290817627e+00 3.879828983353e+00 5.000000000000e-03
2.513373928289e+00 3.139533805050e+00 5.000000000000e-03
2.811815521867e+00 3.483569524204e+00 5.000000000000e-03
4.568015758827e+00 1.820611142860e+00 5.000000000000e-03
1.602768159530e+00 3.740063830398e+00 5.000000000000e-03
5.580090010881e-01 1.451500865775e+00 5.000000000000e-03
2.574519604225e+00 4.048409242435e+00 5.000000000000e-03
4.704499964225e+00 4.842812846182e+00 5.000000000000e-03
1.002908905367e+00 2.394002487053e+00 5.000000000000e-03
2.023940337825e+00 4.233838252579e+00 5.000000000000e-03
2.754735376167e+00 3.902345652789e-01 5.000000000000e-03
7.564547493582e-01 5.416517109946e+00 5.000000000000e-03
4.926430287744e+00 3.990044146506e+00 5.000000000000e-03
1.592969343992e+00 2.223486900399e+00 5.000000000000e-03
4.069177013286e+00 1.087827937391e+00 5.000000000000e-03
5.894598404110e+00 2.803387909984e+00 5.000000000000e-03
1.928231253775e-01 4.043264215569e+00 5.000000000000e-03
1.945164859668e+00 6.074830820429e+00 5.000000000000e-03
8.257322019900e-01 2.983640977726e+00 5.000000000000e-03
3.657257524091e-01 3.840751268523e+00 5.000000000000e-03
3.082302962057e+00 3.280193293812e+00 5.000000000000e-03
2.523234534373e+00 4.536332716883e+00 5.000000000000e-03
2.066556526901e+00 4.189999635444e+00 5.000000000000e-03
3.248074844268e+00 2.812623854729e+00 5.000000000000e-03
3.697406168241e+00 3.374424033713e+00 5.000000000000e-03
5.203471733165e+00 4.726728167405e+00 5.000000000000e-03
5.797488199248e-01 6.049138683493e+00 5.000000000000e-03
6.010854293285e+00 4.237868725354e+00 5.000000000000e-03
2.650311396432e+00 4.788280319059e+00 5.000000000000e-03
2.604901847717e+00 4.696654739497e+00 5.000000000000e-03
3.105391818715e+00 1.767360173543e+00 5.000000000000e-03
3.392398934365e+00 4.424019449637e+00 5.000000000000e-03
5.214382485092e+00 5.180270141833e-01 5.000000000000e-03
2.259979907724e+00 3.425241974383e+00 5.000000000000e-03
1.532500877988e+00 3.952328648113e+00 5.000000000000e-03
4.849290464737e+00 1.597787135818e+00 5.000000000000e-03
2.211871337389e+00 4.358524293165e+00 5.000000000000e-03
1.479819171149e+00 8.765313603292e-02 5.000000000000e-03
6.222387595315e+00 8.816288244304e-01 5.000000000000e-03
1.360502603073e+00 2.128010027373e+00 5.000000000000e-03
4.945380112557e+00 3.970456494468e+00 5.000000000000e-03
3.548837378243e+00 4.485408996774e+00 5.000000000000e-03
3.030423934346e+00 4.017079638515e+00 5.000000000000e-03
4.930204635915e-01 4.192090776930e+00 5.000000000000e-03
2.122238799652e-01 3.567394159190e+00 5.000000000000e-03
3.460226265257e+00 4.197856751186e+00 5.000000000000e-03
3.736363505029e+00 3.610056590739e+00 5.000000000000e-03
4.889136400829e+00 4.727992665464e-01 5.000000000000e-03
1.969558792361e+00 6.052411447924e+00 5.000000000000e-03
4.666916159258e-01 4.539385701458e+00 5.000000000000e-03
1.734440268891e+00 4.196083588524e+00 5.000000000000e-03
3.564450224707e+00 3.927352765655e+00 5.000000000000e-03
3.501298915009e+00 1.183908829802e-01 5.000000000000e-03
2.520402051286e+00 4.382828844417e+00 5.000000000000e-03
1.089001003432e+00 8.006836616567e-01 5.000000000000e-03
1.516910032249e+00 4.259527097849e+00 5.000000000000e-03
2.487109241015e+00 4.295813041021e+00 5.000000000000e-03
2.012760101700e+00 3.124805298582e+00 5.000000000000e-03
2.706945276945e+00 1.485412606696e+00 5.000000000000e-03
1.213801527782e+00 3.178094033887e+00 5.000000000000e-03
5.456339508496e+00 4.695092339397e+00 5.000000000000e-03
1.240517597224e+00 4.085118145677e+00 5.000000000000e-03
6.084747366838e+00 3.042179380711e+00 5.000000000000e-03
5.370065848443e+00 4.350599087833e+00 5.000000000000e-03
3.781042872891e+00 3.694083217251e+00 5.000000000000e-03
3.232047528468e+00 3.032705190659e+00 5.000000000000e-03
1.991098915656e+00 4.558406540792e+00 5.000000000000e-03
4.827744155781e+00 4.960908008069e+00 5.000000000000e-03
5.515759492286e+00 4.970109512624e+00 5.000000000000e-03
2.805908417184e+00 3.434296327396e+00 5.000000000000e-03
2.657211407047e+00 1.594698271100e+00 5.000000000000e-03
1.381234657575e+00 2.047873773270e+00 5.000000000000e-03
2.027654567099e+00 4.620219474167e+00 5.000000000000e-03
1.042902373559e+00 3.820068142905e+00 5.000000000000e-03
1.090910571141e-01 3.568237029476e+00 5.000000000000e-03
1.464702376057e+00 5.070518351533e+00 5.000000000000e-03
3.795921975794e+00 2.341950014672e+00 5.000000000000e-03
4.644021218711e+00 4.967995144758e+00 5.000000000000e-03
6.120538370079e+00 5.518264757271e+00 -5.000000000000e-03
5.557848501941e+00 5.798015246919e+00 -5.000000000000e-03
3.721893024468e+00 1.070834905872e-01 -5.000000000000e-03
3.934673827251e+00 6.234433376400e+00 -5.000000000000e-03
2.111796604294e+00 5.212454639094e+00 -5.000000000000e-03
2.807347753103e+00 5.044040666414e+00 -5.000000000000e-03
6.277689878191e-01 5.581677623493e+00 -5.000000000000e-03
4.127324693803e+00 2.620460715202e+00 -5.000000000000e-03
6.094181952561e+00 1.585019278402e-01 -5.000000000000e-03
5.253204352162e+00 3.184396821689e+00 -5.000000000000e-03
5.494706070970e+00 1.223498721584e+00 -5.000000000000e-03
5.904881037200e+00 6.111675704234e+00 -5.000000000000e-03
3.186130778053e-01 4.613482876118e+00 -5.000000000000e-03
4.598923418546e+00 5.403152229182e+00 -5.000000000000e-03
6.068283675192e+00 6.230570250749e+00 -5.000000000000e-03
4.692154569098e+00 3.451786878167e+00 -5.000000000000e-03
2.242284095834e+00 5.212440860309e+00 -5.000000000000e-03
4.265098668595e+00 1.224209330520e+00 -5.000000000000e-03
6.060584951855e+00 7.545450767837e-01 -5.000000000000e-03
6.154434713165e+00 4.190631984731e-01 -5.000000000000e-03
1.529381884404e+00 2.408972462108e+00 -5.000000000000e-03
5.886712308359e+00 5.376451556923e+00 -5.000000000000e-03
5.204640654584e-01 3.030746638709e+00 -5.000000000000e-03
6.242867222614e+00 5.596365589587e+00 -5.000000000000e-03
1.269943802575e+00 5.653047516208e+00 -5.000000000000e-03
5.821437885302e+00 3.952172123641e+00 -5.000000000000e-03
5.080560269312e+00 1.531885026272e+00 -5.000000000000e-03
9.738582682499e-01 3.347956208988e+00 -5.000000000000e-03
6.030457472529e+00 5.930218657034e+00 -5.000000000000e-03
3.590768499292e+00 5.190580059936e+00 -5.000000000000e-03
6.272524582953e+00 5.161498831775e+00 -5.000000000000e-03
2.048136169639e-01 4.446059425783e+00 -5.000000000000e-03
4.013708445724e+00 2.083851445874e+00 -5.000000000000e-03
4.290015304970e+00 1.332126392963e-01 -5.000000000000e-03
7.452171563426e-01 3.809478716779e+00 -5.000000000000e-03
2.602436609753e+00 6.208507954485e+00 -5.000000000000e-03
5.299987218517e+00 2.584643801621e+00 -5.000000000000e-03
6.673137647983e-01 1.252460688125e+00 -5.000000000000e-03
6.144701414319e+00 6.196159554807e+00 -5.000000000000e-03
5.773591150502e+00 5.622995134556e+00 -5.000000000000e-03
3.943411216012e-01 3.164415315924e+00 -5.000000000000e-03
4.602258486035e+00 1.027741911175e+00 -5.000000000000e-03
5.755461711449e+00 5.727180842854e+00 -5.000000000000e-03
2.580698476798e+00 1.839761230193e+00 -5.000000000000e-03
4.930412765180e+00 5.842346740572e+00 -5.000000000000e-03
2.781727126108e+00 2.059454040374e+00 -5.000000000000e-03
3.562945248706e-01 3.414104711944e-01 -5.000000000000e-03
4.309898459078e+00 6.134356423905e+00 -5.000000000000e-03
5.179935920063e+00 8.865707710595e-01 -5.000000000000e-03
5.775185542992e+00 1.102412582808e+00 -5.000000000000e-03
5.196423853073e+00 5.831999202323e+00 -5.000000000000e-03
5.698451299776e+00 6.145604056589e+00 -5.000000000000e-03
5.454417786848e+00 5.205860866918e+00 -5.000000000000e-03
1.819087548763e-01 2.091883651031e+00 -5.000000000000e-03
5.935471647955e+00 3.922885292909e-02 -5.000000000000e-03
6.189797074820e-01 5.472681872688e+00 -5.000000000000e-03
2.017125088432e-01 5.562929952895e+00 -5.000000000000e-03
1.389082997962e-01 1.756932562303e+00 -5.000000000000e-03
1.685162189463e+00 4.756753901099e-02 -5.000000000000e-03
5.046725571605e+00 5.544391785246e+00 -5.000000000000e-03
7.174768735372e-01 2.021827683143e-01 -5.000000000000e-03
5.371101012328e-02 5.635121877294e+00 -5.000000000000e-03
3.247522331267e+00 4.168825358770e+00 -5.000000000000e-03
1.239004412926e+00 2.816298583726e+00 -5.000000000000e-03
5.593586124037e+00 1.643157692973e+00 -5.000000000000e-03
6.213583374364e+00 4.188152054094e-01 -5.000000000000e-03
6.115049358759e+00 7.643121422330e-01 -5.000000000000e-03
5.758793706486e+00 5.084543890149e+00 -5.000000000000e-03
5.874656174804e+00 6.192128475215e+00 -5.000000000000e-03
4.029876626496e+00 4.709501727445e+00 -5.000000000000e-03
3.527412441749e+00 5.227407202706e+00 -5.000000000000e-03
2.315305986023e+00 5.797759074834e-01 -5.000000000000e-03
8.030455390230e-01 6.352122533961e-01 -5.000000000000e-03
5.768200478771e+00 3.253021312751e-01 -5.000000000000e-03
5.519415175867e+00 4.488738169324e-01 -5.000000000000e-03
3.552697524864e+00 5.913178678431e+00 -5.000000000000e-03
3.991659119189e+00 5.657569505612e+00 -5.000000000000e-03
5.557229086881e+00 3.836744991359e-01 -5.000000000000e-03
3.309835113118e+00 4.073313248931e+00 -5.000000000000e-03
3.911718885878e+00 2.190122824834e+00 -5.000000000000e-03
2.226499366927e+00 6.181832151911e-01 -5.000000000000e-03
5.294554770315e+00 3.581337712196e+00 -5.000000000000e-03
6.620310096767e-01 2.347021098490e+00 -5.000000000000e-03
3.759986116977e+00 1.030061098500e-01 -5.000000000000e-03
5.372200346042e+00 5.452553132386e+00 -5.000000000000e-03
6.247212434447e+00 5.006193409476e+00 -5.000000000000e-03
6.259224448151e+00 1.239002224462e+00 -5.000000000000e-03
3.819720369489e+00 7.873160434161e-01 -5.000000000000e-03
5.480524865163e+00 8.180305199419e-02 -5.000000000000e-03
5.627596417450e+00 4.277913551866e+00 -5.000000000000e-03
5.787520226454e+00 5.903133305838e-01 -5.000000000000e-03
5.408356064223e+00 1.088909258075e+00 -5.000000000000e-03
8.464409595633e-01 1.786644715964e+00 -5.000000000000e-03
4.970875733988e+00 2.975002361279e+00 -5.000000000000e-03
1.989112377610e+00 5.530004295061e+00 -5.000000000000e-03
5.504666652918e+00 1.153376460974e-01 -5.000000000000e-03
3.639924853468e+00 3.004063635999e+00 -5.000000000000e-03
4.366937938745e+00 3.637868386441e+00 -5.000000000000e-03
4.817386214420e+00 3.803929284290e+00 -5.000000000000e-03
2.654822408075e+00 3.533307914913e-02 -5.000000000000e-03
