4.010717776871e+00 5.664014182967e+00 5.000000000000e-03
3.042830407556e+00 5.428602496667e+00 5.000000000000e-03
4.201494555472e+00 3.642745865225e+00 5.000000000000e-03
4.920803366415e+00 2.609508690255e+00 5.000000000000e-03
3.886263309240e+00 7.487655096600e-01 5.000000000000e-03
2.215672142241e+00 2.458083199259e+00 5.000000000000e-03
2.932361294553e+00 4.671792794615e+00 5.000000000000e-03
3.526935453229e+00 1.349963154003e+00 5.000000000000e-03
1.906081297353e+00 1.253816591584e+00 5.000000000000e-03
3.202036175194e+00 5.230922259483e+00 5.000000000000e-03
3.652064756930e+00 2.606825072038e+00 5.000000000000e-03
2.035394579133e+00 4.168122373060e+00 5.000000000000e-03
1.617217314266e+00 5.803403549777e+00 5.000000000000e-03
2.408936067396e+00 1.692253738878e+00 5.000000000000e-03
5.495363768529e+00 3.905736198017e+00 5.000000000000e-03
1.591885665289e+00 3.211022373496e+00 5.000000000000e-03
2.858037405171e+00 2.390461413542e+00 5.000000000000e-03
2.913549661278e+00 5.990734306770e+00 5.000000000000e-03
1.825047940785e+00 4.321190514780e+00 5.000000000000e-03
2.937453495739e+00 1.969232251884e+00 5.000000000000e-03
3.994576423354e+00 2.842879805482e+00 5.000000000000e-03
2.436592297196e+00 1.150387670605e+00 5.000000000000e-03
4.351235466778e+00 5.471632093693e+00 5.000000000000e-03
3.802508559437e+00 4.073286348399e+00 5.000000000000e-03
5.180997499973e+00 4.397832549429e+00 5.000000000000e-03
1.650255062693e+00 4.787021583710e+00 5.000000000000e-03
4.527817187510e+00 1.292837104217e+00 5.000000000000e-03
2.177234093696e+00 3.547824944183e+00 5.000000000000e-03
3.547960361262e+00 5.720047794628e+00 5.000000000000e-03
4.686193180921e+00 3.928187197938e+00 5.000000000000e-03
5.218962316024e+00 4.504323507924e+00 5.000000000000e-03
2.474142381666e+00 2.102574007136e+00 5.000000000000e-03
1.519638629542e+00 1.815476186506e+00 5.000000000000e-03
3.284271524189e+00 2.278067101233e+00 5.000000000000e-03
4.936140191097e+00 3.843658381073e+00 5.000000000000e-03
2.730995137926e+00 6.169125415131e-01 5.000000000000e-03
5.847389897010e+00 2.452772647911e+00 5.000000000000e-03
3.167957455190e-01 2.166548333147e+00 5.000000000000e-03
1.148907097171e+00 4.430682711370e+00 5.000000000000e-03
4.822227496605e+00 5.228901007559e+00 5.000000000000e-03
3.272963801677e+00 4.918212656986e+00 5.000000000000e-03
2.661188267796e+00 2.910585480416e+00 5.000000000000e-03
3.995019645505e+00 3.579526485638e+00 5.000000000000e-03
3.227302848550e+00 3.026953449393e+00 5.000000000000e-03
3.272536515449e+00 2.804358741611e+00 5.000000000000e-03
1.034691022465e+00 3.754689001432e+00 5.000000000000e-03
5.534661376222e+00 3.865293325219e+00 5.000000000000e-03
2.392412900847e+00 1.059724452300e+00 5.000000000000e-03
5.584897568943e+00 3.106372388874e+00 5.000000000000e-03
2.899419774802e+00 1.644443680159e+00 5.000000000000e-03
5.213518860423e+00 5.668381548570e+00 5.000000000000e-03
2.353850955454e+00 1.778006399515e+00 5.000000000000e-03
2.348759786089e+00 1.931080908363e+00 5.000000000000e-03
2.079052487172e+00 3.830183564308e+00 5.000000000000e-03
2.398301831290e+00 1.544172518340e+00 5.000000000000e-03
3.736604071171e+00 3.420672550733e+00 5.000000000000e-03
3.158767808982e+00 2.201724090647e+00 5.000000000000e-03
5.021679727148e+00 3.642303533934e+00 5.000000000000e-03
3.551856746818e+00 4.205078690096e+00 5.000000000000e-03
6.252959691318e+00 7.427399473514e-01 5.000000000000e-03
3.121917885336e+00 5.600298412297e+00 5.000000000000e-03
4.376152471688e+00 4.114636758074e+00 5.000000000000e-03
2.454893762152e+00 1.676195220819e+00 5.000000000000e-03
1.229998122408e+00 4.066043381693e+00 5.000000000000e-03
4.395070088095e+00 1.803286709017e+00 5.000000000000e-03
2.512925645026e+00 2.195330612923e+00 5.000000000000e-03
2.210020126434e+00 2.925468587165e+00 5.000000000000e-03
2.567155230914e-01 2.798044663880e+00 5.000000000000e-03
2.383131856438e+00 1.692747144335e+00 5.000000000000e-03
3.052698606911e+00 2.310736372014e+00 5.000000000000e-03
5.143006535395e+00 3.951640497038e+00 5.000000000000e-03
3.828187135388e+00 2.294224290938e+00 5.000000000000e-03
4.715977746987e+00 3.196390459738e+00 5.000000000000e-03
3.234316611564e+00 4.189438129858e+00 5.000000000000e-03
3.848944771022e+00 5.252339140333e+00 5.000000000000e-03
5.006674207120e+00 3.817714990366e+00 5.000000000000e-03
2.383213549839e+00 1.753686341782e+00 5.000000000000e-03
3.018785086948e+00 3.845900030915e+00 5.000000000000e-03
5.904533608879e+00 5.140238118011e+00 5.000000000000e-03
1.327937633728e+00 3.235971317311e+00 5.000000000000e-03
1.585345046379e+00 2.228164282643e+00 5.000000000000e-03
2.119881053233e-01 3.825775525194e+00 5.000000000000e-03
2.195208614949e+00 1.863492163743e+00 5.000000000000e-03
1.955344072896e+00 4.050734549759e+00 5.000000000000e-03
2.460780445482e+00 1.754408421330e+00 5.000000000000e-03
3.612195292992e+00 2.799801088846e+00 5.000000000000e-03
3.992571812236e+00 1.625409811623e+00 5.000000000000e-03
4.453850946183e+00 1.989416740638e+00 5.000000000000e-03
4.265638442200e+00 5.098413511891e+00 5.000000000000e-03
1.932329597056e+00 4.139975076895e+00 5.000000000000e-03
2.147187310699e+00 4.717380109922e+00 5.000000000000e-03
2.388616566016e+00 1.820197510383e+00 5.000000000000e-03
3.520546425831e+00 7.721748511794e-01 5.000000000000e-03
2.382354934624e+00 1.724863839652e+00 5.000000000000e-03
6.288793987775e-01 2.117745115434e+00 5.000000000000e-03
3.062908042785e+00 2.124155405277e+00 5.000000000000e-03
2.126251564937e+00 2.800015972344e+00 5.000000000000e-03
5.141494697917e+00 4.830489673120e+00 5.000000000000e-03
4.314450390950e+00 7.241506969648e-01 5.000000000000e-03
2.417303656796e+00 1.761950012428e+00 5.000000000000e-03
4.430640579165e+00 1.550306926352e+00 -5.000000000000e-03
4.091084573905e-01 3.821301616833e+00 -5.000000000000e-03
5.155652929071e+00 5.508968087626e+00 -5.000000000000e-03
6.087063524778e+00 4.139374297793e-01 -5.000000000000e-03
6.183850152748e+00 1.697571171129e+00 -5.000000000000e-03
4.192421894012e+00 6.202361291735e+00 -5.000000000000e-03
4.846684369315e+00 8.672473377450e-02 -5.000000000000e-03
5.389277156456e+00 1.824883867610e+00 -5.000000000000e-03
2.274663464083e-01 4.482044238685e-01 -5.000000000000e-03
5.979668920246e+00 6.038996887724e+00 -5.000000000000e-03
5.904645376031e+00 1.435491434119e+00 -5.000000000000e-03
5.799102851510e+00 3.691589695437e+00 -5.000000000000e-03
4.854173543184e+00 2.162176348801e+00 -5.000000000000e-03
9.557091775545e-01 5.546084066075e+00 -5.000000000000e-03
5.757728315482e+00 1.304693278634e+00 -5.000000000000e-03
4.357413080315e+00 4.016987999052e-02 -5.000000000000e-03
6.173349052012e+00 5.835657649922e+00 -5.000000000000e-03
5.409385321021e+00 2.496699239592e-01 -5.000000000000e-03
2.783812125366e+00 4.206560430184e+00 -5.000000000000e-03
1.337809469664e-01 4.964581683867e-01 -5.000000000000e-03
5.013811748302e+00 5.711482796604e+00 -5.000000000000e-03
7.858408370289e-01 1.298388402989e+00 -5.000000000000e-03
5.282109264785e-01 6.168295994559e+00 -5.000000000000e-03
8.428424616311e-02 5.319670857522e+00 -5.000000000000e-03
3.041404386068e+00 5.397294033379e-01 -5.000000000000e-03
3.016353084670e+00 5.176330816130e-01 -5.000000000000e-03
5.789629980798e+00 4.120393512316e-01 -5.000000000000e-03
2.326719712797e-01 7.174281471899e-01 -5.000000000000e-03
6.036666296891e+00 1.970872095109e+00 -5.000000000000e-03
4.398333545202e+00 3.282243546282e+00 -5.000000000000e-03
5.660332543881e+00 9.706925722254e-01 -5.000000000000e-03
9.225953014645e-02 2.682220898006e-01 -5.000000000000e-03
1.045909751624e+00 2.222139533911e+00 -5.000000000000e-03
5.001767474583e+00 5.911675822720e+00 -5.000000000000e-03
4.501881530219e-02 2.248255590641e-01 -5.000000000000e-03
1.037412273558e+00 2.189216198549e+00 -5.000000000000e-03
6.185615663150e+00 3.762298923566e+00 -5.000000000000e-03
4.369908734691e+00 5.860597394103e-01 -5.000000000000e-03
8.064080918972e-01 5.492507335933e+00 -5.000000000000e-03
5.702906838616e-01 3.533794091985e+00 -5.000000000000e-03
5.691916097586e+00 1.065286920924e-03 -5.000000000000e-03
5.989624288884e+00 6.280193023142e+00 -5.000000000000e-03
4.632081730010e+00 1.976905966037e+00 -5.000000000000e-03
4.469960899634e+00 2.366373717865e+00 -5.000000000000e-03
1.007332722879e+00 1.770526080011e+00 -5.000000000000e-03
3.677286364790e+00 1.422342877838e+00 -5.000000000000e-03
6.033585042046e-01 3.073899519084e+00 -5.000000000000e-03
3.749809077853e-02 6.009705336579e+00 -5.000000000000e-03
6.025127371402e-01 6.604649503726e-01 -5.000000000000e-03
1.305648722486e+00 2.403308066289e-01 -5.000000000000e-03
6.014134979587e+00 1.164310503621e+00 -5.000000000000e-03
4.235033270872e+00 1.433898763897e+00 -5.000000000000e-03
1.217265978125e-01 5.750539155155e-01 -5.000000000000e-03
3.685431596420e-01 5.895503927657e+00 -5.000000000000e-03
2.231221395659e-01 4.519648041921e+00 -5.000000000000e-03
4.299754479186e+00 3.106265378482e+00 -5.000000000000e-03
5.859541302141e+00 3.398929302887e+00 -5.000000000000e-03
4.961655466618e+00 4.202462850136e+00 -5.000000000000e-03
2.573019677146e-02 5.960083862744e+00 -5.000000000000e-03
5.293853425448e+00 4.284621646812e+00 -5.000000000000e-03
6.083341882160e+00 1.937944517022e+00 -5.000000000000e-03
1.724189354100e+00 1.636590239828e+00 -5.000000000000e-03
9.655028691946e-01 1.787429469094e+00 -5.000000000000e-03
5.746848177018e+00 4.331844531280e-01 -5.000000000000e-03
2.684624631276e-01 4.500487250081e+00 -5.000000000000e-03
1.371222496977e-01 1.822349424256e-01 -5.000000000000e-03
1.620103942304e+00 5.079717434627e+00 -5.000000000000e-03
1.907772814719e-01 5.750478640389e+00 -5.000000000000e-03
5.508149949374e+00 6.692216265206e-01 -5.000000000000e-03
5.192512064073e+00 1.886526609330e+00 -5.000000000000e-03
1.281787249326e+00 2.654400038116e+00 -5.000000000000e-03
5.969048735201e+00 6.278625581120e+00 -5.000000000000e-03
8.441077359703e-01 1.641061185706e+00 -5.000000000000e-03
5.504316833586e+00 6.795932356141e-01 -5.000000000000e-03
1.302709204199e+00 1.504938299843e+00 -5.000000000000e-03
1.666780891102e+00 1.622688021447e+00 -5.000000000000e-03
6.003148396156e+00 1.922302115375e+00 -5.000000000000e-03
9.431106224271e-01 5.039029579931e+00 -5.000000000000e-03
6.008098356152e+00 8.249680274119e-02 -5.000000000000e-03
6.001496495356e+00 1.983269123233e+00 -5.000000000000e-03
1.335617576133e-01 6.066178008515e+00 -5.000000000000e-03
6.183794092943e+00 2.780510419187e-01 -5.000000000000e-03
1.792859065493e+00 5.545393778789e+00 -5.000000000000e-03
5.497607273474e+00 6.275983389884e+00 -5.000000000000e-03
8.276746246872e-01 1.814887206007e-01 -5.000000000000e-03
1.129695023102e+00 1.863389077402e+00 -5.000000000000e-03
5.736036243128e+00 8.733106449012e-02 -5.000000000000e-03
7.416857670426e-01 3.136681084619e-01 -5.000000000000e-03
4.404173328916e+00 5.124228677083e-01 -5.000000000000e-03
1.571435664418e+00 2.732085500568e-01 -5.000000000000e-03
4.786934548156e+00 1.410572444281e-02 -5.000000000000e-03
5.777088714000e+00 6.097516624782e+00 -5.000000000000e-03
1.608113185763e+00 5.559873130345e+00 -5.000000000000e-03
6.103999991996e+00 6.208413174834e+00 -5.000000000000e-03
3.249670287411e+00 1.139815190766e+00 -5.000000000000e-03
5.935701632730e+00 6.001841973324e+00 -5.000000000000e-03
2.029535725597e+00 3.454051211176e+00 -5.000000000000e-03
1.988368626372e-02 9.263746990513e-01 -5.000000000000e-03
4.479542669884e+00 5.425127535701e-01 -5.000000000000e-03
5.328341340503e+00 9.234593059304e-01 -5.000000000000e-03
