4.115974563392e+00 2.370179523061e+00 5.000000000000e-03
1.795999196386e+00 5.761787942618e+00 5.000000000000e-03
8.095872165937e-02 3.356946083971e+00 5.000000000000e-03
2.163186149759e-01 2.425915317081e+00 5.000000000000e-03
4.176475203519e+00 2.567060020680e+00 5.000000000000e-03
9.107183789186e-01 1.037078300495e+00 5.000000000000e-03
9.984388249158e-01 3.217716813037e+00 5.000000000000e-03
3.296602759064e+00 3.831510300354e+00 5.000000000000e-03
5.410666534374e+00 2.612540348389e+00 5.000000000000e-03
1.996446109724e-01 2.884493801156e+00 5.000000000000e-03
3.471375627157e+00 7.516789024601e-01 5.000000000000e-03
3.254347682849e+00 1.140811266324e+00 5.000000000000e-03
5.697550140816e+00 2.330524569730e+00 5.000000000000e-03
1.515912683136e+00 6.602821319341e-01 5.000000000000e-03
1.367798665817e+00 2.761984293767e+00 5.000000000000e-03
3.720933940103e+00 1.441832627661e+00 5.000000000000e-03
2.846188224571e-02 1.811054942926e-01 5.000000000000e-03
5.407403954580e+00 3.904670935968e+00 5.000000000000e-03
3.015314081994e+00 1.670836776433e+00 5.000000000000e-03
5.772677622368e+00 2.872405046635e+00 5.000000000000e-03
5.198580183381e+00 2.571374751229e+00 5.000000000000e-03
8.582239768031e-01 1.705252282643e+00 5.000000000000e-03
8.585995276528e-01 3.370228123213e+00 5.000000000000e-03
1.798873639191e+00 6.137120913933e+00 5.000000000000e-03
3.936950152707e+00 1.775956842462e+00 5.000000000000e-03
2.044467119820e-01 3.413100272110e-02 5.000000000000e-03
5.826158211709e+00 2.646579544154e-01 5.000000000000e-03
4.218835529985e-02 2.878307426802e+00 5.000000000000e-03
1.259638698703e+00 2.476620070685e+00 5.000000000000e-03
1.500958112655e+00 6.227134528615e+00 5.000000000000e-03
1.836769336675e+00 5.246388015206e-01 5.000000000000e-03
5.862281682436e+00 5.897846970799e+00 5.000000000000e-03
1.555964071890e+00 3.598156904872e+00 5.000000000000e-03
2.764485729819e+00 5.965090340892e+00 5.000000000000e-03
5.268451948450e+00 2.776114619640e+00 5.000000000000e-03
9.136539324266e-01 1.062748276072e+00 5.000000000000e-03
5.696749220192e+00 2.676726673966e+00 5.000000000000e-03
6.239252992920e+00 4.026463619066e+00 5.000000000000e-03
2.739721298545e+00 6.499616011214e-01 5.000000000000e-03
3.422069072083e+00 2.696827399104e+00 5.000000000000e-03
5.238252179507e+00 3.910927309567e+00 5.000000000000e-03
2.981459963111e-01 3.320970823536e+00 5.000000000000e-03
5.446872319921e+00 1.537506461295e+00 5.000000000000e-03
3.819800876782e+00 1.635726993809e+00 5.000000000000e-03
5.191885072368e+00 2.589672677317e+00 5.000000000000e-03
4.972919211742e+00 2.698592507894e+00 5.000000000000e-03
1.797939090424e-01 2.407754447192e+00 5.000000000000e-03
2.791262676278e+00 1.370168082335e+00 5.000000000000e-03
3.569774841953e+00 1.194554402502e+00 5.000000000000e-03
1.364501825165e+00 3.308331880415e+00 5.000000000000e-03
8.390745222255e-01 1.791030604919e+00 5.000000000000e-03
4.844543755689e+00 1.985775401918e+00 5.000000000000e-03
1.816359569906e+00 5.381692667488e+00 5.000000000000e-03
3.663089488449e+00 2.720253670240e-01 5.000000000000e-03
1.250516716872e+00 5.619948241226e+00 5.000000000000e-03
4.811387533001e+00 2.133064000828e+00 5.000000000000e-03
5.248850978814e+00 2.275603202577e+00 5.000000000000e-03
2.447271354169e+00 2.854944833748e+00 5.000000000000e-03
2.180911385110e+00 5.088490177866e+00 5.000000000000e-03
1.700806913548e+00 3.007936028838e+00 5.000000000000e-03
3.444798958377e+00 5.796478626055e+00 5.000000000000e-03
4.243187243584e+00 2.811199921780e+00 5.000000000000e-03
3.388844966083e+00 6.840297821110e-01 5.000000000000e-03
5.570353108462e+00 4.852359382166e+00 5.000000000000e-03
9.598024762241e-01 4.154980897904e+00 5.000000000000e-03
5.378532876488e+00 2.296469592444e-02 5.000000000000e-03
4.873471259464e+00 2.548497846306e+00 5.000000000000e-03
3.535895829084e+00 1.304517703803e+00 5.000000000000e-03
1.149325406278e+00 3.780308536165e+00 5.000000000000e-03
3.941784473300e+00 1.734770962737e+00 5.000000000000e-03
3.417941346883e+00 2.664140191292e+00 5.000000000000e-03
4.231335799201e+00 3.242813984686e+00 5.000000000000e-03
5.703792449743e+00 2.715168793588e+00 5.000000000000e-03
4.317748411788e+00 4.310675688975e+00 5.000000000000e-03
3.337103255143e+00 1.459047508979e+00 5.000000000000e-03
4.329365324415e+00 1.599919331281e+00 5.000000000000e-03
5.766535775262e+00 2.323670909538e+00 5.000000000000e-03
1.556162627914e+00 1.036341577724e+00 5.000000000000e-03
4.140692434997e+00 3.048921772855e+00 5.000000000000e-03
5.659544994060e+00 2.256030284615e+00 5.000000000000e-03
1.609890997086e+00 5.910354609893e-01 5.000000000000e-03
1.252016781637e+00 3.013221969594e+00 5.000000000000e-03
2.538835082640e+00 1.202490357689e+00 5.000000000000e-03
4.356967255776e+00 3.195933398110e+00 5.000000000000e-03
1.413340623710e+00 1.177233288731e+00 5.000000000000e-03
1.109802314188e+00 8.902414982430e-01 5.000000000000e-03
5.006217471138e-01 1.639047011449e+00 5.000000000000e-03
3.137554281151e+00 3.737791165143e+00 5.000000000000e-03
4.414965582851e+00 1.224580944344e+00 5.000000000000e-03
4.773294145732e-01 7.631513291574e-01 5.000000000000e-03
5.458607237016e+00 6.894871335560e-01 5.000000000000e-03
4.352043978767e+00 2.326895601498e+00 5.000000000000e-03
9.792566762464e-01 7.590763224179e-01 5.000000000000e-03
2.088508012967e+00 3.785514180406e+00 5.000000000000e-03
7.921021761921e-01 3.199225554899e+00 5.000000000000e-03
1.081956007979e+00 3.250121623387e+00 5.000000000000e-03
4.542791819714e+00 5.965057268255e-01 5.000000000000e-03
2.601048262086e+00 7.094567094577e-01 5.000000000000e-03
3.108690514144e+00 3.286617405920e+00 5.000000000000e-03
3.230176022006e+00 2.254813037075e+00 5.000000000000e-03
4.096070766839e+00 5.742906809096e+00 -5.000000000000e-03
2.552847469582e+00 5.421428569724e+00 -5.000000000000e-03
5.450172283229e+00 5.131734464216e+00 -5.000000000000e-03
5.097270328301e+00 5.708487314989e+00 -5.000000000000e-03
6.278514753823e+00 3.627571578241e+00 -5.000000000000e-03
3.749471511450e-01 5.393637214761e+00 -5.000000000000e-03
3.801662056333e+00 4.257487865107e+00 -5.000000000000e-03
2.964761770080e-01 4.684434066915e+00 -5.000000000000e-03
2.937255972013e+00 2.064903049700e+00 -5.000000000000e-03
8.210144506471e-01 4.413210317536e+00 -5.000000000000e-03
3.183023107605e+00 4.121425859702e+00 -5.000000000000e-03
4.566776792077e+00 5.258762513170e+00 -5.000000000000e-03
3.030437918555e+00 7.799817879538e-01 -5.000000000000e-03
1.099492013107e-01 1.495026835367e+00 -5.000000000000e-03
4.642721908322e+00 3.686463618600e+00 -5.000000000000e-03
3.609263722853e+00 4.898845566007e+00 -5.000000000000e-03
4.681124421868e+00 4.726479484648e+00 -5.000000000000e-03
2.800728661823e+00 2.801849689234e-01 -5.000000000000e-03
3.970704713130e+00 4.054461649966e+00 -5.000000000000e-03
4.744069939631e+00 2.675049166761e-01 -5.000000000000e-03
4.514867758079e+00 9.509515049570e-01 -5.000000000000e-03
2.003461951665e+00 5.408966742798e+00 -5.000000000000e-03
5.819222520812e+00 5.339826040018e+00 -5.000000000000e-03
3.821118924080e+00 4.335919090999e+00 -5.000000000000e-03
2.808956111426e+00 5.019893462762e+00 -5.000000000000e-03
4.757307096268e+00 4.008961911498e+00 -5.000000000000e-03
4.737904635660e+00 9.399773167990e-02 -5.000000000000e-03
3.930304793058e+00 5.008389654279e+00 -5.000000000000e-03
4.617632503465e+00 5.850886341018e+00 -5.000000000000e-03
4.164505494504e-01 1.342592276196e+00 -5.000000000000e-03
2.404856091001e+00 4.855734495457e+00 -5.000000000000e-03
6.180122130126e+00 3.437530214478e+00 -5.000000000000e-03
1.029813179707e+00 4.986168085094e+00 -5.000000000000e-03
1.939638592906e+00 3.866933740394e+00 -5.000000000000e-03
2.383769143808e+00 4.012341717909e+00 -5.000000000000e-03
1.397611722534e+00 9.682151613157e-02 -5.000000000000e-03
3.830519303992e+00 4.837827558531e+00 -5.000000000000e-03
1.572895985224e+00 5.261333052298e+00 -5.000000000000e-03
3.233911049650e+00 5.189005167297e+00 -5.000000000000e-03
2.715877803370e+00 5.354375147428e+00 -5.000000000000e-03
2.344389337696e+00 4.328507624485e+00 -5.000000000000e-03
8.728245970764e-01 4.650592702065e+00 -5.000000000000e-03
4.465891692149e+00 3.691374579692e+00 -5.000000000000e-03
4.908460827751e+00 4.058480462667e+00 -5.000000000000e-03
2.066425734236e+00 5.259202243226e+00 -5.000000000000e-03
3.576850756866e+00 4.419328984693e+00 -5.000000000000e-03
4.799444121313e+00 4.313747099082e+00 -5.000000000000e-03
3.669822188950e-01 1.031519681807e+00 -5.000000000000e-03
5.381827407155e+00 2.723328820429e-01 -5.000000000000e-03
5.537537400528e+00 1.167342583177e-01 -5.000000000000e-03
1.552365455126e+00 4.774372879570e+00 -5.000000000000e-03
1.635741971171e+00 1.987945159297e+00 -5.000000000000e-03
3.756749140095e+00 4.155866566834e-01 -5.000000000000e-03
1.212576062686e+00 4.721700657288e+00 -5.000000000000e-03
1.516098386590e+00 4.892298982058e+00 -5.000000000000e-03
5.037929378744e+00 4.923121878551e+00 -5.000000000000e-03
6.090018567455e+00 1.202542354405e+00 -5.000000000000e-03
1.077170301410e+00 1.621836480323e+00 -5.000000000000e-03
9.816511238829e-01 5.189707269554e+00 -5.000000000000e-03
1.057101973536e+00 5.146696912564e+00 -5.000000000000e-03
4.251439293511e+00 4.185999518692e+00 -5.000000000000e-03
3.029802528689e+00 5.324587151376e+00 -5.000000000000e-03
1.456880574338e+00 5.398607797540e+00 -5.000000000000e-03
5.489200906348e+00 9.214354096007e-01 -5.000000000000e-03
3.865682922718e+00 4.368511494252e+00 -5.000000000000e-03
6.170383276713e+00 5.056754508646e+00 -5.000000000000e-03
4.645028231879e+00 4.299058638180e+00 -5.000000000000e-03
1.893271451536e+00 1.515267732559e+00 -5.000000000000e-03
3.882116415949e+00 4.229474188368e+00 -5.000000000000e-03
2.837750990201e+00 5.307885433093e+00 -5.000000000000e-03
3.809489461624e-01 1.254220471760e+00 -5.000000000000e-03
2.392568903310e+00 1.484629461269e+00 -5.000000000000e-03
2.423648892166e+00 3.830327579139e+00 -5.000000000000e-03
4.433827468364e-01 5.501007742450e+00 -5.000000000000e-03
2.830633047885e+00 3.595498801970e-01 -5.000000000000e-03
3.626099660720e+00 1.891161035403e+00 -5.000000000000e-03
3.505963343742e+00 3.878337065635e+00 -5.000000000000e-03
2.137747843802e+00 3.022762103210e+00 -5.000000000000e-03
2.794329219543e+00 5.431303910735e+00 -5.000000000000e-03
3.295150422306e+00 5.287539001678e+00 -5.000000000000e-03
3.341827705874e+00 4.919934760682e+00 -5.000000000000e-03
2.405279755402e+00 6.220650817394e+00 -5.000000000000e-03
5.402735479715e+00 4.994651076225e+00 -5.000000000000e-03
5.466840555058e+00 5.097955681096e+00 -5.000000000000e-03
3.058201186779e+00 9.230061448528e-02 -5.000000000000e-03
5.120764771917e+00 4.547644251399e+00 -5.000000000000e-03
3.354306923257e+00 5.215666209760e+00 -5.000000000000e-03
4.562634863300e+00 5.695286536841e+00 -5.000000000000e-03
2.579697867394e+00 4.660105922980e+00 -5.000000000000e-03
5.643759574352e-01 4.922113067238e+00 -5.000000000000e-03
4.338061056668e+00 4.157420034500e+00 -5.000000000000e-03
3.903484761198e+00 4.878451490444e+00 -5.000000000000e-03
5.930522776767e+00 4.696752093359e+00 -5.000000000000e-03
7.232275306772e-01 5.921575347011e+00 -5.000000000000e-03
1.612500652021e+00 1.901272941435e+00 -5.000000000000e-03
2.543279160144e+00 4.641781212222e+00 -5.000000000000e-03
5.825621271319e+00 5.347851129334e+00 -5.000000000000e-03
2.624630657730e+00 3.935574311420e+00 -5.000000000000e-03
3.115884610699e+00 4.849538623102e+00 -5.000000000000e-03
4.931989095460e+00 5.916943709519e+00 -5.000000000000e-03
