2.531127370555e+00 6.070920112303e+00 5.000000000000e-03
1.832115565214e+00 4.898724956882e+00 5.000000000000e-03
3.093902340360e+00 2.562723174066e+00 5.000000000000e-03
4.748526388069e+00 4.383635911542e+00 5.000000000000e-03
3.266340859821e+00 5.455740765661e-01 5.000000000000e-03
2.913666138579e+00 2.852791883860e+00 5.000000000000e-03
5.014355146846e+00 7.741425803964e-01 5.000000000000e-03
2.820141867596e+00 3.843562514962e+00 5.000000000000e-03
2.648508103805e+00 6.231654875792e+00 5.000000000000e-03
4.042267059839e+00 2.716561320384e+00 5.000000000000e-03
3.938490130896e+00 6.260641797489e+00 5.000000000000e-03
4.310306032980e+00 3.021072513511e+00 5.000000000000e-03
2.424900453202e+00 1.098089512076e+00 5.000000000000e-03
5.915562751251e+00 1.699429887854e+00 5.000000000000e-03
4.333266742195e+00 5.055587180302e+00 5.000000000000e-03
3.486326167072e+00 3.370621704642e+00 5.000000000000e-03
4.504383566622e+00 3.669291370161e-01 5.000000000000e-03
4.246806728575e+00 4.842987018447e+00 5.000000000000e-03
4.053490755824e-01 2.800735788658e+00 5.000000000000e-03
5.539700117920e+00 3.577533306191e+00 5.000000000000e-03
3.762495363868e+00 4.615372637324e+00 5.000000000000e-03
4.228252107871e+00 1.913449226124e+00 5.000000000000e-03
8.835089658048e-01 3.351316107085e+00 5.000000000000e-03
3.471907239985e+00 3.005098333113e+00 5.000000000000e-03
5.128477266029e+00 3.905336820657e+00 5.000000000000e-03
4.044359682735e+00 3.546322978405e+00 5.000000000000e-03
3.130251417605e+00 3.987874719731e+00 5.000000000000e-03
4.309347241156e+00 2.772180775298e+00 5.000000000000e-03
4.835537125456e+00 3.975228983913e+00 5.000000000000e-03
4.465720117127e+00 3.397965911283e+00 5.000000000000e-03
4.045647198054e+00 5.718860135546e+00 5.000000000000e-03
2.308212151387e+00 2.536296842840e+00 5.000000000000e-03
5.981987976715e+00 3.381672434487e+00 5.000000000000e-03
3.042248299617e+00 1.982302991511e+00 5.000000000000e-03
3.862335873258e+00 4.522789493218e+00 5.000000000000e-03
4.518984241441e+00 4.722748904449e+00 5.000000000000e-03
1.180265682564e+00 4.139170897140e-02 5.000000000000e-03
4.728109900568e+00 3.568854930005e+00 5.000000000000e-03
3.072418496828e+00 3.175238064319e+00 5.000000000000e-03
5.130776806885e+00 3.850658856159e+00 5.000000000000e-03
6.450351462361e-01 1.266169970067e+00 5.000000000000e-03
1.175081068869e+00 4.954695504708e+00 5.000000000000e-03
3.253564975166e+00 1.562381068580e+00 5.000000000000e-03
3.748325436136e+00 4.447589115416e+00 5.000000000000e-03
4.631529806277e+00 4.247439240744e+00 5.000000000000e-03
5.474650191357e+00 4.390893991375e+00 5.000000000000e-03
5.006946760858e+00 4.446927227520e+00 5.000000000000e-03
2.321299727759e+00 4.654111744863e+00 5.000000000000e-03
5.653162936115e+00 1.378140250621e+00 5.000000000000e-03
4.318074576192e+00 9.188226140975e-01 5.000000000000e-03
3.891299063601e+00 2.431180444808e+00 5.000000000000e-03
4.971696503720e+00 3.400415659596e+00 5.000000000000e-03
5.275068028776e+00 4.165778343348e+00 5.000000000000e-03
4.425608870845e+00 4.602141019953e+00 5.000000000000e-03
4.684836069636e+00 4.218537304812e+00 5.000000000000e-03
1.596135955625e+00 2.849359982470e+00 5.000000000000e-03
4.382324283373e+00 1.946799695973e+00 5.000000000000e-03
5.585078620121e+00 4.309213946156e+00 5.000000000000e-03
3.653203446176e+00 2.823447273390e+00 5.000000000000e-03
5.474369341954e+00 4.353585205028e+00 5.000000000000e-03
5.738738534262e+00 2.472920515829e+00 5.000000000000e-03
3.254516461350e+00 3.618566632615e+00 5.000000000000e-03
1.990063083620e+00 5.977576590046e+00 5.000000000000e-03
6.061721409533e+00 5.540280522246e+00 5.000000000000e-03
5.408679109093e+00 4.913916520716e+00 5.000000000000e-03
4.130541586792e+00 5.767907066805e+00 5.000000000000e-03
2.808440672824e+00 4.356243097963e+00 5.000000000000e-03
1.147626789146e+00 5.453232479167e+00 5.000000000000e-03
4.424450168540e+00 4.737293697379e+00 5.000000000000e-03
2.419979244576e+00 3.285279875253e+00 5.000000000000e-03
3.338729431528e+00 6.207088458657e+00 5.000000000000e-03
4.868228301652e+00 4.344347998711e+00 5.000000000000e-03
1.253630758960e+00 8.340300026753e-02 5.000000000000e-03
4.784951073700e+00 1.665331400703e+00 5.000000000000e-03
3.150731464669e+00 2.564317694727e+00 5.000000000000e-03
3.401012764006e+00 4.223749200962e+00 5.000000000000e-03
3.920641296449e+00 3.579218014727e+00 5.000000000000e-03
4.975030456217e+00 1.282838355906e+00 5.000000000000e-03
4.186623161306e+00 3.887329111053e-01 5.000000000000e-03
4.786223788571e+00 3.591246445603e+00 5.000000000000e-03
3.678462670995e+00 2.168856153232e+00 5.000000000000e-03
3.807276580338e+00 5.592797889084e+00 5.000000000000e-03
2.501317528182e+00 6.919514616367e-01 5.000000000000e-03
4.144714638318e+00 2.781081325555e+00 5.000000000000e-03
4.137950438934e+00 1.545440987133e+00 5.000000000000e-03
4.248801645644e+00 4.865579754734e+00 5.000000000000e-03
2.831871242088e+00 9.637696455838e-01 5.000000000000e-03
8.700062456257e-01 2.438981506211e+00 5.000000000000e-03
3.973699726968e+00 3.629199287912e+00 5.000000000000e-03
4.451119502438e+00 6.750063994265e-01 5.000000000000e-03
4.202080247620e+00 1.892575820361e+00 5.000000000000e-03
1.881534843890e-01 4.628691891948e+00 5.000000000000e-03
5.006637867694e+00 3.585963631244e+00 5.000000000000e-03
3.741784239306e+00 4.941530277139e+00 5.000000000000e-03
3.452570436830e+00 4.240714623113e+00 5.000000000000e-03
4.093749687824e+00 5.812284595725e+00 5.000000000000e-03
5.866965233986e+00 4.329223409604e+00 5.000000000000e-03
5.687316766670e+00 4.228508559923e+00 5.000000000000e-03
6.005813066357e+00 4.369687617851e+00 5.000000000000e-03
2.591274527463e+00 5.232251944331e+00 5.000000000000e-03
4.244733254582e+00 2.281079431569e+00 -5.000000000000e-03
2.831163379969e-01 3.185124732031e+00 -5.000000000000e-03
7.905424479128e-02 6.041361319515e+00 -5.000000000000e-03
5.552565848265e-03 3.980326875382e+00 -5.000000000000e-03
5.838351650252e-01 5.819986359377e+00 -5.000000000000e-03
1.454005194284e+00 3.227966641250e+00 -5.000000000000e-03
4.208552370490e+00 2.208013548279e+00 -5.000000000000e-03
1.356445273085e+00 1.909352041767e+00 -5.000000000000e-03
4.909942091840e-01 5.801241854209e+00 -5.000000000000e-03
6.386723649379e-01 4.659057941593e-01 -5.000000000000e-03
3.808013465285e-01 2.355451884091e+00 -5.000000000000e-03
1.649488031695e-01 2.293162554286e-01 -5.000000000000e-03
5.086315353850e+00 5.644432270919e+00 -5.000000000000e-03
2.161968444638e+00 4.968796958894e+00 -5.000000000000e-03
2.911913537595e+00 1.372979692177e+00 -5.000000000000e-03
6.015344804666e-01 4.494301220951e+00 -5.000000000000e-03
1.708711521461e+00 3.132756224491e+00 -5.000000000000e-03
7.259793224955e-01 4.990446038768e-01 -5.000000000000e-03
1.073764788347e+00 5.560986574488e-01 -5.000000000000e-03
3.817752691297e+00 6.536710043518e-01 -5.000000000000e-03
3.210387442704e-01 3.257708733183e-01 -5.000000000000e-03
5.506965439582e-01 6.950657859719e-01 -5.000000000000e-03
5.145201533513e+00 5.697217728963e+00 -5.000000000000e-03
7.952888340818e-01 4.468686618514e-01 -5.000000000000e-03
8.145638386787e-01 3.612245101193e+00 -5.000000000000e-03
3.017347385257e-01 1.284656924955e+00 -5.000000000000e-03
1.104470462315e+00 5.513731590354e-01 -5.000000000000e-03
9.505553382911e-01 5.329748071550e-01 -5.000000000000e-03
3.158476591679e-01 2.199371535512e+00 -5.000000000000e-03
5.509117542730e+00 7.409032866929e-01 -5.000000000000e-03
8.419750263458e-01 5.907656603447e-01 -5.000000000000e-03
3.570583988973e+00 6.282531527791e-01 -5.000000000000e-03
4.346808534334e-02 1.266459508286e+00 -5.000000000000e-03
5.677292367464e+00 5.757375406044e+00 -5.000000000000e-03
5.628109054836e+00 2.623227864169e+00 -5.000000000000e-03
1.479885978742e+00 2.327564955021e+00 -5.000000000000e-03
2.176230955700e+00 2.013435589761e+00 -5.000000000000e-03
4.248747106064e+00 2.544976901838e+00 -5.000000000000e-03
8.013014570743e-01 4.455608346947e-01 -5.000000000000e-03
3.608608272570e+00 1.802979042146e+00 -5.000000000000e-03
4.487011755427e+00 5.574947047484e+00 -5.000000000000e-03
1.543043377630e+00 1.468528897230e+00 -5.000000000000e-03
4.123571625463e+00 9.721203825599e-01 -5.000000000000e-03
1.101980974219e+00 4.115903358856e-01 -5.000000000000e-03
4.583426605171e-01 5.258108800309e-01 -5.000000000000e-03
1.929750008402e+00 1.969276471692e+00 -5.000000000000e-03
7.506128115467e-01 3.610694605745e+00 -5.000000000000e-03
1.515141635293e+00 1.199530236162e+00 -5.000000000000e-03
6.036765043906e+00 2.854190017843e+00 -5.000000000000e-03
2.391003359794e+00 3.751977256189e+00 -5.000000000000e-03
9.696525546548e-01 3.636228657130e-01 -5.000000000000e-03
6.025333814037e+00 2.333619476111e+00 -5.000000000000e-03
4.541561457610e+00 2.222075040307e+00 -5.000000000000e-03
6.014116953078e+00 2.754129637167e+00 -5.000000000000e-03
6.388872277664e-01 5.793193962556e-01 -5.000000000000e-03
7.232918214173e-01 2.515468432879e-01 -5.000000000000e-03
4.304306361204e+00 1.069347175053e+00 -5.000000000000e-03
1.655796299791e+00 3.228405148515e+00 -5.000000000000e-03
5.558943275545e+00 2.806401395859e-01 -5.000000000000e-03
1.017536950013e+00 2.117234622793e+00 -5.000000000000e-03
8.156641423638e-01 1.343926185778e+00 -5.000000000000e-03
5.319719435596e+00 5.923843059692e-01 -5.000000000000e-03
1.355297283292e+00 5.657629651153e+00 -5.000000000000e-03
1.615339078631e-01 1.232966896167e+00 -5.000000000000e-03
4.022495201448e+00 6.410872214476e-01 -5.000000000000e-03
5.739918980948e+00 2.015775211901e+00 -5.000000000000e-03
4.047641390245e-01 2.615018637113e+00 -5.000000000000e-03
5.381180645783e+00 1.779824143585e+00 -5.000000000000e-03
1.864221225078e+00 1.730725944288e+00 -5.000000000000e-03
1.349622038732e+00 1.810197489447e+00 -5.000000000000e-03
2.471713072567e+00 2.163635918644e+00 -5.000000000000e-03
1.585331919549e+00 3.764523976818e+00 -5.000000000000e-03
5.028914942293e+00 5.701510520525e+00 -5.000000000000e-03
5.642528462349e+00 7.609190926867e-01 -5.000000000000e-03
1.255288390178e+00 2.600734092438e+00 -5.000000000000e-03
3.025965251359e-01 4.266878112202e-01 -5.000000000000e-03
1.887000580261e+00 1.289689853035e+00 -5.000000000000e-03
2.977192360826e+00 3.468633905556e+00 -5.000000000000e-03
7.045685101107e-01 1.631948950290e+00 -5.000000000000e-03
6.068138728999e+00 5.356719138055e+00 -5.000000000000e-03
2.344857210347e+00 5.446468876768e+00 -5.000000000000e-03
6.646846353447e-01 1.078534064320e+00 -5.000000000000e-03
6.502583137132e-01 2.570733303688e+00 -5.000000000000e-03
1.896995798580e+00 3.364796406132e+00 -5.000000000000e-03
5.703744577682e-01 6.144131502587e+00 -5.000000000000e-03
1.314008228595e+00 6.050232364009e+00 -5.000000000000e-03
2.842637842185e+00 5.444658488708e+00 -5.000000000000e-03
1.014337470992e+00 3.142086569915e+00 -5.000000000000e-03
5.464037008894e+00 1.157682758043e+00 -5.000000000000e-03
4.202473907645e-01 2.372486404665e+00 -5.000000000000e-03
2.387312551445e+00 1.964296499786e+00 -5.000000000000e-03
2.663899407432e+00 2.804828155854e+00 -5.000000000000e-03
5.291685955570e-01 3.731575178768e+00 -5.000000000000e-03
2.822722074406e+00 1.512588600284e+00 -5.000000000000e-03
5.377848321611e+00 2.465408518799e+00 -5.000000000000e-03
4.724232024315e+00 4.573330774337e-01 -5.000000000000e-03
1.182246876994e+00 2.412809592382e+00 -5.000000000000e-03
2.594856018484e+00 3.882137889627e+00 -5.000000000000e-03
4.412128218838e+00 2.257456296252e+00 -5.000000000000e-03
3.085598293664e+00 1.227483596116e+00 -5.000000000000e-03
