2.269880757686e+00 4.821596499215e+00 5.000000000000e-03
1.641351349243e+00 1.327606654036e+00 5.000000000000e-03
4.389113127528e+00 4.931113627646e+00 5.000000000000e-03
3.400438372332e+00 3.858448814905e+00 5.000000000000e-03
4.353392930620e+00 4.471694695392e+00 5.000000000000e-03
2.390519405860e+00 3.134519834332e+00 5.000000000000e-03
1.594898196403e+00 3.496507752439e+00 5.000000000000e-03
3.435745029727e+00 4.589845546187e+00 5.000000000000e-03
4.896987858285e+00 4.105740373154e+00 5.000000000000e-03
3.497315061913e+00 4.675517437540e-01 5.000000000000e-03
3.945660714739e+00 4.597783564396e+00 5.000000000000e-03
2.182608071158e+00 3.292663856814e+00 5.000000000000e-03
4.786642454413e+00 5.262517332033e+00 5.000000000000e-03
3.306071727274e+00 3.480458375884e+00 5.000000000000e-03
6.144687792923e+00 4.696609244780e+00 5.000000000000e-03
5.306831292446e+00 4.335649371130e+00 5.000000000000e-03
5.546212895180e+00 2.648098194712e+00 5.000000000000e-03
1.280098342872e+00 2.769049231587e+00 5.000000000000e-03
2.497872398196e+00 2.039033567749e-01 5.000000000000e-03
4.521068951043e+00 4.595179573163e-02 5.000000000000e-03
3.728305887308e+00 2.843903841543e+00 5.000000000000e-03
5.178159442213e+00 3.404477521771e+00 5.000000000000e-03
4.652732780023e+00 3.407208135371e-02 5.000000000000e-03
8.475728949160e-01 2.098512654079e+00 5.000000000000e-03
2.747572250584e+00 3.405447160239e-01 5.000000000000e-03
4.995175415432e+00 1.004084814819e+00 5.000000000000e-03
1.295715785022e+00 4.180027921919e+00 5.000000000000e-03
3.281572299756e+00 5.009174571015e+00 5.000000000000e-03
1.808160581288e+00 3.665054466889e+00 5.000000000000e-03
7.651981807906e-01 4.632419354839e+00 5.000000000000e-03
3.187157542278e+00 5.938795600529e+00 5.000000000000e-03
1.367322876717e+00 3.416475546066e+00 5.000000000000e-03
1.237361948440e+00 1.941039887303e+00 5.000000000000e-03
2.998770440559e+00 3.460381439614e+00 5.000000000000e-03
4.461927276393e+00 1.865918188404e+00 5.000000000000e-03
2.767921515849e-03 3.464098922368e+00 5.000000000000e-03
2.446057285132e+00 2.462092660077e+00 5.000000000000e-03
2.748882574701e+00 2.468641005840e+00 5.000000000000e-03
4.809116978105e+00 1.957344402634e+00 5.000000000000e-03
5.807765936537e+00 3.618452204014e+00 5.000000000000e-03
3.358750721016e+00 4.070573110084e+00 5.000000000000e-03
3.640797352628e+00 3.950075651996e+00 5.000000000000e-03
4.265257730581e+00 4.102106416755e+00 5.000000000000e-03
2.491781082605e+00 2.426829933758e+00 5.000000000000e-03
8.100819036301e-01 2.358108131941e+00 5.000000000000e-03
4.241078516516e+00 4.881558321956e+00 5.000000000000e-03
6.096020177538e+00 4.728738547559e+00 5.000000000000e-03
3.299229076125e+00 3.529145505877e+00 5.000000000000e-03
2.666715848495e+00 4.007395607943e+00 5.000000000000e-03
1.060381851089e+00 2.738991014754e+00 5.000000000000e-03
5.514713060495e+00 5.711827697586e+00 5.000000000000e-03
2.693235884751e+00 4.094016863320e+00 5.000000000000e-03
3.230034652963e+00 1.189464933894e+00 5.000000000000e-03
3.275945523906e+00 1.873316087153e+00 5.000000000000e-03
3.042571438963e+00 3.398061647291e+00 5.000000000000e-03
3.939025037494e+00 4.362918076876e+00 5.000000000000e-03
4.232709927637e+00 1.941788766443e+00 5.000000000000e-03
5.374609659332e+00 3.392940917181e+00 5.000000000000e-03
2.212809304442e+00 3.417611450188e+00 5.000000000000e-03
4.144338490149e+00 8.670744121174e-01 5.000000000000e-03
2.947316145173e+00 2.756093270093e+00 5.000000000000e-03
1.714934833554e+00 3.397547299947e+00 5.000000000000e-03
3.119030580896e+00 3.399191111461e+00 5.000000000000e-03
4.593102357214e+00 3.700626962286e+00 5.000000000000e-03
3.024974032865e+00 4.266631825215e+00 5.000000000000e-03
4.823958815054e+00 3.236428384777e+00 5.000000000000e-03
2.121564677452e+00 3.226996330027e+00 5.000000000000e-03
6.165484218823e+00 1.627631718223e+00 5.000000000000e-03
3.037984817793e+00 3.420047334747e+00 5.000000000000e-03
4.731273130401e+00 3.101339229623e+00 5.000000000000e-03
3.286010038696e+00 3.580191566779e+00 5.000000000000e-03
3.114092551099e+00 3.353577655711e+00 5.000000000000e-03
1.811753394223e+00 3.852468100461e+00 5.000000000000e-03
5.598015805544e+00 7.943082840854e-01 5.000000000000e-03
4.231842975700e+00 3.851169101986e+00 5.000000000000e-03
2.459319591005e+00 2.145181442331e+00 5.000000000000e-03
3.031472758267e+00 3.387686428801e+00 5.000000000000e-03
1.195300839014e+00 2.031721830516e+00 5.000000000000e-03
3.229553705871e+00 1.600307718646e+00 5.000000000000e-03
2.805706790355e+00 3.011830464618e+00 5.000000000000e-03
2.395944694897e-01 2.909254449019e+00 5.000000000000e-03
3.663141108087e+00 3.818290197634e-01 5.000000000000e-03
3.346435115850e-01 3.277056650189e+00 5.000000000000e-03
2.342474926887e+00 3.367835559305e+00 5.000000000000e-03
3.133639637299e+00 3.446872244500e+00 5.000000000000e-03
1.866158950910e+00 1.071795793284e+00 5.000000000000e-03
5.085856213858e+00 2.712263368529e+00 5.000000000000e-03
4.200294110231e+00 2.070120217894e+00 5.000000000000e-03
2.255486381394e+00 3.397411291375e+00 5.000000000000e-03
2.442081258068e+00 4.835534927564e+00 5.000000000000e-03
4.104981630504e+00 2.061577836908e+00 5.000000000000e-03
5.830519536854e+00 8.104313050153e-01 5.000000000000e-03
2.968544576787e+00 4.002919061310e+00 5.000000000000e-03
2.982551201005e+00 3.425686718466e+00 5.000000000000e-03
2.408139061049e+00 2.297047714698e+00 5.000000000000e-03
2.898303170190e+00 5.910541810314e+00 5.000000000000e-03
4.556664352968e+00 5.802651800391e+00 5.000000000000e-03
1.569222702612e+00 4.528208981664e+00 5.000000000000e-03
4.049732056337e+00 2.095612642236e+00 5.000000000000e-03
3.022152466809e+00 3.431074262143e+00 5.000000000000e-03
5.483717275751e+00 2.272225937406e+00 -5.000000000000e-03
1.220184593732e+00 5.784966520880e+00 -5.000000000000e-03
1.343584582912e+00 5.509367300538e+00 -5.000000000000e-03
2.231986603519e-01 1.135884044474e+00 -5.000000000000e-03
6.242285012923e+00 8.503533750604e-02 -5.000000000000e-03
3.475868108666e+00 2.286925705538e+00 -5.000000000000e-03
5.226444949443e-01 5.622925005055e+00 -5.000000000000e-03
5.519366864746e+00 4.706789750751e-01 -5.000000000000e-03
1.527109692501e-01 1.523010927470e-01 -5.000000000000e-03
5.766328538708e+00 6.154858506517e+00 -5.000000000000e-03
1.073911917968e+00 8.295914771056e-01 -5.000000000000e-03
1.035555803829e-01 5.805189362568e+00 -5.000000000000e-03
5.768648897801e+00 3.951076798086e+00 -5.000000000000e-03
5.799242845147e+00 3.090048245765e+00 -5.000000000000e-03
9.029442789973e-01 2.862812766947e-01 -5.000000000000e-03
1.079123031223e+00 5.534633390299e+00 -5.000000000000e-03
1.762442942706e-01 5.220595582152e+00 -5.000000000000e-03
5.131262333564e+00 3.641264805503e-01 -5.000000000000e-03
2.156801402455e+00 1.085218729333e+00 -5.000000000000e-03
2.299510274860e+00 5.149875379315e-01 -5.000000000000e-03
5.744597399064e+00 4.054051432331e-01 -5.000000000000e-03
1.503352201504e+00 4.866006702758e-01 -5.000000000000e-03
3.151058858439e-01 7.841728520538e-01 -5.000000000000e-03
4.836855886505e+00 5.548362455414e+00 -5.000000000000e-03
5.888097698007e+00 9.149881130641e-01 -5.000000000000e-03
2.164073777209e+00 1.445437046768e+00 -5.000000000000e-03
5.369524999615e+00 9.050350031713e-01 -5.000000000000e-03
3.460901924513e+00 5.067845823012e+00 -5.000000000000e-03
3.109813845648e+00 5.915983327350e-01 -5.000000000000e-03
5.542899498259e-01 1.886700814211e-01 -5.000000000000e-03
4.486080112151e+00 5.089282007142e+00 -5.000000000000e-03
4.484207441604e-01 5.437939197411e+00 -5.000000000000e-03
4.924090607447e-01 5.082476727859e+00 -5.000000000000e-03
6.092552668770e+00 5.840089105484e+00 -5.000000000000e-03
1.367862681331e+00 5.969644979856e+00 -5.000000000000e-03
4.908029079766e-01 5.115994820726e+00 -5.000000000000e-03
3.167787725279e-01 9.392598989327e-01 -5.000000000000e-03
4.904745618526e+00 3.646217644104e+00 -5.000000000000e-03
6.242938476499e-01 6.010392435922e+00 -5.000000000000e-03
1.315239752184e+00 1.052609589189e+00 -5.000000000000e-03
9.050813311102e-01 7.716361351381e-01 -5.000000000000e-03
5.938021041110e+00 2.479047067323e-01 -5.000000000000e-03
1.464801320210e+00 4.957841053016e+00 -5.000000000000e-03
5.406330641043e+00 6.088918691072e+00 -5.000000000000e-03
3.234861871945e-01 2.303614655679e-01 -5.000000000000e-03
4.611512136213e+00 8.862627243371e-01 -5.000000000000e-03
2.173946438301e+00 4.126444791214e+00 -5.000000000000e-03
4.988848490334e+00 8.582608302833e-03 -5.000000000000e-03
9.261453972045e-01 6.604204944466e-01 -5.000000000000e-03
2.548922254409e+00 5.467483058194e+00 -5.000000000000e-03
5.567197230333e+00 4.572371548018e+00 -5.000000000000e-03
1.475326012070e+00 1.908837171849e+00 -5.000000000000e-03
5.038277467762e+00 9.009813417897e-02 -5.000000000000e-03
5.997480193219e+00 3.868487016852e-01 -5.000000000000e-03
5.066470117899e+00 3.583438167559e-02 -5.000000000000e-03
3.917838937735e+00 4.460094852602e-01 -5.000000000000e-03
6.038413207294e+00 6.980235780846e-01 -5.000000000000e-03
1.166044279453e+00 2.178816253868e+00 -5.000000000000e-03
5.078252785571e+00 6.177901113320e+00 -5.000000000000e-03
7.339885741775e-01 6.188580380777e+00 -5.000000000000e-03
5.775524746440e+00 4.243141385489e+00 -5.000000000000e-03
2.347648053442e-01 3.591571136206e+00 -5.000000000000e-03
3.401259873290e-01 1.899433997096e-01 -5.000000000000e-03
5.336897252181e+00 9.362273213460e-01 -5.000000000000e-03
4.113645056207e+00 6.207405813423e+00 -5.000000000000e-03
1.887830677299e-01 9.713730983421e-02 -5.000000000000e-03
4.838375641144e+00 6.072190154752e+00 -5.000000000000e-03
2.314253337377e-01 3.062145292441e+00 -5.000000000000e-03
7.242763259035e-02 5.876254371196e-01 -5.000000000000e-03
2.469158359983e+00 6.011404324648e+00 -5.000000000000e-03
2.924420893564e+00 4.976571420855e+00 -5.000000000000e-03
5.958201744943e+00 2.526158658755e-01 -5.000000000000e-03
8.050093100320e-01 5.031006159380e-01 -5.000000000000e-03
7.340455656859e-02 5.766091821665e-01 -5.000000000000e-03
5.885255151961e+00 2.824613675159e+00 -5.000000000000e-03
2.205424173807e+00 1.086413047093e+00 -5.000000000000e-03
2.822142112647e+00 5.141436240947e+00 -5.000000000000e-03
2.089147208679e+00 1.885123011213e+00 -5.000000000000e-03
6.125468771514e+00 6.093665510612e+00 -5.000000000000e-03
5.497006378934e+00 1.000570975495e+00 -5.000000000000e-03
7.022903235248e-01 4.444872167852e+00 -5.000000000000e-03
1.377477644720e-01 3.920096490777e-01 -5.000000000000e-03
1.281278614144e+00 5.580366104409e+00 -5.000000000000e-03
5.855513028169e+00 3.801640976833e-01 -5.000000000000e-03
5.717474105975e-01 5.651123014005e+00 -5.000000000000e-03
3.889253036442e+00 1.719434109684e+00 -5.000000000000e-03
3.718847264693e-01 4.413088217094e-01 -5.000000000000e-03
9.029653015760e-01 5.018999992839e+00 -5.000000000000e-03
7.209203006314e-01 1.632436977405e+00 -5.000000000000e-03
2.998872919736e-01 6.217445954987e+00 -5.000000000000e-03
1.924392950745e+00 3.388932695642e-01 -5.000000000000e-03
5.748794970626e+00 5.669281152036e+00 -5.000000000000e-03
2.274608870601e-01 2.563808773225e-01 -5.000000000000e-03
7.448830403086e-01 2.940219806820e-01 -5.000000000000e-03
2.831358960570e-01 1.523831253468e+00 -5.000000000000e-03
6.060664784415e+00 1.260033272312e-01 -5.000000000000e-03
5.058467487881e+00 5.243982571055e+00 -5.000000000000e-03
4.975877478713e+00 1.348298854382e+00 -5.000000000000e-03
4.104131595637e-01 1.809547803890e+00 -5.000000000000e-03
1.325204562195e-01 5.830208801018e+00 -5.000000000000e-03
