5.270971169511e+00 2.965563071103e+00 5.000000000000e-03
5.168803487394e+00 2.380564352884e+00 5.000000000000e-03
4.764421829781e+00 2.904745667047e+00 5.000000000000e-03
2.004270415132e+00 3.392277488057e+00 5.000000000000e-03
4.686176589216e+00 3.089000926235e+00 5.000000000000e-03
2.386883094953e+00 3.250712224827e+00 5.000000000000e-03
3.065196021186e+00 4.461802974704e+00 5.000000000000e-03
3.867745413437e-01 5.029196476145e-01 5.000000000000e-03
4.723132685780e+00 3.314235106174e+00 5.000000000000e-03
2.809916066812e-01 3.468409814776e+00 5.000000000000e-03
4.243157124966e+00 3.081107720991e+00 5.000000000000e-03
4.751163564507e+00 3.824140921952e+00 5.000000000000e-03
4.688285781460e+00 3.135431512291e-01 5.000000000000e-03
1.768023872741e+00 3.891409547883e+00 5.000000000000e-03
5.909142166502e+00 4.419007492638e+00 5.000000000000e-03
6.186071086013e+00 3.063228663334e+00 5.000000000000e-03
4.677282920472e+00 1.865337760586e+00 5.000000000000e-03
1.801588445337e+00 5.189357055002e+00 5.000000000000e-03
5.722878145100e+00 1.704346010467e+00 5.000000000000e-03
2.230698069999e+00 4.767476886811e+00 5.000000000000e-03
4.827597976732e+00 3.125427485001e+00 5.000000000000e-03
6.250424950334e+00 4.560911668887e-01 5.000000000000e-03
5.093596001004e+00 4.030292926780e+00 5.000000000000e-03
2.991511916826e+00 2.724597514292e+00 5.000000000000e-03
5.785253493277e+00 4.399098908381e+00 5.000000000000e-03
3.745476471961e+00 4.079761968192e+00 5.000000000000e-03
5.314300969351e+00 1.178773814905e+00 5.000000000000e-03
1.667718566878e+00 1.272229700574e+00 5.000000000000e-03
5.896198534662e+00 3.141519621112e+00 5.000000000000e-03
3.709796637618e+00 2.085513672638e+00 5.000000000000e-03
2.743836869931e+00 5.452490131955e+00 5.000000000000e-03
1.099405922415e+00 5.509565807922e+00 5.000000000000e-03
2.709476478696e+00 6.020296088606e+00 5.000000000000e-03
4.093818976942e-01 4.010609230425e+00 5.000000000000e-03
4.900290214240e+00 3.807662890355e+00 5.000000000000e-03
2.912228564760e+00 3.086962963378e+00 5.000000000000e-03
3.126210848831e+00 4.705417541947e+00 5.000000000000e-03
2.284944649755e+00 2.662969416882e+00 5.000000000000e-03
2.024190141151e+00 2.231352180680e+00 5.000000000000e-03
4.090215753664e+00 3.781949786443e+00 5.000000000000e-03
5.336420011192e+00 3.411350870398e+00 5.000000000000e-03
5.696631613930e-02 5.883523118208e+00 5.000000000000e-03
5.562919982447e+00 3.417915757116e+00 5.000000000000e-03
5.527534517548e+00 4.769652738793e+00 5.000000000000e-03
3.377888333887e+00 4.355088953505e+00 5.000000000000e-03
2.633845539132e+00 3.681082410734e+00 5.000000000000e-03
1.026099054390e+00 2.408807090128e+00 5.000000000000e-03
1.945206590842e+00 2.007761833308e+00 5.000000000000e-03
3.979446867632e+00 4.729044901557e+00 5.000000000000e-03
3.904309894047e+00 1.620498577041e+00 5.000000000000e-03
1.978566840850e+00 6.177039745198e+00 5.000000000000e-03
1.683815569919e+00 2.197116815194e+00 5.000000000000e-03
6.139791120772e+00 3.687527521033e+00 5.000000000000e-03
6.022863734020e+00 4.225420409296e+00 5.000000000000e-03
2.839443251849e+00 4.814033716635e+00 5.000000000000e-03
5.298913135928e-01 1.531460717131e+00 5.000000000000e-03
5.889206643446e+00 7.314410230235e-01 5.000000000000e-03
5.020985030718e+00 4.499493471552e+00 5.000000000000e-03
6.119344960649e-01 4.944649842948e+00 5.000000000000e-03
4.348573254155e+00 4.974017466762e+00 5.000000000000e-03
4.534642738499e+00 4.138314324206e+00 5.000000000000e-03
4.749325878386e+00 3.581998032684e+00 5.000000000000e-03
4.107000247082e+00 2.540089030728e+00 5.000000000000e-03
5.749698183961e+00 3.380711182177e+00 5.000000000000e-03
4.759958078227e+00 2.781593396522e+00 5.000000000000e-03
5.444669949793e+00 5.670063875774e+00 5.000000000000e-03
3.559181189070e+00 8.430206598626e-01 5.000000000000e-03
5.395040896372e+00 2.737802251304e+00 5.000000000000e-03
2.676675881252e+00 6.163416131906e+00 5.000000000000e-03
1.729728314113e+00 2.695785799131e+00 5.000000000000e-03
4.100813176532e+00 3.750203951151e+00 5.000000000000e-03
3.086383199953e+00 2.098430224758e+00 5.000000000000e-03
3.124346628552e+00 4.665955368307e+00 5.000000000000e-03
4.511128041006e+00 3.049262818143e+00 5.000000000000e-03
3.926268439703e+00 4.215130422779e+00 5.000000000000e-03
3.185271801126e+00 2.204742372800e-02 5.000000000000e-03
4.226426614119e+00 3.538633874965e+00 5.000000000000e-03
6.176184408879e+00 4.276017392888e+00 5.000000000000e-03
5.454634955844e+00 2.666955480329e+00 5.000000000000e-03
5.085201941170e+00 3.235726288149e+00 5.000000000000e-03
1.743340816762e+00 1.217110901358e+00 5.000000000000e-03
4.730391067304e+00 4.560217015689e+00 5.000000000000e-03
4.642066902810e+00 3.440679839511e+00 5.000000000000e-03
6.399870233978e-01 4.397853317702e+00 5.000000000000e-03
1.931604270397e+00 2.798802906307e+00 5.000000000000e-03
2.055314710734e+00 2.125900340190e+00 5.000000000000e-03
1.785163156907e+00 5.633315104680e+00 5.000000000000e-03
3.963340319522e+00 8.050785122605e-01 5.000000000000e-03
1.406996391308e+00 4.996998577248e+00 5.000000000000e-03
3.925245612852e+00 4.289885191960e+00 5.000000000000e-03
6.025846735895e+00 4.443918741368e+00 5.000000000000e-03
3.603440489808e+00 2.715868932311e+00 5.000000000000e-03
3.055126525441e+00 1.871898621454e-01 5.000000000000e-03
3.235781126737e+00 5.462168485784e+00 5.000000000000e-03
4.821627078608e+00 3.748608319061e+00 5.000000000000e-03
2.010710437646e+00 4.616856674837e+00 5.000000000000e-03
5.419098968297e+00 4.015954351014e+00 5.000000000000e-03
5.773131593451e+00 2.156030471976e+00 5.000000000000e-03
2.785361003573e+00 5.331458473094e+00 5.000000000000e-03
2.010041059194e-01 3.200266086218e-01 5.000000000000e-03
8.960939918587e-01 4.458098674433e+00 -5.000000000000e-03
9.796645563967e-01 3.146013014190e-01 -5.000000000000e-03
3.193440767345e-01 1.300614346143e+00 -5.000000000000e-03
4.375245214108e-01 1.144849625282e+00 -5.000000000000e-03
3.775963937367e+00 5.141906622182e+00 -5.000000000000e-03
2.798060569631e+00 1.607789947631e+00 -5.000000000000e-03
6.897250018552e-01 4.333650082061e-01 -5.000000000000e-03
8.204664211154e-01 9.946464326071e-01 -5.000000000000e-03
1.120115294583e+00 1.775475002143e+00 -5.000000000000e-03
1.326965954936e+00 2.968134433530e+00 -5.000000000000e-03
2.110572517875e+00 2.787233078008e-01 -5.000000000000e-03
6.795229810782e-01 5.645525203375e+00 -5.000000000000e-03
5.698062013393e+00 6.078224884738e+00 -5.000000000000e-03
2.867131370953e+00 7.656730660787e-01 -5.000000000000e-03
4.330603709948e+00 1.419449571161e+00 -5.000000000000e-03
1.143564877820e+00 1.147694393239e+00 -5.000000000000e-03
2.965612315185e+00 8.274527229029e-01 -5.000000000000e-03
4.034371570724e+00 5.537239075521e+00 -5.000000000000e-03
2.741320778496e-01 5.527202293060e+00 -5.000000000000e-03
3.298731275768e-01 1.208082142736e+00 -5.000000000000e-03
5.302256334382e+00 7.831187407253e-01 -5.000000000000e-03
1.029894169654e+00 3.038414186846e+00 -5.000000000000e-03
6.223112541128e+00 5.432605335184e+00 -5.000000000000e-03
1.838729778112e+00 1.606567701139e+00 -5.000000000000e-03
1.160882745885e+00 1.496214569008e+00 -5.000000000000e-03
4.103380571964e+00 2.704369698011e+00 -5.000000000000e-03
3.585958477678e+00 3.417919606511e+00 -5.000000000000e-03
9.125381205381e-01 9.786431398550e-01 -5.000000000000e-03
6.208708611203e+00 4.972674884427e+00 -5.000000000000e-03
3.743402888569e+00 5.776379610750e+00 -5.000000000000e-03
4.163632328276e+00 5.664660798083e+00 -5.000000000000e-03
4.096490781219e+00 5.181211742247e+00 -5.000000000000e-03
6.028855291291e+00 5.592077732512e+00 -5.000000000000e-03
1.053601878161e+00 6.109723409478e-02 -5.000000000000e-03
1.178409271257e+00 4.115532975099e+00 -5.000000000000e-03
1.289882366257e+00 1.764349591357e+00 -5.000000000000e-03
9.865256699362e-01 8.656437039809e-01 -5.000000000000e-03
5.261131078650e+00 6.005352699260e+00 -5.000000000000e-03
4.629653100757e-01 1.254587700802e+00 -5.000000000000e-03
1.478200098660e-01 1.903985122943e+00 -5.000000000000e-03
7.717688743184e-02 4.678450751638e+00 -5.000000000000e-03
1.171312926041e+00 1.040161289539e+00 -5.000000000000e-03
2.459640765817e-01 5.525015852913e+00 -5.000000000000e-03
5.317904477572e+00 5.824913964415e+00 -5.000000000000e-03
8.178026599287e-01 9.359102366315e-01 -5.000000000000e-03
5.762785732198e+00 6.038664809399e+00 -5.000000000000e-03
1.211163328268e+00 2.588726872503e+00 -5.000000000000e-03
3.288407562984e-01 2.567405611418e+00 -5.000000000000e-03
3.751215233001e+00 6.242003496848e+00 -5.000000000000e-03
5.152747458900e+00 1.776437968305e+00 -5.000000000000e-03
2.839911823578e+00 9.557845121401e-01 -5.000000000000e-03
1.787104177803e+00 9.133366268414e-01 -5.000000000000e-03
1.593092132861e+00 4.461860384142e+00 -5.000000000000e-03
1.036551256625e+00 1.016264588904e-01 -5.000000000000e-03
4.642411571299e+00 2.141848088056e+00 -5.000000000000e-03
3.946882409434e-02 5.343044419094e+00 -5.000000000000e-03
9.761239807276e-01 1.415726716272e+00 -5.000000000000e-03
7.237063404853e-01 1.038730165966e+00 -5.000000000000e-03
5.526542125633e+00 1.665964538821e+00 -5.000000000000e-03
3.999914230213e+00 5.076408489229e-01 -5.000000000000e-03
1.570485203816e+00 2.617109243235e+00 -5.000000000000e-03
5.637863936088e+00 5.311312720121e+00 -5.000000000000e-03
3.326697434852e+00 2.196736209909e+00 -5.000000000000e-03
2.285395375531e+00 5.854955714559e+00 -5.000000000000e-03
2.726228018163e+00 1.974033804077e+00 -5.000000000000e-03
6.151387560452e+00 5.248110520597e+00 -5.000000000000e-03
1.365052048011e+00 1.053902487110e+00 -5.000000000000e-03
8.355147929825e-01 5.510759946127e+00 -5.000000000000e-03
4.495339157471e-01 9.488729599745e-01 -5.000000000000e-03
1.504113710486e+00 1.927536381332e+00 -5.000000000000e-03
1.280805782532e+00 1.291562090254e+00 -5.000000000000e-03
5.185212113610e-02 5.581795209632e+00 -5.000000000000e-03
3.621532770823e+00 4.086442630516e+00 -5.000000000000e-03
7.351135715838e-01 2.941976498650e+00 -5.000000000000e-03
4.581209036327e+00 5.822663206204e+00 -5.000000000000e-03
5.115600170837e+00 2.801706143667e+00 -5.000000000000e-03
5.855229783294e-01 2.969129568693e+00 -5.000000000000e-03
4.618682592888e+00 7.681132061784e-01 -5.000000000000e-03
6.168817123585e+00 5.881641421659e+00 -5.000000000000e-03
2.819298609140e+00 6.219721017271e-01 -5.000000000000e-03
2.596688587835e-01 5.706388734689e+00 -5.000000000000e-03
6.714278900837e-01 5.648680982956e+00 -5.000000000000e-03
1.078550952823e+00 5.703137204138e+00 -5.000000000000e-03
7.812142673927e-01 1.057464962614e+00 -5.000000000000e-03
5.580422099651e+00 8.454854957159e-01 -5.000000000000e-03
2.679882255457e+00 4.068378673170e+00 -5.000000000000e-03
1.591697104638e+00 1.525619251123e+00 -5.000000000000e-03
3.925862547658e+00 2.301786933685e+00 -5.000000000000e-03
1.260166307835e+00 7.618432408951e-01 -5.000000000000e-03
3.486386484745e-01 1.266812367419e+00 -5.000000000000e-03
2.294189358755e+00 1.208887579436e+00 -5.000000000000e-03
1.023240010932e+00 6.205810522453e+00 -5.000000000000e-03
3.972876026589e+00 5.698487810010e+00 -5.000000000000e-03
4.762088068059e+00 1.735241914158e+00 -5.000000000000e-03
2.722128660166e+00 2.489880174904e+00 -5.000000000000e-03
6.204220794202e+00 5.641360279498e+00 -5.000000000000e-03
5.929637037311e+00 5.963428438255e+00 -5.000000000000e-03
1.469107019388e-02 2.141098900621e+00 -5.000000000000e-03
4.295925167836e+00 4.859254322333e-01 -5.000000000000e-03
2.287819825326e+00 2.226940850228e+00 -5.000000000000e-03
