6.193266722036e+00 1.437053369379e+00 5.000000000000e-03
4.517123346467e+00 2.770451132404e+00 5.000000000000e-03
3.097482299942e+00 5.750084074369e+00 5.000000000000e-03
5.525025552420e-01 4.369259808218e+00 5.000000000000e-03
5.265719616167e+00 4.055664723572e+00 5.000000000000e-03
5.088687341017e+00 5.897239318163e+00 5.000000000000e-03
4.640444589180e+00 3.935975902287e+00 5.000000000000e-03
5.366644114494e+00 4.409672261496e+00 5.000000000000e-03
8.377203551108e-01 5.264237190924e+00 5.000000000000e-03
4.138982929709e+00 4.896579682779e+00 5.000000000000e-03
1.271886410209e+00 5.018555730072e+00 5.000000000000e-03
6.212368534394e+00 2.077184306955e-01 5.000000000000e-03
1.398740742979e+00 2.733665943924e+00 5.000000000000e-03
6.129234340398e+00 4.924486010906e+00 5.000000000000e-03
3.440821966981e+00 7.974808177766e-01 5.000000000000e-03
5.366256652760e+00 4.775852121033e-01 5.000000000000e-03
4.359087937525e-01 2.788734293038e+00 5.000000000000e-03
9.413075077428e-02 1.209231377497e+00 5.000000000000e-03
3.473809691262e+00 3.854310753018e+00 5.000000000000e-03
5.990356137194e+00 2.684346292834e-01 5.000000000000e-03
4.903355574414e-01 4.260695095846e+00 5.000000000000e-03
3.520446882143e+00 3.818188001318e+00 5.000000000000e-03
5.656618611406e+00 4.003052792149e+00 5.000000000000e-03
6.371899390186e-01 5.166130741891e+00 5.000000000000e-03
4.537157355863e+00 4.591592228302e+00 5.000000000000e-03
5.676302490738e-02 1.555200088862e+00 5.000000000000e-03
2.910459420579e+00 2.929067002311e+00 5.000000000000e-03
3.966411002050e+00 8.854229973469e-01 5.000000000000e-03
4.642576640439e+00 1.986959210691e-01 5.000000000000e-03
1.234024513311e+00 6.733003977736e-01 5.000000000000e-03
4.554296291436e+00 1.222365414569e-01 5.000000000000e-03
4.316695892600e+00 5.177715008324e+00 5.000000000000e-03
3.963831969406e+00 7.789014523343e-01 5.000000000000e-03
4.809972367191e+00 6.043863878581e+00 5.000000000000e-03
6.161964173877e+00 7.712878257852e-01 5.000000000000e-03
4.740230995889e+00 1.374266557036e+00 5.000000000000e-03
5.710576182125e+00 1.651071330715e+00 5.000000000000e-03
6.131885557437e+00 9.213770520690e-01 5.000000000000e-03
1.778296542465e+00 1.935873031533e+00 5.000000000000e-03
9.050796314773e-01 1.732919544160e+00 5.000000000000e-03
2.076395424551e-01 4.611472746701e+00 5.000000000000e-03
1.764407270070e-01 4.644206632008e+00 5.000000000000e-03
6.142995486987e+00 8.917714320535e-01 5.000000000000e-03
3.403058458619e+00 5.909364783174e+00 5.000000000000e-03
9.125911399766e-01 5.227635520656e+00 5.000000000000e-03
4.927767648985e+00 6.124440043797e+00 5.000000000000e-03
4.329153147556e+00 2.030266196522e+00 5.000000000000e-03
1.346244431590e+00 3.060058244722e+00 5.000000000000e-03
2.938784557653e+00 4.932589452502e+00 5.000000000000e-03
1.529082221001e+00 2.468207304106e+00 5.000000000000e-03
5.126474303198e+00 4.906432072933e+00 5.000000000000e-03
4.451150479434e+00 3.107898930313e+00 5.000000000000e-03
5.580753177138e+00 1.636178160758e+00 5.000000000000e-03
5.261666751926e+00 5.302793036449e+00 5.000000000000e-03
3.418899805522e+00 3.067660564889e+00 5.000000000000e-03
2.213149370095e+00 4.175135458492e+00 5.000000000000e-03
3.818827343441e+00 5.622416506579e+00 5.000000000000e-03
1.589068776919e+00 1.770372819454e+00 5.000000000000e-03
5.695854029138e+00 4.320356643753e+00 5.000000000000e-03
1.130716884936e+00 1.986785688826e+00 5.000000000000e-03
4.774467979100e+00 3.074331661205e+00 5.000000000000e-03
4.351331698279e+00 6.178136898117e+00 5.000000000000e-03
3.900733366922e+00 6.275126309914e+00 5.000000000000e-03
3.999062135099e+00 5.663705949684e+00 5.000000000000e-03
2.478082946407e+00 5.716712821817e+00 5.000000000000e-03
1.061191778207e+00 4.581403757512e+00 5.000000000000e-03
1.464100383795e+00 2.491611122221e+00 5.000000000000e-03
3.564684156665e+00 5.825156103561e+00 5.000000000000e-03
6.066555617433e-02 5.214550464357e+00 5.000000000000e-03
5.943510808339e+00 1.606983616874e+00 5.000000000000e-03
3.923582758262e+00 5.786414738380e+00 5.000000000000e-03
5.588076008212e+00 4.993043482590e+00 5.000000000000e-03
5.358323878005e+00 4.604758342117e-01 5.000000000000e-03
4.342759570019e+00 6.128075663907e+00 5.000000000000e-03
4.575277504643e+00 6.218514174277e+00 5.000000000000e-03
5.781652433651e+00 4.046606777901e+00 5.000000000000e-03
4.761502636935e+00 7.199327211712e-01 5.000000000000e-03
4.254778482713e+00 5.993186587694e+00 5.000000000000e-03
4.357926089504e+00 2.941362214989e+00 5.000000000000e-03
3.562845936281e+00 6.066393555428e-01 5.000000000000e-03
5.527401650147e+00 4.292777178604e+00 5.000000000000e-03
1.861446472043e+00 4.753927274248e+00 5.000000000000e-03
4.844207848603e+00 1.498618591127e+00 5.000000000000e-03
4.889030103795e+00 4.019004828064e+00 5.000000000000e-03
5.138556600157e+00 4.933964384513e+00 5.000000000000e-03
6.011223790855e+00 1.594575027208e+00 5.000000000000e-03
5.732047208104e+00 1.708787936484e+00 5.000000000000e-03
1.599377034141e+00 5.667432776791e+00 5.000000000000e-03
4.748093306575e+00 2.043137304617e+00 5.000000000000e-03
5.999903587342e+00 5.565678158634e+00 5.000000000000e-03
5.612427279674e+00 2.250834285771e-01 5.000000000000e-03
6.116830600067e+00 9.032844916804e-01 5.000000000000e-03
2.649881325139e+00 3.816983535198e+00 5.000000000000e-03
1.676849073321e+00 2.277812320327e+00 5.000000000000e-03
1.527687704820e+00 4.342492391299e+00 5.000000000000e-03
5.656976236051e+00 5.282078991198e+00 5.000000000000e-03
3.646531324122e+00 1.052319149445e+00 5.000000000000e-03
4.318024753684e+00 1.297523801265e+00 5.000000000000e-03
1.162583968966e+00 5.402017777043e+00 5.000000000000e-03
5.999041266995e+00 5.191089507313e+00 5.000000000000e-03
2.367390656372e+00 3.129410003988e+00 -5.000000000000e-03
1.073736122599e+00 3.133839139739e-01 -5.000000000000e-03
1.720784591908e+00 3.974678431454e+00 -5.000000000000e-03
5.284710047466e+00 1.018895784609e+00 -5.000000000000e-03
1.443253179156e+00 6.274194023761e+00 -5.000000000000e-03
2.155002245285e+00 5.715047847402e+00 -5.000000000000e-03
3.842507261995e+00 2.364315862574e+00 -5.000000000000e-03
1.899371401785e+00 5.759194236287e+00 -5.000000000000e-03
4.727552902390e-01 8.080417006268e-01 -5.000000000000e-03
3.240932848132e+00 5.924030995766e+00 -5.000000000000e-03
3.397287357945e-01 1.056513389376e+00 -5.000000000000e-03
3.044485560362e+00 2.163050172133e+00 -5.000000000000e-03
2.065593965758e+00 5.273365875459e+00 -5.000000000000e-03
2.344938423764e+00 3.146154652920e+00 -5.000000000000e-03
2.180813668425e+00 2.839127611422e+00 -5.000000000000e-03
1.212077730128e+00 5.926698540218e+00 -5.000000000000e-03
3.017817231604e+00 1.715321590445e-01 -5.000000000000e-03
6.781027285428e-01 1.306298007085e-01 -5.000000000000e-03
5.256603838545e+00 1.698812340333e+00 -5.000000000000e-03
3.374626434442e+00 1.634662040022e+00 -5.000000000000e-03
1.248024138588e+00 5.955126306667e+00 -5.000000000000e-03
3.485417970897e+00 2.232806935237e-01 -5.000000000000e-03
5.487964906271e+00 1.289844679666e+00 -5.000000000000e-03
5.795313046899e+00 2.389894357870e+00 -5.000000000000e-03
1.909723094485e+00 6.478193620801e-01 -5.000000000000e-03
2.162737519856e+00 5.046817328768e+00 -5.000000000000e-03
9.340573208059e-02 4.383128872151e+00 -5.000000000000e-03
2.019824870204e+00 9.504107470762e-01 -5.000000000000e-03
1.601993775027e+00 4.222808136119e+00 -5.000000000000e-03
2.094279517738e+00 6.047258744217e+00 -5.000000000000e-03
5.863828200013e+00 6.739174620653e-01 -5.000000000000e-03
3.405444258497e+00 1.464616482787e+00 -5.000000000000e-03
1.797515300336e+00 4.048951629918e+00 -5.000000000000e-03
2.999168695852e+00 1.525253158645e-01 -5.000000000000e-03
4.320667780223e+00 2.654238650910e+00 -5.000000000000e-03
1.649401625819e+00 4.216404868119e+00 -5.000000000000e-03
3.240375354869e+00 2.063423289499e+00 -5.000000000000e-03
1.270362857165e+00 6.023956858303e+00 -5.000000000000e-03
2.407698099000e-01 1.406444139304e-01 -5.000000000000e-03
7.495679720644e-01 5.808005000654e+00 -5.000000000000e-03
2.002987212540e+00 5.919081341693e+00 -5.000000000000e-03
1.972480898613e+00 5.991425378978e+00 -5.000000000000e-03
4.165154843712e+00 4.499556699908e+00 -5.000000000000e-03
2.979467502928e+00 2.128372487300e+00 -5.000000000000e-03
2.819646040113e+00 4.574403447848e+00 -5.000000000000e-03
6.932575012023e-01 4.602712505017e+00 -5.000000000000e-03
9.374384052681e-01 3.921339522776e+00 -5.000000000000e-03
3.968023364427e+00 2.662997386487e+00 -5.000000000000e-03
2.207149180612e+00 1.038175936521e+00 -5.000000000000e-03
1.937576227341e+00 5.657875967160e+00 -5.000000000000e-03
4.814891985404e+00 4.553959140643e+00 -5.000000000000e-03
2.046244118010e+00 6.083502836720e+00 -5.000000000000e-03
3.025064329128e+00 5.925152965765e+00 -5.000000000000e-03
3.034712744654e+00 1.444515292595e-01 -5.000000000000e-03
9.432182781948e-01 7.728701544465e-01 -5.000000000000e-03
4.010995202564e+00 5.180223593066e+00 -5.000000000000e-03
7.080630069129e-01 5.835493384428e+00 -5.000000000000e-03
3.725480289101e-01 2.454741840699e+00 -5.000000000000e-03
8.566810724955e-01 4.880473974252e+00 -5.000000000000e-03
5.488365088047e+00 2.710679854429e+00 -5.000000000000e-03
2.891589785354e+00 6.132526873943e-03 -5.000000000000e-03
1.659127401645e-01 2.621559023094e+00 -5.000000000000e-03
2.356278754204e+00 1.876763082599e+00 -5.000000000000e-03
2.159229862336e+00 8.654845308672e-01 -5.000000000000e-03
9.976245797190e-01 3.244140150073e-01 -5.000000000000e-03
1.872544693417e+00 5.510197453733e+00 -5.000000000000e-03
5.342874983567e+00 1.050234575328e+00 -5.000000000000e-03
3.530308117256e+00 2.154196323691e+00 -5.000000000000e-03
4.051327078560e+00 5.140085205424e+00 -5.000000000000e-03
1.404266596466e+00 3.798245849878e+00 -5.000000000000e-03
1.907425962372e+00 5.356305976854e+00 -5.000000000000e-03
1.189289812264e+00 3.734199842264e-01 -5.000000000000e-03
2.129270638768e+00 3.136779591185e+00 -5.000000000000e-03
5.894476090179e-01 6.777443417584e-01 -5.000000000000e-03
3.188603470070e+00 1.825322277978e+00 -5.000000000000e-03
3.266948584751e+00 5.951284313298e+00 -5.000000000000e-03
5.022030623555e-01 2.332858867561e+00 -5.000000000000e-03
5.244775485690e-01 5.014470289691e+00 -5.000000000000e-03
6.273965791181e+00 2.905950185131e+00 -5.000000000000e-03
1.646414604101e+00 4.705357533585e+00 -5.000000000000e-03
3.632996456690e+00 3.258537086839e+00 -5.000000000000e-03
3.043974841893e+00 2.171729693351e+00 -5.000000000000e-03
5.511516378794e+00 3.983025183824e+00 -5.000000000000e-03
1.151274899792e+00 2.522386349914e+00 -5.000000000000e-03
3.997602340323e+00 3.195727346567e+00 -5.000000000000e-03
3.542427806112e+00 4.997413660463e+00 -5.000000000000e-03
2.004989254183e+00 5.127793014272e+00 -5.000000000000e-03
1.015148282573e+00 5.808107763031e+00 -5.000000000000e-03
2.352774448096e+00 3.508120162682e-01 -5.000000000000e-03
3.411420704678e+00 1.609103499024e+00 -5.000000000000e-03
2.775847434917e+00 4.471665913102e+00 -5.000000000000e-03
2.530814512291e+00 4.148578888481e+00 -5.000000000000e-03
1.239925364211e-01 5.849623460962e+00 -5.000000000000e-03
2.270283134738e+00 3.276665965951e+00 -5.000000000000e-03
1.116765963381e+00 4.201675076490e+00 -5.000000000000e-03
2.465776761784e+00 3.709361330262e+00 -5.000000000000e-03
1.954973880062e+00 5.375720795715e+00 -5.000000000000e-03
1.708725828657e+00 3.949238952958e+00 -5.000000000000e-03
4.493074416816e+00 4.016226664535e+00 -5.000000000000e-03
1.825735493839e+00 5.570694621443e+00 -5.000000000000e-03
