1.688756967097e-02 2.536795280021e+00 5.000000000000e-03
4.432064945592e+00 1.085308586041e+00 5.000000000000e-03
1.947773257264e+00 4.436286816854e+00 5.000000000000e-03
9.105383334818e-01 1.249096062054e+00 5.000000000000e-03
1.129091735948e+00 6.179657135903e-01 5.000000000000e-03
1.282967936544e+00 2.848429278326e+00 5.000000000000e-03
9.611631633899e-01 1.046577174124e+00 5.000000000000e-03
4.215824619824e+00 1.438022891953e+00 5.000000000000e-03
5.617023749983e-02 2.511574554014e+00 5.000000000000e-03
4.617502792234e+00 3.840726678058e+00 5.000000000000e-03
2.257447111000e+00 4.337389233304e+00 5.000000000000e-03
2.115611499495e+00 2.331590531003e+00 5.000000000000e-03
4.771594024471e+00 4.764241358263e+00 5.000000000000e-03
1.761752090251e+00 1.815880722092e+00 5.000000000000e-03
9.624652217696e-01 1.280590273052e+00 5.000000000000e-03
3.483712131048e+00 2.738368496232e+00 5.000000000000e-03
6.111269935108e+00 2.340308944185e+00 5.000000000000e-03
3.471579835180e+00 3.520581076264e+00 5.000000000000e-03
2.253003583755e+00 2.911469224005e+00 5.000000000000e-03
3.893238661061e-01 4.920045080419e+00 5.000000000000e-03
3.584426785815e+00 2.812571713906e+00 5.000000000000e-03
4.913387038559e+00 2.163096884522e+00 5.000000000000e-03
7.538784060606e-01 3.045189901592e+00 5.000000000000e-03
1.764141361188e+00 2.078597005138e+00 5.000000000000e-03
5.955339217347e+00 3.158544902534e+00 5.000000000000e-03
2.774241744340e+00 3.584087738224e+00 5.000000000000e-03
6.319477044803e-01 4.646195313639e+00 5.000000000000e-03
3.569448176704e-02 2.780981173792e+00 5.000000000000e-03
2.193477907334e+00 2.287115334647e+00 5.000000000000e-03
2.099079442939e+00 2.297745238833e+00 5.000000000000e-03
1.286179512291e+00 6.576569712733e-01 5.000000000000e-03
3.971373726216e-01 3.883734138166e+00 5.000000000000e-03
9.247619980747e-01 2.874475152844e+00 5.000000000000e-03
8.206610534535e-01 1.662502967831e+00 5.000000000000e-03
2.901156836954e+00 9.311739073822e-01 5.000000000000e-03
3.466955585523e+00 1.924157128692e+00 5.000000000000e-03
2.375911561355e+00 2.331324578416e+00 5.000000000000e-03
4.459561756099e-01 2.021270088513e+00 5.000000000000e-03
1.434566947699e+00 6.262012316017e+00 5.000000000000e-03
2.537089811217e+00 5.615647599986e-01 5.000000000000e-03
4.356154992370e-01 5.896911753127e+00 5.000000000000e-03
1.466629610236e+00 2.143518958356e+00 5.000000000000e-03
4.525945373357e-02 5.230334000370e+00 5.000000000000e-03
3.734272479412e+00 3.279074553599e+00 5.000000000000e-03
6.034738616544e+00 3.730636051621e+00 5.000000000000e-03
2.311951074376e+00 3.105583960736e+00 5.000000000000e-03
1.024013940526e+00 1.340796548722e+00 5.000000000000e-03
1.230779498782e+00 3.548948926828e+00 5.000000000000e-03
3.385146335109e+00 3.109370564614e+00 5.000000000000e-03
1.615198987524e+00 2.447975526987e+00 5.000000000000e-03
4.475172483730e+00 4.475698731926e+00 5.000000000000e-03
2.239620105000e+00 1.936554417334e+00 5.000000000000e-03
3.973575885627e+00 3.100222725099e+00 5.000000000000e-03
1.715730931066e+00 2.695716422566e+00 5.000000000000e-03
6.221925813342e+00 3.506831892390e+00 5.000000000000e-03
1.312532965943e+00 5.582335463250e+00 5.000000000000e-03
1.597072630565e+00 5.642122648255e+00 5.000000000000e-03
2.173255901922e+00 2.240002534280e+00 5.000000000000e-03
4.391357365968e+00 1.947241490165e+00 5.000000000000e-03
2.994930869923e+00 2.478445616850e+00 5.000000000000e-03
1.589442883313e+00 5.619318812665e+00 5.000000000000e-03
3.122119799309e+00 1.612468949502e+00 5.000000000000e-03
2.622874804586e+00 2.373918743475e+00 5.000000000000e-03
4.059067595994e+00 3.131881035390e+00 5.000000000000e-03
3.984385879335e+00 3.005528078661e+00 5.000000000000e-03
4.080366672797e+00 2.552701763050e+00 5.000000000000e-03
1.130061352291e+00 2.556695186081e+00 5.000000000000e-03
3.019845292946e+00 3.068278865655e+00 5.000000000000e-03
8.605515272284e-01 6.228036249445e-01 5.000000000000e-03
8.144447477940e-01 2.236162768755e+00 5.000000000000e-03
1.829752465515e+00 2.062348584460e+00 5.000000000000e-03
1.750654769325e+00 5.996231459900e-02 5.000000000000e-03
4.428493687173e+00 3.139290801612e+00 5.000000000000e-03
2.166072661445e+00 2.487940013443e+00 5.000000000000e-03
2.130415736112e+00 2.317606188350e+00 5.000000000000e-03
2.322910036689e+00 5.664672835082e+00 5.000000000000e-03
2.162366055614e+00 2.651039616143e+00 5.000000000000e-03
8.722247210727e-01 5.890618443309e+00 5.000000000000e-03
1.380078971505e+00 1.558593815598e-01 5.000000000000e-03
1.043227865869e+00 4.883665708882e+00 5.000000000000e-03
8.272405337745e-01 3.519159029131e+00 5.000000000000e-03
3.917540444527e+00 1.110206084613e+00 5.000000000000e-03
3.279760209354e+00 2.360096921020e+00 5.000000000000e-03
1.731116324350e+00 2.119561897264e-02 5.000000000000e-03
5.255591988066e+00 2.098408832239e+00 5.000000000000e-03
1.680855974249e+00 3.709897770264e-01 5.000000000000e-03
4.666767766244e+00 3.019860961182e+00 5.000000000000e-03
5.096473699042e+00 7.620586611262e-01 5.000000000000e-03
1.395698014302e+00 1.458790628106e+00 5.000000000000e-03
1.085427591185e+00 8.857345492012e-01 5.000000000000e-03
4.034728107193e+00 1.731232779443e+00 5.000000000000e-03
2.135521843318e+00 2.254869600165e+00 5.000000000000e-03
5.779506405044e+00 2.112213096992e+00 5.000000000000e-03
2.855766477157e+00 1.044251443901e+00 5.000000000000e-03
5.780221567755e+00 1.560085294490e+00 5.000000000000e-03
2.022810639555e+00 2.792407681051e+00 5.000000000000e-03
1.001667759332e+00 8.927486269791e-01 5.000000000000e-03
2.054544399923e+00 2.472934129846e+00 5.000000000000e-03
1.282799765274e+00 1.394544257512e+00 5.000000000000e-03
2.080124847233e+00 2.366914122173e+00 5.000000000000e-03
5.083014885942e+00 2.982125693726e+00 -5.000000000000e-03
5.854646194163e+00 1.362345551990e+00 -5.000000000000e-03
2.457934740272e+00 4.256646807531e+00 -5.000000000000e-03
3.606146908537e+00 6.061672626366e+00 -5.000000000000e-03
2.831923529680e+00 1.353621529767e+00 -5.000000000000e-03
4.032541315455e+00 5.963115685089e+00 -5.000000000000e-03
5.357458426012e+00 1.122790256509e+00 -5.000000000000e-03
5.837663648774e+00 4.289882115800e+00 -5.000000000000e-03
4.125815987888e+00 1.665212627585e+00 -5.000000000000e-03
2.259150958556e+00 1.362898031568e-01 -5.000000000000e-03
3.860211597086e+00 5.998414604244e+00 -5.000000000000e-03
5.375328551109e+00 5.302674581936e+00 -5.000000000000e-03
6.282066208585e+00 2.039280923290e-02 -5.000000000000e-03
2.447270357869e+00 4.899959087446e+00 -5.000000000000e-03
4.094494020743e+00 5.872788882872e+00 -5.000000000000e-03
4.629852914396e+00 6.135266495973e+00 -5.000000000000e-03
4.467882162389e+00 6.042887781424e-01 -5.000000000000e-03
5.701759087273e+00 4.106502399168e-01 -5.000000000000e-03
2.446298834332e+00 4.807560846216e+00 -5.000000000000e-03
2.977297646141e+00 3.099146732983e-01 -5.000000000000e-03
4.042990485828e+00 5.619547115526e+00 -5.000000000000e-03
5.802789445078e+00 5.356872623478e+00 -5.000000000000e-03
2.699540995697e+00 5.960586993377e+00 -5.000000000000e-03
3.635996895840e+00 4.888749801743e+00 -5.000000000000e-03
3.007074753725e+00 3.475454783110e+00 -5.000000000000e-03
2.876919034419e+00 1.602937594201e+00 -5.000000000000e-03
5.222893279992e+00 2.798646709326e-01 -5.000000000000e-03
4.075681917734e+00 4.780284722691e+00 -5.000000000000e-03
1.679075916135e+00 4.967449968606e+00 -5.000000000000e-03
5.537942721319e+00 5.175739844452e-01 -5.000000000000e-03
4.144844379400e+00 4.493093263971e+00 -5.000000000000e-03
3.394647024703e+00 5.378862996779e+00 -5.000000000000e-03
5.530543863269e+00 4.436123611152e+00 -5.000000000000e-03
4.645110514592e+00 5.749294016539e+00 -5.000000000000e-03
5.702471995273e+00 4.808029680060e+00 -5.000000000000e-03
2.878227659814e+00 5.940308170563e+00 -5.000000000000e-03
5.078340689531e+00 3.072555761946e-01 -5.000000000000e-03
6.251671325813e+00 5.521105500264e+00 -5.000000000000e-03
4.387661105955e+00 5.734938530931e+00 -5.000000000000e-03
6.208342374039e+00 5.094172363400e+00 -5.000000000000e-03
6.066805358692e+00 4.827336674274e-01 -5.000000000000e-03
4.179437859529e+00 6.120407827258e+00 -5.000000000000e-03
1.984961614420e+00 1.307424979550e+00 -5.000000000000e-03
5.095784422021e+00 1.043366038955e+00 -5.000000000000e-03
3.970834616646e+00 5.608787315760e+00 -5.000000000000e-03
3.282813980409e+00 5.736800386787e+00 -5.000000000000e-03
5.545265666443e+00 4.710231295388e-01 -5.000000000000e-03
2.552302631074e+00 1.057730867348e+00 -5.000000000000e-03
4.467880213407e-01 5.205521300518e+00 -5.000000000000e-03
4.938109570279e+00 8.433029608210e-01 -5.000000000000e-03
2.490285239417e+00 5.426822635690e+00 -5.000000000000e-03
3.574005161518e+00 3.870305119582e-01 -5.000000000000e-03
3.951745000034e+00 5.958872146809e+00 -5.000000000000e-03
3.248698147553e+00 5.778775056910e-02 -5.000000000000e-03
4.625762646632e+00 1.352600015893e+00 -5.000000000000e-03
4.218106231821e+00 6.020389780004e+00 -5.000000000000e-03
2.858619242333e+00 4.350813785878e+00 -5.000000000000e-03
2.661216122446e-01 3.278547549012e-01 -5.000000000000e-03
5.856109926539e+00 2.216226619008e+00 -5.000000000000e-03
5.468760470660e+00 5.796660093368e+00 -5.000000000000e-03
1.658851401777e+00 3.835784914173e+00 -5.000000000000e-03
2.598955856169e+00 4.626652403577e+00 -5.000000000000e-03
2.148822871019e+00 1.532547529225e-01 -5.000000000000e-03
5.169916272818e+00 5.447207324941e+00 -5.000000000000e-03
5.243490845105e+00 4.705873713734e-01 -5.000000000000e-03
1.957256832373e+00 5.285210096261e+00 -5.000000000000e-03
4.261175034951e+00 6.230772642390e+00 -5.000000000000e-03
4.068228177272e+00 6.203184314484e+00 -5.000000000000e-03
3.539566518615e+00 5.554791741909e+00 -5.000000000000e-03
1.423027141874e+00 5.254947772564e+00 -5.000000000000e-03
6.126189926110e+00 6.283008911083e+00 -5.000000000000e-03
4.200053437983e+00 6.116063359941e+00 -5.000000000000e-03
4.465566242545e+00 1.639952596118e+00 -5.000000000000e-03
3.545221611993e+00 5.545270129612e+00 -5.000000000000e-03
5.160154616681e+00 5.412501442082e+00 -5.000000000000e-03
3.546337935422e+00 5.455391330387e+00 -5.000000000000e-03
4.519396191447e+00 6.039050028644e+00 -5.000000000000e-03
2.703967229896e+00 3.972701285695e-03 -5.000000000000e-03
6.049976032833e+00 4.223029246923e+00 -5.000000000000e-03
4.126730666052e+00 6.151956461866e+00 -5.000000000000e-03
2.079015894143e+00 4.939417700390e+00 -5.000000000000e-03
3.764784777504e+00 3.189152414886e-01 -5.000000000000e-03
1.073888800389e-01 5.803676047541e+00 -5.000000000000e-03
4.039829002598e+00 6.740561546845e-01 -5.000000000000e-03
4.701248247912e+00 5.896808154569e+00 -5.000000000000e-03
6.155444735725e+00 5.754121694889e+00 -5.000000000000e-03
5.435753256871e+00 8.643053418437e-01 -5.000000000000e-03
3.765527788154e+00 5.478971182201e+00 -5.000000000000e-03
3.128849038029e+00 5.291176955652e+00 -5.000000000000e-03
8.386889427979e-01 5.599092801781e+00 -5.000000000000e-03
3.126643501588e+00 2.785565245528e-02 -5.000000000000e-03
1.782041473126e+00 4.765736254920e+00 -5.000000000000e-03
5.501034343859e+00 3.860918097259e+00 -5.000000000000e-03
3.988568802558e+00 9.581550899543e-01 -5.000000000000e-03
3.318012285880e+00 1.603267215457e+00 -5.000000000000e-03
4.657411693183e+00 4.275158009350e+00 -5.000000000000e-03
3.548248982821e+00 3.586202803262e-01 -5.000000000000e-03
3.758582424379e+00 1.875565791294e-01 -5.000000000000e-03
4.554130193525e+00 6.063756677598e+00 -5.000000000000e-03
5.173167683088e+00 5.742992447235e+00 -5.000000000000e-03
