3.292533248111e+00 5.037402307898e+00 5.000000000000e-03
1.053133568932e+00 2.978383749775e-01 5.000000000000e-03
2.137494078296e+00 2.441344633161e+00 5.000000000000e-03
9.614800748351e-01 3.400894296234e+00 5.000000000000e-03
2.733934598739e+00 5.530742915128e+00 5.000000000000e-03
8.886935466868e-01 2.075754407315e+00 5.000000000000e-03
2.326968171561e+00 4.213622388487e+00 5.000000000000e-03
2.450885505031e+00 1.266993226330e+00 5.000000000000e-03
8.949400193047e-01 4.843726374188e+00 5.000000000000e-03
1.511386443722e+00 1.938845685609e+00 5.000000000000e-03
4.858593955454e+00 1.834542495985e+00 5.000000000000e-03
3.751904101507e+00 4.808680005348e+00 5.000000000000e-03
3.317471524948e+00 5.401425957940e+00 5.000000000000e-03
6.280186545400e+00 3.887696039083e+00 5.000000000000e-03
2.059743779714e+00 4.699332310079e+00 5.000000000000e-03
6.186148218604e-01 1.200784415124e+00 5.000000000000e-03
4.306814027588e+00 3.392268934022e+00 5.000000000000e-03
3.144087078548e+00 5.039983856630e+00 5.000000000000e-03
3.507206354485e+00 5.923688671026e+00 5.000000000000e-03
2.291617563577e+00 4.439235671403e+00 5.000000000000e-03
3.329316163304e+00 4.474915310300e+00 5.000000000000e-03
5.081006293077e+00 5.873495489181e+00 5.000000000000e-03
3.003713359196e+00 3.651393456785e+00 5.000000000000e-03
3.805851804950e+00 5.020970041656e+00 5.000000000000e-03
5.939753837233e+00 4.711550733498e+00 5.000000000000e-03
4.954725328420e+00 3.095198502588e+00 5.000000000000e-03
2.503089535613e+00 4.618817147420e+00 5.000000000000e-03
4.534696481850e+00 4.015895529785e+00 5.000000000000e-03
3.736132985296e+00 4.239273286154e+00 5.000000000000e-03
4.282302739635e-01 4.260107849818e+00 5.000000000000e-03
3.987189480554e+00 1.553047499819e+00 5.000000000000e-03
4.247643307007e+00 5.741326784577e+00 5.000000000000e-03
9.728825598583e-01 3.132330135643e+00 5.000000000000e-03
4.081892579206e+00 3.480904117238e+00 5.000000000000e-03
1.898812146607e+00 9.079352082851e-01 5.000000000000e-03
8.703493978665e-01 2.094036241011e+00 5.000000000000e-03
9.182397742311e-02 5.539601550341e+00 5.000000000000e-03
4.777692706065e+00 4.366982219967e+00 5.000000000000e-03
2.268482797777e+00 2.757319430865e+00 5.000000000000e-03
4.253469185358e+00 7.947095449370e-01 5.000000000000e-03
4.268669230294e+00 1.908343964635e+00 5.000000000000e-03
2.663343754941e+00 3.600535470307e+00 5.000000000000e-03
4.022383037248e+00 2.199471734423e-01 5.000000000000e-03
5.251649525690e+00 5.518096171501e+00 5.000000000000e-03
3.318566118766e+00 4.458595645554e+00 5.000000000000e-03
2.294951537497e+00 1.183496281472e-02 5.000000000000e-03
4.656457582953e+00 2.450697298519e+00 5.000000000000e-03
2.871100089520e+00 1.861190938077e+00 5.000000000000e-03
1.037821917426e-01 5.873143577326e+00 5.000000000000e-03
4.488460829250e+00 5.026771326624e-01 5.000000000000e-03
3.723623383106e+00 4.018959076865e-01 5.000000000000e-03
3.235479659679e+00 5.187199437702e+00 5.000000000000e-03
5.045976880869e+00 4.046316277565e+00 5.000000000000e-03
2.380044744418e+00 4.171404093492e+00 5.000000000000e-03
1.788751891699e-01 3.802257045842e+00 5.000000000000e-03
2.563691801178e+00 3.534290048055e+00 5.000000000000e-03
3.584083658944e+00 2.517583682272e-02 5.000000000000e-03
5.168352812475e+00 4.945632511069e+00 5.000000000000e-03
3.257856999717e+00 5.325357232298e+00 5.000000000000e-03
3.728673925421e+00 2.717450659639e+00 5.000000000000e-03
6.144877434844e+00 5.338703937395e+00 5.000000000000e-03
1.506395545786e+00 5.659280436874e+00 5.000000000000e-03
1.681673474967e+00 4.337540343080e+00 5.000000000000e-03
3.440529494037e+00 5.897039571877e+00 5.000000000000e-03
2.788013297231e+00 4.753831990590e+00 5.000000000000e-03
2.237698439890e+00 3.674523735684e+00 5.000000000000e-03
4.755691959966e+00 1.314812438481e+00 5.000000000000e-03
2.986850128366e+00 5.214730993943e+00 5.000000000000e-03
2.629924130740e+00 5.587327208377e+00 5.000000000000e-03
2.684293901446e-01 4.204770987466e+00 5.000000000000e-03
4.229876781219e+00 7.710223513729e-01 5.000000000000e-03
6.142305143704e+00 4.020407800078e+00 5.000000000000e-03
3.512997496897e+00 5.630589935401e+00 5.000000000000e-03
3.126390202620e+00 4.994422747584e+00 5.000000000000e-03
5.466505434820e+00 6.241254662314e+00 5.000000000000e-03
3.289692682251e+00 5.372252600436e+00 5.000000000000e-03
3.920225050712e+00 6.058646400179e+00 5.000000000000e-03
3.442109649913e+00 5.696856249058e+00 5.000000000000e-03
3.137123745796e+00 4.969431884734e+00 5.000000000000e-03
1.804379893747e+00 4.736328388522e+00 5.000000000000e-03
1.995188460546e+00 2.657814253878e+00 5.000000000000e-03
9.402735854234e-01 3.729958806028e+00 5.000000000000e-03
4.502181250788e-01 4.073937188621e+00 5.000000000000e-03
2.464627618844e+00 5.473299817273e+00 5.000000000000e-03
4.613568246288e+00 4.529634062977e+00 5.000000000000e-03
5.739745802947e-01 2.439090168662e+00 5.000000000000e-03
2.448339420352e+00 3.700893069739e+00 5.000000000000e-03
4.126602288919e+00 5.099982117121e+00 5.000000000000e-03
2.624023317736e+00 5.677157817997e+00 5.000000000000e-03
3.294126232033e-01 4.121082045023e+00 5.000000000000e-03
2.668285253129e+00 2.277731323603e+00 5.000000000000e-03
2.216828999018e+00 4.875830913064e+00 5.000000000000e-03
2.310978127976e+00 2.340498660406e+00 5.000000000000e-03
4.765223507355e+00 4.605061850077e+00 5.000000000000e-03
1.740392029076e+00 4.688414614648e+00 5.000000000000e-03
3.443253766380e+00 4.257850653599e+00 5.000000000000e-03
3.021722404524e+00 3.378130932543e+00 5.000000000000e-03
3.770669123475e+00 5.819185150338e+00 5.000000000000e-03
5.907326264960e+00 1.699195037562e+00 5.000000000000e-03
2.099058163257e+00 9.759786684818e-01 5.000000000000e-03
5.287442315096e+00 2.204009338298e+00 -5.000000000000e-03
5.559355499335e+00 3.345127226184e+00 -5.000000000000e-03
5.221268278152e+00 1.233476971999e+00 -5.000000000000e-03
5.322842149229e+00 1.877096152277e+00 -5.000000000000e-03
3.618347470590e+00 8.899740958169e-01 -5.000000000000e-03
5.154543308613e+00 6.004511005058e+00 -5.000000000000e-03
4.830411613979e+00 2.619093795014e+00 -5.000000000000e-03
5.808753321345e+00 4.608289352378e+00 -5.000000000000e-03
1.371647558894e-02 1.689480108129e+00 -5.000000000000e-03
4.928863676775e+00 2.091436803481e+00 -5.000000000000e-03
8.242183282856e-01 5.294281821865e-01 -5.000000000000e-03
2.267490089689e-01 2.086829928914e+00 -5.000000000000e-03
4.967752098196e-01 1.127675199791e+00 -5.000000000000e-03
4.138532060763e+00 1.809603200534e+00 -5.000000000000e-03
8.970096768173e-01 3.978178256006e-01 -5.000000000000e-03
3.982924624798e+00 2.068659965351e+00 -5.000000000000e-03
3.815972809117e+00 3.619560311165e+00 -5.000000000000e-03
3.763662861276e+00 3.990972580923e+00 -5.000000000000e-03
3.940821041099e+00 9.864752697503e-01 -5.000000000000e-03
5.163920231280e+00 1.768077617554e+00 -5.000000000000e-03
5.659972957256e+00 1.144735692112e+00 -5.000000000000e-03
6.252587970386e+00 1.411789208753e+00 -5.000000000000e-03
4.026102062302e+00 2.452388807786e+00 -5.000000000000e-03
2.124087391300e-01 8.744809694871e-01 -5.000000000000e-03
5.781375787278e+00 6.125655945960e+00 -5.000000000000e-03
2.161881634566e+00 3.893391879735e+00 -5.000000000000e-03
4.625309916067e+00 2.705203529687e+00 -5.000000000000e-03
2.216140400326e-02 4.180825107725e+00 -5.000000000000e-03
5.957701432321e-01 6.967774417947e-01 -5.000000000000e-03
5.883822320447e+00 4.196553175835e+00 -5.000000000000e-03
5.085260424341e+00 2.360604274019e+00 -5.000000000000e-03
6.277579745750e+00 5.706626280827e+00 -5.000000000000e-03
1.518270196415e+00 2.211276969004e+00 -5.000000000000e-03
5.450713282626e+00 2.094560228915e+00 -5.000000000000e-03
2.692124986928e-01 6.228477909405e+00 -5.000000000000e-03
4.500222061801e+00 4.353899777162e+00 -5.000000000000e-03
3.980426265847e+00 3.880071823850e+00 -5.000000000000e-03
7.125161753178e-01 6.053547870510e+00 -5.000000000000e-03
5.772685399196e-01 1.791408175399e-01 -5.000000000000e-03
1.384777665042e+00 1.365472879446e+00 -5.000000000000e-03
5.392349090438e+00 5.488305807639e+00 -5.000000000000e-03
5.563484188689e+00 1.719707024149e+00 -5.000000000000e-03
2.819723275449e-01 1.938496905807e+00 -5.000000000000e-03
2.019818728913e+00 1.593741291101e+00 -5.000000000000e-03
2.295761772178e+00 3.167958101870e+00 -5.000000000000e-03
2.574605777848e+00 2.495524832213e+00 -5.000000000000e-03
5.172417800834e+00 3.688302240186e+00 -5.000000000000e-03
5.185754877877e-01 1.955121446732e+00 -5.000000000000e-03
3.182547363477e+00 2.632012726370e+00 -5.000000000000e-03
1.006603317072e+00 4.480830773888e-01 -5.000000000000e-03
5.362936041680e+00 6.422960973079e-01 -5.000000000000e-03
1.919658634163e+00 1.287233278324e+00 -5.000000000000e-03
6.129161612462e-01 2.679943976703e+00 -5.000000000000e-03
5.643209196720e+00 5.571258654381e+00 -5.000000000000e-03
1.063166210926e+00 7.634190468617e-01 -5.000000000000e-03
6.068369624569e+00 2.676744744471e+00 -5.000000000000e-03
3.953196673797e-01 3.473227098037e-01 -5.000000000000e-03
1.663262283667e+00 4.075091385739e+00 -5.000000000000e-03
1.212099637312e-01 1.271647094106e+00 -5.000000000000e-03
6.515920121432e-01 1.374518332311e-01 -5.000000000000e-03
3.765742638166e+00 2.091126612051e+00 -5.000000000000e-03
1.363140042150e+00 6.248441042240e-01 -5.000000000000e-03
5.561869150656e+00 2.027338453735e+00 -5.000000000000e-03
4.617977363232e+00 4.854025951563e-01 -5.000000000000e-03
6.199150612912e+00 4.429421467086e+00 -5.000000000000e-03
5.555292790702e+00 1.596459258119e+00 -5.000000000000e-03
3.975134563659e+00 9.422984757249e-01 -5.000000000000e-03
1.868663792573e-01 1.364810417132e+00 -5.000000000000e-03
3.204381977864e-01 2.018320735265e+00 -5.000000000000e-03
5.209244347355e+00 2.396382253928e+00 -5.000000000000e-03
5.821562998482e+00 4.156298236047e+00 -5.000000000000e-03
7.614980623385e-01 7.235564502879e-01 -5.000000000000e-03
3.653197831697e+00 2.922581054868e+00 -5.000000000000e-03
2.309149017471e+00 9.354221251134e-01 -5.000000000000e-03
2.274432608096e+00 8.580729834513e-01 -5.000000000000e-03
3.565761988615e-01 8.424014641290e-01 -5.000000000000e-03
8.552739658432e-01 3.139513726920e-01 -5.000000000000e-03
2.233736705335e+00 1.231563662611e+00 -5.000000000000e-03
3.985978108886e+00 4.540346313225e+00 -5.000000000000e-03
4.984662387533e+00 6.123306052639e+00 -5.000000000000e-03
7.536109055084e-01 5.303769207052e-01 -5.000000000000e-03
4.402833009446e-01 9.997945995263e-01 -5.000000000000e-03
1.075542041124e+00 9.841300947453e-01 -5.000000000000e-03
5.205148190746e+00 1.198513796401e+00 -5.000000000000e-03
7.522583137987e-01 5.835581911446e+00 -5.000000000000e-03
3.073143442129e+00 1.497877760793e+00 -5.000000000000e-03
2.990186639225e+00 1.636607315976e+00 -5.000000000000e-03
6.115654630130e+00 5.607569767221e+00 -5.000000000000e-03
6.162982865518e+00 1.690686923480e+00 -5.000000000000e-03
5.700118572454e-02 1.222182293747e+00 -5.000000000000e-03
4.417679001082e+00 4.557713892941e+00 -5.000000000000e-03
1.192468576671e+00 2.166513887586e+00 -5.000000000000e-03
3.208823552299e-01 2.466726029077e+00 -5.000000000000e-03
3.457994412861e+00 3.099297599370e+00 -5.000000000000e-03
1.173816071282e+00 1.676138753516e+00 -5.000000000000e-03
6.145858250007e+00 1.654142861577e+00 -5.000000000000e-03
4.844005102123e+00 6.361437743519e-01 -5.000000000000e-03
4.312368712702e+00 1.704942676598e+00 -5.000000000000e-03
3.135692765400e+00 8.011355782564e-01 -5.000000000000e-03
1.115231957613e+00 1.294779692811e+00 -5.000000000000e-03
