3.397781415265e+00 4.004768237033e+00 5.000000000000e-03
4.258720171641e+00 4.645309723599e-01 5.000000000000e-03
6.487982637351e-01 1.750941114075e+00 5.000000000000e-03
1.020359068068e-01 3.885423565580e+00 5.000000000000e-03
5.677743732934e+00 2.725773488456e+00 5.000000000000e-03
4.388022761377e+00 5.140257626199e-01 5.000000000000e-03
5.549060151194e+00 5.535842653696e+00 5.000000000000e-03
6.195404628896e+00 4.740220789472e-01 5.000000000000e-03
5.242410968994e+00 2.917755942748e+00 5.000000000000e-03
6.320642397001e-01 5.790178853208e+00 5.000000000000e-03
4.887122615923e+00 3.434050140871e+00 5.000000000000e-03
1.183172732690e+00 1.926713894263e+00 5.000000000000e-03
4.464761702094e+00 6.394937923238e-01 5.000000000000e-03
5.538739557576e-01 2.462741318036e+00 5.000000000000e-03
3.510083317936e-01 9.483530359075e-01 5.000000000000e-03
5.194709186910e+00 5.671415482028e+00 5.000000000000e-03
2.660524960738e-01 2.145733993396e+00 5.000000000000e-03
6.739942602927e-01 1.493020545360e+00 5.000000000000e-03
5.056945643843e+00 1.185701278044e+00 5.000000000000e-03
7.153131679084e-01 1.839304970198e+00 5.000000000000e-03
8.275202320073e-01 3.726097898853e+00 5.000000000000e-03
1.408654380680e+00 2.340476048045e-01 5.000000000000e-03
1.306582296994e+00 3.608763678027e+00 5.000000000000e-03
6.175013082933e+00 2.056145245079e-01 5.000000000000e-03
2.685322754170e-01 1.200581409693e+00 5.000000000000e-03
1.253584804120e+00 5.721586372636e+00 5.000000000000e-03
4.631853540065e+00 8.316144443378e-01 5.000000000000e-03
1.405295233472e+00 1.515408686371e+00 5.000000000000e-03
5.486163580452e+00 5.339026761620e+00 5.000000000000e-03
9.585925540621e-02 2.082836550785e-01 5.000000000000e-03
3.376849409112e-01 4.495839352155e+00 5.000000000000e-03
8.527268212307e-02 5.334412448380e+00 5.000000000000e-03
4.214805655226e+00 3.316005364522e+00 5.000000000000e-03
1.202346875586e+00 5.518112678021e+00 5.000000000000e-03
3.631162809882e+00 3.787240531902e+00 5.000000000000e-03
1.853617524097e+00 1.572115107133e+00 5.000000000000e-03
5.000209465008e+00 4.533903932984e-03 5.000000000000e-03
5.109333844965e+00 6.187338596830e+00 5.000000000000e-03
4.974803352724e-02 6.143194333258e+00 5.000000000000e-03
2.369899044018e-01 1.243178544397e+00 5.000000000000e-03
5.691367929793e+00 6.087245096435e-02 5.000000000000e-03
4.784514171143e-01 5.548197929945e+00 5.000000000000e-03
8.929948173676e-02 3.952481520693e+00 5.000000000000e-03
6.277440531320e-01 5.056356484865e-01 5.000000000000e-03
2.270215089924e+00 6.960836472411e-01 5.000000000000e-03
5.824603041359e+00 2.061782394402e+00 5.000000000000e-03
5.336060390651e+00 5.601543121592e+00 5.000000000000e-03
6.234151084773e+00 2.858385224832e+00 5.000000000000e-03
5.103197307708e+00 2.094803326819e-01 5.000000000000e-03
5.320465876876e-01 8.540927622124e-01 5.000000000000e-03
5.843687086537e+00 2.943242558668e+00 5.000000000000e-03
3.889876316305e-02 1.796633272827e+00 5.000000000000e-03
5.479476783064e+00 6.444051103021e-01 5.000000000000e-03
6.237351735791e+00 5.899716978563e+00 5.000000000000e-03
3.947719266617e-01 4.915305347736e+00 5.000000000000e-03
5.669062995658e+00 3.457798448016e+00 5.000000000000e-03
4.109906053722e+00 3.646416782617e+00 5.000000000000e-03
1.049124405653e+00 5.457809531725e+00 5.000000000000e-03
1.958651176759e+00 1.500327509221e+00 5.000000000000e-03
5.936719613360e+00 5.693850367650e+00 5.000000000000e-03
4.697402965157e-01 5.724072529151e+00 5.000000000000e-03
1.551342940247e+00 3.768368356998e-01 5.000000000000e-03
6.181590495760e+00 5.349911232765e+00 5.000000000000e-03
5.699608963587e+00 2.920230328222e-01 5.000000000000e-03
8.088537748862e-01 6.242660301863e+00 5.000000000000e-03
2.889615477165e-01 4.467872771847e+00 5.000000000000e-03
6.464550599275e-01 2.840497708776e+00 5.000000000000e-03
5.873156585955e+00 2.860715751297e+00 5.000000000000e-03
2.685785405655e-01 4.613421580270e-01 5.000000000000e-03
5.103488101586e+00 6.582651299159e-01 5.000000000000e-03
4.463781789377e+00 5.085555340742e+00 5.000000000000e-03
4.110024627070e+00 4.879105370766e+00 5.000000000000e-03
5.962650262705e+00 5.448738303014e+00 5.000000000000e-03
6.051361917231e-01 5.948338963550e+00 5.000000000000e-03
6.914815240343e-01 1.718713662281e+00 5.000000000000e-03
5.986981641041e+00 3.830110814423e+00 5.000000000000e-03
3.681424200563e+00 5.056788910229e+00 5.000000000000e-03
8.366389838936e-01 3.964365006024e+00 5.000000000000e-03
6.249458503380e+00 5.015152467170e+00 5.000000000000e-03
2.693830582850e+00 7.212435206860e-01 5.000000000000e-03
4.683548240551e+00 2.908292109277e+00 5.000000000000e-03
5.817138721386e+00 2.202670467014e+00 5.000000000000e-03
3.894264445386e+00 4.587887975359e+00 5.000000000000e-03
2.582533764860e-01 5.787969702080e+00 5.000000000000e-03
5.757783967936e+00 3.424696234051e+00 5.000000000000e-03
1.566562558772e+00 5.885188843203e+00 5.000000000000e-03
4.834638704248e-01 6.090389026718e+00 5.000000000000e-03
4.105441313726e+00 3.298311259308e+00 5.000000000000e-03
3.308779841290e+00 5.526471713085e+00 5.000000000000e-03
9.377494106690e-01 4.976484168602e+00 5.000000000000e-03
5.179645615080e+00 2.162991260420e-01 5.000000000000e-03
8.675743407620e-01 6.267490782581e+00 5.000000000000e-03
2.450876926281e-01 4.216135359916e-02 5.000000000000e-03
1.312368179674e+00 5.819242325360e+00 5.000000000000e-03
6.005066777500e+00 3.880580796111e+00 5.000000000000e-03
3.845845523444e-01 4.417865762090e+00 5.000000000000e-03
4.670549043155e+00 2.927454320478e+00 5.000000000000e-03
1.710902417438e+00 4.871222814698e+00 5.000000000000e-03
7.460099610939e-01 1.333170035490e+00 5.000000000000e-03
4.637745260752e+00 1.229675185006e+00 5.000000000000e-03
4.338270222855e+00 1.403482492915e+00 -5.000000000000e-03
3.871489919911e+00 6.260316556233e+00 -5.000000000000e-03
2.066596557608e+00 2.841044162959e+00 -5.000000000000e-03
5.942329359515e+00 1.199329044621e+00 -5.000000000000e-03
1.419408206041e+00 3.096905257185e+00 -5.000000000000e-03
2.009428816774e+00 3.000866750605e+00 -5.000000000000e-03
4.287963887984e+00 2.242761414707e+00 -5.000000000000e-03
3.197472687430e+00 1.853958497071e+00 -5.000000000000e-03
4.270101222195e+00 4.346513904195e+00 -5.000000000000e-03
1.489329353024e+00 4.500258386289e+00 -5.000000000000e-03
4.706671986548e+00 3.183753866094e+00 -5.000000000000e-03
3.725283465486e+00 3.899268960286e+00 -5.000000000000e-03
4.827382355125e+00 4.387466639572e+00 -5.000000000000e-03
2.478974298755e+00 4.725568703156e+00 -5.000000000000e-03
3.839807898564e+00 1.494589421519e+00 -5.000000000000e-03
5.872907539617e+00 5.262741892139e+00 -5.000000000000e-03
2.044608717624e+00 4.323937355026e+00 -5.000000000000e-03
2.206849621757e+00 3.972666915068e+00 -5.000000000000e-03
3.586033004854e+00 1.824407616403e+00 -5.000000000000e-03
4.999709028159e+00 2.616064684993e+00 -5.000000000000e-03
5.096908008620e+00 5.259508098691e+00 -5.000000000000e-03
2.588159457910e+00 7.676583559245e-01 -5.000000000000e-03
2.641411171789e+00 4.670765202121e+00 -5.000000000000e-03
3.801755639615e+00 1.609709809487e+00 -5.000000000000e-03
2.033046556813e+00 8.187668063480e-01 -5.000000000000e-03
2.142864827651e+00 3.982590700471e+00 -5.000000000000e-03
3.504038155618e+00 1.836669054589e+00 -5.000000000000e-03
3.778282662489e+00 4.154350082297e+00 -5.000000000000e-03
4.010673539680e+00 6.252318611472e+00 -5.000000000000e-03
4.042339355905e+00 3.748402936880e+00 -5.000000000000e-03
2.752627319819e+00 3.085297918326e+00 -5.000000000000e-03
4.002492249640e+00 1.045688144597e+00 -5.000000000000e-03
2.194494911458e+00 4.373836815503e+00 -5.000000000000e-03
3.810749866315e+00 1.276764688766e+00 -5.000000000000e-03
5.171515639403e+00 4.044569212269e+00 -5.000000000000e-03
4.060349033575e+00 1.702201943564e+00 -5.000000000000e-03
2.588652141620e+00 3.326607936846e+00 -5.000000000000e-03
3.987844223017e-01 2.031227423702e+00 -5.000000000000e-03
3.797454950920e+00 1.614105106319e+00 -5.000000000000e-03
8.582511980865e-01 1.243300755691e+00 -5.000000000000e-03
3.918399510758e+00 2.373216749332e+00 -5.000000000000e-03
3.857606914337e+00 5.611243557969e+00 -5.000000000000e-03
3.900680444243e+00 3.177829384740e+00 -5.000000000000e-03
4.470562051101e+00 1.304986812118e+00 -5.000000000000e-03
1.717389311634e+00 2.194888148244e+00 -5.000000000000e-03
3.952163853808e+00 1.408115597597e+00 -5.000000000000e-03
2.347300264506e+00 1.347145360345e-01 -5.000000000000e-03
3.829524152332e+00 5.065698087292e-01 -5.000000000000e-03
3.720542086093e+00 1.381098299607e+00 -5.000000000000e-03
8.105353804277e-01 9.767867017375e-01 -5.000000000000e-03
4.702860046623e-01 3.650911008312e+00 -5.000000000000e-03
1.938376624831e+00 4.376800447681e+00 -5.000000000000e-03
1.737169103541e+00 3.933482603504e+00 -5.000000000000e-03
3.410716270724e+00 3.122310982114e+00 -5.000000000000e-03
2.962516116143e+00 1.539968378813e+00 -5.000000000000e-03
2.664454330436e+00 2.418666230120e-02 -5.000000000000e-03
3.374624802950e+00 1.984127677591e+00 -5.000000000000e-03
1.619469860007e+00 1.364477724238e+00 -5.000000000000e-03
4.826867482652e+00 3.236304019331e+00 -5.000000000000e-03
2.292237887501e+00 4.263729928803e+00 -5.000000000000e-03
3.512321107495e+00 2.934677396179e+00 -5.000000000000e-03
4.520960474388e+00 2.894343065894e+00 -5.000000000000e-03
1.204714345034e+00 6.857633040555e-01 -5.000000000000e-03
5.864884324363e+00 6.128759782978e+00 -5.000000000000e-03
1.755188308437e+00 3.003345833933e+00 -5.000000000000e-03
1.894358957425e+00 3.041475138269e+00 -5.000000000000e-03
2.979988196802e+00 1.717967723083e+00 -5.000000000000e-03
3.107130491961e+00 5.768681022804e-01 -5.000000000000e-03
2.940602858476e+00 4.596748226915e+00 -5.000000000000e-03
3.909080374168e+00 2.093954864143e+00 -5.000000000000e-03
1.577438684706e+00 3.678887525960e+00 -5.000000000000e-03
4.364305654517e+00 1.153492066543e+00 -5.000000000000e-03
2.443522477853e+00 4.589508947152e+00 -5.000000000000e-03
2.177629771232e+00 4.555647713045e+00 -5.000000000000e-03
1.076593508190e-01 3.519068264572e+00 -5.000000000000e-03
3.566382250381e+00 1.921921529725e+00 -5.000000000000e-03
3.350629199288e+00 1.708383902825e+00 -5.000000000000e-03
2.896950848033e+00 1.025125313465e+00 -5.000000000000e-03
1.729436177510e+00 1.639562215597e+00 -5.000000000000e-03
2.588646050815e+00 3.550373370213e+00 -5.000000000000e-03
1.513610918131e+00 1.048601361447e+00 -5.000000000000e-03
2.927928903023e+00 1.676907917577e+00 -5.000000000000e-03
3.423879588341e+00 2.191491397487e+00 -5.000000000000e-03
2.755166886118e+00 3.275371868723e+00 -5.000000000000e-03
3.256034575913e+00 1.685392354891e+00 -5.000000000000e-03
3.713511301819e+00 2.183368447822e+00 -5.000000000000e-03
1.489197175086e+00 3.069963578883e+00 -5.000000000000e-03
5.601311465854e+00 7.681106903154e-01 -5.000000000000e-03
3.344749738719e+00 5.712387613990e+00 -5.000000000000e-03
4.993438846461e+00 4.047642037163e+00 -5.000000000000e-03
1.542566037720e+00 3.009880672898e+00 -5.000000000000e-03
3.150171501462e+00 1.710667740477e+00 -5.000000000000e-03
1.150942426782e+00 2.174863060932e+00 -5.000000000000e-03
2.377260671635e+00 1.486896893359e+00 -5.000000000000e-03
3.114985402883e+00 1.679382194576e+00 -5.000000000000e-03
3.108864324507e+00 1.190880634443e+00 -5.000000000000e-03
3.635068704466e+00 7.957869164774e-02 -5.000000000000e-03
2.630812913683e+00 4.730719211056e+00 -5.000000000000e-03
1.269901589448e+00 2.329110722416e+00 -5.000000000000e-03
3.944618473266e+00 4.736102203007e+00 -5.000000000000e-03
