3.638761164478e+00 3.770209527007e+00 5.000000000000e-03
1.714742718296e+00 2.456610819986e+00 5.000000000000e-03
4.327963287712e+00 1.080100483160e+00 5.000000000000e-03
6.124126060067e+00 3.868244128303e+00 5.000000000000e-03
3.458415504009e+00 4.044829853397e+00 5.000000000000e-03
2.883721807287e+00 2.482966766274e+00 5.000000000000e-03
2.305107614457e-01 3.724299271804e+00 5.000000000000e-03
6.012837880938e+00 3.301756995889e+00 5.000000000000e-03
2.092333950113e+00 3.088619150424e+00 5.000000000000e-03
2.456958800845e+00 6.067537072622e+00 5.000000000000e-03
1.162973112881e+00 5.197587161169e+00 5.000000000000e-03
6.773457539007e-01 2.664555981765e+00 5.000000000000e-03
3.022261073983e+00 3.423413595359e+00 5.000000000000e-03
3.223160485665e+00 2.721740017617e+00 5.000000000000e-03
3.187748202443e+00 3.122461369395e+00 5.000000000000e-03
1.189944878103e+00 3.818388209884e+00 5.000000000000e-03
1.131244592370e+00 4.469614423511e-01 5.000000000000e-03
3.142686022896e+00 3.045825729930e+00 5.000000000000e-03
3.145986593061e+00 2.991328516273e+00 5.000000000000e-03
2.598052035375e+00 4.839009173114e+00 5.000000000000e-03
2.693559358262e+00 2.287841947332e+00 5.000000000000e-03
3.004961633710e+00 4.003329673785e+00 5.000000000000e-03
3.385574163156e+00 2.901384469633e+00 5.000000000000e-03
5.776537065326e+00 3.041839265028e+00 5.000000000000e-03
2.146369116287e+00 3.300924602060e+00 5.000000000000e-03
4.241425709706e+00 4.517883770624e+00 5.000000000000e-03
2.512739994428e+00 4.250865964615e+00 5.000000000000e-03
5.535099151579e+00 2.473876720447e+00 5.000000000000e-03
5.238227678623e+00 3.574466460241e+00 5.000000000000e-03
5.472358588569e+00 4.903616520691e-01 5.000000000000e-03
4.852597538359e+00 4.713441281486e+00 5.000000000000e-03
3.244404958456e+00 3.637894023897e+00 5.000000000000e-03
4.214149705505e-01 6.587688780021e-01 5.000000000000e-03
8.429393611262e-02 1.930439016522e+00 5.000000000000e-03
5.535476505325e+00 4.749405895883e+00 5.000000000000e-03
1.606697369165e+00 4.651115467634e+00 5.000000000000e-03
4.234609078746e+00 4.552929703554e+00 5.000000000000e-03
6.937497406849e-01 3.301480763420e+00 5.000000000000e-03
2.279325032583e+00 4.668235164748e+00 5.000000000000e-03
2.487664246954e+00 1.155300911406e+00 5.000000000000e-03
2.842865856622e+00 3.738999706790e+00 5.000000000000e-03
5.019131829469e+00 2.300987520174e+00 5.000000000000e-03
1.923806381281e+00 3.345543992011e+00 5.000000000000e-03
1.744502876826e+00 4.032903132313e+00 5.000000000000e-03
3.215269835098e+00 2.917669415904e+00 5.000000000000e-03
2.941433877949e+00 4.062646800086e+00 5.000000000000e-03
3.756491656839e-01 1.512775218040e-01 5.000000000000e-03
8.781550060373e-01 2.947389334139e-01 5.000000000000e-03
1.619115947453e+00 2.332333123504e-01 5.000000000000e-03
2.758885232076e+00 4.929546952370e+00 5.000000000000e-03
2.978444124702e+00 3.793708731090e+00 5.000000000000e-03
2.741792328420e+00 5.428813254844e+00 5.000000000000e-03
1.131406160480e+00 4.726341933450e+00 5.000000000000e-03
2.325429656254e+00 2.848983314547e+00 5.000000000000e-03
3.433089220622e+00 2.277191897164e+00 5.000000000000e-03
4.803256425975e+00 3.849542410552e+00 5.000000000000e-03
5.278058199819e-03 2.458051488777e+00 5.000000000000e-03
1.919857372652e+00 1.250074395757e+00 5.000000000000e-03
3.137345424630e+00 3.073213146939e+00 5.000000000000e-03
1.291072721703e+00 1.985837346972e+00 5.000000000000e-03
6.111979327788e+00 1.445983407430e-01 5.000000000000e-03
3.193940196214e+00 3.552298644391e+00 5.000000000000e-03
5.514290142378e+00 4.732241393547e+00 5.000000000000e-03
2.462229558532e-01 3.788313965024e+00 5.000000000000e-03
1.779800450348e+00 1.379583537660e+00 5.000000000000e-03
2.987841527855e+00 1.580112531528e+00 5.000000000000e-03
2.822336945047e+00 3.406574342531e+00 5.000000000000e-03
3.002016195964e+00 3.626929589606e+00 5.000000000000e-03
2.367647667156e+00 4.636987748897e+00 5.000000000000e-03
5.629617253581e+00 1.616264156044e+00 5.000000000000e-03
2.515205687209e+00 1.174918846414e+00 5.000000000000e-03
2.898554544759e+00 1.364041726712e+00 5.000000000000e-03
4.593240946558e+00 2.706331443895e+00 5.000000000000e-03
1.485478450227e+00 2.925647129104e+00 5.000000000000e-03
5.845458937404e+00 5.423938685835e-01 5.000000000000e-03
3.054153093827e+00 3.164490935154e+00 5.000000000000e-03
3.792068865171e+00 5.673208757435e+00 5.000000000000e-03
3.914862416188e+00 1.851866712449e+00 5.000000000000e-03
1.061840572230e+00 3.016215790920e+00 5.000000000000e-03
6.072671116719e+00 3.449294539723e+00 5.000000000000e-03
1.766459013581e+00 4.728843591379e+00 5.000000000000e-03
6.118467195420e+00 3.623163736282e+00 5.000000000000e-03
1.875832165991e+00 4.116093318898e-01 5.000000000000e-03
1.835321899699e+00 2.728549415327e+00 5.000000000000e-03
1.821862342285e+00 3.677820237446e+00 5.000000000000e-03
5.406922410965e+00 1.082868545243e+00 5.000000000000e-03
2.325825621685e+00 3.716780628605e+00 5.000000000000e-03
2.571402777591e+00 4.109126661124e+00 5.000000000000e-03
1.872704579370e-01 2.636939524003e+00 5.000000000000e-03
3.027452586099e+00 3.768031574519e+00 5.000000000000e-03
2.134792847125e+00 4.160108961159e+00 5.000000000000e-03
2.098067844380e+00 3.315814245232e+00 5.000000000000e-03
1.817345093860e+00 4.836464577471e+00 5.000000000000e-03
1.278058358183e+00 2.995967580872e+00 5.000000000000e-03
2.617772417480e-01 2.625785231366e+00 5.000000000000e-03
8.198008448341e-02 4.368501465987e+00 5.000000000000e-03
2.689013984667e+00 4.744163711727e+00 5.000000000000e-03
1.878154189114e+00 2.914133678348e+00 5.000000000000e-03
5.461846206202e+00 2.262278259063e+00 5.000000000000e-03
2.938028635615e+00 3.453011059234e+00 5.000000000000e-03
4.466385526579e+00 6.345180086917e-01 -5.000000000000e-03
5.686676326265e+00 2.002710725046e-01 -5.000000000000e-03
5.788953023121e+00 6.055011133299e+00 -5.000000000000e-03
5.587625987171e+00 5.943950830222e+00 -5.000000000000e-03
3.966059823641e+00 2.611416399973e+00 -5.000000000000e-03
2.369089442495e+00 1.465516612291e+00 -5.000000000000e-03
1.254623538970e+00 3.351607110154e+00 -5.000000000000e-03
4.291952345761e+00 1.309493816993e+00 -5.000000000000e-03
4.756521012097e+00 5.544292514723e+00 -5.000000000000e-03
3.014843795187e+00 5.896092613435e+00 -5.000000000000e-03
6.011080781244e+00 6.278580034174e+00 -5.000000000000e-03
4.587843372139e+00 5.434767595562e+00 -5.000000000000e-03
7.117436621139e-02 2.905250976431e-01 -5.000000000000e-03
3.649557237978e+00 4.096026544437e+00 -5.000000000000e-03
5.807780532827e+00 5.305496246406e+00 -5.000000000000e-03
4.477121336235e+00 5.877152625514e+00 -5.000000000000e-03
4.839224791805e-01 3.940862497000e+00 -5.000000000000e-03
5.470560181049e+00 4.199381703921e+00 -5.000000000000e-03
5.756966040244e+00 5.626838013131e+00 -5.000000000000e-03
5.550741359069e+00 4.951119850602e+00 -5.000000000000e-03
3.753536012079e+00 2.003835847017e+00 -5.000000000000e-03
5.881259650695e+00 7.956397423841e-01 -5.000000000000e-03
2.089881750343e+00 2.131967502371e+00 -5.000000000000e-03
4.432154566026e+00 4.440485963931e+00 -5.000000000000e-03
4.286791393435e+00 2.103702538186e+00 -5.000000000000e-03
5.843418642053e+00 3.948800774728e+00 -5.000000000000e-03
4.958043950116e+00 4.155035022303e+00 -5.000000000000e-03
2.255436096095e+00 2.188220043605e+00 -5.000000000000e-03
4.838642808643e+00 5.521933542289e+00 -5.000000000000e-03
4.352254611991e+00 2.560597870447e+00 -5.000000000000e-03
4.843531742843e+00 6.053584683184e+00 -5.000000000000e-03
3.022084484386e+00 1.038738744432e+00 -5.000000000000e-03
6.009026208522e+00 1.584796413184e+00 -5.000000000000e-03
2.469672520057e+00 3.032503229910e-01 -5.000000000000e-03
2.499781768384e+00 1.852242511381e+00 -5.000000000000e-03
4.425224561106e+00 2.334943535657e+00 -5.000000000000e-03
5.149982522775e+00 6.316029473136e-01 -5.000000000000e-03
4.207287076421e+00 2.742451397863e+00 -5.000000000000e-03
4.649115367554e+00 5.526161059969e+00 -5.000000000000e-03
1.045780116186e+00 8.375944638934e-01 -5.000000000000e-03
2.333912827947e+00 2.471280654289e+00 -5.000000000000e-03
3.023954760922e-01 5.327328539157e+00 -5.000000000000e-03
5.057973041647e+00 5.882084714157e+00 -5.000000000000e-03
1.385688886418e+00 4.286462832482e+00 -5.000000000000e-03
1.494730129657e+00 5.101995793789e+00 -5.000000000000e-03
4.192007562291e+00 1.769371212640e+00 -5.000000000000e-03
3.651808346313e+00 2.959663004865e+00 -5.000000000000e-03
3.642446236280e+00 5.784333985675e+00 -5.000000000000e-03
5.326711125275e+00 1.317191958125e+00 -5.000000000000e-03
5.842231784607e+00 1.844611314663e+00 -5.000000000000e-03
1.187400440312e-02 5.279632819519e+00 -5.000000000000e-03
4.638071632855e+00 2.148263954182e-01 -5.000000000000e-03
5.453114205868e+00 2.855549693725e+00 -5.000000000000e-03
4.118270369095e+00 5.386646336628e+00 -5.000000000000e-03
5.430130662192e+00 4.088774195121e-02 -5.000000000000e-03
4.446494562286e+00 5.118426460542e+00 -5.000000000000e-03
5.252052052576e+00 3.679798217378e-01 -5.000000000000e-03
5.771856043723e+00 1.605000571177e+00 -5.000000000000e-03
1.240487135941e+00 1.137890578682e+00 -5.000000000000e-03
4.564641983135e+00 5.712579847347e+00 -5.000000000000e-03
5.166267490971e+00 6.091076005978e+00 -5.000000000000e-03
4.612158520945e+00 7.225856078878e-01 -5.000000000000e-03
1.762406136473e+00 6.666945058000e-01 -5.000000000000e-03
5.824292071173e+00 3.164303999335e+00 -5.000000000000e-03
5.101386837716e+00 2.392023923416e+00 -5.000000000000e-03
5.491100461084e+00 4.946814277908e+00 -5.000000000000e-03
2.593570073832e+00 9.951592736237e-01 -5.000000000000e-03
2.050352044725e+00 4.347322284635e+00 -5.000000000000e-03
4.541385886496e+00 5.152562773102e+00 -5.000000000000e-03
4.072161080822e+00 2.817083137124e+00 -5.000000000000e-03
4.377053342353e+00 2.494189357467e+00 -5.000000000000e-03
5.389064623960e+00 5.210371290333e+00 -5.000000000000e-03
3.556476992256e+00 5.079430459509e+00 -5.000000000000e-03
5.226029301036e+00 6.149708145266e+00 -5.000000000000e-03
4.633435977829e+00 5.902479987066e+00 -5.000000000000e-03
6.136647367971e+00 1.942089909829e+00 -5.000000000000e-03
3.287747509073e+00 4.570237692729e+00 -5.000000000000e-03
4.842328583778e+00 5.780139970507e+00 -5.000000000000e-03
5.719611431526e+00 2.542369756098e+00 -5.000000000000e-03
3.676821838382e+00 1.135202393740e+00 -5.000000000000e-03
5.440808381299e+00 5.124371438367e+00 -5.000000000000e-03
1.386250578770e+00 1.757286329816e+00 -5.000000000000e-03
3.694427907789e+00 4.891148382171e+00 -5.000000000000e-03
5.825173497966e+00 6.042806952428e+00 -5.000000000000e-03
6.206118848817e+00 7.992927202112e-01 -5.000000000000e-03
5.538870345761e+00 6.204750848873e+00 -5.000000000000e-03
4.768198348670e+00 6.790093216195e-02 -5.000000000000e-03
5.503371792996e+00 5.958390125585e+00 -5.000000000000e-03
3.323635857845e+00 7.737383524798e-01 -5.000000000000e-03
1.849823597022e-01 9.740786547454e-01 -5.000000000000e-03
3.203104398071e+00 5.404809218247e+00 -5.000000000000e-03
5.108015866850e+00 5.603725717245e+00 -5.000000000000e-03
5.744101066685e+00 5.751490852895e+00 -5.000000000000e-03
3.908072641692e+00 1.225058339055e+00 -5.000000000000e-03
4.187793917009e-01 4.033148534211e+00 -5.000000000000e-03
3.359254666417e+00 7.942018457158e-01 -5.000000000000e-03
4.926729710614e+00 5.676371032563e-01 -5.000000000000e-03
5.953850375922e-01 4.871676679718e+00 -5.000000000000e-03
6.155282110871e+00 3.081947087153e-01 -5.000000000000e-03
7.993921349900e-01 4.035104252296e+00 -5.000000000000e-03
