5.091322550703e+00 2.332307876729e+00 5.000000000000e-03
9.107952982626e-01 1.031859774699e+00 5.000000000000e-03
3.440598238382e+00 1.377121536749e-01 5.000000000000e-03
4.051720377153e+00 1.399443085637e+00 5.000000000000e-03
6.036430585788e+00 3.372127316573e+00 5.000000000000e-03
3.742583493826e+00 1.112562261416e+00 5.000000000000e-03
2.912848996084e+00 4.420738641437e-01 5.000000000000e-03
1.746613048846e+00 4.904532466021e+00 5.000000000000e-03
5.062386781327e+00 5.991755829323e+00 5.000000000000e-03
8.303577617754e-01 1.595386578121e+00 5.000000000000e-03
3.939008202276e+00 1.059417561804e+00 5.000000000000e-03
6.034910041580e+00 1.176911105770e+00 5.000000000000e-03
2.707901161334e+00 9.232067152168e-01 5.000000000000e-03
2.426491557002e+00 3.890196865558e+00 5.000000000000e-03
3.222381862499e+00 6.093231838592e+00 5.000000000000e-03
1.452170855663e+00 1.414248050329e+00 5.000000000000e-03
3.002275933720e+00 7.422039586247e-01 5.000000000000e-03
5.550564283168e+00 4.520594367606e+00 5.000000000000e-03
5.180197438088e+00 5.733490032998e+00 5.000000000000e-03
9.904325284692e-01 4.390890440417e+00 5.000000000000e-03
1.944153606997e+00 4.738731334167e+00 5.000000000000e-03
3.061164427573e+00 4.053280408771e+00 5.000000000000e-03
2.505735896834e-01 1.891667679092e+00 5.000000000000e-03
3.229096390830e+00 5.110956260943e+00 5.000000000000e-03
3.675380661958e-01 3.078401305336e+00 5.000000000000e-03
2.097649226963e+00 1.470329269849e+00 5.000000000000e-03
3.780241043780e+00 2.937989429610e-01 5.000000000000e-03
1.799353604721e+00 6.025216194313e-02 5.000000000000e-03
5.747157377823e-01 1.611335824658e+00 5.000000000000e-03
3.287732014360e+00 1.298636337267e+00 5.000000000000e-03
5.320061517477e+00 1.964828517751e+00 5.000000000000e-03
4.417365002177e+00 3.599065297205e-01 5.000000000000e-03
3.364907732695e+00 7.956485929290e-01 5.000000000000e-03
7.980733469869e-01 3.108907855075e+00 5.000000000000e-03
3.311142311897e+00 4.714790238144e-01 5.000000000000e-03
3.886998021042e-01 5.448435169228e+00 5.000000000000e-03
1.568101277858e+00 3.231437213423e+00 5.000000000000e-03
6.646056586973e-01 3.121304883942e+00 5.000000000000e-03
5.234881789296e+00 1.833545897656e+00 5.000000000000e-03
1.641060670229e+00 6.938183066343e-01 5.000000000000e-03
3.300209545537e+00 9.935426921334e-01 5.000000000000e-03
3.310108317452e+00 1.038323425276e+00 5.000000000000e-03
6.885727202748e-01 3.126660962751e+00 5.000000000000e-03
1.969874689342e+00 4.855244640107e+00 5.000000000000e-03
3.324995395663e+00 1.472430718013e+00 5.000000000000e-03
3.514652753060e+00 1.721488472421e+00 5.000000000000e-03
2.053942436954e+00 2.465325775311e-01 5.000000000000e-03
5.397886945653e+00 1.402163526229e+00 5.000000000000e-03
3.051909462644e-01 2.233974671300e+00 5.000000000000e-03
3.023249634502e+00 3.729077019349e-01 5.000000000000e-03
5.018664678236e+00 4.453015662723e+00 5.000000000000e-03
2.397491815701e+00 6.164617899959e-02 5.000000000000e-03
1.212166707376e+00 1.751892792198e+00 5.000000000000e-03
5.355443922076e-02 1.643196652306e-01 5.000000000000e-03
2.514103280194e+00 1.232218483113e+00 5.000000000000e-03
5.973937153323e+00 3.970962001478e+00 5.000000000000e-03
3.935208364076e+00 8.575181169129e-01 5.000000000000e-03
5.745454586269e+00 2.998450857709e-01 5.000000000000e-03
5.369466273014e+00 1.119235090249e+00 5.000000000000e-03
3.123483110828e+00 5.314743389359e+00 5.000000000000e-03
2.835867779720e+00 3.417296861688e-01 5.000000000000e-03
5.033174741065e+00 1.849002904018e+00 5.000000000000e-03
4.079513758445e+00 1.158949619267e+00 5.000000000000e-03
2.577578309661e+00 5.846708232206e+00 5.000000000000e-03
1.844600419662e+00 1.504642330473e+00 5.000000000000e-03
4.628509920628e+00 6.124691487815e+00 5.000000000000e-03
1.446454164357e+00 6.985614459752e-01 5.000000000000e-03
1.544011667421e+00 2.827216864096e+00 5.000000000000e-03
1.256338857849e+00 2.451301236363e+00 5.000000000000e-03
2.807068472810e+00 9.900439983266e-02 5.000000000000e-03
1.609236163667e+00 7.071739405745e-01 5.000000000000e-03
2.152445161314e+00 4.783925578162e+00 5.000000000000e-03
1.625796912907e+00 4.450998425523e+00 5.000000000000e-03
1.748622411891e-01 3.306765938694e+00 5.000000000000e-03
6.237622608681e-01 1.922785675696e+00 5.000000000000e-03
5.715131510519e+00 2.480176559237e+00 5.000000000000e-03
1.295989501397e+00 1.611807793602e+00 5.000000000000e-03
4.801802771399e+00 1.887618882475e+00 5.000000000000e-03
1.004509634369e+00 1.344900100754e+00 5.000000000000e-03
2.122928612992e+00 2.063420482620e+00 5.000000000000e-03
4.023026535443e+00 9.646359032033e-01 5.000000000000e-03
5.949110670834e+00 1.561444484786e+00 5.000000000000e-03
3.477199657255e+00 6.834946835927e-01 5.000000000000e-03
1.364761887214e+00 1.006436935135e+00 5.000000000000e-03
1.801262492749e+00 2.981474251953e+00 5.000000000000e-03
6.571831018850e-01 2.976975247216e+00 5.000000000000e-03
6.268048355986e-01 3.496178077890e+00 5.000000000000e-03
2.920393052982e+00 2.664938660974e+00 5.000000000000e-03
1.651024377131e+00 5.405154644593e+00 5.000000000000e-03
6.070167021417e-01 1.739961331219e+00 5.000000000000e-03
6.136592411442e+00 5.820755197303e-01 5.000000000000e-03
5.458712514132e-01 1.889347476160e+00 5.000000000000e-03
5.207021124662e+00 1.627634040218e+00 5.000000000000e-03
2.369775667701e+00 2.361021464134e+00 5.000000000000e-03
3.572497283559e+00 8.152716852855e-01 5.000000000000e-03
2.990680726411e+00 2.974259564145e+00 5.000000000000e-03
1.971471669497e+00 4.213725527953e+00 5.000000000000e-03
2.581656755927e+00 4.824274309331e+00 5.000000000000e-03
3.184806656387e+00 4.198106621203e+00 5.000000000000e-03
5.150291904203e+00 1.747960354726e+00 5.000000000000e-03
3.907606580162e+00 5.596684971113e+00 -5.000000000000e-03
4.511798095082e+00 5.239606195849e+00 -5.000000000000e-03
4.778086161470e+00 5.027446278927e+00 -5.000000000000e-03
4.685148073562e+00 4.738539761204e+00 -5.000000000000e-03
4.739156475685e+00 2.802122713603e+00 -5.000000000000e-03
4.596685264521e+00 4.856843321085e+00 -5.000000000000e-03
4.325256324917e+00 5.358687317954e+00 -5.000000000000e-03
5.813803645937e+00 5.650228369553e+00 -5.000000000000e-03
3.837385217973e+00 4.004476036643e+00 -5.000000000000e-03
2.244883444479e+00 5.569422695707e+00 -5.000000000000e-03
3.580349367191e-01 1.995487834561e+00 -5.000000000000e-03
3.503229666904e+00 4.848737818866e+00 -5.000000000000e-03
1.338790589125e+00 5.909312595759e+00 -5.000000000000e-03
1.644495524698e+00 8.783304415155e-01 -5.000000000000e-03
4.911378458878e-01 4.712484572693e+00 -5.000000000000e-03
1.057970802069e+00 1.417234063357e-01 -5.000000000000e-03
2.992052690045e+00 1.641732073113e+00 -5.000000000000e-03
6.360641758049e-01 5.684666165709e+00 -5.000000000000e-03
2.731648205689e+00 1.368370706003e+00 -5.000000000000e-03
5.127643440888e-02 5.057998148735e+00 -5.000000000000e-03
9.856517690012e-01 1.393223638439e-01 -5.000000000000e-03
9.541834995691e-01 3.362391169603e+00 -5.000000000000e-03
3.613390885200e+00 5.681246840835e+00 -5.000000000000e-03
5.766164552242e+00 4.647923288863e+00 -5.000000000000e-03
5.566085172345e+00 2.716210983973e+00 -5.000000000000e-03
2.787876990776e+00 1.403635283896e+00 -5.000000000000e-03
1.633332478152e-01 4.466196444267e+00 -5.000000000000e-03
3.925431411484e+00 4.982805646394e+00 -5.000000000000e-03
4.805807044786e+00 4.619271479126e+00 -5.000000000000e-03
6.123323342457e+00 2.625051974459e+00 -5.000000000000e-03
1.042784781808e+00 5.089154497781e+00 -5.000000000000e-03
4.558261369730e+00 1.575025864312e+00 -5.000000000000e-03
4.473563072742e+00 7.931404260154e-01 -5.000000000000e-03
3.521040167655e+00 3.263150858542e+00 -5.000000000000e-03
5.185205634915e+00 5.308737811429e+00 -5.000000000000e-03
6.155949506091e+00 3.747441001101e+00 -5.000000000000e-03
5.781839361277e+00 5.076813304721e+00 -5.000000000000e-03
6.024425066110e+00 5.646839405181e+00 -5.000000000000e-03
4.774348312889e+00 5.099576520812e+00 -5.000000000000e-03
4.280442421768e+00 4.869632425114e+00 -5.000000000000e-03
9.571115805235e-01 6.629530389491e-01 -5.000000000000e-03
4.780890894358e+00 4.814062462627e+00 -5.000000000000e-03
4.029800855530e+00 3.882569601927e+00 -5.000000000000e-03
3.271108932944e+00 2.450354952977e+00 -5.000000000000e-03
3.502525529197e+00 3.799481324051e+00 -5.000000000000e-03
4.962746831116e+00 3.157941461528e+00 -5.000000000000e-03
5.773068614073e+00 3.148994258919e+00 -5.000000000000e-03
3.851549015678e+00 6.239007564204e+00 -5.000000000000e-03
1.937687851909e+00 3.697672571243e+00 -5.000000000000e-03
4.599958003407e+00 4.272127402655e+00 -5.000000000000e-03
1.832491780839e+00 2.071875107778e+00 -5.000000000000e-03
6.069164212084e+00 2.984481990785e+00 -5.000000000000e-03
3.022046481942e-01 5.527261277898e+00 -5.000000000000e-03
3.546838878789e+00 3.298541930054e+00 -5.000000000000e-03
5.129596682861e+00 4.911000436390e+00 -5.000000000000e-03
2.298345438045e+00 4.732925484681e+00 -5.000000000000e-03
4.330377647103e+00 4.900632204992e+00 -5.000000000000e-03
4.017953903691e+00 2.516504838912e+00 -5.000000000000e-03
4.807367343969e+00 2.166072277296e+00 -5.000000000000e-03
4.393502822221e+00 4.914659925111e+00 -5.000000000000e-03
5.978489918137e+00 4.991787991051e+00 -5.000000000000e-03
4.352362287567e+00 4.564903892535e+00 -5.000000000000e-03
4.833587448366e+00 5.611962931814e+00 -5.000000000000e-03
2.513483690872e+00 2.044742367216e+00 -5.000000000000e-03
5.593595453636e+00 3.770182194210e+00 -5.000000000000e-03
4.711796768523e+00 5.002015965113e+00 -5.000000000000e-03
4.522005196775e+00 5.821984003442e-01 -5.000000000000e-03
4.085465426161e+00 4.816353346764e+00 -5.000000000000e-03
1.545700380067e+00 5.546113893760e+00 -5.000000000000e-03
3.569736467795e+00 2.808970661829e+00 -5.000000000000e-03
1.353277433172e-01 5.337944489778e+00 -5.000000000000e-03
4.083126348539e+00 4.643052846666e+00 -5.000000000000e-03
4.925254537386e+00 5.703757521891e+00 -5.000000000000e-03
5.402717351698e+00 3.197463462850e-01 -5.000000000000e-03
1.516916884905e+00 5.514262414092e+00 -5.000000000000e-03
3.024499071578e+00 3.519324004170e+00 -5.000000000000e-03
5.910200129112e-01 3.157595937821e-01 -5.000000000000e-03
5.056394377532e+00 3.755197995633e+00 -5.000000000000e-03
1.430300075651e+00 4.206685150490e+00 -5.000000000000e-03
4.694129969061e+00 2.891713406767e+00 -5.000000000000e-03
3.635995307115e+00 4.691499063541e+00 -5.000000000000e-03
3.496927337044e+00 4.842764868210e+00 -5.000000000000e-03
3.008905729626e+00 3.637699391356e+00 -5.000000000000e-03
1.133641290470e+00 5.600106420458e+00 -5.000000000000e-03
1.416143601003e+00 4.829353560039e+00 -5.000000000000e-03
2.512877595744e+00 4.393783837744e+00 -5.000000000000e-03
3.917593739798e+00 4.631485912390e+00 -5.000000000000e-03
9.918010472657e-01 2.188182731861e+00 -5.000000000000e-03
4.000396039182e+00 5.117290892373e+00 -5.000000000000e-03
2.759258607489e-02 5.018698754699e+00 -5.000000000000e-03
3.474678488167e+00 3.121153008494e+00 -5.000000000000e-03
2.095405418282e-01 5.911220439048e+00 -5.000000000000e-03
9.716428002309e-01 5.663506753143e+00 -5.000000000000e-03
6.206189167264e+00 3.772944496004e+00 -5.000000000000e-03
6.676440829551e-01 4.203169320637e+00 -5.000000000000e-03
4.044804144070e+00 1.685728806905e+00 -5.000000000000e-03
3.366474937374e+00 2.427045791286e+00 -5.000000000000e-03
4.966450295993e+00 5.842188763779e+00 -5.000000000000e-03
1.299470104823e+00 1.201093554270e+00 -5.000000000000e-03
3.189726820890e-01 4.048793811155e+00 -5.000000000000e-03
