3.004476731331e+00 2.394582661692e+00 5.000000000000e-03
2.049280439637e+00 1.759301355074e+00 5.000000000000e-03
4.331884571291e-01 3.507491997931e+00 5.000000000000e-03
2.052615162136e+00 3.232344184386e+00 5.000000000000e-03
4.261282299560e+00 3.224172705332e+00 5.000000000000e-03
1.769482622593e+00 9.475855655456e-01 5.000000000000e-03
1.740756371729e+00 1.243635009311e+00 5.000000000000e-03
2.595084251043e+00 3.941959705918e+00 5.000000000000e-03
5.273850056605e+00 3.345524513742e+00 5.000000000000e-03
4.472122387343e-01 7.644566171573e-01 5.000000000000e-03
2.361233169313e+00 1.993213592556e+00 5.000000000000e-03
8.092898177652e-01 2.235242136597e+00 5.000000000000e-03
2.178328142694e+00 1.852020332650e+00 5.000000000000e-03
6.729897924513e-02 5.698847366293e+00 5.000000000000e-03
5.882665337388e+00 5.287798513280e+00 5.000000000000e-03
6.160760857854e+00 2.003596213580e+00 5.000000000000e-03
9.364558118841e-01 4.305932197820e+00 5.000000000000e-03
1.427931202277e+00 2.755869793855e+00 5.000000000000e-03
2.091927287898e+00 5.354896128516e+00 5.000000000000e-03
1.323055656691e+00 6.184391967006e-01 5.000000000000e-03
1.152103884728e+00 1.483851348760e+00 5.000000000000e-03
4.577494302350e+00 5.630609570662e+00 5.000000000000e-03
1.618753427201e+00 1.548067478646e+00 5.000000000000e-03
6.219108084321e+00 5.539903721514e+00 5.000000000000e-03
1.957939015705e+00 2.072245650163e+00 5.000000000000e-03
4.596504645317e+00 5.913201317136e+00 5.000000000000e-03
1.744745253148e+00 2.973489007997e+00 5.000000000000e-03
6.309201892565e-01 2.275075336017e+00 5.000000000000e-03
1.919431286293e+00 8.854952536099e-01 5.000000000000e-03
2.437857978575e+00 7.862327180583e-01 5.000000000000e-03
8.128740679161e-01 2.552128357789e+00 5.000000000000e-03
1.638068540456e+00 1.926520314659e+00 5.000000000000e-03
1.866244835206e+00 2.603566100929e+00 5.000000000000e-03
1.138826324979e+00 4.834791735007e+00 5.000000000000e-03
6.477241100123e-01 2.207008392479e+00 5.000000000000e-03
4.716512099671e+00 4.448741183243e+00 5.000000000000e-03
2.902508183976e+00 2.522550190480e+00 5.000000000000e-03
1.910101628860e+00 1.409193132670e+00 5.000000000000e-03
9.551816265622e-01 6.039996245665e+00 5.000000000000e-03
1.961850294484e+00 2.018544465167e+00 5.000000000000e-03
2.283584245710e+00 1.013166144467e+00 5.000000000000e-03
1.224517003226e+00 1.946117291915e-01 5.000000000000e-03
2.741680152504e+00 7.567979258048e-01 5.000000000000e-03
1.200249015128e+00 2.215938334410e+00 5.000000000000e-03
1.962810267915e+00 8.029228078083e-01 5.000000000000e-03
2.284855404271e+00 1.641896648866e+00 5.000000000000e-03
1.909264269563e-01 2.338442666800e+00 5.000000000000e-03
5.908218464759e+00 5.420871093286e+00 5.000000000000e-03
3.749671247161e+00 2.242797329215e+00 5.000000000000e-03
1.908806487225e+00 1.926363367000e+00 5.000000000000e-03
1.692710999899e+00 3.113019605693e+00 5.000000000000e-03
5.548043158158e+00 4.131132963959e+00 5.000000000000e-03
1.774188144137e+00 5.432230851232e+00 5.000000000000e-03
8.583516201063e-01 1.349483014335e+00 5.000000000000e-03
4.624620600445e+00 3.121507674191e+00 5.000000000000e-03
2.659066943979e+00 1.828231059607e+00 5.000000000000e-03
2.894056405480e-01 5.059724275442e+00 5.000000000000e-03
4.882568879479e+00 2.910217505048e+00 5.000000000000e-03
2.200552338168e-01 2.826267259456e+00 5.000000000000e-03
2.264556283329e+00 1.676968485943e+00 5.000000000000e-03
2.026086949192e-02 2.198143307775e+00 5.000000000000e-03
1.848056675888e+00 1.695548040911e+00 5.000000000000e-03
5.675371118568e+00 3.231665473284e+00 5.000000000000e-03
8.340542491126e-01 1.195470991325e+00 5.000000000000e-03
5.301285268091e+00 3.577398449467e+00 5.000000000000e-03
1.032581252857e-02 1.954474842220e+00 5.000000000000e-03
1.175897646101e+00 1.350988779621e+00 5.000000000000e-03
1.418330752854e+00 3.202781545342e+00 5.000000000000e-03
5.920195810370e+00 5.621244169935e+00 5.000000000000e-03
2.194538726964e+00 3.501474624000e+00 5.000000000000e-03
2.196251487982e+00 1.084491946845e+00 5.000000000000e-03
1.993457680332e+00 8.884264065954e-01 5.000000000000e-03
5.268239985492e+00 3.015902734318e+00 5.000000000000e-03
1.397333565701e+00 4.032110265563e+00 5.000000000000e-03
5.928114886082e-01 2.033054390831e+00 5.000000000000e-03
7.212926552107e-01 1.658317208207e+00 5.000000000000e-03
3.635073167962e+00 2.065330616260e+00 5.000000000000e-03
1.033142535947e+00 3.083923613423e+00 5.000000000000e-03
1.780045125718e+00 2.118604566877e+00 5.000000000000e-03
2.059789537552e-02 4.610173030379e+00 5.000000000000e-03
4.733764328526e+00 2.366930374545e+00 5.000000000000e-03
2.800671511253e+00 2.715236229913e+00 5.000000000000e-03
3.477448801208e+00 2.652788865224e+00 5.000000000000e-03
3.591312507971e+00 2.949794595099e+00 5.000000000000e-03
1.164255456816e+00 4.675909291911e+00 5.000000000000e-03
1.441063918321e+00 2.774520964168e+00 5.000000000000e-03
1.514376438728e-01 3.617989531020e+00 5.000000000000e-03
2.448016345100e+00 5.577555865087e+00 5.000000000000e-03
2.983518739518e+00 3.122894608053e+00 5.000000000000e-03
2.590940750211e-01 4.669570771823e-01 5.000000000000e-03
4.942587309848e+00 3.386537020913e+00 5.000000000000e-03
1.600948958851e+00 3.121699965507e+00 5.000000000000e-03
3.706609321614e+00 1.480370503350e+00 5.000000000000e-03
1.442867069062e-01 1.653093390634e+00 5.000000000000e-03
2.549038972870e+00 1.510186980153e+00 5.000000000000e-03
2.958930132210e+00 3.448926926560e+00 5.000000000000e-03
2.453924347806e+00 2.632622959327e+00 5.000000000000e-03
1.373917481863e-01 2.697593390784e+00 5.000000000000e-03
8.630144488560e-01 1.058253931724e+00 5.000000000000e-03
6.049084828731e+00 5.405529650109e+00 5.000000000000e-03
2.799831410335e+00 4.710797397175e-01 -5.000000000000e-03
4.097907487654e+00 4.842970661244e+00 -5.000000000000e-03
6.466782764659e-01 6.184689283977e+00 -5.000000000000e-03
4.241982939814e+00 4.399624405782e+00 -5.000000000000e-03
3.906704682035e+00 5.123986156125e+00 -5.000000000000e-03
3.307508283487e+00 5.030758222417e+00 -5.000000000000e-03
5.708689003866e+00 2.912400938872e+00 -5.000000000000e-03
4.436100781593e+00 4.525692317545e+00 -5.000000000000e-03
7.013028421960e-01 5.257580455188e+00 -5.000000000000e-03
6.093018220666e+00 1.046674877524e+00 -5.000000000000e-03
4.806480670715e+00 3.803326169271e+00 -5.000000000000e-03
4.419587224447e+00 3.398600333979e-01 -5.000000000000e-03
5.865051479480e+00 4.560149361530e+00 -5.000000000000e-03
7.926282965540e-01 2.929746232529e+00 -5.000000000000e-03
5.477611722350e+00 4.972787152368e-01 -5.000000000000e-03
5.424592339588e+00 5.469473289814e+00 -5.000000000000e-03
5.237092173383e+00 4.761895738260e+00 -5.000000000000e-03
5.716686371731e+00 4.619460939644e+00 -5.000000000000e-03
5.257306260611e+00 4.589313334585e+00 -5.000000000000e-03
2.168223239166e+00 5.809530599090e+00 -5.000000000000e-03
4.080860335229e-01 1.705367308285e+00 -5.000000000000e-03
5.790872211180e+00 6.167562349661e+00 -5.000000000000e-03
5.214195409514e+00 5.537807032390e+00 -5.000000000000e-03
4.515729685517e+00 5.494705165608e+00 -5.000000000000e-03
5.343563563199e+00 4.803815676158e+00 -5.000000000000e-03
5.248283500324e+00 5.473236355531e+00 -5.000000000000e-03
5.227166427315e+00 4.596392679780e+00 -5.000000000000e-03
4.720549498411e+00 3.330300927033e+00 -5.000000000000e-03
3.848795896387e+00 3.126286245642e+00 -5.000000000000e-03
5.255684291051e+00 4.935717197487e+00 -5.000000000000e-03
1.017523934262e+00 5.780187713649e-02 -5.000000000000e-03
4.157491786551e+00 1.952896624119e+00 -5.000000000000e-03
5.989341632148e+00 2.335427506795e-01 -5.000000000000e-03
3.102309702005e+00 4.354164174077e+00 -5.000000000000e-03
4.540537144222e+00 4.883853613131e+00 -5.000000000000e-03
4.921609153678e+00 5.586371494233e+00 -5.000000000000e-03
4.163664912182e+00 5.551273134214e-01 -5.000000000000e-03
2.726782414341e+00 4.811556647795e+00 -5.000000000000e-03
4.518199228618e+00 5.500328989448e+00 -5.000000000000e-03
5.208512452241e+00 5.844343385611e+00 -5.000000000000e-03
5.500724254414e+00 2.282034022337e+00 -5.000000000000e-03
1.947439109389e+00 5.145737288213e+00 -5.000000000000e-03
3.011212341979e+00 4.192061775305e+00 -5.000000000000e-03
2.565999196395e+00 1.053283304505e-02 -5.000000000000e-03
6.128117293230e+00 2.072479137985e-01 -5.000000000000e-03
4.863041960319e+00 3.282894700839e+00 -5.000000000000e-03
3.557673894150e+00 5.885943971191e+00 -5.000000000000e-03
6.031702664250e-01 5.974971481314e+00 -5.000000000000e-03
5.566499696723e+00 2.245523572583e+00 -5.000000000000e-03
3.284563440126e+00 4.573870968778e+00 -5.000000000000e-03
2.715627963301e+00 3.477278905231e+00 -5.000000000000e-03
5.342202002973e+00 1.695670838413e+00 -5.000000000000e-03
1.231005794452e+00 1.011310880912e+00 -5.000000000000e-03
5.647205079205e+00 2.648560602752e+00 -5.000000000000e-03
3.391914162424e+00 5.105515380892e+00 -5.000000000000e-03
6.079754541944e+00 3.029221593361e+00 -5.000000000000e-03
2.520496365839e-01 5.917831779407e+00 -5.000000000000e-03
2.741460018271e+00 1.638310196203e+00 -5.000000000000e-03
4.313990587860e+00 4.854055604267e+00 -5.000000000000e-03
1.310421296104e+00 1.591248986727e+00 -5.000000000000e-03
1.686628985186e+00 5.042944030620e+00 -5.000000000000e-03
5.926115959049e+00 2.126434124698e-01 -5.000000000000e-03
4.552619533909e+00 4.444086423722e+00 -5.000000000000e-03
6.220762473732e+00 2.672710562359e+00 -5.000000000000e-03
6.180507823716e+00 2.546026100198e+00 -5.000000000000e-03
3.302393940331e-01 4.405049581371e+00 -5.000000000000e-03
2.083293777027e+00 3.358155544652e+00 -5.000000000000e-03
4.987836508056e+00 4.107343928954e+00 -5.000000000000e-03
4.507703387807e+00 4.768731252033e+00 -5.000000000000e-03
3.916417658929e+00 4.153407244518e+00 -5.000000000000e-03
2.077114298424e+00 4.220696924376e+00 -5.000000000000e-03
5.939084702953e+00 3.962620561084e+00 -5.000000000000e-03
5.476345251596e+00 5.641789307231e+00 -5.000000000000e-03
4.595724131326e+00 3.814208055096e+00 -5.000000000000e-03
4.257900148847e+00 5.862837640655e-01 -5.000000000000e-03
4.958567960350e+00 3.686738532867e+00 -5.000000000000e-03
5.782972890736e+00 4.555411502375e+00 -5.000000000000e-03
5.753900749816e+00 4.966721114041e+00 -5.000000000000e-03
4.268233227039e+00 5.396211750165e+00 -5.000000000000e-03
4.597314928179e+00 1.191848347929e+00 -5.000000000000e-03
5.089101393354e+00 5.520905641497e+00 -5.000000000000e-03
3.219408822189e+00 4.061529433580e+00 -5.000000000000e-03
1.426227503772e+00 4.834890275298e+00 -5.000000000000e-03
4.102677338726e+00 3.360696389801e+00 -5.000000000000e-03
6.072797278974e+00 2.665990677966e-01 -5.000000000000e-03
2.898065366884e+00 5.090803276890e+00 -5.000000000000e-03
5.150084845663e+00 2.396735671000e+00 -5.000000000000e-03
2.770807602146e+00 2.150466775264e+00 -5.000000000000e-03
3.383861653999e+00 5.653420356237e-01 -5.000000000000e-03
4.824179069667e+00 3.842928814681e+00 -5.000000000000e-03
5.004154667764e+00 3.994193550162e+00 -5.000000000000e-03
4.965044059830e+00 5.344574183739e+00 -5.000000000000e-03
2.530486148081e+00 2.492666723755e+00 -5.000000000000e-03
5.574507612253e+00 4.540124536618e+00 -5.000000000000e-03
3.053428540920e+00 5.329997361927e+00 -5.000000000000e-03
4.765731746673e+00 4.299016961298e-01 -5.000000000000e-03
2.409286195153e+00 5.783160354933e+00 -5.000000000000e-03
2.240255572014e+00 2.306486297398e+00 -5.000000000000e-03
1.831065218968e+00 3.728221577846e+00 -5.000000000000e-03
4.880972633643e+00 7.821697927120e-01 -5.000000000000e-03
