6.267317437093e+00 2.897433760837e+00 5.000000000000e-03
6.274877025719e+00 2.059997824496e-01 5.000000000000e-03
3.651938390022e+00 5.138005742902e+00 5.000000000000e-03
4.569836722750e+00 4.594818137903e+00 5.000000000000e-03
4.474229307370e+00 1.487408613404e+00 5.000000000000e-03
4.286184433871e+00 2.925697166495e+00 5.000000000000e-03
2.164143514761e+00 3.187433220633e+00 5.000000000000e-03
3.062731942769e+00 1.799462875556e+00 5.000000000000e-03
4.112133580424e+00 3.594899418254e+00 5.000000000000e-03
1.363280520112e+00 5.089626437991e+00 5.000000000000e-03
8.964678075239e-01 5.884005238632e+00 5.000000000000e-03
4.648746312180e+00 2.474435133577e+00 5.000000000000e-03
1.645711182555e+00 4.722507456228e+00 5.000000000000e-03
6.024665494088e+00 2.114687494528e+00 5.000000000000e-03
4.476627319138e+00 4.712077207821e+00 5.000000000000e-03
5.271584682228e+00 5.596503575505e+00 5.000000000000e-03
3.868543544829e+00 5.454205633366e+00 5.000000000000e-03
5.348999087617e+00 3.605505699376e+00 5.000000000000e-03
6.524481488991e-01 5.514148051072e+00 5.000000000000e-03
5.063542225533e+00 6.821537082491e-01 5.000000000000e-03
4.972288231971e-01 1.898184188963e+00 5.000000000000e-03
5.104155541304e+00 3.338254685559e+00 5.000000000000e-03
4.881688051142e+00 6.196928786436e+00 5.000000000000e-03
5.870683068970e+00 6.260881007530e+00 5.000000000000e-03
5.560792308991e+00 3.515708693527e+00 5.000000000000e-03
5.113702058966e+00 6.015336195831e+00 5.000000000000e-03
4.538058768196e-01 3.363003774804e+00 5.000000000000e-03
5.379501008042e+00 3.657519612850e+00 5.000000000000e-03
6.411012410860e-01 5.285711938231e+00 5.000000000000e-03
1.720517983797e+00 4.466716899238e+00 5.000000000000e-03
5.445393812481e+00 3.400068743065e+00 5.000000000000e-03
4.877995413905e+00 4.690195721616e+00 5.000000000000e-03
1.212325141879e+00 4.959011528009e+00 5.000000000000e-03
9.983421298569e-01 1.647755017695e+00 5.000000000000e-03
1.301443378271e+00 9.406664615499e-02 5.000000000000e-03
4.506236688979e+00 2.474299915756e+00 5.000000000000e-03
1.837997580283e+00 4.972123760972e+00 5.000000000000e-03
3.327165992519e+00 3.634384840277e+00 5.000000000000e-03
4.695825821278e+00 4.584551472377e+00 5.000000000000e-03
7.773485348464e-01 4.106390128244e+00 5.000000000000e-03
5.822464047746e-01 3.673741897128e+00 5.000000000000e-03
1.852318188126e+00 4.898066276259e+00 5.000000000000e-03
5.123294762147e+00 4.555155610290e+00 5.000000000000e-03
5.685012268078e+00 5.175104029417e+00 5.000000000000e-03
4.688982351275e+00 7.576049310745e-01 5.000000000000e-03
2.857754309216e+00 5.929939748718e-01 5.000000000000e-03
5.646047868135e+00 6.219319372458e+00 5.000000000000e-03
2.442541559690e-01 4.010835111899e+00 5.000000000000e-03
2.392708245786e+00 4.597549628689e+00 5.000000000000e-03
5.711453911520e+00 2.100808549694e-01 5.000000000000e-03
5.583656197359e+00 3.220292183088e+00 5.000000000000e-03
1.104160398771e-01 2.938428717211e+00 5.000000000000e-03
3.556454147364e-02 3.005266933382e+00 5.000000000000e-03
4.431087089780e+00 5.970496208430e+00 5.000000000000e-03
3.758560925758e+00 6.241141985635e+00 5.000000000000e-03
3.511362211949e+00 3.658295864211e+00 5.000000000000e-03
2.450809873751e+00 5.428823509130e+00 5.000000000000e-03
3.929385195884e+00 2.790610612771e+00 5.000000000000e-03
2.389778698596e+00 3.798584474130e+00 5.000000000000e-03
5.561633027555e+00 2.540552572637e+00 5.000000000000e-03
5.462336315381e+00 1.957028414467e+00 5.000000000000e-03
2.120665692648e-02 2.690559309519e-01 5.000000000000e-03
5.079459218566e+00 5.906632744165e-01 5.000000000000e-03
1.995083149011e-01 3.255215066911e+00 5.000000000000e-03
4.835779047744e+00 3.355717104403e+00 5.000000000000e-03
4.022326460023e+00 2.871661951222e+00 5.000000000000e-03
1.629781534288e+00 6.684241709788e-02 5.000000000000e-03
1.963256213763e+00 4.673539302567e+00 5.000000000000e-03
5.116506063522e-01 5.220342657598e+00 5.000000000000e-03
6.044825017419e+00 3.936988336954e+00 5.000000000000e-03
2.545139051499e-01 5.663314222801e+00 5.000000000000e-03
5.323231456475e+00 2.493852876191e+00 5.000000000000e-03
4.798390555409e+00 3.810025989487e-01 5.000000000000e-03
4.386968283190e+00 6.061169350329e+00 5.000000000000e-03
3.338913263833e-01 1.784088615996e+00 5.000000000000e-03
5.774821017843e+00 4.769236626694e+00 5.000000000000e-03
2.522356635445e+00 4.739590247879e+00 5.000000000000e-03
5.507841529816e+00 2.711424533024e+00 5.000000000000e-03
5.514519360310e+00 3.389671955621e+00 5.000000000000e-03
3.364683144829e+00 5.372157507416e+00 5.000000000000e-03
5.912029970009e+00 2.077938781002e+00 5.000000000000e-03
3.841670375954e+00 4.715314689313e+00 5.000000000000e-03
5.781684726944e+00 5.705922931080e-01 5.000000000000e-03
4.446185368632e+00 2.769581282142e+00 5.000000000000e-03
5.613157287120e+00 3.215075690394e+00 5.000000000000e-03
4.991180664501e+00 4.680530900427e+00 5.000000000000e-03
2.131337125057e-01 3.533068237948e+00 5.000000000000e-03
1.575470578512e+00 1.396701616901e-01 5.000000000000e-03
5.669573163206e+00 6.054072993354e+00 5.000000000000e-03
5.135306441154e+00 8.982925090770e-01 5.000000000000e-03
4.591655197606e+00 8.400454867593e-01 5.000000000000e-03
2.661873657006e+00 6.303817666924e-01 5.000000000000e-03
5.840745823241e+00 6.152204861465e+00 5.000000000000e-03
5.472907839777e+00 1.173374330245e+00 5.000000000000e-03
4.804069240467e+00 3.649378925332e+00 5.000000000000e-03
4.294038905384e+00 4.631490365150e+00 5.000000000000e-03
1.976152950472e+00 4.929287807734e+00 5.000000000000e-03
4.436110687062e+00 5.699834950586e+00 5.000000000000e-03
3.440035760389e+00 4.613163452724e+00 5.000000000000e-03
1.115142302422e+00 4.580614973537e+00 5.000000000000e-03
4.107841561395e+00 1.596814078946e+00 -5.000000000000e-03
5.979051096512e+00 5.755863407750e+00 -5.000000000000e-03
3.079829707152e+00 3.633445193681e+00 -5.000000000000e-03
4.613808809707e+00 2.130687802956e+00 -5.000000000000e-03
1.511782875807e+00 6.059892896340e+00 -5.000000000000e-03
2.521737233866e+00 1.591035941985e+00 -5.000000000000e-03
2.380769757443e+00 5.926933117714e+00 -5.000000000000e-03
2.081476727831e+00 1.110690102690e+00 -5.000000000000e-03
4.287362656060e+00 5.409231940363e+00 -5.000000000000e-03
2.941665648751e-03 4.636972914523e+00 -5.000000000000e-03
2.075032277703e+00 5.845148893793e-01 -5.000000000000e-03
1.493197816055e+00 2.492152083903e+00 -5.000000000000e-03
6.475819513506e-01 5.918719320322e+00 -5.000000000000e-03
4.107536683284e+00 1.624576445937e+00 -5.000000000000e-03
4.071097842967e+00 6.795410885497e-01 -5.000000000000e-03
4.631674263748e+00 1.816284324226e+00 -5.000000000000e-03
3.472837685927e+00 3.935567386066e+00 -5.000000000000e-03
1.935342938372e+00 6.724274802802e-01 -5.000000000000e-03
1.297249328538e+00 2.721258958555e+00 -5.000000000000e-03
1.141419834153e+00 5.288468936323e-01 -5.000000000000e-03
4.798179874876e+00 2.940436030646e+00 -5.000000000000e-03
2.066740031220e+00 2.854043645492e+00 -5.000000000000e-03
1.566389719706e+00 6.721755999643e-01 -5.000000000000e-03
4.741771200444e+00 1.978055667261e+00 -5.000000000000e-03
3.151674268454e+00 5.452007094829e+00 -5.000000000000e-03
1.691702305746e+00 6.608759251699e-01 -5.000000000000e-03
3.389164201100e+00 2.791371799114e+00 -5.000000000000e-03
2.658122668508e+00 4.819466518129e+00 -5.000000000000e-03
8.283529123313e-01 4.661248613108e+00 -5.000000000000e-03
1.242426423863e+00 2.435073645408e+00 -5.000000000000e-03
1.585179557085e+00 7.500422085085e-01 -5.000000000000e-03
1.948141959886e+00 7.044642084460e-01 -5.000000000000e-03
7.987468662918e-01 3.576300231922e+00 -5.000000000000e-03
4.773463456251e+00 2.655526641865e+00 -5.000000000000e-03
6.057618956794e+00 1.352610031455e+00 -5.000000000000e-03
1.813395642076e+00 1.999290646532e+00 -5.000000000000e-03
1.781522690961e+00 7.968297851817e-01 -5.000000000000e-03
1.595439526842e+00 1.844923819546e+00 -5.000000000000e-03
1.901263441140e+00 1.071608215642e+00 -5.000000000000e-03
2.535810581037e+00 2.918167671831e+00 -5.000000000000e-03
4.418262563160e+00 4.443534489484e+00 -5.000000000000e-03
1.850085994793e-01 4.790632860436e+00 -5.000000000000e-03
2.181486213718e+00 5.961908241805e+00 -5.000000000000e-03
4.237006674093e+00 2.368627147207e+00 -5.000000000000e-03
4.810907435761e+00 5.674054255362e+00 -5.000000000000e-03
3.546610451388e+00 2.374621979970e+00 -5.000000000000e-03
2.651193749952e+00 5.827998083358e-03 -5.000000000000e-03
2.105285594901e+00 2.228766070701e+00 -5.000000000000e-03
1.527238061616e-01 4.823238288730e+00 -5.000000000000e-03
3.227222760542e+00 5.954480460828e+00 -5.000000000000e-03
2.166560574194e+00 8.952072618740e-01 -5.000000000000e-03
1.264439590471e+00 4.332974847689e+00 -5.000000000000e-03
2.921282483125e+00 1.169008281249e+00 -5.000000000000e-03
4.025201559349e+00 5.120933105292e+00 -5.000000000000e-03
3.971537774809e+00 5.967968422515e+00 -5.000000000000e-03
4.960036893771e+00 3.055857470331e+00 -5.000000000000e-03
2.230422657192e+00 5.840389252394e+00 -5.000000000000e-03
1.838615296774e+00 1.116243019545e+00 -5.000000000000e-03
4.856120222753e+00 2.734975835235e+00 -5.000000000000e-03
1.039858516662e+00 1.246697227103e+00 -5.000000000000e-03
2.014105384054e+00 3.158576237625e+00 -5.000000000000e-03
2.994127966668e+00 3.393291005938e+00 -5.000000000000e-03
2.907763522456e+00 5.726750972395e+00 -5.000000000000e-03
1.119145633063e+00 1.037452153807e+00 -5.000000000000e-03
4.811107212478e+00 2.924064596683e+00 -5.000000000000e-03
4.618743749319e+00 6.028144756247e+00 -5.000000000000e-03
1.212947489208e+00 2.210787909129e+00 -5.000000000000e-03
2.242112564361e+00 1.053098009327e+00 -5.000000000000e-03
2.505867692075e+00 7.923017343549e-01 -5.000000000000e-03
5.136672225972e-01 1.369960433335e+00 -5.000000000000e-03
5.612648467017e+00 4.094949403419e+00 -5.000000000000e-03
4.928857974236e+00 5.517272197523e+00 -5.000000000000e-03
4.244271868584e+00 2.623103246239e+00 -5.000000000000e-03
5.719922772840e-01 1.648265985362e+00 -5.000000000000e-03
5.899192562595e+00 3.519136917034e+00 -5.000000000000e-03
6.754463346959e-01 1.279900064317e+00 -5.000000000000e-03
4.243367825042e+00 2.242896506757e+00 -5.000000000000e-03
3.032219306696e+00 7.818955023229e-02 -5.000000000000e-03
3.914944274363e+00 3.684964952469e+00 -5.000000000000e-03
2.595317467211e+00 1.254113895658e+00 -5.000000000000e-03
1.804514435946e+00 1.270941387351e-01 -5.000000000000e-03
3.308816877281e+00 4.633747361433e+00 -5.000000000000e-03
5.692495258602e+00 8.195244877954e-01 -5.000000000000e-03
3.180685371656e+00 5.364918122360e+00 -5.000000000000e-03
9.769134613322e-01 2.254773827076e+00 -5.000000000000e-03
1.740784830390e-02 4.626301060252e+00 -5.000000000000e-03
1.682355185299e+00 5.311895328718e+00 -5.000000000000e-03
5.046509284878e+00 5.609429924189e+00 -5.000000000000e-03
2.972541321199e+00 3.358172293964e+00 -5.000000000000e-03
1.323636839805e+00 4.381643920922e+00 -5.000000000000e-03
4.668233363020e+00 1.863362411720e-01 -5.000000000000e-03
1.521974320902e+00 9.226024938717e-01 -5.000000000000e-03
4.926027458025e+00 2.561286323883e+00 -5.000000000000e-03
6.283084327378e+00 3.784660029771e+00 -5.000000000000e-03
9.926190114029e-02 2.096647922314e+00 -5.000000000000e-03
4.591612208256e+00 1.234378654085e-01 -5.000000000000e-03
3.414826420765e+00 2.051794798300e+00 -5.000000000000e-03
3.092501459343e+00 3.658987158652e+00 -5.000000000000e-03
4.837909173549e+00 2.783503719021e+00 -5.000000000000e-03
3.718412713332e+00 3.792136734141e+00 -5.000000000000e-03
