4.473857743141e+00 6.264509733361e+00 5.000000000000e-03
1.983737791132e+00 9.694258368260e-01 5.000000000000e-03
4.159273734413e+00 6.229393903056e+00 5.000000000000e-03
5.052818564856e+00 4.041843421164e+00 5.000000000000e-03
2.519702739021e+00 3.739312333410e+00 5.000000000000e-03
2.774679150065e+00 4.886193208941e+00 5.000000000000e-03
3.808010590650e+00 3.452457138922e+00 5.000000000000e-03
4.676888379193e+00 5.419208492333e+00 5.000000000000e-03
1.695059136942e+00 4.374883887911e+00 5.000000000000e-03
8.157808522977e-01 3.604617618284e+00 5.000000000000e-03
4.243464354295e+00 2.925681696008e-01 5.000000000000e-03
3.620922909646e+00 3.201373743812e+00 5.000000000000e-03
2.160348948843e+00 1.918986419325e+00 5.000000000000e-03
3.640831378942e+00 3.052051981378e+00 5.000000000000e-03
5.576074301529e+00 1.299360968834e+00 5.000000000000e-03
3.681546826629e+00 1.260071152267e+00 5.000000000000e-03
1.716972856012e+00 2.974491943564e+00 5.000000000000e-03
2.648732549608e+00 1.133792509836e+00 5.000000000000e-03
1.527613307066e+00 4.925218086243e+00 5.000000000000e-03
2.545074215994e+00 8.644150707314e-01 5.000000000000e-03
5.002201518989e+00 3.649654756653e+00 5.000000000000e-03
7.569937487416e-01 3.097578054712e+00 5.000000000000e-03
8.170661225710e-01 3.881769721840e+00 5.000000000000e-03
4.053738188618e+00 5.611590615099e+00 5.000000000000e-03
4.968436371963e+00 2.967490991105e-01 5.000000000000e-03
1.911430467501e+00 3.505311464705e-01 5.000000000000e-03
2.759882972473e+00 2.552157611024e+00 5.000000000000e-03
4.360624817840e+00 2.495574200033e+00 5.000000000000e-03
4.007444509075e+00 3.044604151373e+00 5.000000000000e-03
2.278889141375e+00 5.552149044663e+00 5.000000000000e-03
5.792061991686e+00 3.365594155132e+00 5.000000000000e-03
3.430243070943e+00 1.804099215887e+00 5.000000000000e-03
3.902734313636e+00 4.213077488166e-02 5.000000000000e-03
3.644417203719e+00 3.145144333630e+00 5.000000000000e-03
3.189915872946e+00 5.518059881043e+00 5.000000000000e-03
3.800590602558e+00 3.708068617361e+00 5.000000000000e-03
4.653310462598e+00 2.567106825444e+00 5.000000000000e-03
2.733029614209e+00 9.915841083967e-01 5.000000000000e-03
5.998427448823e-01 3.413031488346e+00 5.000000000000e-03
3.433498170403e+00 9.047676638006e-01 5.000000000000e-03
4.970360738392e+00 2.592816594625e+00 5.000000000000e-03
3.887346730371e+00 2.472230819576e+00 5.000000000000e-03
2.040111318689e+00 5.045921741734e+00 5.000000000000e-03
4.778753220219e+00 2.602634762728e+00 5.000000000000e-03
5.807702706204e+00 3.965691007507e+00 5.000000000000e-03
4.122690687859e+00 5.447784879298e+00 5.000000000000e-03
5.538433758936e+00 1.255155586034e+00 5.000000000000e-03
3.969339078325e+00 3.372713083707e+00 5.000000000000e-03
2.474217776829e+00 3.089497775901e+00 5.000000000000e-03
3.332867482469e+00 3.073525201503e+00 5.000000000000e-03
5.392129010913e+00 5.693013839075e+00 5.000000000000e-03
2.447800059025e+00 3.310295996347e+00 5.000000000000e-03
3.859457147949e+00 4.702431418187e+00 5.000000000000e-03
3.991082427855e+00 4.042301024154e+00 5.000000000000e-03
3.906791455922e+00 3.698815104541e+00 5.000000000000e-03
2.001509994890e+00 3.695154046006e+00 5.000000000000e-03
3.584859209490e+00 4.426621406436e+00 5.000000000000e-03
1.115125932425e+00 3.291855550341e+00 5.000000000000e-03
2.592823399783e+00 4.616627750467e+00 5.000000000000e-03
3.288032282222e+00 2.173603666666e+00 5.000000000000e-03
4.564212215950e+00 2.341274070037e+00 5.000000000000e-03
3.217477249831e+00 2.038123019101e+00 5.000000000000e-03
3.669549598475e+00 3.091442369014e+00 5.000000000000e-03
2.887659868838e+00 5.123365252883e+00 5.000000000000e-03
2.455676527282e+00 4.661327424540e+00 5.000000000000e-03
2.922408655696e+00 4.632437368630e+00 5.000000000000e-03
3.245023275367e+00 2.639514215700e+00 5.000000000000e-03
1.084372399492e+00 2.247528319194e+00 5.000000000000e-03
3.676739468169e+00 3.601734108553e+00 5.000000000000e-03
2.487471800387e+00 5.161560675876e+00 5.000000000000e-03
3.700311193102e+00 3.215567900734e+00 5.000000000000e-03
3.685807943253e+00 3.068788685934e+00 5.000000000000e-03
3.648134310419e+00 3.070597372687e+00 5.000000000000e-03
2.007154153338e-01 2.336787481107e+00 5.000000000000e-03
4.049734935605e+00 2.837483633934e+00 5.000000000000e-03
2.818378720919e+00 3.592401345105e+00 5.000000000000e-03
3.719735943124e+00 4.022359976372e+00 5.000000000000e-03
2.431379542438e+00 3.026708650068e+00 5.000000000000e-03
4.283842035088e+00 3.591949136717e+00 5.000000000000e-03
3.071526212015e+00 3.706605141724e+00 5.000000000000e-03
4.251050906391e+00 5.659488545359e+00 5.000000000000e-03
4.351186371366e+00 2.172041931583e+00 5.000000000000e-03
3.191110866707e+00 2.882273041298e+00 5.000000000000e-03
5.140946656483e+00 2.369358897941e+00 5.000000000000e-03
3.639433806550e+00 3.018113200982e+00 5.000000000000e-03
1.420674205193e+00 1.465295182806e+00 5.000000000000e-03
3.221406808285e+00 4.903465532466e+00 5.000000000000e-03
3.563337601945e+00 4.542812129469e+00 5.000000000000e-03
2.640775747909e+00 4.607811929624e+00 5.000000000000e-03
2.179985149047e+00 3.360704790577e+00 5.000000000000e-03
3.458940752823e+00 4.431899355121e+00 5.000000000000e-03
2.984909271495e+00 1.910312212006e-01 5.000000000000e-03
1.920837031319e+00 4.058172162868e+00 5.000000000000e-03
3.656226237021e+00 3.049456218111e+00 5.000000000000e-03
4.816814126630e+00 2.565506335192e+00 5.000000000000e-03
2.823701424699e+00 1.862208756208e+00 5.000000000000e-03
2.728402106051e+00 7.301924454252e-01 5.000000000000e-03
2.206742995236e+00 3.138356799233e+00 5.000000000000e-03
3.637888211590e+00 4.464396442826e+00 5.000000000000e-03
3.563691631003e+00 3.205914837583e+00 5.000000000000e-03
2.901326613189e+00 1.014980235028e+00 -5.000000000000e-03
5.650460095371e-01 1.370846353392e+00 -5.000000000000e-03
4.839368160557e-01 5.908778318408e-01 -5.000000000000e-03
5.849634326119e+00 5.624473090955e+00 -5.000000000000e-03
2.173467964310e-01 1.494190810503e-01 -5.000000000000e-03
4.334647331443e+00 4.422259851145e+00 -5.000000000000e-03
7.158837175423e-01 1.747203869885e+00 -5.000000000000e-03
4.551488842327e+00 4.727859316220e+00 -5.000000000000e-03
7.832389463416e-01 1.184048299150e+00 -5.000000000000e-03
6.586013426503e-01 4.950190230766e-01 -5.000000000000e-03
7.252496197240e-01 1.095473973996e+00 -5.000000000000e-03
7.788993425516e-02 1.379172069437e+00 -5.000000000000e-03
3.362995705540e+00 2.374134209599e+00 -5.000000000000e-03
1.499126891832e+00 3.087829075358e+00 -5.000000000000e-03
5.806200447556e+00 2.380186563824e-01 -5.000000000000e-03
7.447317662203e-01 5.127390931849e+00 -5.000000000000e-03
5.846979584395e+00 1.837021222905e+00 -5.000000000000e-03
4.756676378339e-01 3.616145375886e+00 -5.000000000000e-03
7.941235967732e-01 5.484577538930e+00 -5.000000000000e-03
4.491293073619e+00 2.538387982228e+00 -5.000000000000e-03
5.554583500825e-01 4.937890405377e+00 -5.000000000000e-03
1.016619561856e+00 2.824693973267e-01 -5.000000000000e-03
8.947818763089e-01 1.951812188739e+00 -5.000000000000e-03
6.102323708773e+00 5.360627225464e+00 -5.000000000000e-03
1.604107494898e+00 2.453505088353e+00 -5.000000000000e-03
2.007859383822e+00 1.183716174853e+00 -5.000000000000e-03
1.607010477289e-01 7.090401262931e-03 -5.000000000000e-03
4.525612232399e+00 4.298598407477e-01 -5.000000000000e-03
5.157356917186e+00 1.093987062525e+00 -5.000000000000e-03
6.441771346466e-01 9.220410019227e-01 -5.000000000000e-03
1.693162651393e+00 5.265926136493e+00 -5.000000000000e-03
4.020884420274e-01 1.199578475460e+00 -5.000000000000e-03
5.257052117304e+00 1.403119386175e+00 -5.000000000000e-03
3.959873447514e-02 4.318689957486e+00 -5.000000000000e-03
5.864563997876e-01 1.146464015266e+00 -5.000000000000e-03
5.243719106646e+00 1.372295729412e+00 -5.000000000000e-03
1.830324745037e-01 3.377581795873e-01 -5.000000000000e-03
1.453267151899e+00 3.935605778719e+00 -5.000000000000e-03
1.816389025885e+00 1.461616283420e+00 -5.000000000000e-03
3.095705542074e-01 4.348184609331e+00 -5.000000000000e-03
4.728862389470e-02 7.328749120664e-01 -5.000000000000e-03
7.585310323551e-01 6.144322260538e+00 -5.000000000000e-03
2.535777385082e-02 2.835894564544e+00 -5.000000000000e-03
2.438356546958e-01 7.831855183766e-01 -5.000000000000e-03
6.204231850949e+00 4.220605896608e-01 -5.000000000000e-03
5.865378817065e-01 4.008519635890e+00 -5.000000000000e-03
2.450902642652e+00 3.941316344450e+00 -5.000000000000e-03
6.353765172392e-01 7.616836389834e-01 -5.000000000000e-03
1.581230888421e-01 2.116891436291e+00 -5.000000000000e-03
2.662863669176e+00 3.450069157209e+00 -5.000000000000e-03
5.564260351395e+00 3.716937909421e+00 -5.000000000000e-03
1.048439021847e+00 1.782795511703e+00 -5.000000000000e-03
5.946785725279e+00 1.999598481384e+00 -5.000000000000e-03
6.719052480793e-01 6.116846568400e+00 -5.000000000000e-03
6.512603898314e-01 2.993849817720e-02 -5.000000000000e-03
3.989722108583e+00 1.420375255832e+00 -5.000000000000e-03
6.064927669181e+00 5.582996727512e+00 -5.000000000000e-03
5.572203034853e+00 2.965368025349e+00 -5.000000000000e-03
6.069241788203e+00 5.523975409375e+00 -5.000000000000e-03
2.025264228455e-01 1.804411445643e+00 -5.000000000000e-03
3.688698350851e+00 5.705961637622e+00 -5.000000000000e-03
4.047710046364e+00 5.106896639712e+00 -5.000000000000e-03
1.760157963455e-02 4.634272030506e+00 -5.000000000000e-03
1.188376490082e-01 6.271885714246e+00 -5.000000000000e-03
1.618792596810e+00 6.160471428650e+00 -5.000000000000e-03
5.833168041769e+00 4.486822959207e+00 -5.000000000000e-03
6.012408566938e-01 1.013772719832e+00 -5.000000000000e-03
4.373591630347e+00 5.219692917582e+00 -5.000000000000e-03
8.042495722527e-01 5.934925301927e+00 -5.000000000000e-03
3.852959577590e+00 7.611541689131e-01 -5.000000000000e-03
4.552418490654e+00 2.667863705268e-01 -5.000000000000e-03
7.767725524250e-01 6.134211505510e+00 -5.000000000000e-03
5.095484559005e-02 2.748253386557e-01 -5.000000000000e-03
7.949579994814e-01 5.928987339093e+00 -5.000000000000e-03
1.400277682452e+00 2.898823908116e+00 -5.000000000000e-03
7.940677904960e-01 5.434722895526e+00 -5.000000000000e-03
3.315750938423e+00 1.418198991800e+00 -5.000000000000e-03
8.489333722136e-01 4.531418773928e+00 -5.000000000000e-03
6.196510604712e+00 6.213028865329e+00 -5.000000000000e-03
5.132590839825e-01 5.963408188567e+00 -5.000000000000e-03
2.668744828220e+00 5.591451270607e+00 -5.000000000000e-03
6.283114379306e-01 1.051151302405e+00 -5.000000000000e-03
2.104720755276e-01 5.279364502497e-01 -5.000000000000e-03
5.879993198401e+00 3.511867506044e-01 -5.000000000000e-03
6.592094723741e-01 1.741912151757e+00 -5.000000000000e-03
4.363140674412e+00 3.150911446309e+00 -5.000000000000e-03
5.984033138405e+00 5.035068376240e+00 -5.000000000000e-03
5.139512106010e+00 5.381445558834e+00 -5.000000000000e-03
1.140731457408e+00 5.580338337439e+00 -5.000000000000e-03
6.282207766720e+00 8.974646346537e-01 -5.000000000000e-03
4.778570028427e-01 1.143400531801e+00 -5.000000000000e-03
5.646041472043e+00 1.936961579945e+00 -5.000000000000e-03
6.067863233729e+00 1.387090995808e+00 -5.000000000000e-03
5.958017692883e+00 6.119953471503e+00 -5.000000000000e-03
7.830071468397e-01 7.787954143904e-01 -5.000000000000e-03
6.167310757427e+00 1.310940448558e+00 -5.000000000000e-03
6.148663481220e+00 2.792976282860e-01 -5.000000000000e-03
4.241305103633e+00 1.269050275457e+00 -5.000000000000e-03
1.377996483121e+00 5.475610890519e+00 -5.000000000000e-03
1.146697493975e-01 1.366556561490e+00 -5.000000000000e-03
