1.490704349894e-01 6.027658258627e-02 5.000000000000e-03
5.034154246589e-02 5.675562362974e+00 5.000000000000e-03
4.652676524514e+00 1.517716986714e-01 5.000000000000e-03
1.354675926842e+00 5.588106216469e+00 5.000000000000e-03
3.762828165273e+00 3.357295707156e+00 5.000000000000e-03
3.076199279468e+00 1.643922287918e+00 5.000000000000e-03
2.235331446572e+00 7.993725270899e-01 5.000000000000e-03
5.424358841695e+00 2.836373810220e+00 5.000000000000e-03
5.758219631637e+00 3.670463876037e+00 5.000000000000e-03
3.830108734345e+00 1.167311334190e+00 5.000000000000e-03
3.442214069687e+00 2.149714285641e+00 5.000000000000e-03
3.421195284660e+00 1.057614455473e+00 5.000000000000e-03
4.518138614969e+00 5.131752279749e-02 5.000000000000e-03
2.510318477266e+00 9.690542670604e-03 5.000000000000e-03
5.379127849980e+00 5.286528235677e+00 5.000000000000e-03
1.470548988065e-01 5.951477802847e+00 5.000000000000e-03
2.009972348907e-02 6.242492850243e-01 5.000000000000e-03
4.622917490646e+00 5.538505626946e+00 5.000000000000e-03
5.537034719588e+00 2.033825862136e+00 5.000000000000e-03
1.608726319712e+00 1.046460897744e+00 5.000000000000e-03
3.064226857174e+00 1.792922315666e+00 5.000000000000e-03
2.929452489873e+00 5.293522680030e+00 5.000000000000e-03
2.301273111543e+00 4.677538467083e+00 5.000000000000e-03
1.813880093464e+00 1.025980110804e+00 5.000000000000e-03
3.306962430724e+00 7.780663484499e-01 5.000000000000e-03
4.769078043222e+00 3.770608446489e+00 5.000000000000e-03
5.476459704516e+00 2.456997248212e+00 5.000000000000e-03
5.147476236439e+00 1.462035109417e+00 5.000000000000e-03
5.917990992202e+00 6.764897794465e-01 5.000000000000e-03
1.537528656609e+00 3.673237624820e+00 5.000000000000e-03
2.671785607077e+00 3.444259486832e+00 5.000000000000e-03
1.207215985131e+00 2.888765336069e+00 5.000000000000e-03
3.237922200958e+00 4.671951510893e-02 5.000000000000e-03
2.870889174487e+00 6.836633817457e-01 5.000000000000e-03
2.184344052083e+00 5.091250820220e+00 5.000000000000e-03
4.793770477464e+00 3.680981937038e+00 5.000000000000e-03
1.849748680806e+00 5.599073259226e+00 5.000000000000e-03
3.673419392432e+00 5.018482168497e+00 5.000000000000e-03
3.886623508063e-02 6.089265714977e-01 5.000000000000e-03
4.839800539818e+00 6.161900012749e+00 5.000000000000e-03
2.526862858761e+00 4.699789845027e+00 5.000000000000e-03
1.765394933731e+00 6.028854608622e+00 5.000000000000e-03
2.125625124487e+00 5.653711017131e+00 5.000000000000e-03
9.871465753938e-01 6.001979689567e+00 5.000000000000e-03
5.491750328441e+00 2.434847642304e+00 5.000000000000e-03
4.827563199692e+00 6.044186303673e+00 5.000000000000e-03
3.055726032132e-01 3.912983824692e+00 5.000000000000e-03
2.422501534438e+00 1.527774891876e+00 5.000000000000e-03
2.023729609651e+00 5.901561757920e+00 5.000000000000e-03
4.112334711605e+00 3.707374927831e+00 5.000000000000e-03
1.779315871969e+00 4.089287476445e+00 5.000000000000e-03
5.252908035342e+00 3.572339890925e+00 5.000000000000e-03
1.864220827462e+00 6.004591113893e+00 5.000000000000e-03
6.357046358468e-01 3.712308521422e+00 5.000000000000e-03
4.026538291959e+00 3.551790195657e+00 5.000000000000e-03
3.800109921100e+00 1.835387238788e+00 5.000000000000e-03
3.322249535330e+00 1.260893296788e+00 5.000000000000e-03
1.196076412911e+00 4.675762716016e+00 5.000000000000e-03
4.991852037675e+00 1.461728323180e+00 5.000000000000e-03
1.775005900234e+00 1.552218806977e+00 5.000000000000e-03
2.551753813368e+00 3.775518143228e+00 5.000000000000e-03
7.876092573591e-01 5.637374361050e+00 5.000000000000e-03
4.137306045972e+00 6.114016014392e+00 5.000000000000e-03
4.077069187841e+00 1.786103049771e+00 5.000000000000e-03
3.219627595427e-01 4.975924174668e+00 5.000000000000e-03
4.262129376018e-01 1.980000083629e+00 5.000000000000e-03
1.185256371919e+00 3.475973295655e+00 5.000000000000e-03
5.062556118017e+00 1.530598090425e+00 5.000000000000e-03
3.720313416247e+00 2.999651019629e+00 5.000000000000e-03
5.589967326528e+00 1.479760790445e+00 5.000000000000e-03
2.690723436407e+00 3.186533211968e+00 5.000000000000e-03
2.631667709615e+00 4.240219387711e+00 5.000000000000e-03
5.188723025500e-01 1.359113016610e+00 5.000000000000e-03
2.274745564731e+00 2.751182403158e+00 5.000000000000e-03
5.346077379712e+00 5.513291371012e+00 5.000000000000e-03
8.455397144724e-01 5.696770075566e-01 5.000000000000e-03
4.270843552214e+00 1.783667503483e+00 5.000000000000e-03
4.932981343298e+00 4.940195724642e+00 5.000000000000e-03
4.548882054887e-01 3.140492839149e+00 5.000000000000e-03
2.437206951842e-01 3.470647004268e+00 5.000000000000e-03
2.628236423119e+00 2.759156356443e+00 5.000000000000e-03
6.235738339681e+00 3.455235680560e+00 5.000000000000e-03
2.275200755669e+00 1.729281589050e+00 5.000000000000e-03
2.266480486790e+00 7.285737180177e-01 5.000000000000e-03
1.808622347443e+00 4.079844059646e+00 5.000000000000e-03
1.526394625850e+00 5.473761507209e+00 5.000000000000e-03
6.184976928054e+00 6.108549299124e+00 5.000000000000e-03
2.335465980506e+00 1.220081670381e+00 5.000000000000e-03
9.587383959658e-01 4.745089055059e+00 5.000000000000e-03
2.266327070678e+00 3.569613089779e-01 5.000000000000e-03
3.170948762131e+00 2.583301754924e-02 5.000000000000e-03
5.290906387922e+00 3.476118166067e+00 5.000000000000e-03
2.130235963600e+00 2.708860129878e+00 5.000000000000e-03
1.079000688640e+00 6.028835322470e+00 5.000000000000e-03
4.674668216803e+00 1.117052547351e+00 5.000000000000e-03
5.541462087600e+00 1.791500401875e+00 5.000000000000e-03
4.775653299231e-01 1.425211534514e+00 5.000000000000e-03
5.615563938745e+00 3.775047187308e+00 5.000000000000e-03
3.431940360437e+00 1.122120238851e+00 5.000000000000e-03
1.751034506923e+00 4.824031322099e+00 5.000000000000e-03
3.916662685831e+00 2.751115466854e+00 -5.000000000000e-03
5.368427913445e+00 2.355852272888e-01 -5.000000000000e-03
2.072855982100e+00 3.343139578961e+00 -5.000000000000e-03
4.247871327590e+00 4.810770901718e+00 -5.000000000000e-03
1.367969530166e+00 3.562372680945e-01 -5.000000000000e-03
2.093231785473e+00 4.235563265211e+00 -5.000000000000e-03
3.779204831404e+00 4.457819168310e+00 -5.000000000000e-03
3.164707608321e+00 3.870231265114e+00 -5.000000000000e-03
2.045506834062e+00 2.105620492587e+00 -5.000000000000e-03
1.714315093054e+00 4.556445120426e+00 -5.000000000000e-03
3.739434325124e+00 4.008426516381e-01 -5.000000000000e-03
3.588167722317e+00 3.719092873815e+00 -5.000000000000e-03
4.941394745722e-01 2.157014567812e+00 -5.000000000000e-03
4.096576996133e+00 2.800835481684e+00 -5.000000000000e-03
5.949191483270e+00 2.155608078394e+00 -5.000000000000e-03
4.209470721179e+00 2.372377603957e+00 -5.000000000000e-03
9.943652914319e-02 2.176347268374e+00 -5.000000000000e-03
2.949031090089e+00 3.099400005095e+00 -5.000000000000e-03
5.573580503806e+00 7.765401841498e-01 -5.000000000000e-03
4.515251474082e+00 4.789035313453e+00 -5.000000000000e-03
4.973205492467e+00 4.784758712456e+00 -5.000000000000e-03
3.355588553081e+00 3.507240005632e+00 -5.000000000000e-03
4.478872667214e+00 2.551713755858e+00 -5.000000000000e-03
5.774211772979e+00 3.073425251431e+00 -5.000000000000e-03
3.559373557361e+00 5.020742227262e+00 -5.000000000000e-03
3.727736204498e+00 3.814293757373e-01 -5.000000000000e-03
1.566577605751e+00 1.092355119169e-01 -5.000000000000e-03
2.622072544579e+00 4.414748644183e+00 -5.000000000000e-03
6.187815908684e+00 2.273905827999e+00 -5.000000000000e-03
1.249545380077e-01 5.396290747046e+00 -5.000000000000e-03
7.505227786170e-01 2.550944695661e+00 -5.000000000000e-03
4.317904780976e+00 2.506063746809e+00 -5.000000000000e-03
5.802024480218e-02 2.135057994081e+00 -5.000000000000e-03
3.300352817721e+00 1.427399540448e+00 -5.000000000000e-03
4.341399718168e+00 5.602906126354e-01 -5.000000000000e-03
5.647369385362e+00 3.072348710190e+00 -5.000000000000e-03
3.194963797281e+00 4.437674271652e+00 -5.000000000000e-03
1.343400929618e-03 2.273356195979e+00 -5.000000000000e-03
3.873466088289e+00 2.575507912940e+00 -5.000000000000e-03
4.644683932037e+00 4.861126889349e+00 -5.000000000000e-03
1.310004098281e+00 2.424931112321e-01 -5.000000000000e-03
5.842401265695e+00 2.799547850233e+00 -5.000000000000e-03
2.283227171582e+00 4.046485771606e+00 -5.000000000000e-03
6.998857879896e-01 4.331476289622e+00 -5.000000000000e-03
1.813947228971e+00 8.725759997639e-02 -5.000000000000e-03
3.367140569918e+00 4.585722519558e+00 -5.000000000000e-03
3.373171751242e+00 3.055564491997e+00 -5.000000000000e-03
7.055176741711e-01 3.062277632446e-01 -5.000000000000e-03
7.676653278062e-01 6.143453078116e+00 -5.000000000000e-03
5.825206667433e+00 4.526932535500e+00 -5.000000000000e-03
5.958909756771e+00 2.167422749259e+00 -5.000000000000e-03
5.530386467185e+00 6.158811642504e+00 -5.000000000000e-03
5.634923919531e+00 5.566713843063e+00 -5.000000000000e-03
9.781305935125e-02 3.956458183066e+00 -5.000000000000e-03
4.774608560715e+00 4.815209312454e+00 -5.000000000000e-03
4.848003863068e+00 4.569665095655e+00 -5.000000000000e-03
5.930893318269e-01 1.664192981633e+00 -5.000000000000e-03
4.224797138890e+00 4.514890576607e+00 -5.000000000000e-03
3.887889685353e+00 6.223456594725e+00 -5.000000000000e-03
5.069784962987e+00 1.811462175656e+00 -5.000000000000e-03
8.094089528082e-01 1.184073121844e-01 -5.000000000000e-03
8.036358428459e-02 2.085536761716e+00 -5.000000000000e-03
8.792465502180e-01 7.991139535410e-01 -5.000000000000e-03
3.495835355008e+00 5.142315094023e+00 -5.000000000000e-03
3.451372074850e+00 5.020663085472e+00 -5.000000000000e-03
2.944886006528e+00 3.574328147803e+00 -5.000000000000e-03
2.018514149301e+00 2.029368023634e+00 -5.000000000000e-03
1.025965899686e+00 2.393735638659e+00 -5.000000000000e-03
5.987665184103e+00 2.192068414524e+00 -5.000000000000e-03
4.751733368978e+00 4.651957634158e+00 -5.000000000000e-03
4.200612988331e+00 2.588940982373e+00 -5.000000000000e-03
1.172957640280e+00 3.591182264872e+00 -5.000000000000e-03
5.710394401651e-01 9.787787322501e-01 -5.000000000000e-03
2.666969840165e+00 1.621818864990e+00 -5.000000000000e-03
1.181816600575e+00 7.901312244459e-01 -5.000000000000e-03
2.575832868181e-01 2.118230862364e+00 -5.000000000000e-03
4.572459810609e+00 8.243478191664e-01 -5.000000000000e-03
4.234753619256e+00 2.440828217793e+00 -5.000000000000e-03
4.457424580867e+00 5.292644862676e+00 -5.000000000000e-03
4.178562283360e+00 5.194777874061e+00 -5.000000000000e-03
5.047368012070e+00 1.097648657864e+00 -5.000000000000e-03
4.031312487252e+00 6.213778958214e+00 -5.000000000000e-03
2.323149085519e+00 2.926158159669e+00 -5.000000000000e-03
8.004898508728e-01 2.913228830269e+00 -5.000000000000e-03
1.359376953869e-01 4.279036352229e+00 -5.000000000000e-03
3.683188348966e+00 4.198962499379e+00 -5.000000000000e-03
1.660864578849e+00 1.480802431042e+00 -5.000000000000e-03
5.843097585350e+00 2.443019701781e+00 -5.000000000000e-03
1.969614283595e+00 3.986863901137e+00 -5.000000000000e-03
4.379778682661e+00 4.921081602661e+00 -5.000000000000e-03
4.682656297540e-01 2.972382867400e+00 -5.000000000000e-03
4.456028837805e+00 9.135640694970e-01 -5.000000000000e-03
4.396974971130e+00 2.449432444405e+00 -5.000000000000e-03
2.381290663050e-02 2.379179283980e+00 -5.000000000000e-03
4.358789277964e+00 2.579161145998e+00 -5.000000000000e-03
3.052946067402e+00 5.211940300414e+00 -5.000000000000e-03
1.112006479855e+00 1.895425794036e+00 -5.000000000000e-03
1.699520966011e+00 8.265993125534e-02 -5.000000000000e-03
5.745850484934e+00 5.495282482007e+00 -5.000000000000e-03
7.648799660242e-01 1.773157310747e+00 -5.000000000000e-03
