1.661802107401e+00 4.553930374595e+00 5.000000000000e-03
5.183250767170e+00 2.873865424786e+00 5.000000000000e-03
6.001551962882e+00 6.135562045842e+00 5.000000000000e-03
4.416520990457e+00 6.174664593042e+00 5.000000000000e-03
4.627014998472e+00 3.165419032228e+00 5.000000000000e-03
1.980183240645e+00 4.066537504117e-02 5.000000000000e-03
6.151554374174e+00 3.085493127506e+00 5.000000000000e-03
1.260432159503e+00 5.122169132832e+00 5.000000000000e-03
4.917309688571e+00 1.563501349122e+00 5.000000000000e-03
6.118509760060e+00 6.219547676071e+00 5.000000000000e-03
1.581241978673e-01 2.135305010100e+00 5.000000000000e-03
2.925543291496e+00 4.914484906533e+00 5.000000000000e-03
3.710269988482e+00 3.507437520136e+00 5.000000000000e-03
4.421704185964e+00 2.691019569900e-01 5.000000000000e-03
2.041412995375e-01 2.283956653624e+00 5.000000000000e-03
6.160105987862e+00 4.448163737570e+00 5.000000000000e-03
3.052897172657e+00 2.832417445275e+00 5.000000000000e-03
2.611510322752e+00 2.038700857086e-01 5.000000000000e-03
2.455960776074e+00 4.302352680958e-02 5.000000000000e-03
1.048860571383e+00 4.957337748000e+00 5.000000000000e-03
4.116665638796e+00 5.213389843843e+00 5.000000000000e-03
4.114213024713e-01 2.705486390534e+00 5.000000000000e-03
3.528212000533e+00 2.942502292374e+00 5.000000000000e-03
2.918797919902e+00 5.463947262614e+00 5.000000000000e-03
2.438912306068e+00 4.056782346219e+00 5.000000000000e-03
1.034625977694e+00 2.317924056406e+00 5.000000000000e-03
1.114581916493e+00 5.490184965984e+00 5.000000000000e-03
3.731848426750e+00 1.141715282852e+00 5.000000000000e-03
1.577452695616e+00 3.458355430424e+00 5.000000000000e-03
3.777642250853e+00 4.039188824394e+00 5.000000000000e-03
2.578915784511e+00 2.831234733880e+00 5.000000000000e-03
2.591430989853e+00 1.631278593361e+00 5.000000000000e-03
2.365199339623e+00 5.711744919016e+00 5.000000000000e-03
5.413817708805e+00 3.991700803619e+00 5.000000000000e-03
1.045917787849e+00 9.195410113440e-02 5.000000000000e-03
5.109735035880e-01 9.118650040504e-01 5.000000000000e-03
6.265993327627e-01 5.988159990482e+00 5.000000000000e-03
2.574786437909e+00 2.958780018478e+00 5.000000000000e-03
2.934321684981e+00 6.105876675980e+00 5.000000000000e-03
4.129964108282e+00 5.003643672173e+00 5.000000000000e-03
1.012349409456e+00 1.187009664426e+00 5.000000000000e-03
1.586580596310e+00 3.254965934169e+00 5.000000000000e-03
2.044523514546e+00 5.378695154503e-01 5.000000000000e-03
1.409122157496e+00 3.533324851473e+00 5.000000000000e-03
1.497992356538e+00 6.095309726127e+00 5.000000000000e-03
3.992884749579e+00 1.452607777493e+00 5.000000000000e-03
4.131725872402e+00 5.313055066933e+00 5.000000000000e-03
1.551413479264e+00 3.623596951034e+00 5.000000000000e-03
5.816089066828e+00 6.072054110300e+00 5.000000000000e-03
5.759210838089e+00 4.680117348697e+00 5.000000000000e-03
5.080772497754e+00 8.485705881160e-01 5.000000000000e-03
5.508834375563e+00 4.873495697944e+00 5.000000000000e-03
3.796434933862e+00 1.393747217101e+00 5.000000000000e-03
6.773553101727e-01 5.909927719518e+00 5.000000000000e-03
1.948216195597e+00 3.860655725453e-01 5.000000000000e-03
3.310373498577e+00 3.493226414897e+00 5.000000000000e-03
1.460652203526e+00 5.361551811978e+00 5.000000000000e-03
4.333000648897e+00 4.044783885516e+00 5.000000000000e-03
4.986462314174e+00 5.318038680945e+00 5.000000000000e-03
5.614652196940e+00 2.304071898571e+00 5.000000000000e-03
2.535376654424e+00 5.894163865256e+00 5.000000000000e-03
3.422706244499e+00 2.770939248310e+00 5.000000000000e-03
2.126485387774e+00 2.288403558181e+00 5.000000000000e-03
4.577063793286e+00 2.493750959497e+00 5.000000000000e-03
4.658072335708e+00 6.272996328678e+00 5.000000000000e-03
1.458384400339e+00 1.857628136169e+00 5.000000000000e-03
3.644960177289e+00 2.605489172516e+00 5.000000000000e-03
5.789756836670e+00 1.324470531725e-01 5.000000000000e-03
4.084392135010e+00 5.890498058951e+00 5.000000000000e-03
2.303598893183e-01 2.849975853303e+00 5.000000000000e-03
2.589887114254e+00 4.779333410238e-01 5.000000000000e-03
8.882283203700e-01 2.270922946303e+00 5.000000000000e-03
1.688603977074e+00 1.005117122994e+00 5.000000000000e-03
1.340569863676e+00 5.275688593317e+00 5.000000000000e-03
3.476565704334e+00 5.651752122624e+00 5.000000000000e-03
5.194759794673e+00 2.110762661334e+00 5.000000000000e-03
8.958514672659e-02 4.460770096218e+00 5.000000000000e-03
5.160244670452e+00 2.734130317757e+00 5.000000000000e-03
3.629496482225e-01 1.568537619749e+00 5.000000000000e-03
1.141567019527e+00 5.437297147459e+00 5.000000000000e-03
1.355769776997e+00 7.121746240485e-01 5.000000000000e-03
6.149953045463e+00 1.672815248796e+00 5.000000000000e-03
4.505447252698e+00 3.770013944067e+00 5.000000000000e-03
5.156840638676e+00 5.903628867093e+00 5.000000000000e-03
3.214616798062e+00 5.324031153764e+00 5.000000000000e-03
5.538514958354e+00 3.819811736505e+00 5.000000000000e-03
6.119435403028e+00 4.540212293957e-01 5.000000000000e-03
1.146674053751e+00 1.878122838351e+00 5.000000000000e-03
5.974911019449e+00 1.215405022791e+00 5.000000000000e-03
3.227035839592e+00 1.455332942265e+00 5.000000000000e-03
1.156399491596e+00 1.465494687408e+00 5.000000000000e-03
3.629017841797e+00 5.591733746726e+00 5.000000000000e-03
4.338592229451e+00 3.001845738450e+00 5.000000000000e-03
5.297329381716e+00 4.542079784238e+00 5.000000000000e-03
1.430153294399e+00 5.864787021791e+00 5.000000000000e-03
6.006682480696e+00 3.033094964985e+00 5.000000000000e-03
1.039892407943e+00 1.351233418500e-01 5.000000000000e-03
3.348332075022e+00 1.304967505193e+00 5.000000000000e-03
2.901982124201e+00 4.975123993804e+00 5.000000000000e-03
1.344899963597e+00 5.299956517785e+00 5.000000000000e-03
3.392698542086e+00 5.075370406723e+00 -5.000000000000e-03
3.558278676390e+00 5.132339951641e+00 -5.000000000000e-03
3.777990330467e+00 2.334766362375e+00 -5.000000000000e-03
3.266450337542e+00 4.785620489164e+00 -5.000000000000e-03
5.774717862046e-01 3.307188052267e+00 -5.000000000000e-03
4.762898053440e+00 5.066310405747e-01 -5.000000000000e-03
5.380505794334e+00 4.347248419650e+00 -5.000000000000e-03
6.926895420686e-01 1.891128512800e+00 -5.000000000000e-03
5.384458206437e-01 4.360778625499e+00 -5.000000000000e-03
4.793204613760e+00 1.382344627674e+00 -5.000000000000e-03
6.479665056314e-01 4.480801281353e+00 -5.000000000000e-03
5.924963064827e+00 4.026688771396e+00 -5.000000000000e-03
5.226916445362e+00 2.816051357997e-01 -5.000000000000e-03
5.429967327761e+00 5.255681642061e+00 -5.000000000000e-03
6.279587047485e+00 6.530131381410e-01 -5.000000000000e-03
1.857638963244e+00 3.061951850459e+00 -5.000000000000e-03
5.759998974757e+00 1.218585830048e+00 -5.000000000000e-03
4.016603578865e+00 3.016397646378e+00 -5.000000000000e-03
1.330100804471e+00 6.016704803463e+00 -5.000000000000e-03
2.794622755596e+00 9.934119186651e-01 -5.000000000000e-03
6.399286217234e-01 4.382951049118e-02 -5.000000000000e-03
2.820912390033e-02 6.094963160230e+00 -5.000000000000e-03
6.227273635259e+00 4.108832368010e+00 -5.000000000000e-03
5.142310142675e-01 1.279112692980e+00 -5.000000000000e-03
3.095883954542e-01 6.200655444168e+00 -5.000000000000e-03
3.172469834581e+00 3.447207130830e+00 -5.000000000000e-03
3.488847890189e+00 3.524134268636e-01 -5.000000000000e-03
4.767125596519e+00 1.626136539626e+00 -5.000000000000e-03
5.138592313609e-01 5.517699268174e+00 -5.000000000000e-03
5.459508596061e-01 4.700946867393e+00 -5.000000000000e-03
5.230623467222e+00 2.300679568899e+00 -5.000000000000e-03
5.750806766119e+00 3.598366353868e+00 -5.000000000000e-03
5.709089007418e+00 5.405090624242e+00 -5.000000000000e-03
6.716818491456e-01 4.484835663240e+00 -5.000000000000e-03
2.389427630488e+00 2.658567034403e+00 -5.000000000000e-03
9.590732344514e-01 1.745152723057e+00 -5.000000000000e-03
5.303912474720e+00 5.295139212290e+00 -5.000000000000e-03
5.952990291916e+00 2.216805789782e+00 -5.000000000000e-03
2.244755865793e+00 2.772176957867e+00 -5.000000000000e-03
2.632501744020e+00 3.479432231722e+00 -5.000000000000e-03
2.621042904038e-01 3.950505605735e+00 -5.000000000000e-03
2.867228630260e+00 2.504549113162e+00 -5.000000000000e-03
3.367362317635e+00 4.119891524767e+00 -5.000000000000e-03
4.395444871961e+00 1.655451397963e+00 -5.000000000000e-03
3.338202527085e+00 5.142641427395e+00 -5.000000000000e-03
2.240028667606e+00 1.706147348039e+00 -5.000000000000e-03
2.915939283938e+00 2.661788872637e+00 -5.000000000000e-03
4.482612875101e+00 3.069541249223e+00 -5.000000000000e-03
3.438693030474e-02 1.424086676425e+00 -5.000000000000e-03
5.132409645324e+00 3.627442679014e+00 -5.000000000000e-03
6.089494500036e+00 2.299026294649e+00 -5.000000000000e-03
2.557226692820e+00 4.719334039891e+00 -5.000000000000e-03
5.093235514143e-01 5.345154350134e+00 -5.000000000000e-03
3.191810169925e+00 5.685114141608e+00 -5.000000000000e-03
4.255744512687e+00 4.912255083349e+00 -5.000000000000e-03
3.929636526756e+00 2.408231597946e-01 -5.000000000000e-03
1.779341731548e+00 4.139023676863e+00 -5.000000000000e-03
7.094473707245e-01 4.273689842080e+00 -5.000000000000e-03
3.256104502410e+00 2.882777560079e+00 -5.000000000000e-03
3.061557226700e+00 2.200634766590e+00 -5.000000000000e-03
1.724442504282e+00 3.790357207144e+00 -5.000000000000e-03
3.040926854811e+00 1.397542004085e+00 -5.000000000000e-03
3.074598873230e+00 1.502853031090e+00 -5.000000000000e-03
5.404855611519e-01 3.700416590632e-01 -5.000000000000e-03
4.338742382669e-01 6.063628899320e-01 -5.000000000000e-03
6.212182973620e+00 1.444522333365e+00 -5.000000000000e-03
7.161235669258e-01 3.874469120608e+00 -5.000000000000e-03
2.506279801172e+00 3.894593787274e+00 -5.000000000000e-03
4.224632261180e+00 3.637535217889e+00 -5.000000000000e-03
1.386918735379e+00 1.515529461614e+00 -5.000000000000e-03
4.588811953401e+00 3.404721204170e+00 -5.000000000000e-03
5.084461966253e+00 1.557611466234e-01 -5.000000000000e-03
4.477994499195e+00 4.909510806787e+00 -5.000000000000e-03
3.064846145975e+00 4.483002945037e+00 -5.000000000000e-03
2.144993887022e+00 5.590149559740e+00 -5.000000000000e-03
9.810227914250e-01 3.886029616890e+00 -5.000000000000e-03
1.826459552111e+00 4.604430993210e+00 -5.000000000000e-03
7.945933103102e-01 1.440999828261e+00 -5.000000000000e-03
2.827043894032e-01 4.774936796833e+00 -5.000000000000e-03
3.827582833846e+00 8.938847975492e-01 -5.000000000000e-03
5.025511374623e+00 1.177922925456e+00 -5.000000000000e-03
6.621770000098e-01 4.612549018553e+00 -5.000000000000e-03
5.057192602898e+00 4.364137760628e+00 -5.000000000000e-03
9.605415906754e-01 4.865306858947e+00 -5.000000000000e-03
5.805387357513e-01 4.616959255800e+00 -5.000000000000e-03
7.987777166700e-02 3.274609364495e+00 -5.000000000000e-03
2.451405109283e+00 1.068854824729e+00 -5.000000000000e-03
8.607395966986e-01 3.307994212784e+00 -5.000000000000e-03
2.235948357034e+00 2.139265143490e+00 -5.000000000000e-03
4.714914363419e-01 3.286946825507e+00 -5.000000000000e-03
1.877337121406e+00 3.963813354878e+00 -5.000000000000e-03
4.879888027317e-01 5.880010466309e+00 -5.000000000000e-03
2.851113121786e+00 3.898941997236e+00 -5.000000000000e-03
5.543632652177e+00 5.503460781862e+00 -5.000000000000e-03
2.003251860180e+00 9.682755486341e-01 -5.000000000000e-03
5.314928689563e+00 5.757845591350e+00 -5.000000000000e-03
1.347005979316e+00 2.593049229364e+00 -5.000000000000e-03
6.072575439804e-01 3.638428832397e+00 -5.000000000000e-03
5.347806181018e+00 1.675620872194e+00 -5.000000000000e-03
2.291478969854e+00 5.141158018627e+00 -5.000000000000e-03
