4.665732808751e+00 2.242634039083e+00 5.000000000000e-03
2.406709425128e+00 2.302326789419e+00 5.000000000000e-03
1.087574611222e-01 4.178726465838e+00 5.000000000000e-03
5.555101783135e+00 1.445846678616e+00 5.000000000000e-03
4.949407110404e+00 2.897171268515e+00 5.000000000000e-03
3.731969336964e+00 1.136044206569e+00 5.000000000000e-03
6.250163492521e+00 1.535553215064e+00 5.000000000000e-03
4.573213943270e+00 2.865606728589e+00 5.000000000000e-03
5.153046577741e+00 3.095425436781e+00 5.000000000000e-03
3.722659038695e+00 1.711688402802e+00 5.000000000000e-03
3.500259664010e+00 3.957713580092e+00 5.000000000000e-03
3.918228276668e+00 2.621249899650e+00 5.000000000000e-03
4.665418496303e+00 2.720040243154e+00 5.000000000000e-03
2.752753092235e-01 2.905101963729e+00 5.000000000000e-03
3.623865748427e+00 4.548242949090e+00 5.000000000000e-03
3.953461953656e+00 2.283518002074e+00 5.000000000000e-03
5.215485389982e+00 1.359493214057e+00 5.000000000000e-03
5.976509689734e+00 4.720538518070e+00 5.000000000000e-03
5.437702346814e+00 5.687385178903e+00 5.000000000000e-03
4.599723155035e+00 3.221735018830e+00 5.000000000000e-03
4.682978012699e-01 2.894479064529e+00 5.000000000000e-03
9.219410774519e-01 3.107694592299e+00 5.000000000000e-03
1.879915872787e+00 3.156728663872e+00 5.000000000000e-03
5.174451282828e-01 1.521264206382e+00 5.000000000000e-03
3.680171448380e+00 4.192961333866e+00 5.000000000000e-03
3.702867331236e+00 2.830625077516e+00 5.000000000000e-03
1.897019844315e+00 4.072847307954e+00 5.000000000000e-03
2.153727026793e+00 4.812340246273e+00 5.000000000000e-03
1.407736568904e+00 4.375184613420e+00 5.000000000000e-03
4.373661524885e+00 3.424748844692e+00 5.000000000000e-03
3.418792950189e+00 6.976873035325e-01 5.000000000000e-03
2.113599584765e-01 2.736005910334e+00 5.000000000000e-03
5.118018604601e+00 2.022014406376e+00 5.000000000000e-03
3.861823711415e+00 7.710195416034e-01 5.000000000000e-03
4.053526346796e+00 2.663776802919e+00 5.000000000000e-03
1.514437797684e-02 4.684196226797e+00 5.000000000000e-03
4.050713134389e+00 3.122243081160e+00 5.000000000000e-03
1.483278484348e+00 3.159295568228e+00 5.000000000000e-03
4.975481895795e+00 2.420355130008e+00 5.000000000000e-03
1.327831786313e+00 1.807899255951e+00 5.000000000000e-03
3.983334663158e+00 3.453470621112e+00 5.000000000000e-03
1.385797059223e+00 3.409113414176e+00 5.000000000000e-03
3.692277423950e+00 2.406886769413e+00 5.000000000000e-03
5.085700823513e-01 5.029341434197e+00 5.000000000000e-03
1.269846320009e+00 1.438561423468e+00 5.000000000000e-03
1.582108067820e-01 2.331007757841e+00 5.000000000000e-03
2.196841417098e+00 3.614455799205e+00 5.000000000000e-03
1.767206761647e+00 4.578208339343e+00 5.000000000000e-03
3.824081759469e+00 4.163175239845e+00 5.000000000000e-03
5.979618602051e+00 5.109591381451e-01 5.000000000000e-03
1.471223289822e+00 3.523340009123e+00 5.000000000000e-03
5.814428919764e+00 1.153169922570e+00 5.000000000000e-03
5.774575258754e+00 3.042385135035e+00 5.000000000000e-03
5.524093710976e+00 2.727616275000e+00 5.000000000000e-03
3.793402009992e+00 3.767036282954e+00 5.000000000000e-03
6.131049374491e+00 7.435521876589e-01 5.000000000000e-03
3.078856711011e+00 4.024057588452e+00 5.000000000000e-03
1.477029933119e+00 2.009339176456e+00 5.000000000000e-03
4.899409838707e+00 4.726014977872e+00 5.000000000000e-03
5.808463569697e+00 2.603296697069e-01 5.000000000000e-03
3.061629370392e+00 3.355549140024e+00 5.000000000000e-03
3.659411274246e+00 3.670878078043e+00 5.000000000000e-03
4.494932097320e+00 1.604468838058e+00 5.000000000000e-03
4.668360010801e+00 3.792652347553e+00 5.000000000000e-03
3.873824145000e+00 2.503283630793e+00 5.000000000000e-03
3.832581633186e+00 2.634063073732e+00 5.000000000000e-03
3.405107896190e+00 4.082502375505e+00 5.000000000000e-03
5.785357642443e+00 1.241586345311e+00 5.000000000000e-03
4.820027211061e+00 2.345013693536e+00 5.000000000000e-03
2.801683170846e+00 1.461898241823e+00 5.000000000000e-03
1.331686480560e+00 1.841083547674e+00 5.000000000000e-03
4.574425452360e+00 1.229465030243e+00 5.000000000000e-03
4.018511845259e+00 3.144747507443e+00 5.000000000000e-03
4.877006768486e+00 1.960156655877e+00 5.000000000000e-03
8.682587776782e-01 5.952594499545e+00 5.000000000000e-03
1.742944859866e+00 4.468856514680e+00 5.000000000000e-03
3.819881228504e+00 2.762099039656e+00 5.000000000000e-03
3.906384306413e-01 5.180825071896e+00 5.000000000000e-03
6.111139573484e+00 2.045885594757e+00 5.000000000000e-03
4.882231094996e+00 3.137496612462e+00 5.000000000000e-03
1.617780250248e+00 4.631584028117e+00 5.000000000000e-03
3.724024321647e-01 4.982260940589e+00 5.000000000000e-03
4.811515244767e+00 2.090571510618e+00 5.000000000000e-03
2.224769822903e+00 3.116524018001e+00 5.000000000000e-03
4.484114870972e+00 3.154612029743e+00 5.000000000000e-03
7.922317368953e-01 6.270469683372e+00 5.000000000000e-03
4.847025198890e+00 3.078258945095e+00 5.000000000000e-03
3.048722672494e+00 1.424726870741e+00 5.000000000000e-03
1.848470670405e+00 1.221823852261e+00 5.000000000000e-03
9.403720523756e-01 5.945187291581e+00 5.000000000000e-03
3.776094804095e+00 3.295447177457e+00 5.000000000000e-03
3.811383983041e+00 1.255785855514e+00 5.000000000000e-03
5.802427057568e-01 2.118428717561e+00 5.000000000000e-03
4.979244981494e+00 2.553587735385e+00 5.000000000000e-03
2.714795138005e+00 5.387569829606e+00 5.000000000000e-03
1.081224090576e+00 1.558837074885e+00 5.000000000000e-03
4.061467275295e-01 3.860729098656e+00 5.000000000000e-03
1.879669493222e+00 1.046486196543e+00 5.000000000000e-03
1.868550302164e+00 4.374231432375e+00 5.000000000000e-03
4.495728997247e-01 1.125724085744e+00 5.000000000000e-03
5.826497787831e+00 1.251746820044e-01 -5.000000000000e-03
3.451974753746e+00 2.799539736629e+00 -5.000000000000e-03
4.226920494015e+00 7.006356588063e-01 -5.000000000000e-03
4.031151754184e+00 6.210318312486e+00 -5.000000000000e-03
4.532200000722e+00 6.275532850534e+00 -5.000000000000e-03
3.452256214972e+00 3.145557856463e+00 -5.000000000000e-03
4.176440826671e+00 6.218206415859e+00 -5.000000000000e-03
4.046168213526e+00 8.325266106338e-01 -5.000000000000e-03
6.182025162910e+00 3.726363598613e+00 -5.000000000000e-03
4.322385860932e+00 6.157323324180e+00 -5.000000000000e-03
4.033813002224e+00 3.950877153592e+00 -5.000000000000e-03
4.024898793801e+00 4.797819902007e+00 -5.000000000000e-03
3.363998025690e+00 5.849162388595e+00 -5.000000000000e-03
5.297832121747e+00 4.827512213713e+00 -5.000000000000e-03
3.343838941515e+00 1.264945769069e+00 -5.000000000000e-03
4.179774927525e-01 5.440664665500e+00 -5.000000000000e-03
9.183176510492e-01 4.825797625977e+00 -5.000000000000e-03
5.784879199818e+00 2.222786272938e+00 -5.000000000000e-03
2.393004531271e+00 5.448081917592e+00 -5.000000000000e-03
5.372799386562e+00 1.817179354550e+00 -5.000000000000e-03
4.262342842368e+00 4.678806789974e+00 -5.000000000000e-03
3.223641553479e+00 4.640414293329e+00 -5.000000000000e-03
8.448242056443e-01 8.153183353215e-01 -5.000000000000e-03
4.176338044435e+00 5.931306341300e+00 -5.000000000000e-03
3.295018302292e+00 6.218489882392e+00 -5.000000000000e-03
2.767498950644e+00 9.096842158515e-01 -5.000000000000e-03
2.728415344362e+00 4.571954838665e+00 -5.000000000000e-03
4.200636926586e+00 4.978999731637e+00 -5.000000000000e-03
2.037039594986e+00 2.075992389731e+00 -5.000000000000e-03
5.220330013143e+00 3.683327629879e+00 -5.000000000000e-03
2.814009904888e+00 2.150717924849e-01 -5.000000000000e-03
2.476084090641e+00 7.192930777286e-01 -5.000000000000e-03
1.127676598218e-01 5.699688259910e+00 -5.000000000000e-03
3.291509768022e+00 5.880910528314e-01 -5.000000000000e-03
3.853804297085e+00 4.375597483992e+00 -5.000000000000e-03
3.293215612789e+00 3.698437475576e-02 -5.000000000000e-03
4.104596462664e+00 5.927742590640e+00 -5.000000000000e-03
2.594081407949e+00 8.275621278244e-01 -5.000000000000e-03
4.195728004387e+00 5.885596916513e+00 -5.000000000000e-03
5.319055926894e+00 1.664387499161e+00 -5.000000000000e-03
3.105689394143e-01 1.296069292380e-01 -5.000000000000e-03
5.368461795667e+00 4.005963859294e+00 -5.000000000000e-03
2.366517243141e+00 5.438600746309e+00 -5.000000000000e-03
4.722807119529e-01 5.699238540950e+00 -5.000000000000e-03
4.934612351537e+00 6.022742613684e+00 -5.000000000000e-03
3.433311510290e+00 5.867228036609e+00 -5.000000000000e-03
4.051888888594e+00 6.280084920209e+00 -5.000000000000e-03
4.459329963023e+00 4.652088288843e+00 -5.000000000000e-03
4.249137341116e+00 1.351114775620e-02 -5.000000000000e-03
2.421559197567e+00 4.387728418648e+00 -5.000000000000e-03
5.427524525250e+00 4.831650676994e+00 -5.000000000000e-03
1.200527743855e+00 4.311683019554e+00 -5.000000000000e-03
1.307452894243e+00 2.789348380026e+00 -5.000000000000e-03
3.329020164135e+00 5.627536271841e-01 -5.000000000000e-03
4.592135212839e+00 6.061254559573e+00 -5.000000000000e-03
5.186056128960e+00 5.196195002435e-01 -5.000000000000e-03
4.256167920561e+00 9.465054925743e-02 -5.000000000000e-03
5.194531768802e+00 3.521763837253e+00 -5.000000000000e-03
3.826698788313e+00 4.733781501531e+00 -5.000000000000e-03
7.404555780238e-01 5.505113268300e+00 -5.000000000000e-03
2.389377668907e+00 4.938991448115e+00 -5.000000000000e-03
6.249521934284e+00 6.143496709366e+00 -5.000000000000e-03
1.988409934338e-01 5.393228324366e+00 -5.000000000000e-03
2.588199483652e+00 2.686689549176e+00 -5.000000000000e-03
5.350683492720e-01 4.461818999577e+00 -5.000000000000e-03
1.909428793299e+00 3.658687528389e+00 -5.000000000000e-03
3.259085324000e+00 1.609269427349e-01 -5.000000000000e-03
4.490540396832e-01 5.614771369596e+00 -5.000000000000e-03
5.878834649110e+00 5.664111150517e+00 -5.000000000000e-03
7.857246419080e-01 1.303297704458e-01 -5.000000000000e-03
5.090865510241e+00 9.590745494299e-01 -5.000000000000e-03
4.029879108299e+00 1.744833868505e+00 -5.000000000000e-03
2.490787162461e+00 6.218372171619e-01 -5.000000000000e-03
1.986134047353e+00 1.824067091351e+00 -5.000000000000e-03
1.289403873942e+00 4.609614134630e+00 -5.000000000000e-03
4.589800855071e+00 5.196754456188e+00 -5.000000000000e-03
5.043189940408e+00 5.209169895609e+00 -5.000000000000e-03
1.533987778391e+00 4.977413597057e+00 -5.000000000000e-03
3.330675062077e+00 5.384175572141e+00 -5.000000000000e-03
4.687559218846e+00 4.823047814721e-01 -5.000000000000e-03
1.289763523090e+00 4.952227349604e+00 -5.000000000000e-03
4.024972121295e+00 4.789140804520e+00 -5.000000000000e-03
5.764488068442e-01 5.474345109491e+00 -5.000000000000e-03
4.236450449269e+00 7.384667302253e-01 -5.000000000000e-03
4.091855146710e+00 6.128451403092e+00 -5.000000000000e-03
5.609835553784e+00 1.698780422096e+00 -5.000000000000e-03
3.197634298774e+00 5.950400203019e+00 -5.000000000000e-03
6.212769224996e+00 1.205736148437e-02 -5.000000000000e-03
5.378325475594e-02 5.662499910289e+00 -5.000000000000e-03
4.454760665378e+00 5.625160414982e+00 -5.000000000000e-03
4.174475142009e+00 6.221751764025e-01 -5.000000000000e-03
3.389862908321e+00 4.482466732913e-01 -5.000000000000e-03
4.854724386141e+00 2.051934358081e-01 -5.000000000000e-03
6.132593842192e+00 9.703615820650e-01 -5.000000000000e-03
1.428785864046e+00 5.008190241472e+00 -5.000000000000e-03
2.224303488941e+00 1.332618993570e+00 -5.000000000000e-03
5.419772240281e-01 2.572059197331e-01 -5.000000000000e-03
1.567952954308e+00 5.478959994016e+00 -5.000000000000e-03
4.353031338707e+00 1.093079918746e+00 -5.000000000000e-03
1.845713244369e+00 5.787926341874e+00 -5.000000000000e-03
