6.186964304667e+00 2.830666319591e-01 5.000000000000e-03
6.834072655533e-01 4.645565944977e+00 5.000000000000e-03
5.003152092688e+00 3.355889069949e+00 5.000000000000e-03
2.754460903341e+00 6.140579168974e+00 5.000000000000e-03
1.509049608940e+00 3.717176482101e+00 5.000000000000e-03
2.579074770242e+00 1.914107786458e+00 5.000000000000e-03
2.959854028720e+00 5.493685056261e+00 5.000000000000e-03
1.308679212045e+00 2.495705920627e+00 5.000000000000e-03
4.706032054494e+00 2.883602262259e+00 5.000000000000e-03
1.674413075453e+00 3.581110450513e+00 5.000000000000e-03
1.566159602584e+00 1.523618601475e+00 5.000000000000e-03
1.331956567221e+00 1.430285838582e+00 5.000000000000e-03
5.298415539847e+00 1.654151916729e+00 5.000000000000e-03
2.226707343293e+00 1.573150798546e+00 5.000000000000e-03
3.735394088067e+00 3.687537590550e+00 5.000000000000e-03
4.802535468410e+00 3.778870124035e+00 5.000000000000e-03
5.570443894456e+00 6.200062518500e+00 5.000000000000e-03
2.786675550244e+00 4.258200207754e+00 5.000000000000e-03
6.164683620118e+00 3.420549179900e+00 5.000000000000e-03
2.962858344427e+00 5.911484707516e+00 5.000000000000e-03
2.454704111582e+00 2.175630548316e+00 5.000000000000e-03
2.271786917566e+00 2.531356584994e+00 5.000000000000e-03
2.207056873588e+00 2.909991765561e+00 5.000000000000e-03
2.357007237689e+00 5.011244147664e+00 5.000000000000e-03
4.133835257694e+00 5.063857251151e+00 5.000000000000e-03
1.777880938327e+00 2.127573381533e+00 5.000000000000e-03
1.001288335618e+00 2.356242879155e+00 5.000000000000e-03
5.910683347783e+00 2.786398310466e+00 5.000000000000e-03
5.907886969672e+00 5.368867892818e+00 5.000000000000e-03
2.871926964365e+00 7.801693464158e-01 5.000000000000e-03
3.551531220620e+00 1.527436665468e+00 5.000000000000e-03
4.920531900223e-02 5.185917623964e+00 5.000000000000e-03
1.668685843712e+00 1.108635802174e+00 5.000000000000e-03
6.259788588855e+00 2.625903394696e+00 5.000000000000e-03
4.260946035936e+00 1.995636655802e+00 5.000000000000e-03
1.159173042744e+00 3.949496113135e+00 5.000000000000e-03
2.431253338267e+00 6.163360780749e+00 5.000000000000e-03
5.997374790266e+00 2.855329065642e-01 5.000000000000e-03
5.592836059510e+00 6.209120567961e+00 5.000000000000e-03
5.424387908393e+00 5.576438798067e+00 5.000000000000e-03
3.463230413436e+00 2.197699464072e+00 5.000000000000e-03
5.895669820205e+00 4.006079889053e+00 5.000000000000e-03
4.015562571883e+00 1.945809190099e-01 5.000000000000e-03
4.562233434035e+00 2.900486675376e+00 5.000000000000e-03
1.017623959693e+00 2.377534393464e+00 5.000000000000e-03
5.070910557538e+00 5.300315412503e+00 5.000000000000e-03
3.209519410303e-01 7.279923692287e-01 5.000000000000e-03
6.210719999689e+00 4.616486487524e-01 5.000000000000e-03
3.025006845893e+00 4.680308072982e-01 5.000000000000e-03
3.320332612889e+00 3.009087140866e+00 5.000000000000e-03
2.360859078005e+00 6.145183496484e-01 5.000000000000e-03
2.967724484981e+00 3.738670816190e+00 5.000000000000e-03
5.943104518035e+00 3.917513060028e+00 5.000000000000e-03
1.896360688705e+00 9.136156376396e-01 5.000000000000e-03
5.279375524668e+00 5.108574120870e+00 5.000000000000e-03
4.372641512075e+00 5.575762492758e+00 5.000000000000e-03
2.233110303092e+00 1.946822514796e+00 5.000000000000e-03
2.884337233094e+00 1.034934167476e+00 5.000000000000e-03
5.947563202768e+00 2.694636537614e+00 5.000000000000e-03
3.323892334703e+00 1.552109190321e-01 5.000000000000e-03
3.839269116624e+00 1.545629979549e+00 5.000000000000e-03
1.398969929385e+00 4.614789942584e+00 5.000000000000e-03
4.389577061643e+00 3.242878756116e+00 5.000000000000e-03
4.259923594043e+00 4.688688577025e+00 5.000000000000e-03
1.301047376728e+00 3.111221113975e+00 5.000000000000e-03
5.479465549845e+00 4.790693419923e+00 5.000000000000e-03
5.538892019827e+00 2.954333690883e-01 5.000000000000e-03
5.834304516743e+00 2.678332571348e+00 5.000000000000e-03
5.391350365572e+00 2.396226016176e+00 5.000000000000e-03
1.501107680592e-01 3.438727196559e+00 5.000000000000e-03
5.422020432151e+00 4.781252443972e-01 5.000000000000e-03
3.839766832959e+00 5.289932815729e-01 5.000000000000e-03
5.590149739940e+00 3.027102425305e+00 5.000000000000e-03
2.110777058863e+00 5.817860472600e+00 5.000000000000e-03
4.626123499629e+00 3.294157860279e+00 5.000000000000e-03
1.924966228296e+00 4.751415617590e+00 5.000000000000e-03
3.863037030446e+00 5.060018553847e+00 5.000000000000e-03
4.159183174158e+00 3.866400405236e-01 5.000000000000e-03
1.064656240924e+00 1.748347545849e-01 5.000000000000e-03
1.400730141059e+00 5.414100243315e+00 5.000000000000e-03
1.657391171166e+00 3.978653018361e-01 5.000000000000e-03
1.228261026043e+00 5.736403148579e+00 5.000000000000e-03
3.457175733002e+00 6.065294251259e+00 5.000000000000e-03
3.009457898724e+00 5.552997595421e+00 5.000000000000e-03
2.366583695841e+00 6.449690424776e-01 5.000000000000e-03
2.687855887325e+00 5.408179533003e+00 5.000000000000e-03
6.205729216184e+00 4.274337368101e+00 5.000000000000e-03
3.146998774014e+00 5.190008996959e+00 5.000000000000e-03
2.915493929740e+00 1.748024142651e-01 5.000000000000e-03
2.361253851533e+00 1.905866972211e+00 5.000000000000e-03
1.638187845794e+00 1.047787745610e+00 5.000000000000e-03
4.060057111133e+00 6.144159017489e+00 5.000000000000e-03
2.086129484976e+00 5.964501799153e+00 5.000000000000e-03
1.655466822475e+00 4.248113974991e+00 5.000000000000e-03
5.197396973037e+00 5.869678557517e+00 5.000000000000e-03
5.410241092010e+00 3.434225801080e+00 5.000000000000e-03
5.593083596130e+00 3.105491662528e+00 5.000000000000e-03
2.777413800930e+00 3.097694354510e+00 5.000000000000e-03
1.082392604689e+00 1.307144462620e+00 5.000000000000e-03
5.193756673659e+00 4.870065818290e+00 5.000000000000e-03
3.266173424999e+00 4.646614770746e+00 -5.000000000000e-03
4.888338233336e+00 3.371935328678e-02 -5.000000000000e-03
3.981801500763e+00 5.442129428384e+00 -5.000000000000e-03
2.292191799656e+00 3.526117063956e+00 -5.000000000000e-03
1.778443112043e+00 4.471638463656e+00 -5.000000000000e-03
4.142267263762e+00 8.613619931079e-01 -5.000000000000e-03
4.882363765065e+00 4.079322109696e+00 -5.000000000000e-03
4.364223116717e+00 9.499486846359e-01 -5.000000000000e-03
1.063646830766e+00 5.481061558973e+00 -5.000000000000e-03
4.523119361846e+00 2.171969106030e-01 -5.000000000000e-03
1.436731589319e+00 4.433942038654e+00 -5.000000000000e-03
3.909222703302e+00 1.237302727026e+00 -5.000000000000e-03
4.026075260160e+00 5.462298490395e+00 -5.000000000000e-03
3.486235742155e+00 4.763418976957e+00 -5.000000000000e-03
9.705999429492e-02 1.558157120570e+00 -5.000000000000e-03
3.228040791847e+00 4.439061347877e+00 -5.000000000000e-03
1.786314814990e-01 1.924254522073e+00 -5.000000000000e-03
4.589685298017e+00 5.700401574310e+00 -5.000000000000e-03
5.035272236608e+00 5.575417086740e+00 -5.000000000000e-03
4.730094689928e+00 4.623939646813e+00 -5.000000000000e-03
3.359851445125e+00 9.285367939564e-01 -5.000000000000e-03
4.570248129205e+00 9.704390728928e-01 -5.000000000000e-03
3.178028858278e+00 4.657541383940e+00 -5.000000000000e-03
6.229758575503e+00 8.361432378745e-01 -5.000000000000e-03
3.272553101780e+00 3.823446292668e+00 -5.000000000000e-03
1.610286583297e+00 2.165625968708e+00 -5.000000000000e-03
1.659677209387e+00 4.620021582713e+00 -5.000000000000e-03
2.808263876139e+00 2.804452207781e+00 -5.000000000000e-03
9.541742802826e-02 1.177936172963e+00 -5.000000000000e-03
1.214531615807e+00 4.131615072145e+00 -5.000000000000e-03
6.180981885073e+00 5.551994567224e+00 -5.000000000000e-03
3.389950522433e+00 4.488598620374e+00 -5.000000000000e-03
2.622653950632e-01 1.399708004154e+00 -5.000000000000e-03
2.347066268650e+00 1.743630409561e+00 -5.000000000000e-03
2.358968291463e+00 2.743016165107e+00 -5.000000000000e-03
2.741531658987e-01 1.568158464780e+00 -5.000000000000e-03
5.436108285140e+00 2.015073155747e+00 -5.000000000000e-03
5.445524539598e+00 1.859852105131e+00 -5.000000000000e-03
5.041126204541e+00 2.400652244593e+00 -5.000000000000e-03
4.792280700137e+00 4.908447224436e+00 -5.000000000000e-03
1.304891842284e+00 4.826953791845e+00 -5.000000000000e-03
1.773863628325e-01 1.753410266071e+00 -5.000000000000e-03
2.942093089324e+00 1.683227324642e+00 -5.000000000000e-03
1.308778732133e+00 1.894928711392e+00 -5.000000000000e-03
1.561663511177e+00 4.405941428503e+00 -5.000000000000e-03
3.991866393639e+00 3.261700478354e+00 -5.000000000000e-03
3.685934396257e+00 1.005419913985e+00 -5.000000000000e-03
5.595120859487e+00 7.265156768875e-01 -5.000000000000e-03
5.586946251579e+00 4.687117367484e+00 -5.000000000000e-03
5.463464624580e+00 2.840565653788e+00 -5.000000000000e-03
8.373914115997e-02 1.565664267221e+00 -5.000000000000e-03
5.836669307389e+00 5.018114711846e+00 -5.000000000000e-03
5.634738717074e+00 5.569272113309e+00 -5.000000000000e-03
8.761394777454e-01 2.818532246491e+00 -5.000000000000e-03
4.558393417798e+00 4.566306203347e+00 -5.000000000000e-03
4.376539723503e+00 3.986928995969e+00 -5.000000000000e-03
2.762772943963e-01 1.479295555252e+00 -5.000000000000e-03
4.329505989144e+00 4.197845175596e+00 -5.000000000000e-03
3.058365517810e+00 3.932922265743e+00 -5.000000000000e-03
5.845634905828e+00 3.175346453118e+00 -5.000000000000e-03
3.575125864660e-01 6.204397362887e+00 -5.000000000000e-03
4.186446158693e-01 1.725285033726e+00 -5.000000000000e-03
5.348893671991e+00 8.020339258919e-01 -5.000000000000e-03
3.170214743165e+00 4.205970367816e+00 -5.000000000000e-03
3.314561347032e+00 3.908799695207e+00 -5.000000000000e-03
3.668394988123e+00 6.523315422242e-01 -5.000000000000e-03
1.004306381924e+00 5.428923179462e+00 -5.000000000000e-03
4.845930841985e-01 5.523747799283e+00 -5.000000000000e-03
5.622971289626e-02 1.591464495674e+00 -5.000000000000e-03
4.616782284341e+00 4.072135390993e+00 -5.000000000000e-03
3.345041745385e+00 4.716453989840e+00 -5.000000000000e-03
4.524589984199e+00 4.376865074483e+00 -5.000000000000e-03
8.518958852426e-01 1.609653663801e+00 -5.000000000000e-03
1.538929021292e+00 5.019418862139e+00 -5.000000000000e-03
5.759577699886e+00 4.384279021484e+00 -5.000000000000e-03
3.451335696063e-01 2.454671075313e+00 -5.000000000000e-03
5.184511897815e+00 6.041415481063e+00 -5.000000000000e-03
3.083380890097e+00 4.760042049198e+00 -5.000000000000e-03
4.073409994437e+00 4.194708019640e+00 -5.000000000000e-03
4.228212335841e+00 4.251214707301e+00 -5.000000000000e-03
6.109039943906e+00 2.419318584134e+00 -5.000000000000e-03
4.971730405247e+00 3.417862326368e-01 -5.000000000000e-03
1.656348855459e+00 1.786796728064e-01 -5.000000000000e-03
4.274512858413e-01 5.770682138501e+00 -5.000000000000e-03
9.181378751743e-01 3.210645802211e+00 -5.000000000000e-03
4.434295927333e+00 4.183159810873e+00 -5.000000000000e-03
1.220611850371e-01 2.349898838635e+00 -5.000000000000e-03
6.369253348026e-01 2.177536129354e+00 -5.000000000000e-03
4.126037015605e+00 4.235960704786e+00 -5.000000000000e-03
4.663649032518e+00 4.166947894833e+00 -5.000000000000e-03
2.364285376059e+00 5.747750966565e+00 -5.000000000000e-03
5.451438163535e+00 5.986287578964e+00 -5.000000000000e-03
3.365974729800e+00 4.556994324766e+00 -5.000000000000e-03
3.206634890959e-01 1.714394842766e+00 -5.000000000000e-03
3.446452656113e+00 4.410172286910e+00 -5.000000000000e-03
4.683660788357e+00 2.326747969853e+00 -5.000000000000e-03
5.393939751740e+00 3.485015523411e-02 -5.000000000000e-03
1.733018680502e+00 4.412049625860e+00 -5.000000000000e-03
5.792754184728e+00 3.743541343060e+00 -5.000000000000e-03
8.277658532806e-01 1.033283846117e+00 -5.000000000000e-03
