3.738705639257e+00 4.301002077012e+00 5.000000000000e-03
1.682249123534e+00 5.192940501735e+00 5.000000000000e-03
4.239751650843e-01 2.269819675738e+00 5.000000000000e-03
3.473222054142e+00 6.624571784793e-01 5.000000000000e-03
3.239130630037e+00 1.347420150247e+00 5.000000000000e-03
2.815388329799e+00 3.569671278849e+00 5.000000000000e-03
5.984936056608e+00 3.012427453200e+00 5.000000000000e-03
1.305809594173e+00 6.170504250758e+00 5.000000000000e-03
3.036114828045e+00 2.078991895746e-01 5.000000000000e-03
5.948231830712e+00 1.046768344272e+00 5.000000000000e-03
1.500685591740e+00 2.593539970809e+00 5.000000000000e-03
2.579659082375e+00 6.911437512176e-01 5.000000000000e-03
2.298758807005e+00 9.885867452401e-01 5.000000000000e-03
2.430055854115e+00 3.303648485158e+00 5.000000000000e-03
4.303604188019e+00 9.533644935848e-01 5.000000000000e-03
4.698321938473e+00 3.343632806747e+00 5.000000000000e-03
3.369990721231e+00 3.345784621029e+00 5.000000000000e-03
1.454562547369e+00 4.557959219627e+00 5.000000000000e-03
1.332891990497e+00 1.632423494731e+00 5.000000000000e-03
2.992592976046e+00 5.463496822120e+00 5.000000000000e-03
2.825581541270e+00 1.995939337038e+00 5.000000000000e-03
9.054960986613e-01 5.223328110265e+00 5.000000000000e-03
3.877015418254e+00 5.045076337229e+00 5.000000000000e-03
1.622980421297e+00 4.380517498002e+00 5.000000000000e-03
1.208989535510e+00 6.166125601912e+00 5.000000000000e-03
2.932514383547e+00 2.300841244333e-01 5.000000000000e-03
2.526178492635e+00 4.678338098388e+00 5.000000000000e-03
1.576404250670e+00 4.610887414157e-01 5.000000000000e-03
4.635443720145e+00 3.443621452490e+00 5.000000000000e-03
1.574423048862e+00 1.890128250091e+00 5.000000000000e-03
6.846836751549e-01 7.812292909547e-01 5.000000000000e-03
1.833913429319e+00 3.539943538285e+00 5.000000000000e-03
2.061066242899e+00 9.676177968782e-02 5.000000000000e-03
4.724489503716e+00 1.642921256068e+00 5.000000000000e-03
2.823301421950e+00 8.498126611352e-01 5.000000000000e-03
2.314244756741e+00 5.677164064860e+00 5.000000000000e-03
2.477673404481e+00 8.777657876088e-01 5.000000000000e-03
3.146568991472e-01 1.460107664040e+00 5.000000000000e-03
1.056838452646e+00 6.210298873485e+00 5.000000000000e-03
2.182491137193e+00 3.130990126001e+00 5.000000000000e-03
3.038162138945e+00 1.388558972907e+00 5.000000000000e-03
2.721253440931e-01 2.191673561946e+00 5.000000000000e-03
2.510733768931e+00 6.817615044838e-01 5.000000000000e-03
1.572347348358e+00 3.285339266917e+00 5.000000000000e-03
2.825184634357e+00 1.976387809623e+00 5.000000000000e-03
1.867444553777e+00 5.073288032809e+00 5.000000000000e-03
3.509980594110e+00 6.448647202509e-01 5.000000000000e-03
1.383849209883e+00 2.300915291888e+00 5.000000000000e-03
1.023952377601e+00 2.391940564906e+00 5.000000000000e-03
8.593004969666e-01 4.157603294306e+00 5.000000000000e-03
3.309053898426e+00 1.648103466970e+00 5.000000000000e-03
1.677778989251e+00 5.989980103368e+00 5.000000000000e-03
4.599354502371e+00 2.834991909798e+00 5.000000000000e-03
2.354167050903e+00 1.523457107096e-01 5.000000000000e-03
1.474897483657e+00 2.494321538583e+00 5.000000000000e-03
5.017256741652e+00 1.999644608261e+00 5.000000000000e-03
2.729197457209e+00 1.263147841901e+00 5.000000000000e-03
1.447386774473e+00 2.186745747746e+00 5.000000000000e-03
2.982978348898e+00 3.460769583036e-01 5.000000000000e-03
2.520539581913e+00 1.999229637752e+00 5.000000000000e-03
6.659962880663e-01 4.003785305124e+00 5.000000000000e-03
1.321108613497e+00 1.050522511167e+00 5.000000000000e-03
1.815161769350e+00 4.403130543215e+00 5.000000000000e-03
3.320661007926e+00 3.990534217894e-01 5.000000000000e-03
2.876584392696e+00 1.050730516384e+00 5.000000000000e-03
4.029980450869e+00 4.050584675226e-01 5.000000000000e-03
2.873624677419e+00 4.564666977495e+00 5.000000000000e-03
2.763291785607e+00 2.490390097995e+00 5.000000000000e-03
2.758059474821e+00 1.360316883716e+00 5.000000000000e-03
2.252665924372e+00 4.409997489950e+00 5.000000000000e-03
2.149812539455e+00 3.125816731513e+00 5.000000000000e-03
6.246686531094e-01 1.048974045943e+00 5.000000000000e-03
2.451320207067e+00 8.504024165365e-01 5.000000000000e-03
5.233089589825e-03 2.357483526117e+00 5.000000000000e-03
5.488072963484e-01 3.504128481664e+00 5.000000000000e-03
1.215406184442e+00 2.200901907719e+00 5.000000000000e-03
3.068309450023e+00 3.139531026508e-01 5.000000000000e-03
2.847450826315e+00 9.075915761543e-01 5.000000000000e-03
6.191290929947e+00 2.594709804822e+00 5.000000000000e-03
2.309641589275e+00 9.089134673304e-01 5.000000000000e-03
2.347597867043e+00 1.432303222460e+00 5.000000000000e-03
3.015736191679e+00 1.075397670442e+00 5.000000000000e-03
4.366877371993e+00 3.113684866865e+00 5.000000000000e-03
3.665529180375e+00 1.828062183541e+00 5.000000000000e-03
3.453239247714e+00 4.942161126261e+00 5.000000000000e-03
5.475169968650e+00 4.827078556333e+00 5.000000000000e-03
3.560300715562e+00 2.433306460855e+00 5.000000000000e-03
5.908449475487e+00 6.065835991325e+00 5.000000000000e-03
3.995062407829e+00 5.803942304384e+00 5.000000000000e-03
1.707637625906e+00 4.958409869674e+00 5.000000000000e-03
4.203276310339e+00 5.345973402754e+00 5.000000000000e-03
1.770222630726e+00 3.297328753491e+00 5.000000000000e-03
1.748494972992e+00 5.530260433385e+00 5.000000000000e-03
1.830645220274e+00 6.262716865755e+00 5.000000000000e-03
2.030473175255e+00 3.729399368633e-01 5.000000000000e-03
2.815848346017e+00 3.828967342168e+00 5.000000000000e-03
2.905366511835e+00 4.047183991317e+00 5.000000000000e-03
3.163535922318e+00 4.870255261839e+00 5.000000000000e-03
1.621477856883e+00 5.725977824619e+00 5.000000000000e-03
4.125722031626e+00 6.059374388189e+00 5.000000000000e-03
1.036780774720e+00 2.994783383339e+00 -5.000000000000e-03
2.727688564038e+00 2.143146375279e+00 -5.000000000000e-03
5.558257823194e+00 2.705483844238e+00 -5.000000000000e-03
5.627379626959e+00 4.260614993925e+00 -5.000000000000e-03
5.887202458358e+00 2.882134304096e+00 -5.000000000000e-03
7.116926951101e-01 2.675487281207e+00 -5.000000000000e-03
4.525373863318e+00 5.010989948544e+00 -5.000000000000e-03
6.158251610953e+00 4.221956536718e+00 -5.000000000000e-03
1.172838310627e+00 5.669923054902e+00 -5.000000000000e-03
1.106941188810e-01 5.634999023151e+00 -5.000000000000e-03
5.926992471716e+00 3.715495042682e+00 -5.000000000000e-03
4.275361113172e+00 3.077175077144e-01 -5.000000000000e-03
4.097338625644e+00 3.745652405813e+00 -5.000000000000e-03
4.914031384374e+00 9.579233940079e-01 -5.000000000000e-03
3.298929778193e-01 1.173945465365e+00 -5.000000000000e-03
5.601765644465e+00 3.574644847718e-01 -5.000000000000e-03
5.899581123426e+00 4.805216509378e+00 -5.000000000000e-03
5.939780929385e+00 3.426545609174e+00 -5.000000000000e-03
3.043033798018e+00 5.025779366002e+00 -5.000000000000e-03
6.156812846985e+00 6.267902683258e+00 -5.000000000000e-03
4.859982143557e+00 2.133390696307e+00 -5.000000000000e-03
3.333411199369e+00 4.196608835973e+00 -5.000000000000e-03
2.364326464365e+00 5.218802861584e+00 -5.000000000000e-03
4.541470957473e+00 5.118986053449e+00 -5.000000000000e-03
5.687234991876e+00 3.838828120449e+00 -5.000000000000e-03
2.141139592979e+00 1.285256849180e+00 -5.000000000000e-03
5.230400116091e+00 2.717802397374e+00 -5.000000000000e-03
4.858048346557e+00 1.740340816206e+00 -5.000000000000e-03
3.343613002981e+00 5.532636686698e+00 -5.000000000000e-03
1.427529969920e-01 5.334080975630e+00 -5.000000000000e-03
4.536302271488e+00 9.251564550176e-01 -5.000000000000e-03
4.907661210428e+00 7.113377622737e-01 -5.000000000000e-03
2.931655429778e+00 5.977965279318e+00 -5.000000000000e-03
1.544120806125e-01 5.454543425287e+00 -5.000000000000e-03
3.634953368558e-02 6.111649405492e+00 -5.000000000000e-03
2.724848364909e+00 5.896487989374e+00 -5.000000000000e-03
6.196820349034e+00 6.042579009644e+00 -5.000000000000e-03
1.942893793023e+00 4.659153535743e+00 -5.000000000000e-03
6.251181315977e+00 5.871307665726e+00 -5.000000000000e-03
5.936998578517e+00 2.551503886456e+00 -5.000000000000e-03
5.788577483580e+00 3.279283272736e+00 -5.000000000000e-03
1.356328849771e+00 5.122347801984e+00 -5.000000000000e-03
5.664334303148e-02 2.751749704903e+00 -5.000000000000e-03
5.176053251755e+00 5.280368396858e+00 -5.000000000000e-03
8.441394441733e-01 3.602072713652e+00 -5.000000000000e-03
1.238990520541e+00 3.908151223164e+00 -5.000000000000e-03
5.407573819239e+00 2.378497215133e-01 -5.000000000000e-03
5.409909151387e+00 4.017922884393e-01 -5.000000000000e-03
1.637700220725e+00 3.816836263707e+00 -5.000000000000e-03
4.822963333046e+00 2.488648898805e+00 -5.000000000000e-03
5.952359720220e+00 4.300106059905e+00 -5.000000000000e-03
5.141254982704e+00 1.515126169393e+00 -5.000000000000e-03
5.222266356339e+00 3.012657337760e+00 -5.000000000000e-03
3.162909369667e-01 5.155487363546e-01 -5.000000000000e-03
5.129953605480e+00 3.814050678745e+00 -5.000000000000e-03
2.843990846230e+00 5.908223878003e+00 -5.000000000000e-03
4.561500807751e+00 2.246940914093e+00 -5.000000000000e-03
1.589771699930e+00 4.014011837720e+00 -5.000000000000e-03
5.496251492415e+00 3.266374924411e+00 -5.000000000000e-03
5.608732553462e+00 3.558733228196e+00 -5.000000000000e-03
2.146600000528e-01 2.955873389362e+00 -5.000000000000e-03
4.242479503254e+00 4.272436790695e+00 -5.000000000000e-03
4.830811691448e+00 6.495928206739e-01 -5.000000000000e-03
5.255314651708e+00 4.735493062665e+00 -5.000000000000e-03
5.324616862901e+00 1.948068353761e+00 -5.000000000000e-03
4.878992499287e-01 1.718943544249e+00 -5.000000000000e-03
6.162667744146e+00 3.532664184205e+00 -5.000000000000e-03
3.542718682950e+00 1.448884472423e+00 -5.000000000000e-03
4.578772149165e+00 5.142130854005e+00 -5.000000000000e-03
5.499638191935e+00 4.171819467681e+00 -5.000000000000e-03
4.878015258419e+00 3.697635721176e-01 -5.000000000000e-03
7.599795821683e-01 2.192626229547e-02 -5.000000000000e-03
5.600813617208e+00 4.354215830899e+00 -5.000000000000e-03
8.949551437485e-01 1.200076009684e+00 -5.000000000000e-03
6.259622520801e+00 2.077485704752e+00 -5.000000000000e-03
1.017511055227e-01 4.628420619052e+00 -5.000000000000e-03
5.871736027268e+00 3.977457914865e+00 -5.000000000000e-03
8.830906700828e-01 6.852820089397e-01 -5.000000000000e-03
5.223364901381e+00 5.171793025529e+00 -5.000000000000e-03
6.108438622700e+00 6.089298440575e+00 -5.000000000000e-03
3.949025806314e-01 2.537326555051e+00 -5.000000000000e-03
4.341911356133e+00 1.428268794788e-01 -5.000000000000e-03
4.394605148245e+00 3.382156333537e+00 -5.000000000000e-03
5.577639779503e+00 2.672984515097e+00 -5.000000000000e-03
8.108074190253e-01 6.063314153355e+00 -5.000000000000e-03
2.751155308919e+00 4.012585259039e+00 -5.000000000000e-03
1.190750955340e-01 5.782012375484e+00 -5.000000000000e-03
1.086213868178e-01 5.690513189885e+00 -5.000000000000e-03
2.115762882630e-01 4.892345733089e+00 -5.000000000000e-03
5.854110111366e+00 3.746194901746e+00 -5.000000000000e-03
5.460390889751e+00 3.743276794250e+00 -5.000000000000e-03
4.944103792933e+00 5.856946514631e-01 -5.000000000000e-03
4.727312216493e+00 8.551946242828e-01 -5.000000000000e-03
5.613708190873e+00 5.668898005509e+00 -5.000000000000e-03
5.091259982457e+00 1.591871274134e+00 -5.000000000000e-03
2.369657028233e-01 4.924806079498e+00 -5.000000000000e-03
2.078559085322e+00 4.850983961423e+00 -5.000000000000e-03
9.671604189191e-01 3.161686806354e+00 -5.000000000000e-03
3.670677065280e+00 3.164538979440e+00 -5.000000000000e-03
5.003778165751e+00 5.650561174885e+00 -5.000000000000e-03
