1.996094711754e+00 2.831482367378e+00 5.000000000000e-03
4.406696911193e+00 3.175553757541e-01 5.000000000000e-03
2.994293910244e+00 4.175507428176e+00 5.000000000000e-03
2.734158799798e+00 4.831042842500e-01 5.000000000000e-03
4.378170150034e+00 6.119419343202e+00 5.000000000000e-03
2.537171881183e+00 5.931275248822e+00 5.000000000000e-03
3.853425272914e+00 6.570673183478e-02 5.000000000000e-03
5.449887688212e+00 3.839222294689e-02 5.000000000000e-03
5.774193504091e+00 4.438479623730e+00 5.000000000000e-03
3.969427716784e+00 2.224470573909e+00 5.000000000000e-03
5.160291841477e+00 7.931656738994e-01 5.000000000000e-03
6.228833079814e+00 2.236845613263e+00 5.000000000000e-03
1.268799035404e+00 3.632518659949e+00 5.000000000000e-03
1.060479139176e+00 5.852250738190e+00 5.000000000000e-03
7.551491439763e-01 6.261346008334e+00 5.000000000000e-03
2.085415199105e+00 5.200931375727e+00 5.000000000000e-03
1.349117022322e+00 1.857190441040e+00 5.000000000000e-03
2.470672315096e-03 6.876536898322e-01 5.000000000000e-03
1.373670612929e+00 5.539768207927e+00 5.000000000000e-03
4.512149889094e+00 1.805449408554e+00 5.000000000000e-03
9.888898243157e-01 5.636085850120e+00 5.000000000000e-03
4.669762388493e+00 3.416344042550e+00 5.000000000000e-03
4.697788338281e+00 3.324336352784e+00 5.000000000000e-03
1.336330090989e+00 1.724738364752e+00 5.000000000000e-03
4.298284962750e+00 4.202387898468e+00 5.000000000000e-03
4.394277853990e+00 5.890118350919e+00 5.000000000000e-03
5.004944752079e-01 3.028305750333e+00 5.000000000000e-03
3.742849491150e+00 8.984990706704e-02 5.000000000000e-03
4.381227149698e+00 5.371324430387e+00 5.000000000000e-03
5.988335688443e+00 3.781741766724e+00 5.000000000000e-03
3.303409740209e+00 4.639260094984e+00 5.000000000000e-03
3.559253168635e+00 1.899832672960e-01 5.000000000000e-03
1.045853620926e+00 8.009544700578e-01 5.000000000000e-03
4.300476604637e+00 3.085779625604e+00 5.000000000000e-03
1.570422138243e+00 3.386365359704e+00 5.000000000000e-03
1.462838948941e+00 5.572642242818e+00 5.000000000000e-03
2.632378092702e+00 1.659689075284e+00 5.000000000000e-03
2.043169638126e+00 2.652374457867e+00 5.000000000000e-03
1.366946429848e+00 1.840939088351e+00 5.000000000000e-03
2.001319360149e+00 5.080012846547e+00 5.000000000000e-03
4.201184818039e+00 4.847926358015e+00 5.000000000000e-03
2.379561462814e-02 2.246234645583e+00 5.000000000000e-03
1.243566080468e+00 4.144040172998e+00 5.000000000000e-03
1.111621887762e+00 3.069502573778e+00 5.000000000000e-03
2.627279178327e+00 1.457647215531e+00 5.000000000000e-03
4.502637440703e+00 4.373113261899e+00 5.000000000000e-03
2.796927260368e-01 9.531270432821e-01 5.000000000000e-03
3.319625132478e+00 8.900041709575e-01 5.000000000000e-03
5.485969788196e+00 1.345928249210e+00 5.000000000000e-03
3.991013237441e+00 4.676765110849e+00 5.000000000000e-03
3.921821684310e+00 1.154496219408e+00 5.000000000000e-03
6.089338614617e+00 1.013356464179e+00 5.000000000000e-03
6.107489464712e+00 2.163574860205e+00 5.000000000000e-03
1.029436002133e+00 9.506990959289e-01 5.000000000000e-03
3.951812198714e+00 3.678270676301e+00 5.000000000000e-03
5.050118325188e+00 3.288407032992e+00 5.000000000000e-03
2.652355049681e-01 1.045602431701e-01 5.000000000000e-03
9.823636275209e-01 5.972294500309e+00 5.000000000000e-03
3.538513826492e+00 2.809979193575e-01 5.000000000000e-03
2.979265902107e+00 5.578844845042e+00 5.000000000000e-03
2.365648361688e+00 4.226957809864e+00 5.000000000000e-03
5.286086218959e+00 6.412630147117e-01 5.000000000000e-03
2.190325506947e+00 3.711008774549e+00 5.000000000000e-03
2.517026799895e+00 2.250432851076e+00 5.000000000000e-03
1.271994108378e+00 4.261855156109e+00 5.000000000000e-03
5.923961173086e+00 4.152533426700e+00 5.000000000000e-03
5.565373316808e+00 2.045058694204e+00 5.000000000000e-03
3.790760595845e+00 6.212079438983e+00 5.000000000000e-03
1.900153035237e-01 3.063322168585e+00 5.000000000000e-03
5.320743963996e+00 2.662584750879e+00 5.000000000000e-03
4.991263770584e+00 2.475956458882e+00 5.000000000000e-03
2.435788918556e+00 4.638998175017e-01 5.000000000000e-03
1.487412273158e+00 5.457981475584e-02 5.000000000000e-03
5.395983091897e+00 2.689815255126e+00 5.000000000000e-03
1.728816522664e+00 3.162640714500e+00 5.000000000000e-03
4.095243383859e+00 2.854979875528e+00 5.000000000000e-03
2.739349285440e+00 3.660844815543e+00 5.000000000000e-03
4.793884888312e+00 1.552580270722e+00 5.000000000000e-03
4.718050413371e-01 3.857941613708e-02 5.000000000000e-03
4.750323485992e+00 4.033407774745e+00 5.000000000000e-03
5.794079012717e+00 2.685233394098e+00 5.000000000000e-03
3.878828953386e+00 6.912250358087e-01 5.000000000000e-03
1.500255188423e+00 4.077297916721e+00 5.000000000000e-03
3.413142465861e+00 1.675769183386e-01 5.000000000000e-03
3.938192551757e+00 1.181021296436e+00 5.000000000000e-03
1.886101785441e+00 2.720954700601e+00 5.000000000000e-03
4.325628539848e+00 1.617178777764e+00 5.000000000000e-03
2.290548602786e+00 1.780400155760e+00 5.000000000000e-03
4.106061961461e+00 5.815477607428e+00 5.000000000000e-03
4.823979297147e+00 1.579069778254e+00 5.000000000000e-03
9.745807700595e-01 7.763558544841e-01 5.000000000000e-03
2.773974130040e+00 4.246690445833e+00 5.000000000000e-03
5.866443988436e+00 1.852090900918e+00 5.000000000000e-03
8.871530894574e-02 5.967803751354e+00 5.000000000000e-03
5.835641920823e+00 4.067193194228e+00 5.000000000000e-03
8.178333583745e-02 4.362556167229e+00 5.000000000000e-03
1.461993567883e+00 6.259472694378e+00 5.000000000000e-03
8.905092101299e-01 5.132380994017e+00 5.000000000000e-03
1.272019558714e+00 5.347707298418e+00 5.000000000000e-03
3.016677807268e+00 1.825331876250e+00 5.000000000000e-03
5.367312251038e+00 3.711298801916e+00 -5.000000000000e-03
2.279278390836e+00 2.775030458150e+00 -5.000000000000e-03
5.778669691335e+00 5.956381370077e+00 -5.000000000000e-03
5.356230649145e+00 1.644520052074e-01 -5.000000000000e-03
2.173174366567e+00 2.999264994995e+00 -5.000000000000e-03
3.791541574435e+00 4.251858263216e+00 -5.000000000000e-03
5.850938050011e+00 5.487191688242e+00 -5.000000000000e-03
5.751493121279e+00 6.013492606322e+00 -5.000000000000e-03
4.151778734495e+00 8.164323159692e-01 -5.000000000000e-03
4.027349627239e+00 4.372236942558e+00 -5.000000000000e-03
2.504591917067e-01 4.895240022593e+00 -5.000000000000e-03
2.342692470034e+00 3.202572903581e+00 -5.000000000000e-03
5.721784086884e+00 6.002788374206e+00 -5.000000000000e-03
5.574895028080e+00 5.008215180380e+00 -5.000000000000e-03
1.360388406171e+00 5.100053118885e+00 -5.000000000000e-03
3.341327221275e-01 5.951887004716e+00 -5.000000000000e-03
1.567546120320e+00 5.062649353187e+00 -5.000000000000e-03
6.053937144898e+00 1.612267510246e+00 -5.000000000000e-03
5.911252363226e+00 5.132706356896e+00 -5.000000000000e-03
5.947359924182e+00 5.687719690482e+00 -5.000000000000e-03
5.002340188133e+00 1.743558669484e+00 -5.000000000000e-03
3.001217322763e+00 2.853938989645e+00 -5.000000000000e-03
5.441042279160e+00 5.053611830371e+00 -5.000000000000e-03
8.902411263314e-02 5.344648963306e+00 -5.000000000000e-03
5.995447325442e+00 9.156591609674e-01 -5.000000000000e-03
4.410569652990e+00 4.791438376592e+00 -5.000000000000e-03
5.886205786183e+00 5.004988593460e+00 -5.000000000000e-03
2.744822066592e+00 3.207113921102e+00 -5.000000000000e-03
1.350479923316e+00 4.953041765624e+00 -5.000000000000e-03
3.415246077930e+00 2.161441312236e+00 -5.000000000000e-03
2.668702664610e-02 2.877893237802e+00 -5.000000000000e-03
2.111658308975e+00 1.351566923279e+00 -5.000000000000e-03
1.005181554700e+00 4.721919437520e+00 -5.000000000000e-03
2.351653690032e+00 8.350607220412e-01 -5.000000000000e-03
2.092199232362e+00 1.852227117743e+00 -5.000000000000e-03
5.110740035402e+00 4.170350599762e+00 -5.000000000000e-03
3.844471374394e+00 3.872101917207e+00 -5.000000000000e-03
2.235681484866e+00 6.029568810828e+00 -5.000000000000e-03
1.324847324070e+00 4.923070494530e+00 -5.000000000000e-03
2.482293910457e+00 2.591164190694e+00 -5.000000000000e-03
4.340652935174e+00 4.403265905182e+00 -5.000000000000e-03
1.349076295617e+00 5.986913050623e+00 -5.000000000000e-03
2.151219656410e+00 4.800494445980e+00 -5.000000000000e-03
3.614772624629e+00 2.592024001323e+00 -5.000000000000e-03
4.995958027845e+00 4.786385943843e+00 -5.000000000000e-03
4.773147030978e+00 5.426588635064e+00 -5.000000000000e-03
3.561737873627e+00 4.713762595125e+00 -5.000000000000e-03
3.079036146701e+00 7.560161720480e-01 -5.000000000000e-03
4.101701900237e-01 6.424287258268e-01 -5.000000000000e-03
5.188951264892e+00 5.011284821932e+00 -5.000000000000e-03
5.772735191803e+00 4.858107184614e+00 -5.000000000000e-03
3.019357439625e+00 5.921692452858e+00 -5.000000000000e-03
5.065844397492e-01 1.898421883271e+00 -5.000000000000e-03
2.281146613081e+00 4.924242692467e+00 -5.000000000000e-03
3.851071227772e+00 5.457067817977e+00 -5.000000000000e-03
5.951105108023e+00 4.959631066010e+00 -5.000000000000e-03
1.438309640886e+00 4.932668140498e+00 -5.000000000000e-03
5.612564952231e+00 8.324967109091e-01 -5.000000000000e-03
1.871633144341e+00 6.188635892422e+00 -5.000000000000e-03
4.024356684220e-01 2.751799666835e+00 -5.000000000000e-03
5.781351491010e+00 4.629874088525e-01 -5.000000000000e-03
6.030846267428e+00 5.878611014487e+00 -5.000000000000e-03
3.555668377693e+00 3.164992876672e+00 -5.000000000000e-03
6.174931966267e+00 5.412632286798e+00 -5.000000000000e-03
2.123007635756e+00 1.279627511973e+00 -5.000000000000e-03
3.069195123262e+00 1.006869902777e+00 -5.000000000000e-03
4.231605507511e+00 7.892888821378e-01 -5.000000000000e-03
5.764602843676e+00 2.378931457274e-01 -5.000000000000e-03
1.111172683212e+00 5.090941857255e+00 -5.000000000000e-03
5.411448655831e+00 3.990984572801e+00 -5.000000000000e-03
3.830598545256e-01 5.077665282799e+00 -5.000000000000e-03
4.928623469238e+00 3.894362594489e+00 -5.000000000000e-03
1.405143801488e+00 4.838480800621e+00 -5.000000000000e-03
4.454876021523e+00 3.108854451664e+00 -5.000000000000e-03
5.263820672891e-02 1.730296645820e+00 -5.000000000000e-03
2.415569150214e+00 2.875169737521e+00 -5.000000000000e-03
5.469870972630e+00 4.843034471140e+00 -5.000000000000e-03
5.400084696310e+00 3.759722482773e+00 -5.000000000000e-03
5.169596578191e+00 1.146149348894e+00 -5.000000000000e-03
5.962401683070e+00 5.143586547415e+00 -5.000000000000e-03
5.307588769779e+00 9.798304159591e-01 -5.000000000000e-03
2.177566236563e+00 2.626191721074e+00 -5.000000000000e-03
3.471151397343e-01 3.698087981832e+00 -5.000000000000e-03
1.725589159517e+00 7.950494562115e-01 -5.000000000000e-03
5.475466685928e+00 5.067728927499e+00 -5.000000000000e-03
5.016144679395e+00 4.557178166889e+00 -5.000000000000e-03
1.453122187411e+00 6.733477664043e-01 -5.000000000000e-03
9.541219845921e-01 3.266554362544e+00 -5.000000000000e-03
9.049628629097e-01 5.445452960604e+00 -5.000000000000e-03
5.874884901769e+00 5.413925631295e+00 -5.000000000000e-03
3.318690209441e+00 3.159612488025e+00 -5.000000000000e-03
1.971903207477e+00 5.893460499766e+00 -5.000000000000e-03
5.752349248195e+00 4.913549090005e+00 -5.000000000000e-03
1.473732022974e+00 5.111775026669e+00 -5.000000000000e-03
6.101582338830e+00 5.581222271759e+00 -5.000000000000e-03
1.727950109724e-01 1.704574198135e+00 -5.000000000000e-03
2.077340134596e+00 5.748279858579e+00 -5.000000000000e-03
5.226545490021e+00 3.571048213658e+00 -5.000000000000e-03
1.846071806740e+00 6.240095163679e+00 -5.000000000000e-03
4.745222536210e-01 2.415162352200e+00 -5.000000000000e-03
