1.027253848838e+00 4.380339283263e+00 5.000000000000e-03
5.682847828232e-01 4.703733277997e+00 5.000000000000e-03
8.423214790427e-01 4.743576032853e+00 5.000000000000e-03
3.828788816038e+00 3.811578175820e+00 5.000000000000e-03
5.314231217099e+00 4.298225146131e+00 5.000000000000e-03
4.703494852282e+00 8.232868395825e-01 5.000000000000e-03
2.049067344569e+00 1.053850854755e+00 5.000000000000e-03
2.073988476197e+00 4.446638113608e+00 5.000000000000e-03
2.063540974568e+00 4.643892646484e+00 5.000000000000e-03
5.097703560207e+00 8.709640980144e-01 5.000000000000e-03
1.280506668794e+00 4.438562687894e+00 5.000000000000e-03
5.529235330983e+00 4.041085456937e+00 5.000000000000e-03
7.868747191448e-01 4.920316724801e+00 5.000000000000e-03
4.145578945577e+00 2.560989687322e+00 5.000000000000e-03
1.502296055298e+00 5.749204250988e+00 5.000000000000e-03
1.760333581606e+00 5.194372945821e+00 5.000000000000e-03
1.493814614243e+00 2.768716498876e+00 5.000000000000e-03
6.231833353074e+00 3.920056496215e+00 5.000000000000e-03
3.098654601072e+00 3.843305713683e+00 5.000000000000e-03
4.748153566522e+00 3.941157796349e+00 5.000000000000e-03
4.085280571165e+00 2.098676859301e+00 5.000000000000e-03
6.196081482875e+00 4.053491665709e+00 5.000000000000e-03
6.084408602948e+00 1.178858838091e-01 5.000000000000e-03
3.472784386470e+00 5.034639965058e+00 5.000000000000e-03
2.061259397932e+00 4.522230491807e+00 5.000000000000e-03
1.269665448093e+00 3.228640204795e+00 5.000000000000e-03
5.523876696987e+00 4.389233519982e+00 5.000000000000e-03
1.857155305334e+00 5.763629285342e+00 5.000000000000e-03
6.273504574651e+00 5.000274382773e+00 5.000000000000e-03
4.949576557646e+00 3.009055477456e+00 5.000000000000e-03
5.080897271794e+00 7.835033565016e-01 5.000000000000e-03
1.827859558739e+00 5.628275717203e+00 5.000000000000e-03
3.409061363617e-01 4.210995713428e+00 5.000000000000e-03
2.948361801585e-01 3.121058693881e+00 5.000000000000e-03
5.076096229472e+00 2.853034575661e+00 5.000000000000e-03
4.391937444339e+00 2.936869929067e+00 5.000000000000e-03
2.016572059098e+00 4.324235671801e+00 5.000000000000e-03
1.296536268154e+00 2.127847553960e+00 5.000000000000e-03
1.321250309645e+00 3.793904168353e+00 5.000000000000e-03
4.393114292747e-01 4.272215464215e+00 5.000000000000e-03
6.047782232796e+00 6.182563500953e+00 5.000000000000e-03
6.057398716564e+00 3.824105299004e+00 5.000000000000e-03
6.184392768204e+00 5.895100550378e+00 5.000000000000e-03
5.601132982980e+00 3.966616367173e+00 5.000000000000e-03
5.841570658272e-01 5.078388994552e+00 5.000000000000e-03
5.967862440371e+00 5.920324988429e+00 5.000000000000e-03
3.854751390529e+00 5.650082210388e+00 5.000000000000e-03
1.336294630422e+00 5.871060908127e+00 5.000000000000e-03
5.377726169689e-01 5.743251407224e+00 5.000000000000e-03
5.019056413035e+00 3.032896315550e+00 5.000000000000e-03
3.471322179485e+00 3.531415481792e+00 5.000000000000e-03
5.904149648295e+00 4.027801355450e+00 5.000000000000e-03
7.718289270560e-01 6.206658070634e+00 5.000000000000e-03
2.982737780258e+00 5.913273074935e+00 5.000000000000e-03
9.757517688481e-01 3.983036150919e+00 5.000000000000e-03
1.609396612846e+00 5.741980151029e+00 5.000000000000e-03
1.403411826637e-01 4.285710179211e+00 5.000000000000e-03
1.283395154002e+00 1.718155025258e+00 5.000000000000e-03
1.885035994513e+00 2.731277376166e-01 5.000000000000e-03
2.579413489200e+00 4.263344976506e+00 5.000000000000e-03
5.286221121954e+00 4.610292420367e+00 5.000000000000e-03
1.134887627531e+00 3.859037401921e+00 5.000000000000e-03
2.315822961150e+00 4.900872012525e+00 5.000000000000e-03
1.735635228172e+00 5.586205285974e+00 5.000000000000e-03
6.191356682709e+00 1.522603683253e+00 5.000000000000e-03
5.923403480299e+00 3.933099355248e+00 5.000000000000e-03
4.650655665476e+00 4.817976587190e+00 5.000000000000e-03
5.944487523318e+00 4.211050325104e+00 5.000000000000e-03
2.486092957671e+00 4.654315330576e+00 5.000000000000e-03
7.420626124514e-01 5.275113744551e+00 5.000000000000e-03
5.726296046706e+00 4.377626434063e+00 5.000000000000e-03
6.100466902637e+00 4.684154883182e+00 5.000000000000e-03
3.094020026287e+00 5.051134083489e+00 5.000000000000e-03
4.897317272738e-01 4.349967012311e+00 5.000000000000e-03
2.611105971580e+00 3.729745252681e+00 5.000000000000e-03
3.873482221123e+00 3.644231584294e+00 5.000000000000e-03
3.996901209526e+00 5.659673589037e+00 5.000000000000e-03
1.681140674086e-01 5.328007579513e+00 5.000000000000e-03
1.560163314342e+00 5.736332452454e+00 5.000000000000e-03
5.180870029854e+00 5.565970218255e+00 5.000000000000e-03
3.742362037841e-01 4.381351216548e+00 5.000000000000e-03
5.845413545591e+00 2.502344716949e+00 5.000000000000e-03
7.528016835224e-01 6.116616848226e+00 5.000000000000e-03
4.475958154879e+00 4.726295817562e+00 5.000000000000e-03
2.526912001831e+00 5.486525764170e+00 5.000000000000e-03
6.238533654373e+00 3.941812180745e+00 5.000000000000e-03
4.584946481581e+00 2.034639133105e-01 5.000000000000e-03
2.730054732888e+00 5.277188816499e+00 5.000000000000e-03
2.670331627012e+00 3.835296865630e+00 5.000000000000e-03
1.491701370786e+00 3.820401378086e+00 5.000000000000e-03
4.888307958017e-01 3.701578148995e+00 5.000000000000e-03
3.628784426057e+00 5.196453692675e+00 5.000000000000e-03
1.737121726897e+00 4.836914283603e+00 5.000000000000e-03
5.493285969079e+00 4.337413102580e+00 5.000000000000e-03
6.535718229907e-01 4.652122791049e+00 5.000000000000e-03
1.230439022022e+00 1.438715894251e+00 5.000000000000e-03
1.814630781111e+00 4.842798560047e+00 5.000000000000e-03
3.655996020501e-01 4.676835472506e+00 5.000000000000e-03
6.030557796076e+00 5.897711161440e+00 5.000000000000e-03
3.885918627662e+00 3.061318916748e+00 5.000000000000e-03
5.062546718124e+00 6.472173473001e-01 -5.000000000000e-03
3.823014188804e+00 5.594726572887e-01 -5.000000000000e-03
6.090536261660e+00 2.975943865157e+00 -5.000000000000e-03
5.630748372107e+00 3.124547896556e+00 -5.000000000000e-03
5.162007585643e+00 6.013370236630e+00 -5.000000000000e-03
1.380094268922e+00 3.922676578592e-01 -5.000000000000e-03
5.385215332462e+00 1.830830310458e+00 -5.000000000000e-03
1.317665195451e+00 1.877942692911e+00 -5.000000000000e-03
3.148413564483e+00 1.992103913965e+00 -5.000000000000e-03
8.201581169021e-01 2.494201564990e+00 -5.000000000000e-03
2.855699917645e+00 1.754404935581e+00 -5.000000000000e-03
3.947693726936e+00 4.009215445607e+00 -5.000000000000e-03
4.627678282891e+00 3.783972348417e+00 -5.000000000000e-03
2.259509848627e+00 1.393907699540e+00 -5.000000000000e-03
3.002787269760e+00 6.255804638812e+00 -5.000000000000e-03
5.114447213325e+00 4.800567148560e-01 -5.000000000000e-03
2.411102513488e+00 2.485857159360e+00 -5.000000000000e-03
3.626699079464e+00 4.852947981428e+00 -5.000000000000e-03
6.922063596966e-01 1.553184045777e+00 -5.000000000000e-03
3.963622874418e+00 4.393381558832e+00 -5.000000000000e-03
3.911655110298e+00 6.119108272811e+00 -5.000000000000e-03
4.914979277976e+00 5.440862595184e+00 -5.000000000000e-03
6.229841206026e+00 6.173595843411e+00 -5.000000000000e-03
3.488532074267e-01 1.867163375672e+00 -5.000000000000e-03
1.655308776033e+00 4.900872041615e-01 -5.000000000000e-03
4.033110160870e+00 5.843494609499e+00 -5.000000000000e-03
2.422468554889e+00 3.747900243726e+00 -5.000000000000e-03
8.683755373170e-01 1.303618119230e+00 -5.000000000000e-03
4.479083852263e+00 1.846711956041e+00 -5.000000000000e-03
3.137550457007e+00 1.479268514427e+00 -5.000000000000e-03
4.500248678567e+00 1.090175070882e+00 -5.000000000000e-03
3.364709429493e+00 9.657949189566e-01 -5.000000000000e-03
4.341039633624e+00 4.002514929126e+00 -5.000000000000e-03
2.802277203210e+00 3.195017367802e+00 -5.000000000000e-03
3.732158363691e+00 1.167631250338e+00 -5.000000000000e-03
3.229454179966e+00 2.492500268332e+00 -5.000000000000e-03
1.011340888294e+00 5.177377003072e+00 -5.000000000000e-03
4.577890881615e+00 2.275430817172e+00 -5.000000000000e-03
2.035168846034e-01 2.611227130073e+00 -5.000000000000e-03
5.945376817365e+00 1.516044737194e+00 -5.000000000000e-03
8.544088542280e-01 4.099968163767e+00 -5.000000000000e-03
5.075049624149e+00 3.666018198795e-01 -5.000000000000e-03
4.121343624283e+00 8.738833474561e-01 -5.000000000000e-03
9.308740514455e-01 2.961516895235e+00 -5.000000000000e-03
6.129655105305e+00 2.422314612458e+00 -5.000000000000e-03
2.380103286490e+00 9.986663964876e-01 -5.000000000000e-03
2.982245464017e+00 1.481907886301e+00 -5.000000000000e-03
2.875228981364e+00 4.235289959185e+00 -5.000000000000e-03
5.647036892336e+00 5.160234240719e-01 -5.000000000000e-03
4.443349210917e+00 3.885132016855e+00 -5.000000000000e-03
5.154238606319e+00 6.148055039381e+00 -5.000000000000e-03
1.195787688886e+00 3.363205220483e+00 -5.000000000000e-03
2.134288719285e+00 1.889351149597e+00 -5.000000000000e-03
3.791383775857e+00 1.463433155941e+00 -5.000000000000e-03
5.323329585563e+00 5.096340445413e+00 -5.000000000000e-03
4.727755339939e+00 2.812690831926e+00 -5.000000000000e-03
2.346635848144e+00 3.241796124389e+00 -5.000000000000e-03
6.936245865975e-01 1.391778961889e+00 -5.000000000000e-03
4.714255868520e+00 1.276409613401e+00 -5.000000000000e-03
3.490329129180e+00 2.329902724875e+00 -5.000000000000e-03
2.033985890367e+00 2.141595620750e+00 -5.000000000000e-03
2.931852291513e+00 1.843151481364e+00 -5.000000000000e-03
2.211432644146e+00 2.284850749605e+00 -5.000000000000e-03
3.129474400532e+00 2.754267280165e+00 -5.000000000000e-03
5.656962818942e+00 2.709484857135e+00 -5.000000000000e-03
3.105235177646e+00 1.939656097731e+00 -5.000000000000e-03
2.667323262645e+00 1.838892306703e+00 -5.000000000000e-03
5.363889554222e+00 5.785887652310e-01 -5.000000000000e-03
5.909032693371e+00 3.050029834158e+00 -5.000000000000e-03
1.752175389585e+00 1.187480737211e+00 -5.000000000000e-03
3.202348754376e+00 1.468911280904e+00 -5.000000000000e-03
5.465309264896e+00 1.055802467237e-03 -5.000000000000e-03
2.842708612357e+00 1.792729400200e+00 -5.000000000000e-03
5.969654562285e+00 2.707519634271e+00 -5.000000000000e-03
5.845946980685e+00 1.382790758963e+00 -5.000000000000e-03
1.048112898742e+00 2.627792566136e+00 -5.000000000000e-03
2.376813788611e+00 2.260110275642e+00 -5.000000000000e-03
3.205934346766e+00 1.621491610776e+00 -5.000000000000e-03
4.915925362858e+00 4.959113335693e+00 -5.000000000000e-03
2.942313677592e+00 1.512949692648e+00 -5.000000000000e-03
3.981264507934e+00 1.175635619440e+00 -5.000000000000e-03
1.016443001876e+00 3.338497555736e-02 -5.000000000000e-03
3.496282795013e+00 1.387860257342e+00 -5.000000000000e-03
2.815153435133e+00 1.186574671717e+00 -5.000000000000e-03
2.257660086446e+00 2.073006827636e+00 -5.000000000000e-03
4.245300359903e+00 1.498421011632e+00 -5.000000000000e-03
3.240590607804e+00 1.941070094517e+00 -5.000000000000e-03
2.791288179660e+00 5.874337283051e+00 -5.000000000000e-03
5.776654949839e-01 4.934286309307e+00 -5.000000000000e-03
2.683061268245e+00 1.970853774582e+00 -5.000000000000e-03
4.221590191696e+00 1.103341807536e+00 -5.000000000000e-03
1.753430439530e+00 2.608102872291e+00 -5.000000000000e-03
6.099590725139e+00 5.164537291609e+00 -5.000000000000e-03
1.830396429254e+00 1.479030451429e+00 -5.000000000000e-03
6.793464317768e-01 7.573271770577e-01 -5.000000000000e-03
5.036032927997e+00 4.437820916226e+00 -5.000000000000e-03
3.326572055206e+00 2.945803719018e+00 -5.000000000000e-03
2.752849256597e+00 1.397955014949e+00 -5.000000000000e-03
6.450224611961e-01 5.996239880329e+00 -5.000000000000e-03
4.038664205610e+00 4.997418642200e+00 -5.000000000000e-03
