3.762658488847e+00 4.404090945333e+00 5.000000000000e-03
6.190928817207e+00 4.540480571983e+00 5.000000000000e-03
6.283367021136e-01 5.140469117885e+00 5.000000000000e-03
4.940705671189e+00 1.068750830889e+00 5.000000000000e-03
5.659309318883e+00 3.602691839827e+00 5.000000000000e-03
3.838354710023e+00 4.641523432081e+00 5.000000000000e-03
5.163532002647e+00 4.741013631392e+00 5.000000000000e-03
4.240466436370e+00 2.194505793370e+00 5.000000000000e-03
4.672377471809e+00 6.264403932174e+00 5.000000000000e-03
6.190454456798e+00 4.150491894584e+00 5.000000000000e-03
4.933544172823e+00 5.081461285496e+00 5.000000000000e-03
3.369578264780e+00 4.348709812513e+00 5.000000000000e-03
5.021809431760e+00 5.980078647512e+00 5.000000000000e-03
3.999232580619e+00 3.511612660333e+00 5.000000000000e-03
6.074570531948e+00 4.578123674740e+00 5.000000000000e-03
5.854405263451e-02 4.625299536965e+00 5.000000000000e-03
5.203660702273e+00 1.536442444372e+00 5.000000000000e-03
5.762896901142e+00 3.499842971425e+00 5.000000000000e-03
1.111190801365e+00 1.645194023560e+00 5.000000000000e-03
6.044773828329e+00 6.076898408176e+00 5.000000000000e-03
3.875570593944e+00 4.496875720922e+00 5.000000000000e-03
3.039008854336e+00 2.526617773335e+00 5.000000000000e-03
5.864968791254e+00 4.031155669388e+00 5.000000000000e-03
4.650439080237e+00 5.475571899244e+00 5.000000000000e-03
4.853350131070e+00 5.809065197126e+00 5.000000000000e-03
4.272870935152e+00 8.151022706703e-01 5.000000000000e-03
3.409355516477e+00 1.690573723133e+00 5.000000000000e-03
1.911799415503e+00 4.087876413410e+00 5.000000000000e-03
2.288658557253e-01 4.470355432243e+00 5.000000000000e-03
4.104434240749e+00 4.329588023579e+00 5.000000000000e-03
2.795825813987e+00 5.829303871318e+00 5.000000000000e-03
3.284017337500e+00 5.874356442201e+00 5.000000000000e-03
2.595159156587e-01 5.634482106237e+00 5.000000000000e-03
5.349721544582e+00 5.775569633519e+00 5.000000000000e-03
1.179690855488e-01 5.656464869493e+00 5.000000000000e-03
2.028329386731e+00 9.605555965380e-01 5.000000000000e-03
5.861905361834e+00 5.677009277929e+00 5.000000000000e-03
4.865061043961e+00 6.012933667185e+00 5.000000000000e-03
6.195188663721e+00 3.917385190218e+00 5.000000000000e-03
3.214465291550e+00 7.477615554680e-01 5.000000000000e-03
4.597823281583e+00 4.900675534322e+00 5.000000000000e-03
4.583725645659e+00 4.858835019192e+00 5.000000000000e-03
4.840687359610e+00 6.014815138921e+00 5.000000000000e-03
5.021246211438e+00 4.979556555989e+00 5.000000000000e-03
4.961768175648e+00 6.271797705295e+00 5.000000000000e-03
1.048053678035e+00 1.975494144548e+00 5.000000000000e-03
4.695661280428e+00 4.336560077054e+00 5.000000000000e-03
3.045767912685e+00 5.406266493874e+00 5.000000000000e-03
3.368539797140e+00 1.078248144872e+00 5.000000000000e-03
4.688067100005e+00 4.810356008588e+00 5.000000000000e-03
8.427704290641e-01 2.927405059386e+00 5.000000000000e-03
4.548655952474e+00 2.546397829238e+00 5.000000000000e-03
5.755512949571e+00 1.886574866614e+00 5.000000000000e-03
2.886436824155e+00 4.785476065262e+00 5.000000000000e-03
2.777411412601e+00 1.882941288044e+00 5.000000000000e-03
1.673187737347e+00 4.885509213713e+00 5.000000000000e-03
3.660079700298e+00 2.969722632050e-01 5.000000000000e-03
5.286836864240e+00 5.314950659963e+00 5.000000000000e-03
2.233637877012e+00 1.405837491616e+00 5.000000000000e-03
2.700566703762e+00 2.327883155846e+00 5.000000000000e-03
6.024721643512e+00 5.485859130120e+00 5.000000000000e-03
2.734314222076e+00 5.780243645079e+00 5.000000000000e-03
2.061998479237e+00 5.534476740968e+00 5.000000000000e-03
1.719754990653e+00 2.677716303511e+00 5.000000000000e-03
4.023662830830e+00 4.879721971317e+00 5.000000000000e-03
1.393820386510e+00 2.766177266959e+00 5.000000000000e-03
3.041643164494e+00 5.008471693533e+00 5.000000000000e-03
2.137925938065e+00 1.243085026252e+00 5.000000000000e-03
6.217710229048e+00 6.135991213458e+00 5.000000000000e-03
2.902945730261e+00 5.243593587082e+00 5.000000000000e-03
4.372198487294e+00 4.571999130277e-01 5.000000000000e-03
3.399379791225e+00 5.104296087195e+00 5.000000000000e-03
4.159080028878e+00 2.329053142630e+00 5.000000000000e-03
2.658180917722e+00 5.948497908433e+00 5.000000000000e-03
2.953513726558e+00 2.614402763982e+00 5.000000000000e-03
4.069859095051e-01 3.081007091330e+00 5.000000000000e-03
3.827667408741e+00 1.368955209238e+00 5.000000000000e-03
2.850080568773e+00 5.685812862132e+00 5.000000000000e-03
5.690859105775e+00 2.274142796472e+00 5.000000000000e-03
3.512723822509e-01 4.333046336376e+00 5.000000000000e-03
3.815606310566e+00 3.723361102713e+00 5.000000000000e-03
1.635637659574e+00 4.287701264458e+00 5.000000000000e-03
5.448566145288e+00 4.065659627725e+00 5.000000000000e-03
1.998719010552e+00 2.602477045738e-01 5.000000000000e-03
3.254027654838e+00 9.986937268616e-01 5.000000000000e-03
4.681005811343e+00 5.085142497495e+00 5.000000000000e-03
4.907354354328e+00 5.851038605224e+00 5.000000000000e-03
3.502167871022e+00 3.774230466148e+00 5.000000000000e-03
1.961821435208e+00 4.238680545712e-01 5.000000000000e-03
2.943939462591e+00 5.130254341259e+00 5.000000000000e-03
2.303336247454e+00 1.781463176500e-02 5.000000000000e-03
5.981798481516e+00 4.437284954956e+00 5.000000000000e-03
2.175994748493e+00 1.724733889378e-01 5.000000000000e-03
3.631034406511e+00 6.040597798510e+00 5.000000000000e-03
3.690660886651e+00 5.000204523258e+00 5.000000000000e-03
4.900958613291e+00 2.149176514159e+00 5.000000000000e-03
5.031421801312e+00 1.486281212973e+00 5.000000000000e-03
3.919929811856e+00 3.992999311758e-01 5.000000000000e-03
3.914002301521e+00 4.808049725999e+00 5.000000000000e-03
3.350654069781e+00 5.747841936721e+00 5.000000000000e-03
5.496236216742e+00 1.477050966551e+00 -5.000000000000e-03
2.982255624644e-01 6.203899587139e+00 -5.000000000000e-03
6.177767770832e+00 1.591437035631e+00 -5.000000000000e-03
1.701745992815e-01 2.834634221700e+00 -5.000000000000e-03
2.968295671104e+00 4.453921589109e+00 -5.000000000000e-03
6.088699955836e+00 2.021381883256e+00 -5.000000000000e-03
2.122539451183e+00 2.971488464672e+00 -5.000000000000e-03
5.408416899531e+00 3.177788383659e+00 -5.000000000000e-03
1.995252016210e+00 2.107163515583e+00 -5.000000000000e-03
1.387606289242e+00 2.999305773422e+00 -5.000000000000e-03
7.167284391383e-01 3.041988605416e+00 -5.000000000000e-03
5.001489593632e+00 2.543376504694e-01 -5.000000000000e-03
6.109800815765e+00 1.172495993478e+00 -5.000000000000e-03
3.010246972106e+00 2.271357083107e+00 -5.000000000000e-03
1.821882869188e+00 1.900577407890e+00 -5.000000000000e-03
9.107152753248e-01 6.116074839422e+00 -5.000000000000e-03
1.075269027564e+00 2.802839693123e+00 -5.000000000000e-03
2.674453637398e-01 1.732231203129e-01 -5.000000000000e-03
4.605528447727e+00 2.432780800158e+00 -5.000000000000e-03
5.838044334889e+00 1.505288887162e+00 -5.000000000000e-03
9.686401696446e-01 6.154553350913e+00 -5.000000000000e-03
5.504643008667e+00 3.298101241055e+00 -5.000000000000e-03
2.404801737640e+00 2.602658187213e+00 -5.000000000000e-03
1.772292896902e-01 2.484541306931e+00 -5.000000000000e-03
1.494462205497e+00 2.583242220050e+00 -5.000000000000e-03
5.567612851836e+00 7.791225678584e-01 -5.000000000000e-03
4.730027019736e+00 3.458852443873e-01 -5.000000000000e-03
6.053311530224e+00 1.863712070314e+00 -5.000000000000e-03
5.627139820895e+00 8.051213746487e-01 -5.000000000000e-03
2.072223074622e+00 1.827245176052e+00 -5.000000000000e-03
1.250149518445e-01 4.804002055592e-02 -5.000000000000e-03
1.495867061706e+00 3.195346940975e+00 -5.000000000000e-03
3.315087076613e+00 5.282873886055e+00 -5.000000000000e-03
1.084177748982e+00 2.823949543515e+00 -5.000000000000e-03
5.855129983638e+00 6.217745649683e-01 -5.000000000000e-03
1.418593607000e+00 4.842552966262e+00 -5.000000000000e-03
5.774353866159e+00 4.231546581909e+00 -5.000000000000e-03
2.963727583640e-02 2.589148435241e+00 -5.000000000000e-03
3.004236619986e-01 2.700118862349e+00 -5.000000000000e-03
5.449600065009e+00 7.716192541707e-01 -5.000000000000e-03
3.317341419710e+00 1.287436585539e-01 -5.000000000000e-03
3.378279341369e+00 2.614178477571e+00 -5.000000000000e-03
5.044522218256e-01 3.784640240801e+00 -5.000000000000e-03
5.112455406546e+00 4.133980709538e+00 -5.000000000000e-03
1.609244334001e+00 4.068279352379e+00 -5.000000000000e-03
3.484304659723e+00 3.997356581394e+00 -5.000000000000e-03
6.826256586183e-01 3.829738170880e+00 -5.000000000000e-03
1.510266526330e+00 3.097554405078e-01 -5.000000000000e-03
7.866688139770e-01 2.049422698889e-01 -5.000000000000e-03
2.184128404576e+00 3.055340455027e+00 -5.000000000000e-03
3.832444184193e+00 1.142542703820e+00 -5.000000000000e-03
5.080260299031e+00 4.205078307976e+00 -5.000000000000e-03
6.081400340628e+00 7.765780843859e-01 -5.000000000000e-03
1.051334357081e+00 2.834689243832e+00 -5.000000000000e-03
1.456766723410e+00 5.128269005167e+00 -5.000000000000e-03
4.571364859117e+00 2.942864332355e+00 -5.000000000000e-03
5.478350287242e+00 7.363198550389e-01 -5.000000000000e-03
1.720986437756e+00 2.453140211097e+00 -5.000000000000e-03
2.652137064773e-01 1.947090797185e+00 -5.000000000000e-03
6.051599509614e+00 1.254578095823e+00 -5.000000000000e-03
6.114018177879e+00 1.505666876503e+00 -5.000000000000e-03
3.252625460515e+00 4.866963954881e+00 -5.000000000000e-03
9.635235884279e-01 4.724443748024e+00 -5.000000000000e-03
2.180875447073e+00 5.005655638114e+00 -5.000000000000e-03
4.837661049913e-01 3.252426535031e+00 -5.000000000000e-03
5.777969695026e+00 1.142025423190e+00 -5.000000000000e-03
3.831817092456e+00 5.852718889767e+00 -5.000000000000e-03
1.020938206626e+00 2.803107918396e+00 -5.000000000000e-03
1.481071293151e+00 5.526283409687e+00 -5.000000000000e-03
3.365188433380e+00 2.748115571105e+00 -5.000000000000e-03
5.682399006055e+00 4.377130576810e+00 -5.000000000000e-03
1.819697734699e+00 7.838025741734e-01 -5.000000000000e-03
6.270227925434e+00 1.441297434759e+00 -5.000000000000e-03
2.247404939638e+00 3.678315882035e+00 -5.000000000000e-03
1.450774426919e+00 5.496476487848e+00 -5.000000000000e-03
1.369310412046e+00 2.965855460144e+00 -5.000000000000e-03
7.056269820910e-01 9.381522480874e-01 -5.000000000000e-03
2.876580463162e+00 1.592541132724e+00 -5.000000000000e-03
5.815392256224e+00 1.756981478318e+00 -5.000000000000e-03
2.794279924842e+00 8.173056919704e-02 -5.000000000000e-03
5.988897841945e+00 7.955100468919e-01 -5.000000000000e-03
5.009707127121e+00 2.571605343792e-01 -5.000000000000e-03
4.118373353613e+00 1.396405974599e+00 -5.000000000000e-03
4.760420069284e+00 5.193424927808e+00 -5.000000000000e-03
1.332481249106e+00 3.247667801041e+00 -5.000000000000e-03
5.320834723693e+00 1.225077900108e+00 -5.000000000000e-03
5.463680432342e+00 5.365138219903e-01 -5.000000000000e-03
4.274064146909e+00 3.414583353510e-01 -5.000000000000e-03
6.247765377624e+00 1.174854739210e-01 -5.000000000000e-03
5.839551715595e+00 1.551508994984e+00 -5.000000000000e-03
5.297334679136e+00 1.327345793799e+00 -5.000000000000e-03
3.552844229260e-02 1.026920872398e+00 -5.000000000000e-03
1.644059613356e+00 1.004185120167e+00 -5.000000000000e-03
1.463423298281e+00 4.872783683629e+00 -5.000000000000e-03
2.985749165146e+00 3.015334063640e+00 -5.000000000000e-03
1.697255762140e+00 3.906501599208e+00 -5.000000000000e-03
5.619629379371e+00 5.587872557564e-01 -5.000000000000e-03
5.994031467588e+00 1.928390155061e+00 -5.000000000000e-03
1.163993682281e+00 5.190260725027e+00 -5.000000000000e-03
9.115506396772e-01 1.860694811771e+00 -5.000000000000e-03
