2.762893165485e+00 1.600620243700e+00 5.000000000000e-03
1.903312270829e+00 9.455976363047e-01 5.000000000000e-03
1.194880720838e+00 1.138300528237e+00 5.000000000000e-03
5.777433571213e-01 5.586571161179e+00 5.000000000000e-03
1.528157942407e+00 1.733493099482e+00 5.000000000000e-03
1.973562855905e+00 1.812469355119e+00 5.000000000000e-03
2.254522647985e+00 8.292644789821e-01 5.000000000000e-03
2.269673550206e+00 2.643923467436e+00 5.000000000000e-03
5.505061634213e+00 8.988967071314e-02 5.000000000000e-03
3.628238940648e+00 3.773593375917e+00 5.000000000000e-03
2.352179087546e+00 2.584712648611e+00 5.000000000000e-03
2.582702511149e+00 2.561238095455e+00 5.000000000000e-03
2.721736865478e+00 4.889232255814e-01 5.000000000000e-03
1.439112758790e-01 1.099940762088e+00 5.000000000000e-03
4.931641389829e+00 9.818951922954e-01 5.000000000000e-03
2.371761916980e+00 4.057591572315e+00 5.000000000000e-03
1.919486647987e+00 3.668373476393e+00 5.000000000000e-03
3.826898465508e+00 3.313364480461e+00 5.000000000000e-03
3.550825844996e+00 2.119309939107e+00 5.000000000000e-03
2.482258556168e+00 2.105256804862e+00 5.000000000000e-03
3.223443605017e+00 2.094802790837e+00 5.000000000000e-03
4.158970610965e-01 4.881740818630e+00 5.000000000000e-03
1.230156679001e+00 2.587608109227e+00 5.000000000000e-03
1.803225493389e+00 3.410786014628e+00 5.000000000000e-03
2.105450846432e+00 3.052056990438e+00 5.000000000000e-03
5.838902784137e+00 1.337868237457e+00 5.000000000000e-03
2.572677475290e+00 3.480381328965e+00 5.000000000000e-03
3.612754264610e+00 4.187646426406e+00 5.000000000000e-03
4.630383913235e-02 2.238030252745e+00 5.000000000000e-03
3.239444467954e+00 1.330583467795e+00 5.000000000000e-03
2.562096381026e+00 2.111682098892e+00 5.000000000000e-03
1.256757224045e+00 4.946562710334e+00 5.000000000000e-03
2.648382603063e-01 1.853058148685e+00 5.000000000000e-03
2.641900786706e+00 3.136791617346e+00 5.000000000000e-03
2.114492141141e+00 2.622432251058e+00 5.000000000000e-03
3.101588301273e+00 1.580091071206e+00 5.000000000000e-03
3.252518309297e+00 5.145312105333e+00 5.000000000000e-03
5.295665083577e+00 1.942654191657e+00 5.000000000000e-03
2.585532395589e+00 3.082175089627e+00 5.000000000000e-03
2.962803123207e+00 3.039431027440e+00 5.000000000000e-03
2.265847411347e+00 1.058166839059e+00 5.000000000000e-03
2.502590638959e+00 2.739382363353e+00 5.000000000000e-03
4.659139335805e+00 2.100769470917e+00 5.000000000000e-03
5.814634090293e+00 1.315045000591e+00 5.000000000000e-03
3.019901515845e+00 4.868925346056e+00 5.000000000000e-03
3.536773600501e+00 3.541008498429e+00 5.000000000000e-03
5.026059867859e+00 9.737009978164e-01 5.000000000000e-03
2.386142627488e+00 2.813640236421e+00 5.000000000000e-03
2.889771252519e+00 1.275481939370e-01 5.000000000000e-03
2.404521931821e+00 2.020180369038e+00 5.000000000000e-03
3.444628013709e+00 4.313366451610e+00 5.000000000000e-03
1.992955166822e+00 2.630366888690e+00 5.000000000000e-03
2.643191949425e+00 1.749969203334e+00 5.000000000000e-03
1.598958579302e+00 4.637095511314e-01 5.000000000000e-03
3.854051855679e+00 1.418773830111e+00 5.000000000000e-03
5.183021742847e-03 2.627689809996e+00 5.000000000000e-03
7.780482298149e-01 5.085000558127e+00 5.000000000000e-03
3.117736793797e+00 1.731152264161e+00 5.000000000000e-03
2.383335304432e+00 5.500671742129e+00 5.000000000000e-03
2.237436492150e+00 1.020636258372e+00 5.000000000000e-03
3.529476778973e+00 3.105976475010e+00 5.000000000000e-03
2.166934503023e+00 1.834952041802e+00 5.000000000000e-03
2.453463296706e+00 5.491892040148e+00 5.000000000000e-03
2.853293285341e+00 2.330277598002e+00 5.000000000000e-03
2.958438871212e+00 3.141423867740e+00 5.000000000000e-03
2.621760036596e+00 1.145764529425e+00 5.000000000000e-03
5.000448563179e+00 2.114193806375e+00 5.000000000000e-03
3.345211636516e+00 8.377956074409e-01 5.000000000000e-03
3.352025801845e+00 9.647660892641e-01 5.000000000000e-03
2.680325469582e+00 1.690326831440e+00 5.000000000000e-03
3.817286814455e+00 2.982167507858e+00 5.000000000000e-03
1.854944767816e+00 5.114162703976e-01 5.000000000000e-03
3.018124039088e+00 1.070572929662e+00 5.000000000000e-03
3.042588473133e+00 1.915405636517e+00 5.000000000000e-03
1.773860215706e+00 5.942567570513e-01 5.000000000000e-03
1.745672045744e+00 3.514385440473e+00 5.000000000000e-03
3.129486945267e+00 1.864944716197e+00 5.000000000000e-03
6.158323377377e+00 1.856023012208e+00 5.000000000000e-03
2.754093520819e+00 2.713754106993e+00 5.000000000000e-03
1.740190666867e+00 4.504794397209e+00 5.000000000000e-03
3.883880009433e+00 2.678633078378e+00 5.000000000000e-03
9.182743983244e-01 9.715060343035e-01 5.000000000000e-03
8.201453630244e-01 9.688799774503e-01 5.000000000000e-03
2.384641993590e+00 4.910211763346e+00 5.000000000000e-03
4.762879790877e+00 2.760493959295e+00 5.000000000000e-03
2.806511646150e+00 2.619486259814e+00 5.000000000000e-03
1.358849175500e+00 2.759012319074e+00 5.000000000000e-03
6.381932806702e-01 1.497928360430e+00 5.000000000000e-03
1.122357913164e+00 4.949604622570e+00 5.000000000000e-03
1.848101597244e+00 1.283714609484e+00 5.000000000000e-03
3.194232508431e+00 2.323476581349e+00 5.000000000000e-03
2.081098865442e+00 2.644639015226e+00 5.000000000000e-03
3.347858522869e+00 2.721587862689e+00 5.000000000000e-03
3.367171843346e+00 6.177664727290e+00 5.000000000000e-03
2.592874222898e+00 3.854642370698e+00 5.000000000000e-03
3.320481482347e+00 5.622065299466e+00 5.000000000000e-03
9.019950446618e-01 3.905949765609e+00 5.000000000000e-03
8.093890343443e-01 1.851477516012e+00 5.000000000000e-03
5.089928566010e+00 1.214799929405e+00 5.000000000000e-03
2.547780202809e+00 2.124377878399e+00 5.000000000000e-03
7.716499655042e-01 1.643455307044e-01 -5.000000000000e-03
4.552034307512e+00 5.202531816797e+00 -5.000000000000e-03
5.517007636334e+00 2.999781335666e+00 -5.000000000000e-03
5.246838484258e+00 4.542438057568e+00 -5.000000000000e-03
3.295356673398e+00 7.944098669272e-02 -5.000000000000e-03
5.074386417546e+00 4.716625562085e+00 -5.000000000000e-03
3.086107931356e+00 3.987052859767e+00 -5.000000000000e-03
4.305596096331e+00 4.763244062487e+00 -5.000000000000e-03
4.052557400907e+00 5.016339825224e-01 -5.000000000000e-03
1.030436105943e+00 2.650300551213e+00 -5.000000000000e-03
3.266220854655e+00 3.477514241760e+00 -5.000000000000e-03
5.697902471173e+00 5.170503931018e+00 -5.000000000000e-03
5.189866763110e+00 5.090768859257e+00 -5.000000000000e-03
4.398587889188e+00 2.062728989918e+00 -5.000000000000e-03
5.515655146441e+00 4.914551786665e+00 -5.000000000000e-03
1.332383209531e+00 3.333489990939e+00 -5.000000000000e-03
1.699290845021e-01 6.038504950264e+00 -5.000000000000e-03
5.774571486061e+00 4.491889815728e+00 -5.000000000000e-03
3.497192747297e+00 4.854415693779e+00 -5.000000000000e-03
1.260039938690e-01 5.891767237301e+00 -5.000000000000e-03
2.454052236930e+00 5.206640066281e+00 -5.000000000000e-03
2.910854066122e+00 5.135653803843e+00 -5.000000000000e-03
3.229007998928e+00 5.720042888355e+00 -5.000000000000e-03
4.901861879920e+00 5.687439833805e-01 -5.000000000000e-03
4.275066188428e+00 3.048949661672e+00 -5.000000000000e-03
4.794667193604e+00 4.882155616396e+00 -5.000000000000e-03
1.474499436401e+00 1.308408488417e+00 -5.000000000000e-03
4.377685755916e+00 4.558478933129e+00 -5.000000000000e-03
6.230979902832e+00 5.003850478936e+00 -5.000000000000e-03
6.057495517179e-01 2.816801414614e+00 -5.000000000000e-03
1.397016727567e+00 1.016581349579e+00 -5.000000000000e-03
4.565591849692e+00 3.924369857359e+00 -5.000000000000e-03
3.867164379596e+00 5.352269163914e+00 -5.000000000000e-03
1.373056907490e+00 1.654357435297e+00 -5.000000000000e-03
2.150946026467e+00 3.475210751430e+00 -5.000000000000e-03
4.995965063102e+00 5.419538506063e+00 -5.000000000000e-03
4.958597692689e+00 5.352571344019e+00 -5.000000000000e-03
1.685596471949e+00 4.336333883927e+00 -5.000000000000e-03
4.932642636681e+00 1.166716624430e-01 -5.000000000000e-03
5.327851226712e+00 3.580243685654e+00 -5.000000000000e-03
3.088301169962e+00 4.199915598044e+00 -5.000000000000e-03
5.560459103545e+00 4.816941226476e+00 -5.000000000000e-03
4.707731087058e+00 5.452357238398e+00 -5.000000000000e-03
5.799725734797e+00 3.848397513594e+00 -5.000000000000e-03
4.845679214836e+00 4.192070602255e+00 -5.000000000000e-03
3.855528855611e+00 5.084331130213e+00 -5.000000000000e-03
6.080390283730e+00 4.034104391149e+00 -5.000000000000e-03
4.101184649556e+00 4.048866334210e+00 -5.000000000000e-03
4.802636260090e+00 5.028776424215e+00 -5.000000000000e-03
4.157704915887e+00 4.817411006437e+00 -5.000000000000e-03
4.834169215300e+00 5.476873522225e+00 -5.000000000000e-03
5.734540315962e+00 5.520632384401e+00 -5.000000000000e-03
1.400299853669e+00 4.718656234741e+00 -5.000000000000e-03
4.706256454433e+00 1.662417571470e+00 -5.000000000000e-03
5.297638898777e+00 5.101839987664e+00 -5.000000000000e-03
5.407303284423e+00 4.916541863633e+00 -5.000000000000e-03
5.311847146238e+00 1.235689011819e+00 -5.000000000000e-03
5.087724356452e+00 4.834642552010e+00 -5.000000000000e-03
4.559445104855e+00 4.873569658308e+00 -5.000000000000e-03
1.152869258642e+00 4.204329047161e+00 -5.000000000000e-03
4.168849539032e+00 3.795748162506e+00 -5.000000000000e-03
5.360633410369e+00 5.492166247427e+00 -5.000000000000e-03
5.321522141585e+00 4.595710325260e+00 -5.000000000000e-03
5.284435041379e+00 5.602920824369e+00 -5.000000000000e-03
3.399303376465e+00 1.797210433214e+00 -5.000000000000e-03
4.636081888903e+00 1.907192000181e+00 -5.000000000000e-03
4.765414228541e+00 6.489662696346e-01 -5.000000000000e-03
5.578627002560e+00 2.090009816204e+00 -5.000000000000e-03
3.501215731314e+00 1.102990071254e-01 -5.000000000000e-03
5.843392895317e+00 4.364602519214e+00 -5.000000000000e-03
2.351234392205e+00 4.328622615479e+00 -5.000000000000e-03
5.549828439052e+00 4.799038057386e+00 -5.000000000000e-03
5.466164384817e+00 3.369529265574e+00 -5.000000000000e-03
5.909600164417e+00 3.100445760379e+00 -5.000000000000e-03
1.579994955996e+00 2.598194713935e+00 -5.000000000000e-03
2.047039107738e+00 4.410086658436e-01 -5.000000000000e-03
5.468169899062e+00 4.158002086406e+00 -5.000000000000e-03
6.010421837717e+00 1.188221707782e+00 -5.000000000000e-03
2.247750421963e+00 4.623071304843e+00 -5.000000000000e-03
4.635871123386e+00 2.468372315992e+00 -5.000000000000e-03
5.147466363869e+00 4.486949967279e+00 -5.000000000000e-03
5.837128547688e+00 5.473905609537e+00 -5.000000000000e-03
2.518995866623e+00 5.159196729183e+00 -5.000000000000e-03
4.631770287102e+00 4.038885180621e+00 -5.000000000000e-03
5.147711599427e+00 4.429673065555e+00 -5.000000000000e-03
3.792521917133e+00 4.865411901404e+00 -5.000000000000e-03
5.473860220142e+00 5.816374930060e+00 -5.000000000000e-03
4.008821140484e+00 1.219411799121e-03 -5.000000000000e-03
4.919880400046e+00 5.457781129107e+00 -5.000000000000e-03
4.125843504725e+00 1.943032235966e+00 -5.000000000000e-03
6.120350174103e+00 6.188494736246e+00 -5.000000000000e-03
5.855299403663e+00 2.885944026780e+00 -5.000000000000e-03
4.308335818942e+00 3.566726061924e+00 -5.000000000000e-03
5.268811386002e+00 4.449947556908e+00 -5.000000000000e-03
5.818531186641e+00 4.735487031543e+00 -5.000000000000e-03
4.385613193507e+00 6.037360647340e-01 -5.000000000000e-03
5.249252333463e+00 4.598372238722e+00 -5.000000000000e-03
3.984002315027e+00 5.834184635042e+00 -5.000000000000e-03
5.310647478880e+00 5.386314753997e+00 -5.000000000000e-03
4.565538225073e+00 4.701557197516e+00 -5.000000000000e-03
