4.995899732386e+00 6.136501836764e-01 5.000000000000e-03
2.740720228393e+00 1.553178355851e+00 5.000000000000e-03
4.762201819946e+00 3.426951323458e+00 5.000000000000e-03
5.265322345892e+00 3.181902406821e+00 5.000000000000e-03
2.736723675453e+00 2.748406881672e+00 5.000000000000e-03
8.468776934563e-01 6.259378953405e+00 5.000000000000e-03
2.540601958717e+00 4.419801357342e+00 5.000000000000e-03
2.776777142596e+00 3.646191913639e+00 5.000000000000e-03
6.253238636752e+00 6.088329878654e+00 5.000000000000e-03
4.862159131806e+00 4.705633267268e+00 5.000000000000e-03
2.808800097718e+00 1.485700682358e+00 5.000000000000e-03
3.973107809274e-01 3.545158670949e+00 5.000000000000e-03
4.578978849850e+00 3.150924216003e+00 5.000000000000e-03
4.739797444386e+00 3.590851950685e+00 5.000000000000e-03
6.221021736338e+00 3.617264151513e+00 5.000000000000e-03
5.196258878857e+00 6.874110570399e-01 5.000000000000e-03
1.036966841617e+00 5.049413249928e+00 5.000000000000e-03
2.078545636188e+00 7.765963655751e-01 5.000000000000e-03
3.810506595436e-01 5.436975656087e+00 5.000000000000e-03
1.338278474033e+00 5.889595699114e+00 5.000000000000e-03
4.331908773470e+00 5.382458975220e+00 5.000000000000e-03
5.662862998426e+00 5.253698801557e+00 5.000000000000e-03
4.736388257242e+00 2.895561382557e+00 5.000000000000e-03
4.285706929737e+00 5.208512761354e+00 5.000000000000e-03
4.975870783503e+00 6.238382007295e+00 5.000000000000e-03
3.813864430689e+00 4.991465488907e+00 5.000000000000e-03
3.755019435417e+00 4.318870771233e+00 5.000000000000e-03
3.500434170493e+00 2.062528792412e+00 5.000000000000e-03
3.857710599177e+00 2.017042039674e+00 5.000000000000e-03
5.296757510975e+00 2.432219549108e+00 5.000000000000e-03
6.167704009807e+00 2.960091292334e-02 5.000000000000e-03
1.109445055190e+00 5.463053029678e+00 5.000000000000e-03
5.487138903948e+00 3.030670746609e+00 5.000000000000e-03
1.681175876508e+00 2.096104342092e+00 5.000000000000e-03
1.985469156157e-01 5.008789403837e+00 5.000000000000e-03
3.878666662509e+00 5.089439244923e+00 5.000000000000e-03
6.078710529333e+00 3.021626852697e+00 5.000000000000e-03
4.934185345278e+00 3.080555435335e+00 5.000000000000e-03
1.061038615258e+00 5.051786416815e+00 5.000000000000e-03
1.119030740385e+00 1.922205593151e+00 5.000000000000e-03
2.576735188177e+00 3.927365321893e+00 5.000000000000e-03
4.299431863288e+00 1.681212215122e+00 5.000000000000e-03
5.090889394648e+00 1.065162060221e+00 5.000000000000e-03
1.560805557943e+00 2.210110998600e+00 5.000000000000e-03
6.043508514457e+00 4.577473330859e+00 5.000000000000e-03
1.782107365553e+00 5.248706414555e+00 5.000000000000e-03
3.530631897074e+00 3.718917211968e+00 5.000000000000e-03
4.103174192308e+00 6.304253346542e-01 5.000000000000e-03
3.461406504613e-01 5.149242056433e+00 5.000000000000e-03
3.526720890076e-01 6.173882913556e+00 5.000000000000e-03
4.380348423999e+00 4.827454764927e+00 5.000000000000e-03
4.507721788475e+00 4.894857599444e+00 5.000000000000e-03
4.377561037094e+00 1.621014845615e+00 5.000000000000e-03
3.182732833027e+00 2.160229742357e-01 5.000000000000e-03
4.660519012224e+00 5.659925453118e+00 5.000000000000e-03
1.996161892226e+00 2.035226888347e+00 5.000000000000e-03
7.397655028991e-01 6.171459868446e+00 5.000000000000e-03
4.300680340786e+00 2.705568882909e+00 5.000000000000e-03
3.501098440478e+00 1.688519643283e+00 5.000000000000e-03
2.084413707954e+00 4.647757124740e+00 5.000000000000e-03
5.932918450058e+00 5.925611753836e+00 5.000000000000e-03
3.289492260137e+00 3.665607634755e+00 5.000000000000e-03
5.426475889449e+00 5.869206825073e+00 5.000000000000e-03
1.278536698243e+00 3.084071939671e+00 5.000000000000e-03
3.540052288218e+00 2.729239656046e+00 5.000000000000e-03
3.804027504690e+00 5.323463120252e+00 5.000000000000e-03
2.285326939366e+00 4.757194599510e+00 5.000000000000e-03
6.150243026557e-01 2.562183961205e+00 5.000000000000e-03
3.488219963346e+00 4.034871516322e+00 5.000000000000e-03
1.971218428206e+00 3.817217005415e+00 5.000000000000e-03
6.012181093610e+00 6.156371340433e+00 5.000000000000e-03
2.969552038701e+00 5.629467264943e-01 5.000000000000e-03
3.118186579835e+00 1.261373820565e+00 5.000000000000e-03
1.828611727386e+00 2.972415869961e+00 5.000000000000e-03
5.006576379659e+00 4.310121632533e+00 5.000000000000e-03
5.157870848163e+00 6.278504603198e+00 5.000000000000e-03
3.206446196314e+00 1.316230155076e+00 5.000000000000e-03
2.302967997404e+00 5.314319874315e+00 5.000000000000e-03
5.725491230017e+00 4.143104928571e+00 5.000000000000e-03
3.333153703138e+00 5.635580546369e+00 5.000000000000e-03
6.182595084908e+00 3.271513052796e-01 5.000000000000e-03
8.993417749871e-01 1.378687995930e+00 5.000000000000e-03
5.700730541863e+00 6.256429119299e+00 5.000000000000e-03
2.494020906627e+00 4.481868386816e+00 5.000000000000e-03
4.361510473238e+00 4.851964105901e+00 5.000000000000e-03
1.386577429424e+00 8.834865621540e-01 5.000000000000e-03
3.856644419277e+00 2.497044520219e+00 5.000000000000e-03
5.922413895102e+00 2.943604059474e-01 5.000000000000e-03
3.677625579119e+00 1.003599166029e+00 5.000000000000e-03
2.569740385771e+00 1.468357919458e+00 5.000000000000e-03
5.470108278276e+00 3.097519863647e+00 5.000000000000e-03
4.113031242789e+00 4.880956805810e+00 5.000000000000e-03
3.122915277261e+00 6.983886638866e-01 5.000000000000e-03
1.686870944312e+00 1.685368554575e+00 5.000000000000e-03
4.014287109400e+00 1.735345280541e+00 5.000000000000e-03
4.130518217375e+00 2.585066837044e+00 5.000000000000e-03
3.627296723183e+00 4.766463726431e+00 5.000000000000e-03
3.242307595745e+00 6.279438343403e+00 5.000000000000e-03
4.482925986804e-01 3.505743199624e+00 5.000000000000e-03
3.564798652200e+00 4.816386847726e+00 5.000000000000e-03
1.554992485751e+00 1.418604410651e+00 -5.000000000000e-03
5.271965004410e+00 4.227357970133e+00 -5.000000000000e-03
1.401361481320e+00 3.397610530986e+00 -5.000000000000e-03
3.406580326069e+00 6.210014256284e+00 -5.000000000000e-03
7.143795474624e-01 3.088324400018e+00 -5.000000000000e-03
5.245687799767e+00 3.346180644050e+00 -5.000000000000e-03
6.169334076125e+00 1.610682327782e+00 -5.000000000000e-03
2.153080320955e+00 1.736747653136e+00 -5.000000000000e-03
5.528647079588e+00 1.190514781994e+00 -5.000000000000e-03
9.281900173351e-01 2.347500968221e+00 -5.000000000000e-03
4.785352628876e+00 1.094318161651e+00 -5.000000000000e-03
3.734869337429e+00 4.509998363914e+00 -5.000000000000e-03
3.243429429686e+00 4.422595462814e+00 -5.000000000000e-03
1.436997886464e+00 2.050996615492e+00 -5.000000000000e-03
5.309779068571e+00 8.438228364478e-01 -5.000000000000e-03
2.919813558385e+00 4.001802809863e+00 -5.000000000000e-03
6.068364154321e+00 1.783237025455e+00 -5.000000000000e-03
1.348315303011e+00 1.795145276413e+00 -5.000000000000e-03
5.263689098113e+00 1.965918856496e+00 -5.000000000000e-03
3.402046725226e+00 8.681798062448e-01 -5.000000000000e-03
2.349007772428e+00 1.140711795953e-02 -5.000000000000e-03
2.491907017276e+00 3.375841861080e-02 -5.000000000000e-03
1.329887487158e+00 1.893117308472e+00 -5.000000000000e-03
5.462257970065e-01 9.454187037000e-01 -5.000000000000e-03
1.638035556965e+00 4.841824325599e+00 -5.000000000000e-03
4.807776557065e+00 1.097170702140e+00 -5.000000000000e-03
3.045514753365e+00 3.152316192898e+00 -5.000000000000e-03
2.804812493883e+00 4.188093403084e+00 -5.000000000000e-03
6.053428052155e-03 1.864659670676e+00 -5.000000000000e-03
6.241505965607e+00 1.796717751330e+00 -5.000000000000e-03
3.254148531847e+00 4.546557781505e+00 -5.000000000000e-03
2.301408567132e+00 3.848181455242e+00 -5.000000000000e-03
3.350677203599e+00 2.380052127669e+00 -5.000000000000e-03
4.586091257531e+00 1.969281790484e+00 -5.000000000000e-03
6.015657205512e+00 4.800905814281e+00 -5.000000000000e-03
3.974932674012e+00 5.851542561384e+00 -5.000000000000e-03
2.962198159310e+00 1.946009264843e+00 -5.000000000000e-03
6.171044072801e+00 2.041185883104e+00 -5.000000000000e-03
3.108753452807e+00 4.815735111341e+00 -5.000000000000e-03
2.575256084844e+00 6.516357433472e-02 -5.000000000000e-03
8.457440638793e-01 2.078803085914e+00 -5.000000000000e-03
3.116572631642e+00 2.500446344809e+00 -5.000000000000e-03
3.526623803649e+00 4.412736123539e+00 -5.000000000000e-03
6.109568044203e+00 1.773990664104e+00 -5.000000000000e-03
3.134521133093e+00 3.234288326180e+00 -5.000000000000e-03
6.356097225537e-01 6.559731727320e-01 -5.000000000000e-03
5.805999534724e+00 4.508009802669e+00 -5.000000000000e-03
8.344792683476e-01 4.347963274637e+00 -5.000000000000e-03
7.655548438110e-01 1.998315460985e+00 -5.000000000000e-03
6.195784996281e+00 5.090482494896e+00 -5.000000000000e-03
5.973787977367e+00 1.857049800084e+00 -5.000000000000e-03
5.685681533820e+00 1.450596353728e+00 -5.000000000000e-03
1.127742440759e+00 2.548458839688e+00 -5.000000000000e-03
5.018575807811e+00 2.049415529456e+00 -5.000000000000e-03
1.632753518578e+00 3.860610543056e+00 -5.000000000000e-03
2.371750426885e+00 1.182637283087e-01 -5.000000000000e-03
1.859068604455e+00 4.829752932173e+00 -5.000000000000e-03
2.396244029011e+00 4.073596393385e-01 -5.000000000000e-03
6.139870919700e+00 5.352314088174e+00 -5.000000000000e-03
5.419114778846e+00 1.201917365164e+00 -5.000000000000e-03
4.233984563874e+00 1.293378825766e+00 -5.000000000000e-03
3.407755253633e+00 2.515624604707e+00 -5.000000000000e-03
3.249690308229e+00 2.917212811525e+00 -5.000000000000e-03
2.357510697327e+00 1.174422822875e+00 -5.000000000000e-03
1.555461393502e+00 4.784248348974e+00 -5.000000000000e-03
5.473592173496e+00 5.094709464585e+00 -5.000000000000e-03
3.266401826483e+00 5.160903986584e+00 -5.000000000000e-03
3.833558192129e+00 1.623702842480e+00 -5.000000000000e-03
6.067249767980e+00 1.705050623453e+00 -5.000000000000e-03
2.616273786823e+00 5.239376568867e+00 -5.000000000000e-03
3.026108600197e+00 4.659933438481e+00 -5.000000000000e-03
1.272807099161e+00 5.549347411703e+00 -5.000000000000e-03
4.824575665894e+00 1.341896596774e+00 -5.000000000000e-03
5.525846418870e+00 6.336733300358e-01 -5.000000000000e-03
3.906697783764e+00 1.815604420701e+00 -5.000000000000e-03
3.344571316722e+00 2.328799267920e+00 -5.000000000000e-03
4.937543021358e+00 4.973543616113e+00 -5.000000000000e-03
1.281837387936e+00 1.905815736604e+00 -5.000000000000e-03
1.644885728104e+00 4.462332501961e+00 -5.000000000000e-03
5.987285361812e+00 5.393467372404e+00 -5.000000000000e-03
4.800533772882e+00 5.741134607685e+00 -5.000000000000e-03
2.829952263556e+00 4.071960182120e-01 -5.000000000000e-03
3.083406989181e+00 3.902905969800e+00 -5.000000000000e-03
3.027524508031e+00 4.742057712543e+00 -5.000000000000e-03
5.026322823463e+00 4.513906667361e+00 -5.000000000000e-03
2.851182796626e+00 6.052082283772e+00 -5.000000000000e-03
6.001317368134e+00 2.782231951512e+00 -5.000000000000e-03
3.361277609726e+00 2.584810093269e+00 -5.000000000000e-03
5.040689622236e+00 1.606118514887e+00 -5.000000000000e-03
1.451879262639e+00 3.608486653933e+00 -5.000000000000e-03
5.499978004192e+00 2.615934185810e+00 -5.000000000000e-03
3.577992517405e+00 5.847699423185e+00 -5.000000000000e-03
5.243117502636e+00 1.866614604700e+00 -5.000000000000e-03
5.687848283743e+00 3.523252411203e+00 -5.000000000000e-03
1.336236519202e+00 2.027248888833e+00 -5.000000000000e-03
5.073569442092e+00 2.903683808962e+00 -5.000000000000e-03
3.108978695494e+00 5.642729993499e+00 -5.000000000000e-03
3.225640013901e+00 3.141940470750e+00 -5.000000000000e-03
1.020798016878e+00 2.605684743135e+00 -5.000000000000e-03
4.148937219099e-01 5.764600872674e-01 -5.000000000000e-03
