1.838015871066e+00 6.138291827399e+00 5.000000000000e-03
3.285768698323e+00 6.204199789514e+00 5.000000000000e-03
1.326553456810e+00 2.091330221201e-01 5.000000000000e-03
2.572388528551e+00 5.618633088625e-01 5.000000000000e-03
3.365723757778e+00 4.266685460660e+00 5.000000000000e-03
1.667730084387e+00 2.288652848547e+00 5.000000000000e-03
3.668939945512e-01 4.783184052074e+00 5.000000000000e-03
2.110402991764e+00 6.080192664436e+00 5.000000000000e-03
1.069507410357e+00 3.574832935947e+00 5.000000000000e-03
3.851576938566e+00 2.281757032484e+00 5.000000000000e-03
1.180769478949e+00 2.655825753554e+00 5.000000000000e-03
2.849174176052e+00 3.855038277866e+00 5.000000000000e-03
5.013497982496e+00 4.033677317148e+00 5.000000000000e-03
4.928387518935e+00 2.571869926547e+00 5.000000000000e-03
1.900573817070e+00 1.024626937173e+00 5.000000000000e-03
1.537682569979e-01 1.129291944132e+00 5.000000000000e-03
3.579077720341e+00 1.579087927296e+00 5.000000000000e-03
8.067839751770e-01 5.256744450567e+00 5.000000000000e-03
1.838724426660e+00 9.262470437484e-01 5.000000000000e-03
2.373532440821e+00 2.704847316554e+00 5.000000000000e-03
5.546268951608e+00 1.972052590565e-01 5.000000000000e-03
4.117525957115e+00 5.001794767461e+00 5.000000000000e-03
9.521069589429e-01 5.819288218449e+00 5.000000000000e-03
4.200970887227e-01 3.178981099475e+00 5.000000000000e-03
2.344252684229e+00 3.188049943947e+00 5.000000000000e-03
3.521295655707e-02 5.145668144160e+00 5.000000000000e-03
4.967883874854e+00 2.762742045703e+00 5.000000000000e-03
2.352722022664e+00 6.124838864484e+00 5.000000000000e-03
2.303197716569e+00 4.412385230710e+00 5.000000000000e-03
5.309571418580e+00 1.226197635843e+00 5.000000000000e-03
2.262455361900e+00 2.421625285648e+00 5.000000000000e-03
2.519905867233e+00 3.059672098620e+00 5.000000000000e-03
8.291668386875e-01 1.022131924798e+00 5.000000000000e-03
7.812413628685e-01 1.126623400896e-01 5.000000000000e-03
2.352230481851e+00 5.264886630430e-01 5.000000000000e-03
5.431772165784e+00 6.268416199019e-01 5.000000000000e-03
1.682683919364e+00 6.090777990925e+00 5.000000000000e-03
2.417272138259e+00 6.238873704633e+00 5.000000000000e-03
2.289092987233e+00 3.032033485702e+00 5.000000000000e-03
4.303664886481e+00 6.188349066521e+00 5.000000000000e-03
4.041574367565e+00 5.884218648385e+00 5.000000000000e-03
4.050050983892e+00 5.840207930108e+00 5.000000000000e-03
1.568880882003e+00 6.120092280281e+00 5.000000000000e-03
3.685694861785e+00 5.066761624097e+00 5.000000000000e-03
2.258938539974e+00 1.921460910319e+00 5.000000000000e-03
5.833670693485e+00 1.393235775771e+00 5.000000000000e-03
4.929462445616e+00 5.641978962227e-01 5.000000000000e-03
5.780435897841e+00 3.369138125833e+00 5.000000000000e-03
9.845805677854e-01 1.020930823265e+00 5.000000000000e-03
2.811263211434e+00 3.609974903395e-01 5.000000000000e-03
2.832273568689e+00 5.306092930310e-01 5.000000000000e-03
5.477174653119e-01 7.405764585870e-01 5.000000000000e-03
4.883825380680e+00 4.740300827689e+00 5.000000000000e-03
2.937461927821e+00 3.511599902781e+00 5.000000000000e-03
2.719824658360e+00 3.289734810875e+00 5.000000000000e-03
1.075214445796e+00 7.016251989720e-01 5.000000000000e-03
2.570799196079e+00 5.142240550938e+00 5.000000000000e-03
2.500937818077e+00 2.266663837624e+00 5.000000000000e-03
1.961054167714e+00 3.166248413015e+00 5.000000000000e-03
2.877212874959e+00 2.430601645034e+00 5.000000000000e-03
2.270598904505e+00 2.371862351191e+00 5.000000000000e-03
2.002182792673e+00 7.191191511215e-01 5.000000000000e-03
1.338310395018e+00 6.113343031836e+00 5.000000000000e-03
1.780534739678e+00 1.700159168692e+00 5.000000000000e-03
3.106884582574e+00 2.826197561813e+00 5.000000000000e-03
3.760546085731e+00 3.079246344955e+00 5.000000000000e-03
2.807631690570e+00 2.840760230457e-01 5.000000000000e-03
2.226056957983e+00 4.928573886302e+00 5.000000000000e-03
8.324859706369e-01 5.567871572577e+00 5.000000000000e-03
4.387296785130e-01 1.635175305141e+00 5.000000000000e-03
3.777554916491e+00 2.469521883168e+00 5.000000000000e-03
5.998403488002e+00 2.681570464451e+00 5.000000000000e-03
2.461930581375e+00 4.856787551432e+00 5.000000000000e-03
1.962515603495e+00 7.527706794852e-01 5.000000000000e-03
5.787170471776e-03 1.198069542132e+00 5.000000000000e-03
4.504648625125e+00 5.841909389601e+00 5.000000000000e-03
2.330661043094e+00 7.466141120212e-01 5.000000000000e-03
5.509890687664e+00 3.697990185169e+00 5.000000000000e-03
8.812367006087e-01 3.768444938942e+00 5.000000000000e-03
3.973933985391e-01 4.894187293982e+00 5.000000000000e-03
4.139474358805e+00 7.158740836574e-01 5.000000000000e-03
1.952267934003e+00 5.025784021788e+00 5.000000000000e-03
7.265852282042e-01 5.166750280546e+00 5.000000000000e-03
3.704260639975e+00 2.536201664589e+00 5.000000000000e-03
2.812845423048e+00 5.075834428268e-01 5.000000000000e-03
1.077003497273e+00 5.795660808994e+00 5.000000000000e-03
1.643108235094e+00 6.051223878773e+00 5.000000000000e-03
5.461741870858e+00 2.628374295786e+00 5.000000000000e-03
4.029829556566e+00 3.524590140800e+00 5.000000000000e-03
2.948279587665e+00 4.798882158536e-02 5.000000000000e-03
2.136810337392e+00 1.418728678747e+00 5.000000000000e-03
1.546867252312e+00 6.106228986992e+00 5.000000000000e-03
4.105564892601e+00 3.190739048767e+00 5.000000000000e-03
2.595630914632e-01 4.829329081078e+00 5.000000000000e-03
1.213825288855e+00 6.906817321379e-02 5.000000000000e-03
3.412044483570e+00 4.332129499749e+00 5.000000000000e-03
1.648194907604e+00 1.809249678813e+00 5.000000000000e-03
3.347467414216e+00 3.383228822059e+00 5.000000000000e-03
4.521697051419e-01 1.469106150775e-01 5.000000000000e-03
1.692982396878e+00 3.736961739266e-01 5.000000000000e-03
1.387050368149e+00 5.659728950798e+00 -5.000000000000e-03
5.323400624580e+00 5.773900864445e+00 -5.000000000000e-03
2.621063781880e+00 5.631565895135e+00 -5.000000000000e-03
5.989641852538e+00 1.791738226153e+00 -5.000000000000e-03
3.750385636857e+00 6.859614518769e-01 -5.000000000000e-03
7.847279505092e-01 3.656041219610e+00 -5.000000000000e-03
4.298198197570e+00 2.517415076822e+00 -5.000000000000e-03
4.493920599837e+00 4.762815044855e+00 -5.000000000000e-03
3.738044608768e+00 5.264507642977e+00 -5.000000000000e-03
3.215852813607e+00 4.591072343881e+00 -5.000000000000e-03
4.838549501474e+00 6.032362093539e+00 -5.000000000000e-03
1.635653571299e+00 4.121741163141e+00 -5.000000000000e-03
3.081063430494e+00 4.331017736483e+00 -5.000000000000e-03
1.361344064075e+00 5.670068395776e+00 -5.000000000000e-03
6.120900499751e+00 4.905709804964e+00 -5.000000000000e-03
2.928834725480e+00 4.618358549432e+00 -5.000000000000e-03
5.911060417513e-01 2.113992606296e+00 -5.000000000000e-03
4.148309278157e+00 2.543171598515e+00 -5.000000000000e-03
4.668711609787e+00 5.037203883426e+00 -5.000000000000e-03
4.314038957257e+00 3.615957925299e+00 -5.000000000000e-03
4.282672045595e+00 5.902934326480e+00 -5.000000000000e-03
5.100453480184e+00 5.686687634132e+00 -5.000000000000e-03
3.723257106055e+00 4.170694390716e+00 -5.000000000000e-03
5.602649505319e+00 5.783321351906e+00 -5.000000000000e-03
5.758589100520e+00 5.791968862250e+00 -5.000000000000e-03
4.837543417366e+00 5.006068706152e+00 -5.000000000000e-03
4.447324826979e+00 5.116471273366e-01 -5.000000000000e-03
5.563861035645e+00 2.703286754693e+00 -5.000000000000e-03
2.409843594195e+00 4.132135310346e+00 -5.000000000000e-03
3.048425198425e+00 9.453416187428e-01 -5.000000000000e-03
5.754615059380e+00 2.153102023767e+00 -5.000000000000e-03
4.531714751288e+00 4.788272932775e+00 -5.000000000000e-03
2.030364360451e+00 4.718427659057e+00 -5.000000000000e-03
4.311865904842e+00 4.290416092317e+00 -5.000000000000e-03
4.607998181789e+00 5.177055885070e+00 -5.000000000000e-03
9.546712642294e-01 2.466872059960e-01 -5.000000000000e-03
1.778782276733e+00 5.282662791195e+00 -5.000000000000e-03
1.680262543503e-01 4.351643915696e+00 -5.000000000000e-03
4.853023356148e+00 5.776693543129e+00 -5.000000000000e-03
5.022117123914e+00 3.787080316347e-01 -5.000000000000e-03
4.104178359274e+00 2.435041595087e+00 -5.000000000000e-03
5.981929552951e+00 5.565019772379e+00 -5.000000000000e-03
4.543091173549e+00 1.396933748091e+00 -5.000000000000e-03
5.626473369494e+00 2.877292143747e+00 -5.000000000000e-03
3.408160714053e+00 1.097361234570e+00 -5.000000000000e-03
5.903525556481e+00 2.100678796897e+00 -5.000000000000e-03
2.846202291548e+00 1.341217710006e+00 -5.000000000000e-03
5.248979402287e+00 5.892886829323e+00 -5.000000000000e-03
5.311414467790e+00 5.402468774303e+00 -5.000000000000e-03
5.422583707676e+00 5.612425896495e+00 -5.000000000000e-03
1.230831787352e+00 4.209195293017e+00 -5.000000000000e-03
6.167100319710e+00 4.445072074018e-01 -5.000000000000e-03
4.329773072433e+00 2.638676284699e+00 -5.000000000000e-03
5.245479221866e+00 5.793278514559e+00 -5.000000000000e-03
3.873709101291e+00 4.763673436471e+00 -5.000000000000e-03
1.450785049685e+00 1.607833715133e+00 -5.000000000000e-03
3.761232469656e+00 2.891001214132e+00 -5.000000000000e-03
4.181708189467e+00 5.813120874455e+00 -5.000000000000e-03
5.580807774587e+00 5.229478997196e+00 -5.000000000000e-03
2.426702357143e+00 5.704562573790e+00 -5.000000000000e-03
6.032951163203e+00 5.747066520275e+00 -5.000000000000e-03
3.088213175408e+00 1.979021670904e+00 -5.000000000000e-03
5.606516646258e+00 6.778580634784e-01 -5.000000000000e-03
4.667334852222e+00 4.806107983956e+00 -5.000000000000e-03
5.214461114865e+00 5.201580095172e+00 -5.000000000000e-03
3.467763754267e+00 5.258822242630e+00 -5.000000000000e-03
6.042915928121e+00 1.836073966563e+00 -5.000000000000e-03
1.487548558380e+00 2.150823175508e+00 -5.000000000000e-03
4.642322977305e+00 3.913593045245e+00 -5.000000000000e-03
5.449104985549e+00 1.933412741060e+00 -5.000000000000e-03
4.472127189367e+00 5.019501691039e+00 -5.000000000000e-03
5.350507774128e+00 2.156729545318e+00 -5.000000000000e-03
3.033446566190e+00 3.679684348110e+00 -5.000000000000e-03
1.298570329449e+00 3.848450516864e+00 -5.000000000000e-03
4.755474646697e+00 5.216273078464e+00 -5.000000000000e-03
3.186722840843e+00 4.614741636518e+00 -5.000000000000e-03
3.828889900312e+00 4.497826463084e+00 -5.000000000000e-03
4.730457807908e+00 1.853836620106e+00 -5.000000000000e-03
4.824270690798e+00 8.708793774359e-02 -5.000000000000e-03
5.284451718615e+00 5.303080894267e+00 -5.000000000000e-03
2.878854769255e+00 4.530277523395e+00 -5.000000000000e-03
6.328579832676e-01 1.086619725024e+00 -5.000000000000e-03
6.127033580083e+00 3.021981390665e+00 -5.000000000000e-03
2.720326968750e+00 2.620656660867e+00 -5.000000000000e-03
6.006846287915e-01 1.205182618716e+00 -5.000000000000e-03
5.028172025985e+00 4.221260598704e+00 -5.000000000000e-03
6.212843512591e+00 4.024377642291e-01 -5.000000000000e-03
6.044127585517e+00 3.953493996053e+00 -5.000000000000e-03
3.041199594216e+00 1.290366698306e+00 -5.000000000000e-03
4.279392981347e+00 3.587613936164e+00 -5.000000000000e-03
3.550424486562e+00 5.057246594941e+00 -5.000000000000e-03
5.660459757774e+00 3.251717649298e+00 -5.000000000000e-03
2.433407786173e+00 5.232469725774e+00 -5.000000000000e-03
5.185772683997e+00 5.037676966333e+00 -5.000000000000e-03
5.049341544603e+00 3.770405976279e+00 -5.000000000000e-03
6.115696967825e+00 3.968820539264e+00 -5.000000000000e-03
7.730324855086e-01 3.734361171185e-01 -5.000000000000e-03
2.632670645186e+00 5.657007414778e+00 -5.000000000000e-03
4.521380259379e+00 3.903530874449e+00 -5.000000000000e-03
5.053191872108e+00 5.433370733172e+00 -5.000000000000e-03
