7.622369786798e-01 2.867066278809e+00 5.000000000000e-03
2.018257157212e+00 3.016708816795e+00 5.000000000000e-03
6.003592710550e+00 2.703789615694e+00 5.000000000000e-03
4.762078413128e+00 3.051030889079e-01 5.000000000000e-03
1.416969875328e+00 1.179306684015e+00 5.000000000000e-03
4.522232225338e+00 1.652175182280e+00 5.000000000000e-03
1.891886020179e+00 2.187401281499e+00 5.000000000000e-03
1.533212129055e+00 2.356620447535e+00 5.000000000000e-03
1.066569902201e+00 3.834145135889e+00 5.000000000000e-03
1.868171334083e+00 1.998571927815e-01 5.000000000000e-03
1.265382610114e+00 3.937842100755e+00 5.000000000000e-03
1.495141169386e+00 1.885443528401e+00 5.000000000000e-03
6.199823102912e+00 3.476042653170e+00 5.000000000000e-03
9.768081223497e-01 1.885169206913e+00 5.000000000000e-03
6.015851803547e+00 1.967321473809e+00 5.000000000000e-03
4.963964087329e+00 1.830427407458e+00 5.000000000000e-03
1.431698244787e+00 2.748978878855e+00 5.000000000000e-03
5.507292719147e+00 3.939518377287e+00 5.000000000000e-03
1.348961046691e+00 3.169538500463e+00 5.000000000000e-03
5.781988127280e+00 1.963742910035e+00 5.000000000000e-03
4.913507708783e+00 2.618525130220e+00 5.000000000000e-03
5.977266998295e+00 2.771270338050e+00 5.000000000000e-03
5.264468076081e+00 3.541211310059e+00 5.000000000000e-03
6.202233607181e+00 5.245632244279e+00 5.000000000000e-03
6.116065849218e+00 2.888572464716e+00 5.000000000000e-03
1.921627828326e+00 6.067770428150e-01 5.000000000000e-03
1.756810199748e+00 2.292203564626e+00 5.000000000000e-03
2.090479390984e+00 4.014050064185e+00 5.000000000000e-03
9.402474325296e-01 5.106356220323e+00 5.000000000000e-03
9.479060452397e-01 1.478597269751e-01 5.000000000000e-03
6.225773086803e+00 2.712294355996e+00 5.000000000000e-03
2.033104856022e+00 1.367777313522e+00 5.000000000000e-03
5.055281691996e+00 3.914237455752e+00 5.000000000000e-03
1.601529465463e+00 1.582643335890e+00 5.000000000000e-03
5.035195231247e+00 4.303320263974e+00 5.000000000000e-03
5.944705920454e+00 3.217823405735e+00 5.000000000000e-03
1.192871498724e+00 3.617439973026e+00 5.000000000000e-03
5.848078277992e+00 3.187616059236e+00 5.000000000000e-03
2.649148582594e-01 2.305782315389e+00 5.000000000000e-03
2.198298574012e-02 3.296654384126e+00 5.000000000000e-03
4.926129274850e+00 2.732113341457e+00 5.000000000000e-03
1.973368859174e+00 3.511096222329e+00 5.000000000000e-03
1.565508199955e-01 4.692309772450e+00 5.000000000000e-03
6.150173228468e+00 2.918645955216e+00 5.000000000000e-03
1.251958862300e+00 4.524065958407e+00 5.000000000000e-03
5.131952993599e+00 3.905397496038e+00 5.000000000000e-03
6.168287077633e+00 2.771888243405e+00 5.000000000000e-03
2.389002284303e+00 6.098394199147e+00 5.000000000000e-03
8.764095089070e-01 1.447053135319e+00 5.000000000000e-03
3.751333861176e-01 4.646748227860e+00 5.000000000000e-03
1.860367764014e-01 1.576394402742e+00 5.000000000000e-03
9.086474364171e-01 1.875977078368e+00 5.000000000000e-03
1.247922826111e+00 2.939189569139e+00 5.000000000000e-03
5.370658225170e+00 3.870675470788e+00 5.000000000000e-03
2.877663647588e+00 3.529806908620e+00 5.000000000000e-03
2.505190714590e+00 1.953890736090e+00 5.000000000000e-03
6.502085032370e-01 2.288813871284e+00 5.000000000000e-03
5.814839776172e+00 8.912397889879e-01 5.000000000000e-03
2.558572723477e+00 1.956574469139e+00 5.000000000000e-03
4.955901036310e+00 2.700559173878e+00 5.000000000000e-03
4.416785777776e+00 4.915289585472e+00 5.000000000000e-03
2.439086829723e+00 2.014602573541e+00 5.000000000000e-03
2.372593574857e+00 1.888467966743e+00 5.000000000000e-03
9.935088688969e-01 3.466162181295e+00 5.000000000000e-03
4.979301233568e-01 9.396577143931e-01 5.000000000000e-03
6.637560569119e-01 5.262779892032e-01 5.000000000000e-03
5.296346236501e+00 1.136180865861e-02 5.000000000000e-03
4.410651040527e-01 1.913720969528e+00 5.000000000000e-03
2.996594661390e+00 3.770610260470e+00 5.000000000000e-03
5.790602549829e+00 3.229273972939e+00 5.000000000000e-03
1.748984444925e+00 2.567747857003e+00 5.000000000000e-03
4.454500784581e+00 2.516278290123e+00 5.000000000000e-03
1.271406547649e+00 2.865978392044e+00 5.000000000000e-03
1.089528791752e+00 1.845097470437e+00 5.000000000000e-03
6.675547049230e-01 3.047775909982e+00 5.000000000000e-03
9.671339112881e-02 4.205823553531e+00 5.000000000000e-03
2.284234470362e-01 2.886103949105e+00 5.000000000000e-03
4.889852056463e+00 3.991998161023e+00 5.000000000000e-03
1.236470058454e+00 1.470719930241e+00 5.000000000000e-03
2.955107373444e+00 1.250419480721e+00 5.000000000000e-03
4.982413398982e+00 3.741182462080e+00 5.000000000000e-03
1.917884478065e+00 2.598934539932e+00 5.000000000000e-03
1.362691884960e+00 1.814006433117e+00 5.000000000000e-03
2.121431012266e+00 4.503410198849e+00 5.000000000000e-03
9.625964244248e-01 4.630058722228e+00 5.000000000000e-03
5.191762474790e+00 2.583811173875e+00 5.000000000000e-03
5.591941898754e+00 3.796867739445e+00 5.000000000000e-03
1.093490141084e+00 2.344583740503e+00 5.000000000000e-03
8.863591087989e-02 1.972319062419e+00 5.000000000000e-03
6.176706924770e+00 3.058437642984e+00 5.000000000000e-03
5.539888773255e+00 1.050743529395e+00 5.000000000000e-03
5.000071455982e+00 4.320908992782e+00 5.000000000000e-03
1.191894459291e+00 4.701991655139e+00 5.000000000000e-03
3.980576347035e+00 4.145302656603e+00 5.000000000000e-03
7.429366201368e-01 5.757539346226e+00 5.000000000000e-03
5.184433304589e+00 1.986685312710e+00 5.000000000000e-03
2.413198417825e+00 1.911121825545e+00 5.000000000000e-03
1.080026929506e-01 1.814441542894e+00 5.000000000000e-03
1.716737710381e+00 2.957427984907e+00 5.000000000000e-03
6.208540497574e+00 2.721532041220e+00 5.000000000000e-03
3.448233603215e+00 5.839413069391e-01 -5.000000000000e-03
4.039258888703e+00 3.742316660598e+00 -5.000000000000e-03
3.241271537516e+00 2.812098796640e+00 -5.000000000000e-03
4.065981163051e+00 8.457305598075e-02 -5.000000000000e-03
2.718219447277e+00 5.704616651391e+00 -5.000000000000e-03
3.018223804747e+00 4.901793071222e+00 -5.000000000000e-03
4.265501558631e+00 5.815509363629e+00 -5.000000000000e-03
4.693864191482e+00 7.286037706860e-01 -5.000000000000e-03
4.643452642134e+00 4.250606570049e+00 -5.000000000000e-03
2.440626289362e+00 4.407034360842e+00 -5.000000000000e-03
4.992527150220e+00 5.496037985868e+00 -5.000000000000e-03
3.465356599739e+00 1.097736118581e+00 -5.000000000000e-03
3.222433958853e+00 2.384221787962e-01 -5.000000000000e-03
4.335821094661e+00 4.600696575641e+00 -5.000000000000e-03
2.282341460707e+00 2.744365463625e-02 -5.000000000000e-03
3.323551992529e+00 5.160720495406e-01 -5.000000000000e-03
4.391748830308e+00 6.223194113436e+00 -5.000000000000e-03
4.369547561329e+00 5.243923071969e+00 -5.000000000000e-03
3.106702352662e+00 5.909644918526e+00 -5.000000000000e-03
1.706958731317e+00 9.148042546884e-01 -5.000000000000e-03
3.560792979624e+00 3.401453909838e-01 -5.000000000000e-03
3.438513437995e+00 3.558375529221e+00 -5.000000000000e-03
2.313561113605e+00 3.532726001934e-01 -5.000000000000e-03
1.422090167386e+00 4.944708091469e+00 -5.000000000000e-03
3.549415985262e+00 6.892888816336e-01 -5.000000000000e-03
2.097884712281e+00 1.255835357635e-01 -5.000000000000e-03
5.179178783671e+00 2.123618124111e+00 -5.000000000000e-03
3.552182186938e+00 7.618781082526e-01 -5.000000000000e-03
1.371514676622e+00 6.063446836557e+00 -5.000000000000e-03
4.687804447746e+00 5.722518517351e+00 -5.000000000000e-03
5.436628959005e+00 7.857841799925e-01 -5.000000000000e-03
5.251423741928e+00 5.873596848383e+00 -5.000000000000e-03
4.249298495105e+00 6.034566956534e+00 -5.000000000000e-03
4.304289127030e+00 5.398915598529e-03 -5.000000000000e-03
4.209753785939e+00 2.648165305233e+00 -5.000000000000e-03
3.473728093695e+00 7.083863831124e-01 -5.000000000000e-03
3.153437380948e+00 6.219876839077e+00 -5.000000000000e-03
4.525307285550e+00 1.009802117238e+00 -5.000000000000e-03
5.958336632504e+00 2.102287423497e+00 -5.000000000000e-03
3.297356685005e+00 3.408756075362e-01 -5.000000000000e-03
3.892809460212e+00 5.397050937353e+00 -5.000000000000e-03
4.242198591809e+00 1.544673299874e-01 -5.000000000000e-03
3.503341944586e+00 5.248854961930e-01 -5.000000000000e-03
3.171107468317e+00 3.940280720420e-02 -5.000000000000e-03
5.115189354514e+00 5.445553038937e-01 -5.000000000000e-03
5.533701244032e+00 2.240481881249e+00 -5.000000000000e-03
3.295927249623e+00 2.207248423517e+00 -5.000000000000e-03
3.579249019788e+00 1.751026247286e+00 -5.000000000000e-03
3.191857227572e+00 7.823886462255e-01 -5.000000000000e-03
4.010471243290e+00 4.492863490745e-01 -5.000000000000e-03
2.927551301520e+00 2.929738469555e-01 -5.000000000000e-03
3.466379676564e+00 1.727671120081e+00 -5.000000000000e-03
3.478217277853e+00 4.342687152555e+00 -5.000000000000e-03
3.220013482108e+00 6.263300338925e+00 -5.000000000000e-03
2.154625637980e+00 5.756002459332e+00 -5.000000000000e-03
3.767430216958e+00 1.191434481832e+00 -5.000000000000e-03
4.369176397204e+00 1.015511898523e-01 -5.000000000000e-03
3.389577858584e+00 3.095825451530e-02 -5.000000000000e-03
2.314704833430e+00 2.596484416928e+00 -5.000000000000e-03
3.180084509016e+00 3.383229700896e-01 -5.000000000000e-03
4.337301001271e+00 6.170962222897e+00 -5.000000000000e-03
5.586944288283e+00 3.512718607649e+00 -5.000000000000e-03
3.998513893732e+00 5.628945721434e+00 -5.000000000000e-03
3.025244518514e+00 5.753807861638e-01 -5.000000000000e-03
2.597435400448e+00 2.496922218674e+00 -5.000000000000e-03
3.191125036707e+00 4.312051455154e+00 -5.000000000000e-03
3.856224299081e+00 6.128576080896e+00 -5.000000000000e-03
2.428539565010e+00 3.465255537396e+00 -5.000000000000e-03
5.441405669890e+00 1.140152489386e+00 -5.000000000000e-03
2.574114801541e+00 5.591657752188e+00 -5.000000000000e-03
4.478529497664e+00 1.790166366064e+00 -5.000000000000e-03
4.224516592511e+00 1.437830811264e-01 -5.000000000000e-03
3.762944738292e+00 4.171604041608e-01 -5.000000000000e-03
5.444091559988e+00 1.129419632767e+00 -5.000000000000e-03
6.060327787145e+00 9.733188009543e-01 -5.000000000000e-03
2.310107696442e+00 1.160743568359e+00 -5.000000000000e-03
2.866369687555e+00 3.081691333930e+00 -5.000000000000e-03
3.415876246238e+00 2.590663036877e+00 -5.000000000000e-03
3.179182332138e+00 1.078253245466e+00 -5.000000000000e-03
3.778759516460e+00 5.344673616360e+00 -5.000000000000e-03
3.563006766241e+00 4.446195711936e+00 -5.000000000000e-03
3.345177402952e+00 3.456595332446e+00 -5.000000000000e-03
4.701972059720e+00 1.065540483718e+00 -5.000000000000e-03
3.857482459739e+00 1.903359128691e+00 -5.000000000000e-03
3.159653319975e+00 3.921639279596e-01 -5.000000000000e-03
1.736614737467e+00 5.314091820061e+00 -5.000000000000e-03
4.824377191638e-02 2.546344805373e-01 -5.000000000000e-03
1.426769165061e+00 5.610132442091e+00 -5.000000000000e-03
4.741798690437e+00 3.449999713535e+00 -5.000000000000e-03
1.327200195397e-01 5.674581369945e+00 -5.000000000000e-03
4.776266900484e+00 3.264858864340e+00 -5.000000000000e-03
2.072506937127e+00 5.622628445359e+00 -5.000000000000e-03
2.194843118882e+00 5.089814023225e+00 -5.000000000000e-03
3.448755974498e+00 1.606854104331e+00 -5.000000000000e-03
3.116945555484e-01 5.808845555686e+00 -5.000000000000e-03
3.492621260192e+00 4.590712783970e-01 -5.000000000000e-03
2.103683722984e+00 5.577523716696e+00 -5.000000000000e-03
3.418578105518e+00 6.179998790577e+00 -5.000000000000e-03
4.083091778512e+00 8.698934280158e-01 -5.000000000000e-03
1.939821906410e-01 5.614621054263e+00 -5.000000000000e-03
