2.344985557487e+00 3.792955418171e+00 5.000000000000e-03
8.584001202032e-01 5.110939700863e+00 5.000000000000e-03
1.470955738864e+00 6.143474260056e+00 5.000000000000e-03
5.601980007101e+00 3.423892831379e+00 5.000000000000e-03
4.311643212435e-01 1.730224052602e+00 5.000000000000e-03
1.722246856623e+00 2.881504145400e+00 5.000000000000e-03
3.621441910105e-01 2.256891956607e+00 5.000000000000e-03
6.124173254343e+00 4.452921599275e+00 5.000000000000e-03
2.778625453294e+00 3.496199479608e+00 5.000000000000e-03
3.659412796151e+00 4.982445414367e+00 5.000000000000e-03
1.721647570045e+00 1.253733490693e+00 5.000000000000e-03
1.037813729070e+00 4.949945281541e+00 5.000000000000e-03
5.403324038537e+00 4.962910954704e+00 5.000000000000e-03
1.506264034038e+00 1.044769745718e-01 5.000000000000e-03
5.652307564869e-01 4.835247631329e+00 5.000000000000e-03
5.252029457762e+00 4.636819921047e+00 5.000000000000e-03
2.708126111416e+00 2.653783740906e+00 5.000000000000e-03
1.768875333916e+00 1.463083397225e+00 5.000000000000e-03
1.388374826866e+00 4.505638242987e+00 5.000000000000e-03
1.118684160226e+00 1.355965799431e+00 5.000000000000e-03
1.687909318256e+00 5.509101048621e+00 5.000000000000e-03
9.431920622035e-01 4.979256688002e+00 5.000000000000e-03
5.536556342899e+00 4.853004239917e+00 5.000000000000e-03
2.644943020506e+00 2.991008513308e+00 5.000000000000e-03
7.567633626818e-01 5.250504228777e+00 5.000000000000e-03
2.517115915398e+00 3.195618531340e+00 5.000000000000e-03
7.699396026976e-01 4.438745814099e+00 5.000000000000e-03
5.632746683603e+00 1.025501614501e+00 5.000000000000e-03
4.928644281341e+00 2.794100614941e+00 5.000000000000e-03
4.730730544016e+00 5.231389377549e+00 5.000000000000e-03
4.085797731594e+00 3.795697230541e+00 5.000000000000e-03
5.741982487940e+00 5.595757234141e+00 5.000000000000e-03
1.340795838619e+00 4.609177473873e-01 5.000000000000e-03
8.956487168094e-01 3.694810319024e+00 5.000000000000e-03
6.234881997010e+00 5.086452544982e+00 5.000000000000e-03
5.574196100676e+00 2.501627969688e+00 5.000000000000e-03
6.689860354152e-01 4.864910132883e+00 5.000000000000e-03
1.992044652770e+00 3.748795422843e+00 5.000000000000e-03
2.973935828328e+00 3.082948713603e+00 5.000000000000e-03
9.388847459761e-01 5.585312016808e+00 5.000000000000e-03
1.562406310460e-01 5.178709519499e+00 5.000000000000e-03
1.324596190607e-01 2.461434209041e+00 5.000000000000e-03
5.982676025508e-01 2.938275286609e-01 5.000000000000e-03
2.307979844234e+00 8.010689528060e-01 5.000000000000e-03
6.216615257151e+00 3.284258949532e+00 5.000000000000e-03
5.386352337359e+00 4.618244000615e+00 5.000000000000e-03
5.027962552900e-01 3.824637186027e+00 5.000000000000e-03
4.014990272443e+00 4.477956944035e+00 5.000000000000e-03
5.657693987536e+00 5.699607391827e+00 5.000000000000e-03
1.227643112826e+00 4.820847663899e+00 5.000000000000e-03
8.535830973361e-01 1.718672702068e+00 5.000000000000e-03
4.184091555507e+00 3.668903036233e+00 5.000000000000e-03
1.461584495459e+00 3.148771656622e+00 5.000000000000e-03
1.146437773210e+00 4.006045804182e+00 5.000000000000e-03
5.224829116124e+00 4.876173295493e+00 5.000000000000e-03
7.790248525888e-01 1.946376008166e+00 5.000000000000e-03
1.690043045790e-01 5.925338713494e+00 5.000000000000e-03
1.225406132459e+00 2.234867456874e+00 5.000000000000e-03
4.976500918132e-01 2.502020659410e+00 5.000000000000e-03
1.772023569756e+00 4.523403106914e+00 5.000000000000e-03
1.649512164802e+00 3.399689828050e+00 5.000000000000e-03
4.009118523805e+00 2.586022083784e-02 5.000000000000e-03
6.228489705192e+00 5.060207397189e+00 5.000000000000e-03
4.681103696229e-01 1.564132456823e+00 5.000000000000e-03
5.205675125274e+00 4.423829873312e+00 5.000000000000e-03
5.166648760553e+00 4.132721046442e+00 5.000000000000e-03
5.424165466916e+00 4.897944568863e+00 5.000000000000e-03
3.916249758071e+00 5.922500090456e-02 5.000000000000e-03
8.773361770491e-01 4.978492046453e+00 5.000000000000e-03
5.577229206507e+00 4.816576717835e+00 5.000000000000e-03
1.029703299552e+00 6.083630065476e+00 5.000000000000e-03
5.918887277347e+00 2.782234907093e+00 5.000000000000e-03
1.193113128724e+00 4.998634680128e+00 5.000000000000e-03
5.857554904463e+00 5.858391219558e+00 5.000000000000e-03
5.628667397015e+00 4.888342542321e+00 5.000000000000e-03
1.352426882734e+00 3.882197404189e+00 5.000000000000e-03
3.962482518441e+00 3.177762759592e+00 5.000000000000e-03
2.695088180803e-01 1.141992664580e+00 5.000000000000e-03
5.950943333328e+00 4.518137723150e+00 5.000000000000e-03
3.903472636135e+00 5.043652891523e+00 5.000000000000e-03
2.065302819942e+00 4.909824204453e+00 5.000000000000e-03
2.007289153208e+00 5.592131097362e+00 5.000000000000e-03
7.712214100127e-01 4.809113335999e+00 5.000000000000e-03
1.448197443902e+00 5.788761726421e+00 5.000000000000e-03
2.421028055910e+00 3.880767439741e+00 5.000000000000e-03
5.730569451527e+00 1.106474761365e+00 5.000000000000e-03
1.372998161872e+00 2.033177334381e+00 5.000000000000e-03
6.088317571779e+00 4.138659111960e+00 5.000000000000e-03
2.067558243242e+00 4.312521139602e+00 5.000000000000e-03
6.036173935978e-01 4.582243182793e+00 5.000000000000e-03
4.567972172480e+00 4.930542679973e+00 5.000000000000e-03
5.971111902831e-01 4.716038417118e+00 5.000000000000e-03
4.298754960872e-01 2.295294069758e+00 5.000000000000e-03
5.337137414691e-01 4.661791976283e+00 5.000000000000e-03
1.370796949078e+00 4.690523522769e+00 5.000000000000e-03
6.996342362958e-01 4.450162535185e+00 5.000000000000e-03
4.485173463603e+00 4.651769055827e+00 5.000000000000e-03
5.703484643338e-02 2.782286272340e-01 5.000000000000e-03
3.176808437049e+00 3.788687953454e+00 5.000000000000e-03
1.129875526198e+00 3.594559704839e+00 5.000000000000e-03
1.745367270293e-01 5.457207345239e-01 -5.000000000000e-03
3.132253939550e+00 6.259424998836e+00 -5.000000000000e-03
3.716963377508e+00 1.272172724109e+00 -5.000000000000e-03
3.723147907819e+00 1.068372623816e+00 -5.000000000000e-03
3.347583686893e+00 9.188966564840e-01 -5.000000000000e-03
3.046583602237e+00 4.131717867221e+00 -5.000000000000e-03
5.689931706483e+00 3.074415780298e+00 -5.000000000000e-03
5.707673050463e+00 2.797322516181e+00 -5.000000000000e-03
3.409498842576e+00 1.329493178079e+00 -5.000000000000e-03
2.673909303287e+00 2.311659148943e-01 -5.000000000000e-03
2.465663547585e+00 2.224470431846e+00 -5.000000000000e-03
3.464264703839e+00 1.269980295243e+00 -5.000000000000e-03
3.372437210609e+00 1.925227704915e-01 -5.000000000000e-03
4.244581701362e+00 5.658734196060e+00 -5.000000000000e-03
3.204548602604e+00 4.275474324714e+00 -5.000000000000e-03
5.539747548615e-01 3.584874128241e+00 -5.000000000000e-03
3.506123962238e+00 4.054755960285e+00 -5.000000000000e-03
2.674443071249e+00 5.811464187176e-01 -5.000000000000e-03
2.482354160158e+00 9.380896160678e-01 -5.000000000000e-03
3.216944847140e+00 4.348204284503e+00 -5.000000000000e-03
3.609864315780e+00 5.717443269838e+00 -5.000000000000e-03
1.818889317652e+00 2.199814267188e+00 -5.000000000000e-03
2.773679601625e+00 1.785908728310e+00 -5.000000000000e-03
1.162696020498e+00 1.922189429130e+00 -5.000000000000e-03
2.427407642501e+00 1.473914668062e+00 -5.000000000000e-03
2.696691083269e-02 2.396417247544e+00 -5.000000000000e-03
6.081103711736e+00 9.093710065500e-01 -5.000000000000e-03
1.686483773904e+00 4.140661894414e+00 -5.000000000000e-03
2.714977706840e+00 6.020965639368e+00 -5.000000000000e-03
2.768408681132e+00 1.299408164565e+00 -5.000000000000e-03
2.914588282621e+00 1.795124442309e+00 -5.000000000000e-03
4.992168217979e+00 3.329603694377e+00 -5.000000000000e-03
8.276241030868e-01 1.374571431052e+00 -5.000000000000e-03
8.288222129370e-01 2.920511301691e-01 -5.000000000000e-03
3.801128478858e+00 2.814324781776e+00 -5.000000000000e-03
3.337745037969e+00 5.382307389052e-01 -5.000000000000e-03
2.287849164898e+00 2.071372430045e+00 -5.000000000000e-03
5.023188751350e+00 6.108624297657e+00 -5.000000000000e-03
3.264697517649e+00 1.556228555136e+00 -5.000000000000e-03
6.220870774641e+00 2.238362595711e+00 -5.000000000000e-03
1.780263579154e-03 8.919538558070e-01 -5.000000000000e-03
4.216250827865e+00 1.191833441825e+00 -5.000000000000e-03
1.477595038870e+00 1.046287595118e+00 -5.000000000000e-03
4.708857318518e+00 2.920249055238e+00 -5.000000000000e-03
5.626708153284e+00 1.714344536546e+00 -5.000000000000e-03
3.255057843372e+00 4.593351307909e-01 -5.000000000000e-03
3.745028402514e+00 5.840780438981e-01 -5.000000000000e-03
6.004880625887e+00 3.267104766172e+00 -5.000000000000e-03
4.018148017722e+00 3.295811321056e+00 -5.000000000000e-03
1.024131329095e+00 4.066559549413e+00 -5.000000000000e-03
2.916754219147e+00 1.648559310471e+00 -5.000000000000e-03
4.676672396674e+00 4.931128824318e-01 -5.000000000000e-03
7.169347719754e-01 3.775308465135e+00 -5.000000000000e-03
3.587637233118e+00 1.380105138270e+00 -5.000000000000e-03
4.787972795531e+00 1.141007115479e+00 -5.000000000000e-03
3.748789468158e+00 5.391269558207e+00 -5.000000000000e-03
3.135507423250e+00 4.960346815356e+00 -5.000000000000e-03
2.048604909008e+00 2.099533788931e+00 -5.000000000000e-03
1.483429924390e+00 4.683450746921e+00 -5.000000000000e-03
1.906306629288e+00 5.063069204053e+00 -5.000000000000e-03
3.184074994870e+00 1.500573820042e+00 -5.000000000000e-03
2.855977866053e+00 5.302850010335e+00 -5.000000000000e-03
4.958881500048e+00 9.861922211075e-01 -5.000000000000e-03
4.873537538993e+00 2.448835109692e+00 -5.000000000000e-03
4.865860562547e+00 5.273447289804e+00 -5.000000000000e-03
2.913481375073e+00 6.209259893583e+00 -5.000000000000e-03
4.462818990217e+00 1.710302669427e+00 -5.000000000000e-03
1.126927664720e+00 5.861256488444e+00 -5.000000000000e-03
4.433307941347e+00 2.329005009525e+00 -5.000000000000e-03
5.630048337747e+00 2.911871964665e+00 -5.000000000000e-03
2.773878325393e+00 1.231746883623e+00 -5.000000000000e-03
5.230669426904e+00 2.995620177391e+00 -5.000000000000e-03
6.188889289230e+00 3.517693605325e+00 -5.000000000000e-03
3.076116202202e+00 6.482642276051e-01 -5.000000000000e-03
3.445461652581e+00 1.076688042326e+00 -5.000000000000e-03
4.768589955317e+00 2.954935818012e+00 -5.000000000000e-03
3.488556403553e+00 2.152572746907e+00 -5.000000000000e-03
3.250444635969e+00 2.687832689884e+00 -5.000000000000e-03
1.361096252063e+00 2.551321178482e+00 -5.000000000000e-03
3.544879837642e+00 2.566633706505e+00 -5.000000000000e-03
5.747100740049e+00 6.144195274287e+00 -5.000000000000e-03
4.936269533970e+00 3.657963289123e+00 -5.000000000000e-03
2.821354276904e+00 2.324583965492e+00 -5.000000000000e-03
3.728172837430e+00 1.236428071045e+00 -5.000000000000e-03
5.190161931068e+00 3.567303898449e+00 -5.000000000000e-03
2.717106474840e+00 2.188825879735e+00 -5.000000000000e-03
2.863782269867e+00 1.697417949704e+00 -5.000000000000e-03
6.027262684811e+00 8.635481556272e-02 -5.000000000000e-03
4.091018489864e+00 6.138605863097e-01 -5.000000000000e-03
3.689873368231e+00 3.073547839177e+00 -5.000000000000e-03
2.476130210134e+00 5.567809545248e+00 -5.000000000000e-03
4.389357770019e+00 4.939612120467e+00 -5.000000000000e-03
2.623082539287e+00 1.637502008151e+00 -5.000000000000e-03
2.827380475622e+00 1.635056206228e+00 -5.000000000000e-03
4.026204902775e+00 1.046748138310e+00 -5.000000000000e-03
4.057571223725e+00 6.380126555625e-01 -5.000000000000e-03
3.952707265437e+00 1.494953734840e+00 -5.000000000000e-03
4.468245461340e+00 5.971969888602e+00 -5.000000000000e-03
5.186179441135e-01 2.759083945310e+00 -5.000000000000e-03
1.719196639021e+00 5.074576167514e+00 -5.000000000000e-03
