1.846102539767e+00 3.229155160542e+00 5.000000000000e-03
4.719298494372e+00 4.825776835779e+00 5.000000000000e-03
1.030901212203e+00 1.410335054259e+00 5.000000000000e-03
3.080756700088e+00 5.289863514207e+00 5.000000000000e-03
2.443492019793e+00 8.790500883069e-01 5.000000000000e-03
8.307836691849e-01 1.507376793524e+00 5.000000000000e-03
6.051459128523e-01 3.680983841299e+00 5.000000000000e-03
5.351502553881e+00 4.671119006913e+00 5.000000000000e-03
5.855965192407e+00 2.713718784985e+00 5.000000000000e-03
1.405930049681e-01 3.479888938498e+00 5.000000000000e-03
3.397602536764e+00 5.589905838634e+00 5.000000000000e-03
4.500792766420e+00 4.652007470133e+00 5.000000000000e-03
6.263305142663e+00 3.248330716808e+00 5.000000000000e-03
1.512677229206e+00 4.976990890384e+00 5.000000000000e-03
4.480235764878e+00 1.679078046391e-01 5.000000000000e-03
5.593050707940e+00 1.320712984721e+00 5.000000000000e-03
3.641027578177e+00 5.640991529136e-01 5.000000000000e-03
4.387683284588e+00 5.157915855323e+00 5.000000000000e-03
5.066641152293e+00 4.368486956262e-01 5.000000000000e-03
3.830252115066e+00 2.564972093385e+00 5.000000000000e-03
1.158955286742e+00 3.858820143980e+00 5.000000000000e-03
3.610452655326e+00 4.801097797163e+00 5.000000000000e-03
8.716961308268e-01 5.440186783330e+00 5.000000000000e-03
4.937664658796e+00 4.280777109144e+00 5.000000000000e-03
3.324683229989e-01 4.691885183228e+00 5.000000000000e-03
1.216408161501e-01 4.203124726617e+00 5.000000000000e-03
3.944786972622e+00 5.666668832598e+00 5.000000000000e-03
3.112204929959e+00 4.689533996975e+00 5.000000000000e-03
3.856856913138e+00 4.504989932276e+00 5.000000000000e-03
5.330386666049e-01 5.414892981824e+00 5.000000000000e-03
2.439947779624e-01 2.954051978775e+00 5.000000000000e-03
4.228197021630e+00 5.221160306518e+00 5.000000000000e-03
2.626639203680e+00 5.067450570679e+00 5.000000000000e-03
5.147159872875e+00 2.674120868939e+00 5.000000000000e-03
2.515073339537e+00 6.171960770048e+00 5.000000000000e-03
5.096933663674e+00 3.972450907904e+00 5.000000000000e-03
7.767772994058e-01 2.542412035098e+00 5.000000000000e-03
5.560522521041e+00 3.736402575971e+00 5.000000000000e-03
3.211328951542e-01 5.089300549965e+00 5.000000000000e-03
3.399054264205e+00 5.490936186027e+00 5.000000000000e-03
5.552169194990e+00 8.708714656232e-01 5.000000000000e-03
3.849679612069e-02 4.942041625181e+00 5.000000000000e-03
4.880062136048e+00 3.952243728834e+00 5.000000000000e-03
2.921810280714e+00 5.398234714308e+00 5.000000000000e-03
4.750491616608e+00 4.629333220904e+00 5.000000000000e-03
5.503752644982e+00 4.599363868802e+00 5.000000000000e-03
5.605983798153e+00 3.177015057640e+00 5.000000000000e-03
3.632419372600e+00 4.219968001735e+00 5.000000000000e-03
4.293924423196e+00 3.319378394898e+00 5.000000000000e-03
4.499713810807e-01 5.417330555187e+00 5.000000000000e-03
4.281503107292e+00 6.052128664193e+00 5.000000000000e-03
5.270076177004e+00 4.500358383341e+00 5.000000000000e-03
1.877736309651e+00 3.456947544798e+00 5.000000000000e-03
1.507860795447e+00 4.058383765724e+00 5.000000000000e-03
4.451616667457e+00 2.793229419390e+00 5.000000000000e-03
5.963487547077e-01 3.914406026709e-01 5.000000000000e-03
3.515849532404e+00 5.669956432447e+00 5.000000000000e-03
3.265647809710e+00 5.993469371059e+00 5.000000000000e-03
3.711815184355e+00 5.136365547641e+00 5.000000000000e-03
5.685504762087e+00 4.617392578300e+00 5.000000000000e-03
6.323208049266e-01 4.885862065778e+00 5.000000000000e-03
4.626491603117e+00 3.094432008546e-01 5.000000000000e-03
2.727084235018e+00 2.221310523808e+00 5.000000000000e-03
4.277265937933e+00 5.306322481167e+00 5.000000000000e-03
4.486021400202e+00 4.562792025539e+00 5.000000000000e-03
3.368041904296e-02 6.165828791150e+00 5.000000000000e-03
3.023161108944e+00 4.164398442421e-01 5.000000000000e-03
1.520885610390e+00 3.733920511864e-01 5.000000000000e-03
2.771568190316e+00 4.066237791893e+00 5.000000000000e-03
2.847148594563e+00 6.217116459961e+00 5.000000000000e-03
3.270059435886e+00 3.689543457012e+00 5.000000000000e-03
2.911342996222e+00 4.685092500846e+00 5.000000000000e-03
4.167775623750e+00 5.321728610659e+00 5.000000000000e-03
6.037803880862e+00 4.319444030684e+00 5.000000000000e-03
3.488666023213e+00 5.187029091262e+00 5.000000000000e-03
5.517821401690e+00 3.581803634407e+00 5.000000000000e-03
3.220520356004e+00 4.984767807726e+00 5.000000000000e-03
4.859903949251e+00 2.804035996884e-01 5.000000000000e-03
5.582380028988e+00 4.663743662681e+00 5.000000000000e-03
3.179597334685e+00 4.614225888958e+00 5.000000000000e-03
4.956822660315e-01 1.509085591329e+00 5.000000000000e-03
2.675921856987e+00 2.575009630027e+00 5.000000000000e-03
4.162840850954e+00 5.680835708638e+00 5.000000000000e-03
1.292862584432e+00 2.805135710634e+00 5.000000000000e-03
1.235564534061e+00 3.641453748008e+00 5.000000000000e-03
4.403805884307e+00 5.141706436831e+00 5.000000000000e-03
5.586803031071e+00 6.065483387617e+00 5.000000000000e-03
6.125930052253e+00 2.715972198611e+00 5.000000000000e-03
2.915821059103e+00 1.610691699084e+00 5.000000000000e-03
1.011265426468e+00 4.310087507110e+00 5.000000000000e-03
5.208279803157e-01 1.825676466675e-01 5.000000000000e-03
4.065927964234e+00 5.404668059149e+00 5.000000000000e-03
4.442099502684e+00 5.601993983476e+00 5.000000000000e-03
1.801416467443e+00 3.061878211253e-01 5.000000000000e-03
5.800686531347e+00 4.687272218697e+00 5.000000000000e-03
4.412279033771e+00 5.350609794748e+00 5.000000000000e-03
4.514471229144e+00 5.202262450761e+00 5.000000000000e-03
5.268819289136e+00 2.989573720197e-02 5.000000000000e-03
1.157292792116e+00 5.252885183894e+00 5.000000000000e-03
5.673320811090e+00 4.654268116182e+00 5.000000000000e-03
5.178198774308e+00 1.731560156190e+00 -5.000000000000e-03
1.536956122061e+00 8.397715855667e-01 -5.000000000000e-03
4.441680634332e+00 1.779988827180e+00 -5.000000000000e-03
4.092186487013e-01 5.983454827220e+00 -5.000000000000e-03
3.102625053348e-01 1.151277031625e-01 -5.000000000000e-03
5.660026018874e+00 5.591186550022e+00 -5.000000000000e-03
3.222324877939e+00 1.040410715583e+00 -5.000000000000e-03
5.981701273775e+00 1.120932424890e+00 -5.000000000000e-03
1.440274641328e+00 1.292288493688e+00 -5.000000000000e-03
4.574546222735e+00 1.331817059239e+00 -5.000000000000e-03
2.526975619482e+00 1.061180588895e+00 -5.000000000000e-03
6.052722926584e+00 9.934302446682e-01 -5.000000000000e-03
4.661512968749e+00 2.288614710565e+00 -5.000000000000e-03
1.888451867792e+00 1.718806827007e+00 -5.000000000000e-03
2.967733296244e+00 2.697854210669e+00 -5.000000000000e-03
2.305118481416e+00 1.360844831324e+00 -5.000000000000e-03
2.408561978287e+00 1.243355975839e+00 -5.000000000000e-03
4.129512248175e+00 2.027855042341e+00 -5.000000000000e-03
3.410013850583e-01 9.262818182858e-01 -5.000000000000e-03
1.238581907598e+00 1.061095234902e+00 -5.000000000000e-03
4.190426498719e+00 7.620680611679e-01 -5.000000000000e-03
1.344454052455e+00 1.574480244246e+00 -5.000000000000e-03
3.941614989708e+00 1.967053230648e+00 -5.000000000000e-03
1.810189522539e+00 2.731534712922e+00 -5.000000000000e-03
5.350224135970e-01 4.385318768531e+00 -5.000000000000e-03
1.478181661586e+00 1.811093129623e+00 -5.000000000000e-03
1.504538131039e-02 2.151686028620e+00 -5.000000000000e-03
4.829489402203e+00 1.273480514246e+00 -5.000000000000e-03
1.145036418607e+00 3.041583633659e+00 -5.000000000000e-03
5.817018686319e+00 1.971274900354e+00 -5.000000000000e-03
3.397249684563e+00 1.952498442148e+00 -5.000000000000e-03
1.943280128775e+00 5.411639936910e-01 -5.000000000000e-03
6.113622139437e+00 3.433407889361e+00 -5.000000000000e-03
4.757664054143e+00 2.466848896356e+00 -5.000000000000e-03
2.102699854521e+00 1.269480658145e+00 -5.000000000000e-03
2.422796703502e+00 5.890155349372e+00 -5.000000000000e-03
6.099763482977e+00 3.387043865396e+00 -5.000000000000e-03
1.918445327048e+00 1.376761339387e+00 -5.000000000000e-03
5.275441759284e+00 1.078291097710e+00 -5.000000000000e-03
4.480941576996e+00 1.926350018212e+00 -5.000000000000e-03
1.404117876898e+00 3.938101633041e+00 -5.000000000000e-03
8.700064624762e-01 6.151870166025e+00 -5.000000000000e-03
1.569425325643e+00 4.637007815136e+00 -5.000000000000e-03
5.298808781822e+00 2.102348772406e+00 -5.000000000000e-03
5.026190756075e+00 2.548905680340e+00 -5.000000000000e-03
3.232064498351e+00 2.162430260520e+00 -5.000000000000e-03
1.491784260544e+00 2.079722599271e+00 -5.000000000000e-03
1.055048703693e+00 3.476553936761e+00 -5.000000000000e-03
6.059339804732e-01 1.577141810455e+00 -5.000000000000e-03
5.272378251375e+00 3.258620982389e+00 -5.000000000000e-03
3.272931298097e+00 1.447879031691e-01 -5.000000000000e-03
1.387107609765e+00 4.610291047327e+00 -5.000000000000e-03
4.961335539801e+00 3.844784895775e+00 -5.000000000000e-03
8.319520241603e-01 2.832450928375e+00 -5.000000000000e-03
5.565829571197e+00 1.428532513554e+00 -5.000000000000e-03
1.746469450497e+00 1.144460981502e+00 -5.000000000000e-03
3.763095900677e+00 4.036912588290e+00 -5.000000000000e-03
5.594995934964e+00 1.550150802489e+00 -5.000000000000e-03
2.186073311461e+00 6.743197884281e-01 -5.000000000000e-03
4.436684762188e+00 3.443841838094e+00 -5.000000000000e-03
5.469826652868e+00 1.855656597693e+00 -5.000000000000e-03
1.402396989362e+00 8.778136623479e-01 -5.000000000000e-03
3.565663998985e+00 2.259376084004e+00 -5.000000000000e-03
4.952637532981e+00 2.134357907143e+00 -5.000000000000e-03
3.692593362758e-01 4.478452447307e+00 -5.000000000000e-03
5.626519753520e+00 2.828985747493e-01 -5.000000000000e-03
5.546770721505e+00 1.898372321948e+00 -5.000000000000e-03
3.347215478106e+00 1.581079714891e+00 -5.000000000000e-03
5.188412750682e+00 8.898293653684e-01 -5.000000000000e-03
1.640760435358e+00 8.546616659855e-01 -5.000000000000e-03
6.032926273650e+00 2.006906268104e+00 -5.000000000000e-03
4.511216765238e+00 2.064734109475e+00 -5.000000000000e-03
2.252440017599e+00 1.288467122116e+00 -5.000000000000e-03
1.323782777124e+00 1.378261407298e+00 -5.000000000000e-03
6.082809992994e+00 3.283112932328e+00 -5.000000000000e-03
2.256256221960e+00 2.103656808684e+00 -5.000000000000e-03
4.446692450780e+00 2.353376066295e+00 -5.000000000000e-03
5.733415446228e+00 1.973011373190e+00 -5.000000000000e-03
4.906514541920e+00 1.354152417656e+00 -5.000000000000e-03
2.234672995984e+00 1.235516364583e+00 -5.000000000000e-03
2.113302838820e+00 1.013638797102e+00 -5.000000000000e-03
5.282380773210e+00 1.704186510531e+00 -5.000000000000e-03
3.973608781508e+00 1.860431364641e+00 -5.000000000000e-03
7.744653352992e-01 4.273374472118e+00 -5.000000000000e-03
2.963711183915e+00 1.996163058255e+00 -5.000000000000e-03
4.117593802171e+00 2.198221724925e+00 -5.000000000000e-03
3.894356981480e+00 2.980851696213e+00 -5.000000000000e-03
4.198655534937e+00 9.021660264472e-01 -5.000000000000e-03
4.044148435747e-01 2.356658338856e+00 -5.000000000000e-03
2.544223415237e+00 1.020881706299e+00 -5.000000000000e-03
3.998747979761e+00 2.908011196428e+00 -5.000000000000e-03
1.917005117307e+00 3.930982121113e+00 -5.000000000000e-03
1.924100002913e+00 5.100463887807e+00 -5.000000000000e-03
6.008725700942e+00 1.183617193502e+00 -5.000000000000e-03
1.246311778968e+00 4.114039416231e+00 -5.000000000000e-03
2.235632597839e+00 5.311538744282e+00 -5.000000000000e-03
3.428373648672e+00 2.202758937675e+00 -5.000000000000e-03
3.528676062530e+00 1.554609436069e+00 -5.000000000000e-03
1.904947976787e+00 8.636662466505e-01 -5.000000000000e-03
2.435517705143e+00 2.132928675111e+00 -5.000000000000e-03
