2.849622523523e+00 1.176012104218e+00 5.000000000000e-03
2.591848702295e+00 6.124099877401e+00 5.000000000000e-03
2.853629742636e+00 4.654443281413e+00 5.000000000000e-03
4.212932188304e+00 3.070196252023e+00 5.000000000000e-03
3.851740277738e+00 4.992366488278e-01 5.000000000000e-03
3.328378614820e+00 4.950108239349e+00 5.000000000000e-03
5.832630566836e+00 4.846856726912e+00 5.000000000000e-03
3.254790809316e+00 5.837502670225e+00 5.000000000000e-03
2.729089931802e+00 1.004816574634e+00 5.000000000000e-03
2.594922417860e+00 3.679384857532e+00 5.000000000000e-03
5.158400958350e+00 5.679894851467e+00 5.000000000000e-03
2.480108644383e+00 3.883223937669e+00 5.000000000000e-03
2.344938798543e+00 2.603412642881e+00 5.000000000000e-03
3.904667387821e-02 6.226622962467e+00 5.000000000000e-03
5.134396844701e+00 2.929308156483e+00 5.000000000000e-03
3.773972270226e+00 4.554840069183e+00 5.000000000000e-03
5.431949488979e+00 4.388312936449e+00 5.000000000000e-03
4.839106132222e+00 3.129450384651e+00 5.000000000000e-03
5.544857072232e+00 9.180331690856e-01 5.000000000000e-03
3.300541237218e+00 3.241839633995e+00 5.000000000000e-03
4.654864349009e+00 4.410740130434e+00 5.000000000000e-03
3.714531034162e+00 1.687629923136e+00 5.000000000000e-03
6.208256244124e+00 2.722522208501e+00 5.000000000000e-03
3.330499892871e+00 4.419692816574e+00 5.000000000000e-03
3.527542054489e+00 3.668593759486e+00 5.000000000000e-03
4.113747913814e+00 3.998409276660e+00 5.000000000000e-03
3.965452261854e+00 5.267873081619e+00 5.000000000000e-03
2.719801510988e+00 3.768019211767e+00 5.000000000000e-03
5.025206436203e+00 3.225085896425e+00 5.000000000000e-03
3.988364436052e+00 4.118172885133e+00 5.000000000000e-03
5.216960487386e+00 4.164362771624e+00 5.000000000000e-03
3.425210162605e-02 3.971314782654e+00 5.000000000000e-03
4.041966245705e+00 2.124730497027e+00 5.000000000000e-03
2.244494670077e+00 4.404263257523e+00 5.000000000000e-03
4.582918783914e+00 4.533834508355e+00 5.000000000000e-03
4.801030893748e+00 2.823029793786e+00 5.000000000000e-03
8.092933892161e-01 1.914942384766e+00 5.000000000000e-03
3.987491619283e+00 3.461744167759e+00 5.000000000000e-03
3.675319468508e+00 4.873709872207e+00 5.000000000000e-03
3.507638034918e+00 3.718931578167e+00 5.000000000000e-03
8.176104640765e-01 9.285740678812e-02 5.000000000000e-03
2.113171438418e+00 6.079994862729e+00 5.000000000000e-03
2.404962131366e+00 2.971233614970e+00 5.000000000000e-03
4.783370650077e+00 4.397842967072e+00 5.000000000000e-03
4.989223798671e+00 2.705251843639e+00 5.000000000000e-03
4.167626983068e+00 2.597263093041e+00 5.000000000000e-03
4.358544180060e+00 2.359416892329e+00 5.000000000000e-03
3.465013259239e+00 6.095422331720e+00 5.000000000000e-03
4.918713465858e+00 2.858277520097e+00 5.000000000000e-03
4.003812449679e+00 9.930616884510e-01 5.000000000000e-03
1.907491468882e+00 3.639690672133e+00 5.000000000000e-03
3.731722605581e+00 3.784619815877e+00 5.000000000000e-03
4.406950828611e+00 3.093354616738e+00 5.000000000000e-03
4.786850389476e+00 2.642255300703e+00 5.000000000000e-03
4.965035381155e+00 2.764493540594e+00 5.000000000000e-03
1.988074233724e+00 4.632216753222e+00 5.000000000000e-03
3.892016125318e+00 1.610910901538e+00 5.000000000000e-03
4.154197235287e+00 2.452997970007e+00 5.000000000000e-03
2.980777193557e+00 4.324500489191e+00 5.000000000000e-03
4.160550294855e+00 2.557603581865e+00 5.000000000000e-03
5.314157031153e+00 9.470560051265e-01 5.000000000000e-03
3.856285912330e+00 5.366589533321e+00 5.000000000000e-03
1.923462696080e+00 1.761511828037e+00 5.000000000000e-03
6.686862438574e-01 5.270412332352e+00 5.000000000000e-03
5.755110774836e+00 2.856968338199e+00 5.000000000000e-03
5.137757237592e+00 4.084279664540e+00 5.000000000000e-03
4.065622552677e+00 5.529606185330e+00 5.000000000000e-03
2.267388657601e+00 9.287001389344e-01 5.000000000000e-03
5.222141757938e+00 2.777171903382e+00 5.000000000000e-03
1.934945125388e+00 4.143214369248e+00 5.000000000000e-03
4.371491090252e+00 6.265210568847e+00 5.000000000000e-03
4.822635965887e+00 3.348609629604e+00 5.000000000000e-03
8.911504143258e-01 1.918411463417e+00 5.000000000000e-03
4.808983342249e+00 6.805420629158e-01 5.000000000000e-03
2.828137302299e+00 4.706121309255e+00 5.000000000000e-03
4.515771519389e+00 4.866955612152e+00 5.000000000000e-03
4.204021214294e+00 3.890303352632e+00 5.000000000000e-03
5.566245828150e+00 5.838765684717e+00 5.000000000000e-03
5.414408312910e+00 6.070126406747e+00 5.000000000000e-03
3.975943213076e+00 3.523540527002e+00 5.000000000000e-03
2.334274061414e+00 4.018115118395e+00 5.000000000000e-03
5.077205418632e+00 5.213558171825e+00 5.000000000000e-03
2.362191722190e+00 2.159530873181e+00 5.000000000000e-03
2.779463554001e+00 3.857951279906e+00 5.000000000000e-03
3.691867593262e+00 1.996022150732e+00 5.000000000000e-03
4.861162550974e+00 3.124649454440e+00 5.000000000000e-03
2.955246858790e+00 1.771625204490e+00 5.000000000000e-03
5.982483746305e+00 1.423959107283e+00 5.000000000000e-03
4.085559609323e+00 3.937576317743e+00 5.000000000000e-03
5.311585242573e+00 5.621315536038e+00 5.000000000000e-03
3.745443183811e+00 1.674752616822e+00 5.000000000000e-03
3.711960075603e+00 2.185893175502e+00 5.000000000000e-03
3.531064073601e+00 3.986952064990e+00 5.000000000000e-03
4.917429945076e+00 4.267622162152e+00 5.000000000000e-03
4.508062428072e+00 4.920786278272e+00 5.000000000000e-03
5.207093238139e+00 4.093899341326e+00 5.000000000000e-03
4.085102624132e+00 2.914248193523e+00 5.000000000000e-03
4.151660297197e+00 3.251341898248e+00 5.000000000000e-03
4.025053247589e+00 2.971521880293e+00 5.000000000000e-03
3.764161898294e+00 6.013590986315e+00 5.000000000000e-03
3.371737165660e+00 2.386627833590e+00 -5.000000000000e-03
5.229163455301e+00 1.397621481398e+00 -5.000000000000e-03
1.903639486634e+00 1.212964250108e-01 -5.000000000000e-03
4.015174169365e+00 2.541479316705e+00 -5.000000000000e-03
1.525949537053e+00 1.367567884095e+00 -5.000000000000e-03
8.218258601108e-01 3.289182061840e+00 -5.000000000000e-03
3.510854900634e+00 2.410996816866e+00 -5.000000000000e-03
6.695140297901e-01 2.244596271392e+00 -5.000000000000e-03
1.613857081552e+00 1.328070800354e+00 -5.000000000000e-03
9.186435357384e-01 7.550068221974e-01 -5.000000000000e-03
6.016679850529e+00 1.088222779448e+00 -5.000000000000e-03
1.888004820214e+00 8.899931232631e-01 -5.000000000000e-03
5.961430814667e+00 3.919830729859e+00 -5.000000000000e-03
3.372626593471e+00 9.240759372881e-03 -5.000000000000e-03
5.605697022013e+00 2.786008525683e+00 -5.000000000000e-03
3.624144385534e-01 3.512243890668e+00 -5.000000000000e-03
6.261957692464e+00 3.595859356985e+00 -5.000000000000e-03
8.393929101179e-01 1.028685562806e+00 -5.000000000000e-03
9.423325101817e-01 1.230055559431e+00 -5.000000000000e-03
4.459139214465e+00 5.648591782646e-01 -5.000000000000e-03
6.848575189265e-01 8.736524893381e-01 -5.000000000000e-03
1.814993624068e+00 4.766248013337e-01 -5.000000000000e-03
6.017332725532e+00 3.831256625753e+00 -5.000000000000e-03
8.150716120694e-01 7.077188552353e-01 -5.000000000000e-03
6.028278193249e+00 2.667104450307e+00 -5.000000000000e-03
6.148812142392e-01 6.133560709772e+00 -5.000000000000e-03
9.118998727819e-01 1.232261875348e+00 -5.000000000000e-03
1.009490122726e+00 5.748593413915e-01 -5.000000000000e-03
5.856095622092e+00 9.612841544996e-01 -5.000000000000e-03
6.275492393898e+00 5.162670741374e+00 -5.000000000000e-03
1.015172800597e+00 1.376563942348e+00 -5.000000000000e-03
4.686962902380e+00 1.685955947293e-01 -5.000000000000e-03
1.229897216265e+00 4.838311345760e-01 -5.000000000000e-03
4.676084481187e-01 5.184542099335e+00 -5.000000000000e-03
4.986261998020e+00 9.940635443315e-01 -5.000000000000e-03
3.826967164758e-02 2.233472179873e+00 -5.000000000000e-03
1.284097652853e+00 3.720942881454e+00 -5.000000000000e-03
2.035696086412e+00 3.522309861287e+00 -5.000000000000e-03
8.089644725607e-01 7.069901688549e-01 -5.000000000000e-03
2.519275705348e+00 2.714060470420e+00 -5.000000000000e-03
5.531903647268e+00 2.890558420260e+00 -5.000000000000e-03
1.298001118148e+00 2.640282827409e+00 -5.000000000000e-03
4.323968308576e+00 4.467465396584e-01 -5.000000000000e-03
1.363894903216e+00 1.266466240418e+00 -5.000000000000e-03
5.779984860726e-01 9.581131918409e-01 -5.000000000000e-03
1.020295119058e+00 2.729979436076e+00 -5.000000000000e-03
3.779620375013e+00 2.311796515650e+00 -5.000000000000e-03
1.416118911380e+00 2.938621100749e+00 -5.000000000000e-03
4.557548491691e+00 1.217918116879e+00 -5.000000000000e-03
2.966705039337e+00 5.460136926032e+00 -5.000000000000e-03
8.742207480084e-01 6.657571149896e-01 -5.000000000000e-03
5.892203862788e+00 4.717670521076e-01 -5.000000000000e-03
3.559438100499e+00 2.481196596637e+00 -5.000000000000e-03
4.666255449876e+00 1.238563728953e+00 -5.000000000000e-03
8.455661630921e-01 8.941531368327e-01 -5.000000000000e-03
6.804724876766e-01 1.053374734254e+00 -5.000000000000e-03
3.788835509873e+00 1.034877137901e+00 -5.000000000000e-03
1.125831346521e+00 4.168720838286e+00 -5.000000000000e-03
2.989992719534e-01 5.565753491515e+00 -5.000000000000e-03
1.748242936802e-01 1.461636708132e+00 -5.000000000000e-03
1.208593782057e+00 1.111664547315e+00 -5.000000000000e-03
1.750772465337e-01 5.251581540283e+00 -5.000000000000e-03
1.770274354099e+00 1.550603783782e+00 -5.000000000000e-03
5.184608469738e-01 6.170123880149e+00 -5.000000000000e-03
3.994671384276e+00 8.366228672222e-01 -5.000000000000e-03
6.161433289690e+00 3.733856448053e-01 -5.000000000000e-03
5.660194670738e+00 6.705269468968e-01 -5.000000000000e-03
2.078501478125e+00 3.277362214124e+00 -5.000000000000e-03
1.234175581773e+00 3.150152598988e+00 -5.000000000000e-03
6.154777834414e-01 2.321420830041e+00 -5.000000000000e-03
1.208723654846e+00 3.597777275061e+00 -5.000000000000e-03
9.176298672411e-01 3.945985746142e+00 -5.000000000000e-03
6.058868683171e+00 3.885243489885e+00 -5.000000000000e-03
6.135228007423e+00 5.179921442016e+00 -5.000000000000e-03
7.688865101222e-02 1.714439782895e+00 -5.000000000000e-03
1.792067487369e+00 1.109514906235e+00 -5.000000000000e-03
1.463377525080e+00 3.397228945784e+00 -5.000000000000e-03
3.624198789966e+00 5.496345833469e+00 -5.000000000000e-03
1.061740490535e+00 6.643743601983e-01 -5.000000000000e-03
5.350643092587e-01 4.734585994317e+00 -5.000000000000e-03
2.853786351861e+00 5.074333200271e-01 -5.000000000000e-03
1.111093232809e+00 1.363422541653e-01 -5.000000000000e-03
5.615880165284e+00 1.203134040395e+00 -5.000000000000e-03
1.338188594441e+00 4.678879078565e+00 -5.000000000000e-03
6.245305193995e-01 6.890666164945e-01 -5.000000000000e-03
6.629699000178e-01 1.579276037818e+00 -5.000000000000e-03
3.952170482653e+00 6.002125293629e+00 -5.000000000000e-03
5.954367465530e+00 2.028881863991e+00 -5.000000000000e-03
5.835058956936e+00 5.249659678579e+00 -5.000000000000e-03
6.010033159064e+00 1.046106945533e+00 -5.000000000000e-03
1.513070025548e+00 4.300981272399e+00 -5.000000000000e-03
2.029224798697e+00 4.403880877894e+00 -5.000000000000e-03
5.503791298324e+00 1.850040493415e+00 -5.000000000000e-03
2.220102471445e+00 3.320907892130e+00 -5.000000000000e-03
4.935471578090e+00 1.139621599810e+00 -5.000000000000e-03
5.475232533356e+00 4.221087337856e+00 -5.000000000000e-03
1.602123093562e-01 1.996628616788e+00 -5.000000000000e-03
2.848164841567e+00 5.775184834260e+00 -5.000000000000e-03
3.339755176816e+00 2.475617193044e+00 -5.000000000000e-03
2.956239786994e+00 2.082885188004e+00 -5.000000000000e-03
