1.035293492208e+00 4.491217467712e+00 5.000000000000e-03
1.332021648453e+00 9.776436854211e-02 5.000000000000e-03
3.401811080556e+00 2.737437068933e+00 5.000000000000e-03
4.496630859259e+00 1.266073999523e+00 5.000000000000e-03
4.141359987470e+00 6.281488460715e+00 5.000000000000e-03
1.287468796698e+00 3.212206748738e+00 5.000000000000e-03
2.560049993289e+00 9.690473630484e-01 5.000000000000e-03
5.542023269380e+00 3.738460615062e+00 5.000000000000e-03
1.777832478729e+00 4.231130696715e+00 5.000000000000e-03
4.919139245277e+00 4.702588394647e-01 5.000000000000e-03
4.174162745323e+00 2.768764645982e+00 5.000000000000e-03
5.445849290443e+00 5.129447055286e+00 5.000000000000e-03
3.510893990135e+00 2.975486395202e+00 5.000000000000e-03
6.007011032726e+00 2.236136892567e+00 5.000000000000e-03
4.877528581405e+00 4.694766413085e+00 5.000000000000e-03
1.268163986342e+00 5.830300790246e-01 5.000000000000e-03
6.002588116650e+00 6.613396421117e-01 5.000000000000e-03
5.886391658360e+00 4.277737647389e+00 5.000000000000e-03
2.025785590457e+00 2.630459068791e+00 5.000000000000e-03
1.403796569005e+00 6.239119032444e+00 5.000000000000e-03
4.575138180810e+00 5.304479966468e+00 5.000000000000e-03
2.259277463509e+00 1.428603192834e+00 5.000000000000e-03
4.284980245196e+00 6.040712386610e+00 5.000000000000e-03
4.695265266106e+00 4.383333326611e+00 5.000000000000e-03
1.239952138546e+00 3.992012855623e+00 5.000000000000e-03
5.178243686304e+00 5.553854355634e+00 5.000000000000e-03
4.441893912401e+00 5.034176807162e+00 5.000000000000e-03
4.102133407749e+00 6.137539301341e+00 5.000000000000e-03
2.417837333641e+00 3.668653584132e+00 5.000000000000e-03
1.949938673507e+00 1.152320664359e+00 5.000000000000e-03
8.240157397576e-01 4.175060632131e+00 5.000000000000e-03
9.759248398151e-01 5.367756028434e+00 5.000000000000e-03
4.019307656553e+00 2.298433486152e+00 5.000000000000e-03
1.589759862795e+00 9.904965559644e-01 5.000000000000e-03
1.817639593365e+00 2.958269865086e+00 5.000000000000e-03
3.865679298312e+00 4.472181508926e-01 5.000000000000e-03
4.307982380956e+00 1.142594824418e+00 5.000000000000e-03
3.333922533756e+00 1.398047717428e+00 5.000000000000e-03
5.990617988022e+00 6.822795128951e-01 5.000000000000e-03
4.413222493278e+00 5.427303040164e+00 5.000000000000e-03
3.349657322846e+00 3.824957187888e+00 5.000000000000e-03
1.754772244439e+00 1.309608418152e+00 5.000000000000e-03
1.564494151147e+00 2.183842057427e-01 5.000000000000e-03
1.578700848660e+00 8.570394484765e-01 5.000000000000e-03
4.212772999523e+00 3.649106515544e+00 5.000000000000e-03
4.787098848870e+00 3.446753758145e+00 5.000000000000e-03
4.057138614287e+00 5.008533967202e+00 5.000000000000e-03
4.644931300795e+00 5.736109778898e+00 5.000000000000e-03
1.113253015296e+00 2.620685922063e+00 5.000000000000e-03
1.147109287055e+00 2.800337902590e+00 5.000000000000e-03
5.027101361758e+00 5.661843535708e+00 5.000000000000e-03
4.161677806000e+00 5.181684504106e+00 5.000000000000e-03
1.654765937047e+00 1.305756200204e+00 5.000000000000e-03
2.698851617090e+00 3.425560022040e+00 5.000000000000e-03
2.753258172819e+00 1.157155708773e+00 5.000000000000e-03
1.308582562152e+00 4.853314910399e+00 5.000000000000e-03
1.170981715369e+00 3.289604374367e+00 5.000000000000e-03
4.769644919656e+00 2.480028723937e+00 5.000000000000e-03
2.603668018789e+00 6.140875679734e-01 5.000000000000e-03
3.355633302385e+00 4.284344538674e+00 5.000000000000e-03
1.137252048473e+00 6.134038338753e+00 5.000000000000e-03
5.220245566143e+00 6.154551651978e+00 5.000000000000e-03
2.036360773912e+00 4.697026267541e+00 5.000000000000e-03
2.889409353850e+00 5.742273791794e+00 5.000000000000e-03
5.219956956743e+00 2.004672550151e+00 5.000000000000e-03
5.655925423244e+00 1.792046453955e+00 5.000000000000e-03
3.433900883327e+00 4.112862540998e+00 5.000000000000e-03
6.338939010151e-02 3.868390788760e+00 5.000000000000e-03
4.511019025418e+00 1.040043564393e+00 5.000000000000e-03
4.013338536099e+00 4.475268159573e+00 5.000000000000e-03
1.247021453597e+00 6.095876796940e+00 5.000000000000e-03
5.076351116092e+00 9.418097281470e-01 5.000000000000e-03
3.702264122053e+00 2.130174729033e+00 5.000000000000e-03
1.083650739695e-01 3.530035269083e+00 5.000000000000e-03
4.012092673345e-01 6.263983505599e-01 5.000000000000e-03
3.448044738975e+00 1.636329016413e+00 5.000000000000e-03
3.625060984898e+00 2.199785654920e+00 5.000000000000e-03
5.865140598468e+00 1.950389941603e+00 5.000000000000e-03
5.656069792559e+00 2.527982982753e+00 5.000000000000e-03
2.608616763575e+00 1.380683050167e+00 5.000000000000e-03
1.596812757403e+00 5.857787880091e+00 5.000000000000e-03
3.751463128359e+00 5.468969024237e+00 5.000000000000e-03
1.522906722545e+00 5.759420625706e+00 5.000000000000e-03
4.007281243541e-01 4.350383766289e+00 5.000000000000e-03
5.014797673242e+00 5.690506459325e+00 5.000000000000e-03
1.658647330569e-01 4.057171508158e+00 5.000000000000e-03
4.662635025289e+00 3.699179257801e+00 5.000000000000e-03
1.674375883124e-01 5.633625532748e+00 5.000000000000e-03
1.931803682290e+00 5.594393847991e+00 5.000000000000e-03
3.242905470992e+00 2.428430093144e+00 5.000000000000e-03
4.014545629763e+00 2.228866172849e+00 5.000000000000e-03
3.870869489337e+00 1.388883544135e+00 5.000000000000e-03
1.628765634197e+00 4.003428382691e+00 5.000000000000e-03
1.270479740570e+00 4.507505553117e+00 5.000000000000e-03
2.626313978346e+00 2.353891937775e+00 5.000000000000e-03
5.521060117762e+00 6.181387133323e+00 5.000000000000e-03
5.927635190536e+00 4.606068233454e+00 5.000000000000e-03
7.215601022141e-01 1.636841436890e+00 5.000000000000e-03
5.455467034693e+00 5.065700689351e+00 5.000000000000e-03
3.893157311324e+00 4.377213279998e-01 5.000000000000e-03
1.161279838562e+00 3.627630666315e+00 -5.000000000000e-03
4.808762655919e-01 9.770009540086e-01 -5.000000000000e-03
1.212649550011e+00 4.993352876082e+00 -5.000000000000e-03
3.851619061595e+00 7.488875746467e-01 -5.000000000000e-03
5.888187444914e+00 2.661305417952e+00 -5.000000000000e-03
2.065410777016e-01 6.097045100705e+00 -5.000000000000e-03
8.976470190242e-01 1.742891927414e+00 -5.000000000000e-03
5.338414643311e+00 1.340219568444e+00 -5.000000000000e-03
9.329915815382e-01 1.547579923916e+00 -5.000000000000e-03
5.810633223710e+00 1.466708809835e+00 -5.000000000000e-03
1.404313332254e+00 2.296198212508e+00 -5.000000000000e-03
3.543643729197e+00 5.061709159680e-01 -5.000000000000e-03
3.278220598503e+00 8.865277354969e-01 -5.000000000000e-03
3.095807551429e-01 5.398707379606e+00 -5.000000000000e-03
1.943056719859e+00 4.402132567575e+00 -5.000000000000e-03
3.842366425566e+00 3.556734103324e+00 -5.000000000000e-03
9.010499969201e-01 1.632933933895e+00 -5.000000000000e-03
5.677605369467e+00 1.354400351147e+00 -5.000000000000e-03
5.842204241421e-01 3.119903202465e+00 -5.000000000000e-03
2.253171111374e+00 4.261214009568e+00 -5.000000000000e-03
2.471210819808e+00 4.758222222540e+00 -5.000000000000e-03
2.281203249699e+00 5.741561726796e+00 -5.000000000000e-03
2.615534188913e+00 1.728811425674e+00 -5.000000000000e-03
6.125488395524e+00 2.687052901425e+00 -5.000000000000e-03
8.924673678781e-01 2.230186465657e-01 -5.000000000000e-03
1.409604916760e+00 2.318230598075e+00 -5.000000000000e-03
3.363941744769e+00 4.850065617592e+00 -5.000000000000e-03
5.387938586521e+00 2.527654326640e+00 -5.000000000000e-03
1.228407329846e+00 1.967293009303e+00 -5.000000000000e-03
1.085798989250e+00 1.897451511323e+00 -5.000000000000e-03
3.287059766951e+00 1.799786265692e+00 -5.000000000000e-03
2.351271469769e+00 5.093608586483e+00 -5.000000000000e-03
3.602841819000e+00 5.301059339367e+00 -5.000000000000e-03
1.148091473735e+00 2.165514539995e+00 -5.000000000000e-03
4.395199955652e+00 4.134643753570e+00 -5.000000000000e-03
3.402732825089e+00 2.977787331125e-01 -5.000000000000e-03
4.872198456193e+00 6.080976094007e+00 -5.000000000000e-03
1.044217915368e+00 1.735000886546e+00 -5.000000000000e-03
4.148549514146e+00 1.489462695327e+00 -5.000000000000e-03
2.674110069002e+00 4.529240875677e+00 -5.000000000000e-03
5.900166933361e+00 1.511891855687e+00 -5.000000000000e-03
3.798364233991e+00 4.556291789729e+00 -5.000000000000e-03
3.493960692861e+00 8.668649994040e-01 -5.000000000000e-03
8.507678446160e-01 1.582257292708e+00 -5.000000000000e-03
1.421499116551e-01 2.410949286454e+00 -5.000000000000e-03
5.880765819990e+00 3.301040003997e+00 -5.000000000000e-03
4.389122347389e+00 3.705406627926e+00 -5.000000000000e-03
6.024905339836e+00 1.212866831384e-01 -5.000000000000e-03
3.643816615789e+00 4.773260526394e+00 -5.000000000000e-03
2.290576344409e+00 4.681483196780e+00 -5.000000000000e-03
1.183322411630e+00 1.911293798710e+00 -5.000000000000e-03
5.233264928591e-01 5.890864644530e+00 -5.000000000000e-03
1.521675532942e-01 5.978550599995e+00 -5.000000000000e-03
7.991753331950e-01 2.994106477676e+00 -5.000000000000e-03
5.540199893677e+00 2.750480491043e+00 -5.000000000000e-03
3.019367668293e+00 1.677717898121e+00 -5.000000000000e-03
5.335365830594e+00 4.166635728989e+00 -5.000000000000e-03
2.422134927983e+00 7.112601177515e-01 -5.000000000000e-03
4.661786016332e+00 4.099174841508e+00 -5.000000000000e-03
1.983614122791e-01 5.842976913026e+00 -5.000000000000e-03
6.689535308666e-01 6.778952993296e-01 -5.000000000000e-03
2.681436958298e+00 8.493387902847e-01 -5.000000000000e-03
6.273687877052e+00 2.684589561869e+00 -5.000000000000e-03
4.979001022667e+00 1.143009479917e+00 -5.000000000000e-03
8.967702900065e-01 1.224972442568e-01 -5.000000000000e-03
2.492328757954e+00 8.227654606176e-01 -5.000000000000e-03
3.297314934430e+00 7.695494237889e-01 -5.000000000000e-03
3.050135411741e+00 5.852315412661e+00 -5.000000000000e-03
1.120376722286e+00 1.761632530718e+00 -5.000000000000e-03
4.328306725102e-01 3.425170726154e+00 -5.000000000000e-03
6.135516875075e+00 4.644775533181e+00 -5.000000000000e-03
5.467134395720e+00 4.145929183616e+00 -5.000000000000e-03
5.930021446085e+00 3.755801082040e+00 -5.000000000000e-03
2.140435597104e+00 3.950517812703e+00 -5.000000000000e-03
2.229745095116e+00 3.289417224851e+00 -5.000000000000e-03
1.374249778386e+00 5.133938919744e+00 -5.000000000000e-03
1.772215810042e+00 7.532164550851e-01 -5.000000000000e-03
6.189897043083e+00 5.366322678681e-01 -5.000000000000e-03
4.462095876141e+00 3.630121416771e+00 -5.000000000000e-03
2.001868169653e+00 3.168822514470e+00 -5.000000000000e-03
2.195246623381e+00 5.733931877155e+00 -5.000000000000e-03
4.441427641615e+00 3.114744351943e+00 -5.000000000000e-03
3.509680109581e+00 6.771842787277e-01 -5.000000000000e-03
3.444311527071e+00 1.811777862574e+00 -5.000000000000e-03
5.812121763424e+00 5.413034894685e+00 -5.000000000000e-03
2.528311768027e+00 4.825181220098e+00 -5.000000000000e-03
2.991921978723e+00 2.825743473018e+00 -5.000000000000e-03
3.527355088222e+00 5.397503838010e+00 -5.000000000000e-03
6.006374114745e+00 3.377043979406e+00 -5.000000000000e-03
5.136146966900e+00 2.611848119530e+00 -5.000000000000e-03
7.190816822205e-01 2.296516426832e+00 -5.000000000000e-03
6.215381668487e+00 5.832326612234e+00 -5.000000000000e-03
5.876209411081e-01 2.995704909103e+00 -5.000000000000e-03
6.280583430859e+00 1.363773893828e+00 -5.000000000000e-03
5.673032768908e+00 1.452849837950e+00 -5.000000000000e-03
2.873885151683e+00 7.911292747051e-01 -5.000000000000e-03
1.378536404953e+00 5.101202155067e+00 -5.000000000000e-03
3.785397861288e+00 4.155546144033e+00 -5.000000000000e-03
6.208792640042e+00 4.980336271340e+00 -5.000000000000e-03
2.646812272594e-01 5.947575739446e+00 -5.000000000000e-03
