1.414658209039e+00 4.253455124409e+00 5.000000000000e-03
4.088581971716e+00 4.253175939296e+00 5.000000000000e-03
3.160960415249e+00 2.994669083632e+00 5.000000000000e-03
3.828681800377e+00 5.822804666589e+00 5.000000000000e-03
1.176136730643e+00 3.110179683696e+00 5.000000000000e-03
2.560759753632e+00 5.056646433179e+00 5.000000000000e-03
2.681612011595e+00 3.749874473102e+00 5.000000000000e-03
2.329491057638e+00 3.358505676329e+00 5.000000000000e-03
3.342543604489e+00 3.132814628143e+00 5.000000000000e-03
4.369243929883e+00 4.929026040391e+00 5.000000000000e-03
5.242758149734e+00 3.180959639425e+00 5.000000000000e-03
2.319634278814e+00 3.234641160741e+00 5.000000000000e-03
3.011706029688e+00 6.057820306172e+00 5.000000000000e-03
1.902844306041e+00 4.188817457811e+00 5.000000000000e-03
5.869625703469e+00 6.507464933274e-01 5.000000000000e-03
3.078778461675e+00 1.112265949691e+00 5.000000000000e-03
2.843390543086e+00 4.407806288295e+00 5.000000000000e-03
2.991461599665e+00 5.615661737104e+00 5.000000000000e-03
2.778486988746e+00 3.949651202743e+00 5.000000000000e-03
1.320269914876e+00 5.240664427139e+00 5.000000000000e-03
1.610069252449e+00 5.102228031060e+00 5.000000000000e-03
3.287964096749e+00 4.137333515570e+00 5.000000000000e-03
5.181375712723e-01 2.967381927135e+00 5.000000000000e-03
1.914378597774e+00 1.865708721462e-01 5.000000000000e-03
1.972873793799e+00 4.105890003795e+00 5.000000000000e-03
1.484390486409e+00 3.884584290696e+00 5.000000000000e-03
3.309213043402e+00 4.112083531013e+00 5.000000000000e-03
1.776143827753e+00 4.745315325945e+00 5.000000000000e-03
2.916846496892e+00 3.956738599783e+00 5.000000000000e-03
4.113203819896e+00 4.715252727889e+00 5.000000000000e-03
3.013728014222e+00 4.078357610245e+00 5.000000000000e-03
3.339659033263e+00 5.910028640299e+00 5.000000000000e-03
7.400215981529e-01 5.944495421329e+00 5.000000000000e-03
4.145086274673e+00 2.357828578320e+00 5.000000000000e-03
2.090952433664e+00 5.253037066786e+00 5.000000000000e-03
2.655438298727e+00 4.728306417046e+00 5.000000000000e-03
3.477377220557e+00 1.606013223031e+00 5.000000000000e-03
2.590442757411e+00 5.558009122651e+00 5.000000000000e-03
5.839014962023e+00 2.596388648581e+00 5.000000000000e-03
3.873216122618e+00 5.040692313679e+00 5.000000000000e-03
1.232203218901e+00 2.008077082699e+00 5.000000000000e-03
2.634134859423e+00 5.625633924301e+00 5.000000000000e-03
2.776074408728e+00 3.833925988771e+00 5.000000000000e-03
1.493378286460e+00 3.916721890819e+00 5.000000000000e-03
3.204183036671e+00 4.270604783651e+00 5.000000000000e-03
6.015906767983e+00 2.337836599609e+00 5.000000000000e-03
3.984478137917e-01 3.378386886796e+00 5.000000000000e-03
5.491607647252e+00 5.999951908264e+00 5.000000000000e-03
6.114764799442e-01 4.187170818236e+00 5.000000000000e-03
3.124191945584e+00 2.340867961618e-01 5.000000000000e-03
1.531231439234e+00 4.149415971966e+00 5.000000000000e-03
1.521614570282e+00 4.489422472114e+00 5.000000000000e-03
4.702766874548e+00 4.160502942703e+00 5.000000000000e-03
5.606919528896e+00 3.851235623842e-01 5.000000000000e-03
5.333676841009e+00 3.048335524584e+00 5.000000000000e-03
4.212730384922e+00 5.009715813975e+00 5.000000000000e-03
2.813377945445e-01 4.538267870434e+00 5.000000000000e-03
4.356935675801e+00 6.159858461465e+00 5.000000000000e-03
1.663462255009e+00 3.787940206344e+00 5.000000000000e-03
3.226647933150e+00 2.398990000290e+00 5.000000000000e-03
1.118100912678e+00 5.710138507455e+00 5.000000000000e-03
4.270271264471e+00 3.070105411817e+00 5.000000000000e-03
6.313791961727e-01 3.682030060632e+00 5.000000000000e-03
1.824599363878e-01 4.922304045570e+00 5.000000000000e-03
1.288868519667e+00 6.225582266602e+00 5.000000000000e-03
8.767815051276e-01 1.353730602289e+00 5.000000000000e-03
2.245162927473e+00 1.681458008399e+00 5.000000000000e-03
5.106785243429e+00 4.690023935080e+00 5.000000000000e-03
1.812548290500e+00 3.401328559841e+00 5.000000000000e-03
1.761807483262e+00 3.960056551098e+00 5.000000000000e-03
3.237672945091e+00 4.473320186024e+00 5.000000000000e-03
1.198027615394e+00 5.016715169455e+00 5.000000000000e-03
1.578622110592e+00 4.235501399573e+00 5.000000000000e-03
1.645374733177e+00 4.517335656054e+00 5.000000000000e-03
5.127424181977e-01 3.819498266941e-01 5.000000000000e-03
3.072302482388e+00 1.392341647726e+00 5.000000000000e-03
2.045923452253e+00 4.406288199633e+00 5.000000000000e-03
3.045209866722e+00 1.986727984106e+00 5.000000000000e-03
4.657517095179e+00 2.597523721334e+00 5.000000000000e-03
5.142657003691e+00 5.696551669189e+00 5.000000000000e-03
9.727980847566e-01 6.126374182083e+00 5.000000000000e-03
5.801601535353e+00 4.954284991388e+00 5.000000000000e-03
3.646111835788e+00 4.105968727298e+00 5.000000000000e-03
4.676455789467e+00 5.580068408207e+00 5.000000000000e-03
3.826531371677e+00 2.970435852976e+00 5.000000000000e-03
1.994582780405e+00 3.975252054607e+00 5.000000000000e-03
2.006120264569e+00 4.445845702431e+00 5.000000000000e-03
4.517389671631e+00 4.289649985881e+00 5.000000000000e-03
2.990746564855e+00 4.240994482309e+00 5.000000000000e-03
4.260594378038e+00 5.607148773499e+00 5.000000000000e-03
1.363379333572e+00 1.142053127556e+00 5.000000000000e-03
8.974213907056e-01 3.864494564829e+00 5.000000000000e-03
3.583564167148e+00 1.847779300589e+00 5.000000000000e-03
1.568068254182e+00 4.584415943856e+00 5.000000000000e-03
6.207335163467e+00 5.032852067522e+00 5.000000000000e-03
2.922194745443e+00 3.122484754764e+00 5.000000000000e-03
5.636860070302e+00 4.816280629305e+00 5.000000000000e-03
3.039452604195e+00 3.827721733829e+00 5.000000000000e-03
1.971154384137e+00 4.263396325318e+00 5.000000000000e-03
2.994579551909e+00 4.079388234627e+00 5.000000000000e-03
3.202249080390e+00 1.897992025609e+00 -5.000000000000e-03
5.641707689310e+00 1.281316677006e+00 -5.000000000000e-03
5.172474101138e+00 2.612744411329e+00 -5.000000000000e-03
6.109154805995e+00 1.745292518206e+00 -5.000000000000e-03
5.306218333078e+00 7.092415190174e-01 -5.000000000000e-03
3.168754907191e+00 1.561112811125e+00 -5.000000000000e-03
3.882300246024e+00 4.652042848561e+00 -5.000000000000e-03
5.584596716137e+00 1.678123361687e+00 -5.000000000000e-03
4.075661499358e-01 1.113847163891e-01 -5.000000000000e-03
1.031029045781e+00 2.622268834026e+00 -5.000000000000e-03
3.849191572735e+00 6.248674811846e+00 -5.000000000000e-03
5.773795673383e+00 5.503458469633e-02 -5.000000000000e-03
2.780313554819e+00 6.021591850113e+00 -5.000000000000e-03
3.897088103562e-01 1.495824770909e+00 -5.000000000000e-03
5.675789484899e+00 1.470431186881e+00 -5.000000000000e-03
4.039388757295e+00 3.733136628116e+00 -5.000000000000e-03
9.751299760698e-01 1.766101220353e+00 -5.000000000000e-03
5.820822120632e+00 1.136931995669e+00 -5.000000000000e-03
8.325173719192e-01 5.222517303953e+00 -5.000000000000e-03
3.805491564903e+00 7.799836107918e-01 -5.000000000000e-03
1.688744700733e+00 5.524245850067e+00 -5.000000000000e-03
2.294914226335e+00 6.269586982505e+00 -5.000000000000e-03
5.568444790441e+00 3.908861908441e+00 -5.000000000000e-03
6.552960915368e-01 1.008562179186e+00 -5.000000000000e-03
6.143529429674e+00 1.031670170715e+00 -5.000000000000e-03
5.140305216921e+00 1.416002045561e+00 -5.000000000000e-03
5.552954672573e+00 1.518554363988e+00 -5.000000000000e-03
5.331311004768e+00 1.989655621125e+00 -5.000000000000e-03
5.803441164649e+00 1.079408284026e+00 -5.000000000000e-03
3.578891088589e+00 5.430351750440e+00 -5.000000000000e-03
4.790176139170e+00 9.557419093071e-01 -5.000000000000e-03
6.101342506886e+00 9.642962940571e-01 -5.000000000000e-03
2.006088944119e+00 6.742646047127e-01 -5.000000000000e-03
6.469182463204e-01 1.266815027554e+00 -5.000000000000e-03
2.442196975497e+00 1.043649112585e+00 -5.000000000000e-03
4.962460680390e+00 1.481130551542e+00 -5.000000000000e-03
4.399491166452e+00 1.048003676716e-01 -5.000000000000e-03
1.429340903377e+00 3.393519233189e+00 -5.000000000000e-03
5.414123038257e+00 6.214106595114e-01 -5.000000000000e-03
1.504917109312e+00 1.760613449588e+00 -5.000000000000e-03
5.412602253797e+00 3.941936697335e+00 -5.000000000000e-03
4.411486795122e+00 1.828210955743e+00 -5.000000000000e-03
4.478803047310e+00 1.068270780222e+00 -5.000000000000e-03
2.593665589431e+00 1.194199538086e+00 -5.000000000000e-03
8.891598726159e-01 2.875593016372e+00 -5.000000000000e-03
5.465716091524e+00 1.762870742093e+00 -5.000000000000e-03
2.115173414448e+00 2.245416600406e+00 -5.000000000000e-03
6.230800312099e+00 1.897821918047e+00 -5.000000000000e-03
4.494997302694e+00 8.350035687362e-01 -5.000000000000e-03
5.052249286296e+00 1.419863548613e+00 -5.000000000000e-03
1.820841043383e+00 2.417223288884e+00 -5.000000000000e-03
3.122988013809e-01 7.983988683208e-01 -5.000000000000e-03
9.453274370832e-01 8.109213016845e-01 -5.000000000000e-03
3.859895690740e+00 2.173555328249e-01 -5.000000000000e-03
6.221217415242e+00 7.417929575694e-01 -5.000000000000e-03
4.637659271168e+00 8.274720555228e-01 -5.000000000000e-03
2.443022930695e+00 6.105163625700e+00 -5.000000000000e-03
5.712202987027e+00 1.379554711973e+00 -5.000000000000e-03
2.256813549066e+00 5.629214750262e+00 -5.000000000000e-03
1.997267845382e+00 1.771424782762e+00 -5.000000000000e-03
5.721875458999e+00 2.175694646492e+00 -5.000000000000e-03
4.302915699438e+00 1.960696306611e+00 -5.000000000000e-03
4.860414502418e+00 4.598852168232e+00 -5.000000000000e-03
4.385268906197e+00 1.999998463730e+00 -5.000000000000e-03
5.603134062335e+00 4.254064407419e+00 -5.000000000000e-03
5.066488752629e+00 6.554341009610e-01 -5.000000000000e-03
6.179364893662e+00 9.865720853655e-01 -5.000000000000e-03
1.860852620895e+00 6.592443445309e-01 -5.000000000000e-03
5.090971525319e-01 1.679625285105e+00 -5.000000000000e-03
3.994950695459e+00 8.054031323752e-01 -5.000000000000e-03
5.880884850656e+00 8.099436213660e-01 -5.000000000000e-03
1.431532204464e+00 3.682037418804e-01 -5.000000000000e-03
5.360565440889e+00 9.696798924295e-01 -5.000000000000e-03
5.738601911636e+00 1.473252736660e+00 -5.000000000000e-03
6.344946162662e-01 1.755375926203e+00 -5.000000000000e-03
1.773320286419e+00 1.764116223212e+00 -5.000000000000e-03
8.019477922969e-01 1.041244151945e+00 -5.000000000000e-03
3.657098323737e-01 1.773223227063e-01 -5.000000000000e-03
4.462849416907e+00 1.209554507705e+00 -5.000000000000e-03
2.616028262601e-01 1.332405673821e+00 -5.000000000000e-03
6.121224436820e+00 3.681747149298e+00 -5.000000000000e-03
2.273813903545e+00 7.170527133758e-01 -5.000000000000e-03
1.506791661412e+00 1.955115899922e+00 -5.000000000000e-03
4.461851066658e+00 1.377031196718e+00 -5.000000000000e-03
5.160292418081e+00 1.732066143887e+00 -5.000000000000e-03
1.272311722999e-01 2.036332598213e+00 -5.000000000000e-03
5.917344263985e+00 9.138704333576e-01 -5.000000000000e-03
3.741436893075e+00 1.208711509039e-01 -5.000000000000e-03
5.624104671420e+00 9.467602556116e-01 -5.000000000000e-03
1.116693301688e+00 1.927101740997e+00 -5.000000000000e-03
2.895804976950e+00 2.903360477926e+00 -5.000000000000e-03
2.487218768668e+00 2.436813248118e+00 -5.000000000000e-03
5.250587773215e+00 1.788463314357e+00 -5.000000000000e-03
6.029453431963e+00 7.748138514646e-01 -5.000000000000e-03
4.776070990842e+00 1.478719827175e+00 -5.000000000000e-03
6.071946055318e+00 1.356020453966e+00 -5.000000000000e-03
4.652846559093e+00 1.603279559253e+00 -5.000000000000e-03
3.679937939896e+00 3.484339381000e+00 -5.000000000000e-03
5.479404243975e+00 1.584481740567e+00 -5.000000000000e-03
7.329338095979e-02 1.199779853689e+00 -5.000000000000e-03
