2.129275281011e+00 3.739350178314e+00 5.000000000000e-03
1.741071846178e+00 5.803678776379e-01 5.000000000000e-03
1.638988244350e+00 5.444836302755e+00 5.000000000000e-03
1.392558082308e+00 5.192155477654e+00 5.000000000000e-03
3.442821530911e+00 1.788818911881e+00 5.000000000000e-03
2.949581548478e+00 3.551302012918e+00 5.000000000000e-03
1.898778364885e+00 3.161091474305e+00 5.000000000000e-03
2.946967569058e+00 3.265324282887e+00 5.000000000000e-03
2.646028292159e+00 3.791492650289e+00 5.000000000000e-03
1.150616583291e+00 4.978871561327e+00 5.000000000000e-03
3.307818076878e-01 4.578209863001e+00 5.000000000000e-03
2.419077177971e+00 3.353739223687e+00 5.000000000000e-03
2.904989764455e+00 6.605783594351e-01 5.000000000000e-03
2.871270447801e+00 5.169291768454e+00 5.000000000000e-03
2.965164920910e+00 2.398352906467e+00 5.000000000000e-03
2.004418824575e+00 4.496924279878e+00 5.000000000000e-03
2.298462597689e+00 5.904291180832e+00 5.000000000000e-03
4.477458480812e+00 3.779190705799e+00 5.000000000000e-03
3.058725539191e+00 4.531698007069e+00 5.000000000000e-03
2.753594328953e+00 4.905340766058e+00 5.000000000000e-03
5.496422684795e+00 2.979240643503e+00 5.000000000000e-03
2.834729282440e+00 3.198169559953e+00 5.000000000000e-03
3.623428374205e+00 4.558276442729e+00 5.000000000000e-03
4.999685282760e+00 5.007842148133e+00 5.000000000000e-03
2.903207275638e+00 4.229708904257e+00 5.000000000000e-03
3.429306468742e+00 2.921970797206e+00 5.000000000000e-03
2.864533707768e+00 3.212817047526e+00 5.000000000000e-03
3.068629723668e+00 8.845708331710e-01 5.000000000000e-03
2.164580220935e+00 3.225059905637e+00 5.000000000000e-03
1.183703112926e+00 5.831778651127e+00 5.000000000000e-03
3.114440806149e+00 4.319872125958e+00 5.000000000000e-03
3.024186879396e+00 1.280341981644e+00 5.000000000000e-03
5.292091082035e-01 3.699107285275e+00 5.000000000000e-03
2.148991696891e+00 1.585299548764e+00 5.000000000000e-03
4.182676691019e+00 1.703060807333e+00 5.000000000000e-03
2.993838055185e+00 3.983869103934e+00 5.000000000000e-03
5.495738618010e-01 4.071778496726e+00 5.000000000000e-03
1.755739898487e+00 5.566039868469e+00 5.000000000000e-03
5.687150210484e+00 6.200001343046e+00 5.000000000000e-03
3.261562640595e+00 4.079489351785e+00 5.000000000000e-03
1.174560173654e+00 6.087239038207e+00 5.000000000000e-03
4.761847225940e+00 3.023444618472e+00 5.000000000000e-03
2.548694987566e+00 4.182271488651e+00 5.000000000000e-03
3.396444506399e+00 2.927380279177e+00 5.000000000000e-03
3.122826401066e+00 3.171143187821e+00 5.000000000000e-03
4.626291715967e+00 5.206768471422e+00 5.000000000000e-03
3.440528560298e+00 3.368134869423e+00 5.000000000000e-03
5.360761577511e+00 4.769626655940e+00 5.000000000000e-03
2.025839823153e+00 5.470344944192e+00 5.000000000000e-03
3.611086920707e+00 3.636783853860e-01 5.000000000000e-03
3.241647953026e+00 3.684684845397e+00 5.000000000000e-03
3.075563817848e+00 4.144197087566e+00 5.000000000000e-03
4.054962063397e+00 5.123970452963e+00 5.000000000000e-03
6.064318443315e+00 5.407711570208e+00 5.000000000000e-03
4.261997657333e+00 5.951215705974e+00 5.000000000000e-03
1.630863760806e+00 1.431756302422e-01 5.000000000000e-03
2.511913302104e+00 6.182258566200e+00 5.000000000000e-03
5.300395799194e+00 4.076519501263e+00 5.000000000000e-03
3.691858211510e+00 4.311668083929e+00 5.000000000000e-03
5.855627268317e+00 2.861610612997e+00 5.000000000000e-03
2.250733440749e+00 5.079132212649e+00 5.000000000000e-03
4.969823887251e+00 2.516130359130e+00 5.000000000000e-03
2.760961634198e+00 3.254992140959e+00 5.000000000000e-03
1.406828023891e+00 3.043303414585e+00 5.000000000000e-03
4.799812179901e+00 4.190969894872e+00 5.000000000000e-03
5.441003837613e+00 4.867484638298e+00 5.000000000000e-03
1.220478258419e+00 3.654424295983e+00 5.000000000000e-03
6.238643306592e+00 4.905486577310e+00 5.000000000000e-03
5.224743665127e+00 3.620216050751e+00 5.000000000000e-03
3.424287610353e+00 2.784677757240e+00 5.000000000000e-03
2.672332222801e+00 3.370496080158e+00 5.000000000000e-03
3.064490403983e+00 4.409497143660e+00 5.000000000000e-03
2.862985856243e+00 3.578754517179e+00 5.000000000000e-03
2.603230289536e+00 3.240819956632e+00 5.000000000000e-03
4.934633824754e+00 3.245401224985e+00 5.000000000000e-03
9.486292893108e-01 3.110672231937e+00 5.000000000000e-03
3.508476243649e+00 3.556002305857e+00 5.000000000000e-03
2.792078740919e+00 9.605671104260e-01 5.000000000000e-03
4.287997055240e+00 6.214230409505e+00 5.000000000000e-03
2.284154240414e+00 7.497101381596e-01 5.000000000000e-03
5.938801041110e+00 4.445794549838e+00 5.000000000000e-03
6.274597920824e+00 4.214535596280e+00 5.000000000000e-03
2.763371982080e+00 2.806072189942e+00 5.000000000000e-03
3.354465446880e+00 3.525352400557e+00 5.000000000000e-03
5.578605599878e+00 3.923483134188e+00 5.000000000000e-03
5.532256845883e+00 5.127554175026e+00 5.000000000000e-03
3.186236022977e+00 3.698147408204e+00 5.000000000000e-03
3.415090986502e+00 5.016694945684e+00 5.000000000000e-03
2.605493396772e+00 4.161753202691e+00 5.000000000000e-03
3.059606939298e+00 1.495998377285e+00 5.000000000000e-03
1.612925589874e+00 8.514009209350e-01 5.000000000000e-03
3.279990131647e+00 2.922146711339e+00 5.000000000000e-03
5.801907118290e+00 2.136558961353e+00 5.000000000000e-03
4.042547021616e+00 3.454257729795e+00 5.000000000000e-03
6.129438725525e+00 4.506252423388e+00 5.000000000000e-03
5.139439929180e+00 3.484206356850e+00 5.000000000000e-03
5.515881515861e+00 4.469376939529e+00 5.000000000000e-03
2.664627222595e+00 2.947162763884e+00 5.000000000000e-03
3.040860265165e+00 2.336827800677e+00 5.000000000000e-03
3.095457358698e+00 4.321353989118e+00 5.000000000000e-03
4.498614632238e+00 4.661868072351e+00 -5.000000000000e-03
1.341316283044e+00 2.396664477919e+00 -5.000000000000e-03
6.850679511098e-01 1.239639568404e+00 -5.000000000000e-03
1.005080745852e-01 1.376005454158e+00 -5.000000000000e-03
7.726367081146e-01 5.354427209631e+00 -5.000000000000e-03
6.274929507073e+00 3.284973780203e+00 -5.000000000000e-03
1.675415383845e+00 3.797797122813e+00 -5.000000000000e-03
5.406496114127e-01 1.228536267370e+00 -5.000000000000e-03
2.912656391448e+00 5.420238085011e+00 -5.000000000000e-03
1.688078064207e+00 4.142188289230e+00 -5.000000000000e-03
4.937185521956e+00 3.645785650071e+00 -5.000000000000e-03
3.636581109120e-01 1.921201546141e+00 -5.000000000000e-03
4.590065106652e+00 6.077972788908e-01 -5.000000000000e-03
5.117894535293e-01 1.342091162586e+00 -5.000000000000e-03
1.053314229825e+00 2.616328513331e+00 -5.000000000000e-03
2.636756134134e+00 2.360463820564e+00 -5.000000000000e-03
6.410740350629e-01 1.452141312304e+00 -5.000000000000e-03
6.099474289521e+00 1.606085140264e+00 -5.000000000000e-03
4.738131157312e+00 2.021452042557e+00 -5.000000000000e-03
5.303592460470e+00 6.160033110144e+00 -5.000000000000e-03
5.535390983629e+00 3.601886711361e-01 -5.000000000000e-03
1.333347377103e+00 2.184571577731e+00 -5.000000000000e-03
4.713052561571e+00 1.377838480126e+00 -5.000000000000e-03
2.902233769511e-01 1.228708873551e+00 -5.000000000000e-03
5.360863544374e+00 7.343577046619e-01 -5.000000000000e-03
6.048201529530e+00 1.071354590481e+00 -5.000000000000e-03
5.441315418779e+00 1.977076978453e+00 -5.000000000000e-03
6.211573835410e+00 9.740254375036e-01 -5.000000000000e-03
6.148520137788e+00 1.645543272252e+00 -5.000000000000e-03
2.487115558056e+00 2.605615931314e+00 -5.000000000000e-03
4.773114870883e-01 3.937448422728e-01 -5.000000000000e-03
5.218325947518e+00 6.050454489016e-01 -5.000000000000e-03
5.354664359175e+00 1.330808510796e+00 -5.000000000000e-03
6.212180559822e+00 4.583891648850e+00 -5.000000000000e-03
4.705656875144e-01 3.307715257814e+00 -5.000000000000e-03
5.578272233630e+00 5.553170414081e-01 -5.000000000000e-03
5.317849190002e+00 2.123614440704e+00 -5.000000000000e-03
1.122268207686e+00 4.435647862730e+00 -5.000000000000e-03
6.047901815828e-01 2.752474964493e+00 -5.000000000000e-03
2.831871054663e+00 1.646926738401e+00 -5.000000000000e-03
4.507081477340e+00 1.545967557011e+00 -5.000000000000e-03
1.806007472475e-01 1.126598333208e+00 -5.000000000000e-03
5.224557331441e+00 3.821206954859e-01 -5.000000000000e-03
1.827401570354e+00 9.908511290265e-01 -5.000000000000e-03
4.537514779655e+00 2.320006684521e+00 -5.000000000000e-03
5.017859076857e-01 2.611810298246e+00 -5.000000000000e-03
1.419272287096e+00 2.532011764818e+00 -5.000000000000e-03
3.703471698863e-01 4.156361169178e+00 -5.000000000000e-03
5.203448253817e+00 9.106968324117e-01 -5.000000000000e-03
6.002063222709e+00 1.829630396130e+00 -5.000000000000e-03
5.256428567325e+00 2.847084631931e+00 -5.000000000000e-03
5.880918931143e+00 5.682372772106e-01 -5.000000000000e-03
1.003791010441e+00 1.367845005048e+00 -5.000000000000e-03
5.692839505762e+00 4.089440244781e+00 -5.000000000000e-03
3.920400689146e+00 3.673133096884e+00 -5.000000000000e-03
9.059729451429e-01 8.378337268192e-01 -5.000000000000e-03
6.475179880300e-01 8.476509684083e-02 -5.000000000000e-03
3.207005191337e-01 1.527701233207e+00 -5.000000000000e-03
2.045685694147e+00 6.158544506352e+00 -5.000000000000e-03
1.893212314091e+00 2.017603048311e+00 -5.000000000000e-03
5.657626931366e+00 8.787813040263e-01 -5.000000000000e-03
3.410748004012e-01 7.646343578375e-01 -5.000000000000e-03
2.743515350008e+00 1.472648114890e+00 -5.000000000000e-03
4.618329634942e+00 3.828681107032e-01 -5.000000000000e-03
4.837876765985e+00 1.924439681904e+00 -5.000000000000e-03
4.753534930686e-03 1.839247403400e-01 -5.000000000000e-03
5.309930240677e+00 6.542121237042e-01 -5.000000000000e-03
5.606647109568e+00 1.419508638541e+00 -5.000000000000e-03
1.084086519148e-01 2.776989428385e+00 -5.000000000000e-03
8.368355632370e-01 2.262492595776e+00 -5.000000000000e-03
5.801087170023e+00 7.868152233644e-01 -5.000000000000e-03
1.954811341422e+00 3.373559178188e+00 -5.000000000000e-03
5.136507474572e+00 9.540932355877e-01 -5.000000000000e-03
3.194464498964e-01 1.089635393224e+00 -5.000000000000e-03
1.221084638549e+00 1.565300146524e+00 -5.000000000000e-03
1.980263334751e+00 2.106028465132e+00 -5.000000000000e-03
1.732087334048e-01 9.995664510361e-01 -5.000000000000e-03
2.932927284652e+00 5.348715912999e+00 -5.000000000000e-03
5.246859463487e+00 6.641703796845e-01 -5.000000000000e-03
8.442945351784e-01 1.247770371673e+00 -5.000000000000e-03
2.337341499258e+00 5.574315425740e+00 -5.000000000000e-03
7.333573899585e-02 3.317168334858e-01 -5.000000000000e-03
1.165660377825e+00 3.463669387781e+00 -5.000000000000e-03
6.072282425528e+00 5.918340828487e+00 -5.000000000000e-03
9.381614677453e-02 1.768521022148e+00 -5.000000000000e-03
1.379713526908e+00 7.601485617952e-01 -5.000000000000e-03
1.037455243267e+00 1.803925753888e+00 -5.000000000000e-03
5.696582903906e+00 3.509442466555e+00 -5.000000000000e-03
5.098782265848e+00 2.570169477172e-01 -5.000000000000e-03
3.583509051859e+00 3.314843566336e+00 -5.000000000000e-03
4.923427769203e-01 1.718622474391e+00 -5.000000000000e-03
5.847043712311e+00 3.627306747442e-01 -5.000000000000e-03
1.299590891529e-01 1.839077468761e+00 -5.000000000000e-03
4.674491722326e-01 1.017164929169e+00 -5.000000000000e-03
3.559120923926e-01 8.370335020875e-01 -5.000000000000e-03
4.917573172141e+00 2.140367364135e+00 -5.000000000000e-03
8.509046189668e-01 1.311870050517e+00 -5.000000000000e-03
3.090896197040e+00 5.016713765877e+00 -5.000000000000e-03
4.354944796313e+00 2.270306588680e+00 -5.000000000000e-03
4.998003967746e+00 5.858939622032e-01 -5.000000000000e-03
