5.573139489407e+00 2.451246946097e+00 5.000000000000e-03
3.064316100587e+00 3.933255840658e+00 5.000000000000e-03
1.996598956437e+00 1.555981029189e+00 5.000000000000e-03
1.109806711318e+00 1.614304356213e+00 5.000000000000e-03
2.504204183330e+00 2.319709490093e+00 5.000000000000e-03
1.273764264734e+00 4.215388635744e-02 5.000000000000e-03
2.821634252861e+00 5.417627104184e+00 5.000000000000e-03
5.407329422042e+00 4.670258702066e-01 5.000000000000e-03
4.108366492599e+00 4.875233017077e+00 5.000000000000e-03
5.868343678878e+00 1.633845364915e+00 5.000000000000e-03
3.672282087098e+00 5.574364004751e+00 5.000000000000e-03
4.691096293600e+00 2.889445156138e+00 5.000000000000e-03
5.993956272959e+00 6.160107831226e+00 5.000000000000e-03
1.909448151370e+00 4.984984940754e+00 5.000000000000e-03
5.775328046303e+00 5.300316430038e+00 5.000000000000e-03
1.795746157530e+00 2.778480239410e+00 5.000000000000e-03
3.929402951627e+00 4.720543029711e+00 5.000000000000e-03
5.830395417640e+00 5.183237413672e+00 5.000000000000e-03
1.838615772465e+00 1.614057630946e+00 5.000000000000e-03
2.948910305692e+00 3.189823079195e+00 5.000000000000e-03
4.362766113101e+00 5.118619127392e+00 5.000000000000e-03
6.268604969139e+00 1.748107513032e+00 5.000000000000e-03
1.154753547317e+00 1.324494299718e+00 5.000000000000e-03
6.046116678148e+00 5.106437481829e+00 5.000000000000e-03
5.259558292895e+00 8.149697314460e-01 5.000000000000e-03
1.199863746183e+00 4.768541100532e+00 5.000000000000e-03
2.927437835075e+00 4.044602460750e+00 5.000000000000e-03
4.111431622901e+00 2.869262592400e+00 5.000000000000e-03
4.636637432399e+00 2.923740294170e+00 5.000000000000e-03
1.849760078474e+00 2.886939443110e+00 5.000000000000e-03
1.621858428475e+00 8.546591049593e-01 5.000000000000e-03
2.933559064464e+00 3.271141696853e+00 5.000000000000e-03
4.674918167957e+00 2.474309405497e+00 5.000000000000e-03
2.885707980439e+00 6.161968739521e-01 5.000000000000e-03
4.841483556298e+00 3.151136355406e+00 5.000000000000e-03
1.869327206930e+00 4.913262889609e+00 5.000000000000e-03
4.128066924899e-01 1.041517428157e+00 5.000000000000e-03
3.779046626185e+00 3.669249630820e+00 5.000000000000e-03
4.637871093545e+00 5.215299327771e+00 5.000000000000e-03
5.548192457969e+00 4.709023532925e+00 5.000000000000e-03
6.079780451999e+00 1.977483312413e+00 5.000000000000e-03
4.361003055708e+00 3.008073712862e+00 5.000000000000e-03
5.158683768854e+00 5.556683308272e-01 5.000000000000e-03
5.441662043192e-01 5.394153939012e+00 5.000000000000e-03
1.864810396122e+00 5.796538267473e+00 5.000000000000e-03
4.722077604880e+00 5.859130908350e+00 5.000000000000e-03
3.603861600053e+00 5.007905132191e+00 5.000000000000e-03
5.844624707840e+00 9.146015488083e-01 5.000000000000e-03
5.708858149880e+00 4.414010626020e+00 5.000000000000e-03
4.087297073492e-02 3.557839682893e+00 5.000000000000e-03
3.253031267096e+00 2.600289588694e+00 5.000000000000e-03
4.467185189014e+00 3.486366756814e+00 5.000000000000e-03
1.407497257238e+00 9.214506634903e-01 5.000000000000e-03
3.408000998971e-01 2.258539127519e+00 5.000000000000e-03
3.749540169946e+00 9.290198762160e-01 5.000000000000e-03
3.469968226070e+00 7.376828484799e-01 5.000000000000e-03
5.971482635610e+00 5.548944639368e+00 5.000000000000e-03
1.265414905298e+00 4.418998817738e+00 5.000000000000e-03
2.994148064858e+00 3.057329337683e+00 5.000000000000e-03
2.458886486366e+00 6.188499697121e+00 5.000000000000e-03
3.324906075087e+00 4.970082089031e+00 5.000000000000e-03
2.396602866100e+00 2.063853078367e+00 5.000000000000e-03
5.658947065732e+00 4.832328901442e+00 5.000000000000e-03
1.198186229957e+00 5.245049923969e+00 5.000000000000e-03
4.837771726430e+00 9.837786425646e-01 5.000000000000e-03
2.684179220522e+00 6.021094223550e+00 5.000000000000e-03
1.241013038543e+00 2.006672279095e+00 5.000000000000e-03
3.014085409784e+00 2.989825672578e+00 5.000000000000e-03
4.538758474454e+00 4.446266354593e+00 5.000000000000e-03
9.285371324710e-01 8.973559303795e-01 5.000000000000e-03
6.035881084199e+00 2.331419631825e+00 5.000000000000e-03
6.121831554639e+00 2.721795373083e-01 5.000000000000e-03
5.630353086108e+00 1.881267278701e+00 5.000000000000e-03
8.537867791786e-01 8.739197296817e-01 5.000000000000e-03
4.444444850407e+00 5.937818824523e+00 5.000000000000e-03
4.172890709147e+00 5.229609619024e-01 5.000000000000e-03
2.187665654016e+00 6.083526946169e+00 5.000000000000e-03
1.995759791860e+00 6.040926505754e+00 5.000000000000e-03
5.398210931252e+00 5.258288267639e+00 5.000000000000e-03
3.464876629064e+00 2.369991634342e+00 5.000000000000e-03
6.212272322393e+00 2.836503171762e+00 5.000000000000e-03
2.814565650499e+00 2.572058918627e-02 5.000000000000e-03
4.049982420955e-01 3.344118054816e-01 5.000000000000e-03
6.279553532846e+00 6.735144470097e-01 5.000000000000e-03
3.271441666561e+00 2.624703264770e+00 5.000000000000e-03
1.324861073232e+00 5.428287507155e+00 5.000000000000e-03
3.905732061497e+00 8.285106369775e-01 5.000000000000e-03
3.150591741154e-01 6.028547065866e+00 5.000000000000e-03
1.717931373853e+00 5.666785465992e+00 5.000000000000e-03
2.987293096196e+00 2.364451774943e+00 5.000000000000e-03
2.089962858804e+00 1.575869089782e+00 5.000000000000e-03
5.213933925334e+00 5.541421650272e+00 5.000000000000e-03
4.194804870255e+00 3.614649724563e+00 5.000000000000e-03
3.583220286054e+00 2.570892628032e-01 5.000000000000e-03
3.219891820888e+00 3.035495801670e+00 5.000000000000e-03
4.840294871547e+00 2.571998439431e+00 5.000000000000e-03
5.631975171579e+00 1.804564230789e+00 5.000000000000e-03
2.204347350624e+00 6.208015934729e-01 5.000000000000e-03
9.950998012243e-01 1.357824228605e+00 5.000000000000e-03
1.592593060328e+00 6.180087605885e+00 5.000000000000e-03
4.464586159021e+00 2.769630466593e-01 -5.000000000000e-03
2.435604678244e+00 3.046050732468e+00 -5.000000000000e-03
5.802993282871e+00 7.480537423666e-03 -5.000000000000e-03
4.385168528081e+00 1.712658523138e+00 -5.000000000000e-03
3.230895724714e+00 2.174556167358e+00 -5.000000000000e-03
4.096584818503e+00 1.244108371871e+00 -5.000000000000e-03
5.498813165157e+00 1.503141930411e+00 -5.000000000000e-03
4.495141544274e+00 4.859040613504e+00 -5.000000000000e-03
7.263512033313e-01 2.750872187194e+00 -5.000000000000e-03
2.452940964444e+00 4.527404741863e-01 -5.000000000000e-03
1.230359025472e+00 2.836520552635e+00 -5.000000000000e-03
2.068708506834e+00 3.246183380338e+00 -5.000000000000e-03
5.689466094055e-01 3.904336872193e+00 -5.000000000000e-03
4.408757266792e+00 1.887473924704e+00 -5.000000000000e-03
4.477476185955e+00 1.696738278332e+00 -5.000000000000e-03
1.791027037549e+00 1.814708439273e+00 -5.000000000000e-03
4.147696004358e+00 1.473093154758e+00 -5.000000000000e-03
5.664989233399e+00 4.258983678659e+00 -5.000000000000e-03
5.692266824400e+00 2.274811177730e-01 -5.000000000000e-03
8.828073415505e-01 2.973078039513e+00 -5.000000000000e-03
2.675581344483e+00 2.165998386476e+00 -5.000000000000e-03
2.442239331288e+00 2.492407364181e-01 -5.000000000000e-03
1.419717856483e+00 3.212601799250e+00 -5.000000000000e-03
3.516531989571e+00 4.867141146066e+00 -5.000000000000e-03
5.087246686332e+00 5.211200275986e+00 -5.000000000000e-03
1.234234702489e+00 3.280260992437e+00 -5.000000000000e-03
9.839857814790e-01 3.386655278218e+00 -5.000000000000e-03
3.806586520786e+00 3.057141029055e+00 -5.000000000000e-03
4.858935096091e-01 1.794064082942e+00 -5.000000000000e-03
3.665168068929e+00 5.837927068769e+00 -5.000000000000e-03
4.480595707780e+00 2.077279550957e+00 -5.000000000000e-03
3.691277439619e+00 1.510839540184e+00 -5.000000000000e-03
4.689908886072e+00 3.579573084257e+00 -5.000000000000e-03
4.969590910770e+00 2.013489527405e+00 -5.000000000000e-03
3.081160021589e+00 1.448242683967e+00 -5.000000000000e-03
1.868621377632e+00 4.699846217870e+00 -5.000000000000e-03
5.324039598718e+00 1.810747500015e+00 -5.000000000000e-03
2.455738149357e+00 4.587719024269e+00 -5.000000000000e-03
5.208946210832e-01 1.483457351037e+00 -5.000000000000e-03
5.650263910931e+00 4.120929166646e+00 -5.000000000000e-03
5.077914728804e+00 2.024430038127e+00 -5.000000000000e-03
4.045883066936e+00 1.356715809912e+00 -5.000000000000e-03
5.550274100069e+00 3.272214242571e+00 -5.000000000000e-03
5.768044341700e+00 3.234425395770e+00 -5.000000000000e-03
1.832891733576e+00 7.673316956105e-01 -5.000000000000e-03
5.009481369481e+00 5.149871955142e+00 -5.000000000000e-03
2.472826628983e+00 1.775674860868e+00 -5.000000000000e-03
1.706421485817e+00 5.989273835523e+00 -5.000000000000e-03
6.250566428237e+00 4.341430898257e+00 -5.000000000000e-03
1.315674803061e+00 3.399414472308e+00 -5.000000000000e-03
4.071485483061e+00 5.940717386399e+00 -5.000000000000e-03
1.460304022548e+00 6.198070343750e+00 -5.000000000000e-03
2.003945172959e+00 4.123661999682e+00 -5.000000000000e-03
4.482516105256e+00 1.524039405232e+00 -5.000000000000e-03
4.298173859821e+00 5.614340462560e-01 -5.000000000000e-03
3.629253588691e+00 3.777879562171e-01 -5.000000000000e-03
3.858522280235e+00 1.229122672000e+00 -5.000000000000e-03
1.928808116677e+00 1.762937560829e+00 -5.000000000000e-03
2.594252651879e+00 8.889821250123e-01 -5.000000000000e-03
4.284701425965e+00 5.740530308857e+00 -5.000000000000e-03
1.980761859722e+00 3.513787204218e+00 -5.000000000000e-03
1.091550568468e+00 2.566844855182e+00 -5.000000000000e-03
5.190227421450e+00 4.309867398363e+00 -5.000000000000e-03
1.514339405196e-02 5.512540662646e+00 -5.000000000000e-03
3.708212287899e+00 1.443749444106e+00 -5.000000000000e-03
1.607711779870e+00 4.540611509130e+00 -5.000000000000e-03
2.349822040449e+00 2.866688311318e+00 -5.000000000000e-03
5.655186360107e+00 5.814662816671e+00 -5.000000000000e-03
4.464871956424e+00 2.131190882520e+00 -5.000000000000e-03
4.713812560009e+00 4.676465238133e+00 -5.000000000000e-03
1.039747104469e+00 3.655965702470e+00 -5.000000000000e-03
8.291498828629e-01 3.684534257310e+00 -5.000000000000e-03
3.940366568524e+00 1.282493991853e+00 -5.000000000000e-03
5.873811601857e+00 2.206490969988e+00 -5.000000000000e-03
2.758647899832e+00 3.746474783489e+00 -5.000000000000e-03
8.539479650769e-01 1.428572668333e+00 -5.000000000000e-03
4.481289290495e+00 1.799528920800e+00 -5.000000000000e-03
5.100934908896e+00 2.895195636665e+00 -5.000000000000e-03
1.251080245355e+00 3.528302421325e+00 -5.000000000000e-03
1.055943529954e+00 3.291904117360e+00 -5.000000000000e-03
2.926881208448e+00 1.666648168052e+00 -5.000000000000e-03
1.156120282145e+00 3.940088154648e+00 -5.000000000000e-03
5.039703945257e+00 1.912243202436e+00 -5.000000000000e-03
1.014279273744e+00 2.280204431635e+00 -5.000000000000e-03
1.407270262209e+00 3.177051786840e+00 -5.000000000000e-03
3.373798700182e+00 5.384392985676e+00 -5.000000000000e-03
1.215156792180e+00 4.139463100099e+00 -5.000000000000e-03
2.713835403742e+00 1.339986167942e+00 -5.000000000000e-03
4.484423403290e+00 9.144761345369e-01 -5.000000000000e-03
7.051367265105e-02 3.736089769223e+00 -5.000000000000e-03
8.045519857866e-01 3.510837502227e+00 -5.000000000000e-03
5.431404951761e+00 2.813371610485e+00 -5.000000000000e-03
1.259964218266e+00 2.898724175350e+00 -5.000000000000e-03
4.791379662659e+00 1.957998886442e+00 -5.000000000000e-03
1.333499314007e+00 3.104600736782e+00 -5.000000000000e-03
2.352202174135e+00 2.971589531529e+00 -5.000000000000e-03
1.087534243946e-01 5.498116027249e+00 -5.000000000000e-03
1.734201972915e-01 5.871652096722e+00 -5.000000000000e-03
2.539571558938e+00 8.887569988243e-01 -5.000000000000e-03
2.312455188329e-01 1.761543156393e+00 -5.000000000000e-03
