3.341474001695e+00 6.023291808155e+00 5.000000000000e-03
2.550537350501e+00 4.257179790803e+00 5.000000000000e-03
1.283675517432e+00 5.199643441196e+00 5.000000000000e-03
1.128887633683e+00 1.623290859948e+00 5.000000000000e-03
1.122317173961e+00 1.294871509934e+00 5.000000000000e-03
5.139630304568e+00 5.998159899806e-01 5.000000000000e-03
2.018574812420e+00 1.202191712750e+00 5.000000000000e-03
2.695774167694e+00 3.260369017834e+00 5.000000000000e-03
1.459054821496e+00 1.449431254916e+00 5.000000000000e-03
2.032070013061e+00 6.244455129021e+00 5.000000000000e-03
3.134314187009e+00 7.136358968918e-01 5.000000000000e-03
5.559467559891e+00 1.575203151078e+00 5.000000000000e-03
1.568481459190e+00 1.382287782176e+00 5.000000000000e-03
2.315689183465e+00 6.008019775372e+00 5.000000000000e-03
3.553926622908e-01 3.974232985233e+00 5.000000000000e-03
3.887902823963e-01 5.321574032026e+00 5.000000000000e-03
2.780213696794e+00 4.343377288497e+00 5.000000000000e-03
3.832948461588e+00 5.864293278198e+00 5.000000000000e-03
3.043550432814e+00 4.551875241297e+00 5.000000000000e-03
1.519012019073e+00 1.739522762116e+00 5.000000000000e-03
4.159660073985e-01 9.061981350025e-01 5.000000000000e-03
5.017304916803e+00 6.059918067286e+00 5.000000000000e-03
1.126005218332e+00 2.824329291678e+00 5.000000000000e-03
9.905801522369e-01 5.040796805259e+00 5.000000000000e-03
2.711662974602e+00 3.025909836934e+00 5.000000000000e-03
2.764559355745e+00 2.122807040340e+00 5.000000000000e-03
2.125153867169e+00 4.250285887287e+00 5.000000000000e-03
1.568883973059e+00 2.334669768629e+00 5.000000000000e-03
9.754775384016e-01 4.403932642722e+00 5.000000000000e-03
3.371437869995e+00 4.991785027295e-01 5.000000000000e-03
1.750173541412e+00 3.309490799514e-01 5.000000000000e-03
4.324816539834e+00 9.556785721346e-01 5.000000000000e-03
3.779835869101e+00 4.834501015305e+00 5.000000000000e-03
3.381578046924e+00 2.205714423951e+00 5.000000000000e-03
1.160523582754e+00 8.236116511899e-01 5.000000000000e-03
1.753705365704e+00 1.206075301360e+00 5.000000000000e-03
4.895766456523e-01 7.463126720596e-01 5.000000000000e-03
6.216035621636e+00 7.012780331511e-01 5.000000000000e-03
2.833438718233e+00 3.274362437981e+00 5.000000000000e-03
3.869755334184e+00 4.937715120356e-01 5.000000000000e-03
1.122267404165e+00 5.901642132574e-01 5.000000000000e-03
1.509173874591e+00 3.923449706240e+00 5.000000000000e-03
5.479408009108e+00 1.563356194639e+00 5.000000000000e-03
2.837970529103e+00 2.923067904577e+00 5.000000000000e-03
3.965122640671e-01 9.045633738367e-01 5.000000000000e-03
2.011054429046e+00 2.213834231853e-01 5.000000000000e-03
1.127498784339e+00 1.582736589000e+00 5.000000000000e-03
3.105749032514e+00 1.195035994660e+00 5.000000000000e-03
3.435756762311e+00 6.567154238388e-01 5.000000000000e-03
4.218726029321e+00 2.501786926111e+00 5.000000000000e-03
9.228131420442e-01 1.758532103132e+00 5.000000000000e-03
1.638106639246e+00 2.208991016907e+00 5.000000000000e-03
4.384427310341e+00 3.971965860201e+00 5.000000000000e-03
5.880176157076e+00 3.427366228951e+00 5.000000000000e-03
3.421937654700e+00 1.523899208991e+00 5.000000000000e-03
2.391411483387e-01 1.709045032179e+00 5.000000000000e-03
2.333517474892e+00 2.190105838691e+00 5.000000000000e-03
5.370508335183e+00 5.689942337527e-01 5.000000000000e-03
1.990647668996e+00 1.727443388512e+00 5.000000000000e-03
1.128059746874e-02 4.200728807956e+00 5.000000000000e-03
3.700074931776e+00 3.202466383321e+00 5.000000000000e-03
3.281256931592e+00 5.367401065832e-01 5.000000000000e-03
3.624457617932e+00 5.670369345395e-01 5.000000000000e-03
2.897343248534e+00 5.802420950015e+00 5.000000000000e-03
1.107660449760e+00 6.742513156204e-01 5.000000000000e-03
4.875997731118e+00 1.841395922930e+00 5.000000000000e-03
1.772172495317e+00 2.928140876964e+00 5.000000000000e-03
4.028265602986e+00 7.872063587213e-01 5.000000000000e-03
2.172466731406e+00 1.909921697723e+00 5.000000000000e-03
2.712584706150e+00 3.068188155606e+00 5.000000000000e-03
3.847734704092e+00 4.692362258010e-01 5.000000000000e-03
1.454657305630e+00 6.128320584182e+00 5.000000000000e-03
4.817998238178e-01 7.849998774893e-01 5.000000000000e-03
2.336742803580e+00 4.725218143999e+00 5.000000000000e-03
4.179107338033e+00 5.245530638754e+00 5.000000000000e-03
3.806459893814e+00 4.672245453826e+00 5.000000000000e-03
1.368109503328e+00 1.473853889381e+00 5.000000000000e-03
9.087274915980e-01 7.069698460478e-01 5.000000000000e-03
4.136739028732e+00 6.084386502429e+00 5.000000000000e-03
1.407512165323e+00 1.391918873020e+00 5.000000000000e-03
1.183956705321e+00 6.856755667133e-01 5.000000000000e-03
2.029610647169e+00 1.954916077561e+00 5.000000000000e-03
2.004499912099e-02 3.730401018358e+00 5.000000000000e-03
4.120533862073e+00 1.311520345574e+00 5.000000000000e-03
1.703043796047e+00 3.291783245783e+00 5.000000000000e-03
2.768281123144e+00 5.960587266240e+00 5.000000000000e-03
4.931009985523e+00 8.938178432898e-01 5.000000000000e-03
2.042504414196e+00 8.349732150192e-01 5.000000000000e-03
3.159174319911e+00 3.123826956279e+00 5.000000000000e-03
1.568720353985e+00 5.674990643682e-01 5.000000000000e-03
3.641832182064e+00 4.923735250352e+00 5.000000000000e-03
1.795741813867e+00 4.218793021643e+00 5.000000000000e-03
2.073811139226e+00 2.246116684081e+00 5.000000000000e-03
4.585056492816e+00 5.323842280202e+00 5.000000000000e-03
1.001197074889e+00 3.746899501292e-01 5.000000000000e-03
2.236308485133e+00 2.245141541125e+00 5.000000000000e-03
3.120348767183e+00 2.472061098430e+00 5.000000000000e-03
9.511585317907e-01 6.056044609508e+00 5.000000000000e-03
5.350880346586e+00 1.413489188832e+00 5.000000000000e-03
5.505036602067e-01 3.378826037282e+00 5.000000000000e-03
4.200384248910e+00 5.774025140332e-01 -5.000000000000e-03
5.997431196935e+00 3.835727976633e+00 -5.000000000000e-03
4.713787492117e+00 3.036305093828e+00 -5.000000000000e-03
5.453439390072e+00 2.690395053439e+00 -5.000000000000e-03
2.990937889736e-01 5.531961878316e+00 -5.000000000000e-03
1.609130754276e+00 5.220584035875e+00 -5.000000000000e-03
2.593023256562e-01 3.920872407289e-02 -5.000000000000e-03
5.126577324200e+00 4.307881669518e+00 -5.000000000000e-03
1.273926602457e+00 2.003410087351e-01 -5.000000000000e-03
4.883316943497e+00 4.274480350334e+00 -5.000000000000e-03
3.331169513996e+00 4.057258552489e+00 -5.000000000000e-03
5.104455697723e+00 2.873067919315e+00 -5.000000000000e-03
4.922952889215e+00 1.219685089720e+00 -5.000000000000e-03
6.073569374975e+00 4.392331126168e+00 -5.000000000000e-03
5.428793364181e-01 1.783481243902e-01 -5.000000000000e-03
5.635521345281e+00 1.147825933812e+00 -5.000000000000e-03
4.720698285540e+00 2.621675538029e+00 -5.000000000000e-03
4.512824423213e+00 2.970680133847e+00 -5.000000000000e-03
4.457184928547e+00 5.005077730728e+00 -5.000000000000e-03
3.751625284519e+00 4.328052442777e+00 -5.000000000000e-03
3.371816160074e+00 2.397760307918e+00 -5.000000000000e-03
2.852981788795e+00 4.187724520845e+00 -5.000000000000e-03
3.100468083916e+00 4.403278298997e+00 -5.000000000000e-03
2.663518706213e-01 6.202734408671e+00 -5.000000000000e-03
5.658174541004e+00 2.149323652705e+00 -5.000000000000e-03
6.024294936775e+00 1.208679626207e+00 -5.000000000000e-03
5.397697787982e+00 4.310583851531e+00 -5.000000000000e-03
4.297593819517e+00 3.045686788770e+00 -5.000000000000e-03
4.676640189900e+00 4.789909736685e+00 -5.000000000000e-03
5.309501319844e+00 4.163752493415e+00 -5.000000000000e-03
3.477410470832e+00 5.654507624778e+00 -5.000000000000e-03
5.810125602737e+00 3.975654636831e+00 -5.000000000000e-03
4.707958492388e+00 3.937762041677e-01 -5.000000000000e-03
4.654114502709e+00 4.328504316191e+00 -5.000000000000e-03
5.457910429335e+00 2.334671426277e+00 -5.000000000000e-03
4.670816471898e+00 2.806824311601e-01 -5.000000000000e-03
4.629406607798e+00 3.936451716025e+00 -5.000000000000e-03
5.970444920118e+00 2.372002583207e+00 -5.000000000000e-03
9.215642612653e-01 5.466381476710e+00 -5.000000000000e-03
5.969532440239e+00 3.954066327803e+00 -5.000000000000e-03
4.965834642148e+00 2.631518391359e+00 -5.000000000000e-03
5.048988921603e+00 4.185612728379e+00 -5.000000000000e-03
4.115375237773e+00 5.573667224674e+00 -5.000000000000e-03
4.437032674595e+00 2.443741127473e+00 -5.000000000000e-03
3.602220062293e+00 5.826109662710e+00 -5.000000000000e-03
1.539639856785e+00 4.136596689118e+00 -5.000000000000e-03
4.640610681319e+00 3.596423822632e+00 -5.000000000000e-03
1.989626938675e+00 6.752574739120e-01 -5.000000000000e-03
2.354055294702e+00 5.694474619559e+00 -5.000000000000e-03
3.939667106615e+00 4.110588123427e+00 -5.000000000000e-03
5.132847808396e+00 2.504460156826e+00 -5.000000000000e-03
6.199611779691e+00 1.492329640574e+00 -5.000000000000e-03
5.250898002460e+00 4.916167046429e+00 -5.000000000000e-03
4.126827500074e+00 4.294370787835e+00 -5.000000000000e-03
5.092688150799e+00 3.169712802351e+00 -5.000000000000e-03
6.165853925025e+00 5.454184361736e+00 -5.000000000000e-03
3.738523998883e+00 3.873775550873e+00 -5.000000000000e-03
1.935325940096e+00 4.784798853880e+00 -5.000000000000e-03
5.350479819507e+00 2.164430169262e+00 -5.000000000000e-03
5.568444230196e+00 2.266623573555e+00 -5.000000000000e-03
7.868481951449e-01 4.739066318808e+00 -5.000000000000e-03
4.841373724186e+00 5.375189365346e+00 -5.000000000000e-03
5.410088046441e+00 3.529326898790e+00 -5.000000000000e-03
2.587461670224e+00 3.635359135140e+00 -5.000000000000e-03
1.392811079534e-01 6.261408420880e+00 -5.000000000000e-03
2.889931029594e+00 5.233496028634e+00 -5.000000000000e-03
5.341714412392e+00 2.240631460327e+00 -5.000000000000e-03
2.918108997230e+00 2.267821882908e-01 -5.000000000000e-03
2.226624449850e-01 6.206515932980e+00 -5.000000000000e-03
4.745043414773e+00 4.347560301161e+00 -5.000000000000e-03
5.624601205387e+00 3.771206982040e+00 -5.000000000000e-03
4.839802411567e+00 3.915236452993e+00 -5.000000000000e-03
6.077110664011e+00 2.030187734531e+00 -5.000000000000e-03
1.645917202781e+00 3.664786804349e+00 -5.000000000000e-03
1.331322005474e+00 3.319919143667e+00 -5.000000000000e-03
5.409786382583e+00 5.931239125348e+00 -5.000000000000e-03
2.877119847953e+00 1.677404634475e+00 -5.000000000000e-03
2.818839996026e+00 1.501230942979e+00 -5.000000000000e-03
4.710675661825e+00 3.143718681193e+00 -5.000000000000e-03
1.006410847715e+00 5.515956052965e+00 -5.000000000000e-03
5.834097954108e+00 5.462966877791e+00 -5.000000000000e-03
6.254177323331e+00 2.191248239312e+00 -5.000000000000e-03
6.108167126080e+00 4.123968826173e+00 -5.000000000000e-03
4.684916250412e+00 3.010844032769e+00 -5.000000000000e-03
5.579400685056e+00 5.365625843053e+00 -5.000000000000e-03
1.487336275567e+00 5.908144944748e+00 -5.000000000000e-03
5.555776242927e+00 4.098532837488e+00 -5.000000000000e-03
5.349443381019e+00 4.098562873184e+00 -5.000000000000e-03
5.544693154136e+00 6.151233377847e+00 -5.000000000000e-03
2.920778619773e+00 3.878273445004e+00 -5.000000000000e-03
4.629087057458e+00 4.256630457439e+00 -5.000000000000e-03
5.752404652872e+00 4.042935754062e+00 -5.000000000000e-03
5.367005516571e+00 3.370633861276e+00 -5.000000000000e-03
2.991010184712e+00 3.839017498706e+00 -5.000000000000e-03
6.234820517350e+00 1.577069921911e+00 -5.000000000000e-03
5.508826552713e+00 6.131648666796e+00 -5.000000000000e-03
3.106227041880e+00 4.394788018276e+00 -5.000000000000e-03
2.518358408066e+00 3.480711313842e+00 -5.000000000000e-03
3.875309543512e+00 4.270940472044e+00 -5.000000000000e-03
4.212963174787e+00 3.621713693942e+00 -5.000000000000e-03
