7.330318630431e-01 3.230941252622e+00 5.000000000000e-03
2.439696819039e-01 2.145040413680e+00 5.000000000000e-03
2.848587744373e+00 1.991439737336e+00 5.000000000000e-03
1.691155898131e+00 5.383924194322e+00 5.000000000000e-03
6.208866299799e-01 3.798150441055e+00 5.000000000000e-03
9.290804916100e-01 1.933010933834e+00 5.000000000000e-03
5.892793034789e+00 6.035826087884e+00 5.000000000000e-03
9.864268819332e-01 4.587030342013e+00 5.000000000000e-03
3.811179664824e-01 5.837411898491e+00 5.000000000000e-03
5.221618982659e+00 3.394429661562e+00 5.000000000000e-03
1.630737435755e+00 3.947469436491e+00 5.000000000000e-03
1.187724426207e+00 2.887909489799e+00 5.000000000000e-03
1.337069354515e+00 4.604176292567e+00 5.000000000000e-03
2.231617773542e+00 1.963941467962e+00 5.000000000000e-03
4.779697586541e+00 3.785962652116e+00 5.000000000000e-03
3.686437106582e-01 3.437306445872e+00 5.000000000000e-03
1.589525753143e+00 2.871154345055e+00 5.000000000000e-03
4.193411082931e+00 3.549604433246e+00 5.000000000000e-03
2.866898789260e+00 5.207131361460e+00 5.000000000000e-03
9.432105629360e-02 4.108350598844e+00 5.000000000000e-03
1.027738926161e+00 3.331153241602e+00 5.000000000000e-03
4.082739479855e-01 2.202861957131e+00 5.000000000000e-03
5.877769097071e+00 3.557189750668e+00 5.000000000000e-03
1.933204879098e+00 2.472361380304e+00 5.000000000000e-03
1.097347096871e+00 2.018300567495e+00 5.000000000000e-03
5.975669622821e+00 2.968411217989e+00 5.000000000000e-03
7.018060846607e-01 3.050759097179e+00 5.000000000000e-03
4.210174995392e-02 2.105890614943e+00 5.000000000000e-03
4.344637589505e+00 1.747216836745e+00 5.000000000000e-03
2.398006666825e+00 3.043421298199e+00 5.000000000000e-03
1.614466110611e-01 4.137130946004e+00 5.000000000000e-03
2.166265423297e+00 9.976256811361e-01 5.000000000000e-03
4.834111511043e+00 3.848607026157e+00 5.000000000000e-03
7.674694680307e-01 3.636915142242e+00 5.000000000000e-03
4.329303416273e-01 3.117862353561e+00 5.000000000000e-03
4.098434928354e-01 5.011027206445e+00 5.000000000000e-03
5.815700715904e+00 5.055890261705e+00 5.000000000000e-03
4.332980398304e+00 3.747691009132e+00 5.000000000000e-03
8.245224229533e-01 3.582148020167e+00 5.000000000000e-03
1.306092376652e+00 3.281532459037e+00 5.000000000000e-03
1.044607858158e+00 3.238368546670e+00 5.000000000000e-03
2.477818092219e+00 6.825035439165e-01 5.000000000000e-03
1.283164671792e+00 6.030881550213e+00 5.000000000000e-03
5.999932817054e+00 2.990959490722e+00 5.000000000000e-03
5.637519847531e+00 6.234651172452e+00 5.000000000000e-03
4.673675563740e+00 3.748877098772e+00 5.000000000000e-03
2.009806638737e+00 2.339289382149e+00 5.000000000000e-03
1.375888169989e+00 4.107332878895e+00 5.000000000000e-03
1.028237119878e+00 3.696118196552e+00 5.000000000000e-03
2.810659459928e-01 5.043242293196e+00 5.000000000000e-03
5.687397362221e+00 2.625037647293e+00 5.000000000000e-03
6.257819633975e+00 4.229981434770e+00 5.000000000000e-03
2.197855228857e+00 3.715072065626e+00 5.000000000000e-03
2.948287493016e+00 3.645338681152e+00 5.000000000000e-03
1.460463726909e+00 4.410118155239e+00 5.000000000000e-03
1.806527871234e-01 7.213639619260e-01 5.000000000000e-03
2.514319986415e+00 3.039091928814e+00 5.000000000000e-03
1.796109517893e+00 1.412284301383e+00 5.000000000000e-03
3.243015194333e+00 3.227015204364e+00 5.000000000000e-03
1.016475707195e+00 3.201089434891e+00 5.000000000000e-03
1.010024034151e+00 3.982603815504e+00 5.000000000000e-03
8.283279476102e-01 2.827653882048e+00 5.000000000000e-03
3.197209692875e+00 3.309328004368e+00 5.000000000000e-03
2.156894936779e+00 1.762738072762e+00 5.000000000000e-03
3.719698971626e+00 2.344107783823e+00 5.000000000000e-03
1.129284148932e+00 3.470490711537e+00 5.000000000000e-03
8.061830141165e-01 1.608906821054e+00 5.000000000000e-03
5.778563948177e+00 1.384872490821e+00 5.000000000000e-03
1.796814573833e+00 5.026438604302e+00 5.000000000000e-03
2.171163052713e+00 3.660686770445e+00 5.000000000000e-03
5.632996934775e+00 2.127864510781e+00 5.000000000000e-03
1.121301880333e+00 5.416486884760e+00 5.000000000000e-03
1.972497517860e+00 3.178860599580e+00 5.000000000000e-03
2.297988589187e+00 3.600940687764e+00 5.000000000000e-03
5.848721971049e+00 3.216481105585e+00 5.000000000000e-03
1.710890273023e-01 3.967742997003e+00 5.000000000000e-03
5.416768482933e+00 3.710209651201e+00 5.000000000000e-03
2.957187874343e-02 4.863980305159e+00 5.000000000000e-03
1.908958770524e+00 3.335187920359e+00 5.000000000000e-03
2.352714755608e+00 2.581514698821e+00 5.000000000000e-03
2.135375410191e+00 4.107567595607e+00 5.000000000000e-03
5.777491489324e+00 5.392645826925e+00 5.000000000000e-03
3.763420403609e+00 4.165410711593e+00 5.000000000000e-03
1.418053146636e+00 3.869921972675e+00 5.000000000000e-03
4.805980605853e+00 2.931859750761e+00 5.000000000000e-03
1.470438818150e+00 2.967793214919e+00 5.000000000000e-03
6.006079364731e+00 1.359040285835e+00 5.000000000000e-03
1.496398944415e+00 5.003139066260e+00 5.000000000000e-03
1.503206068901e+00 3.144893761267e+00 5.000000000000e-03
1.694118962826e+00 3.167100899111e+00 5.000000000000e-03
6.160159969386e+00 1.660759456620e+00 5.000000000000e-03
4.643853217692e-01 3.141742747751e+00 5.000000000000e-03
2.639873311483e+00 4.201834871422e+00 5.000000000000e-03
1.499594689343e+00 3.799198553671e+00 5.000000000000e-03
3.866166019383e+00 8.020126145353e-01 5.000000000000e-03
1.485222268882e+00 4.219335113049e+00 5.000000000000e-03
3.127488440550e+00 3.295424565439e+00 5.000000000000e-03
1.294934688558e+00 4.291143243090e-01 5.000000000000e-03
2.240717649308e+00 2.181234886448e+00 5.000000000000e-03
1.419729850689e-01 4.134552171237e+00 5.000000000000e-03
3.453674364520e-02 1.320645113988e+00 -5.000000000000e-03
4.250579038405e+00 1.650890998643e-02 -5.000000000000e-03
3.234645957352e+00 5.529062492021e+00 -5.000000000000e-03
3.090266602745e+00 2.148290855398e-01 -5.000000000000e-03
1.247384102233e+00 8.543959112507e-01 -5.000000000000e-03
3.275598795532e+00 5.368092382841e+00 -5.000000000000e-03
4.783856242699e+00 4.011264237977e+00 -5.000000000000e-03
4.163076324580e+00 1.466164405122e-01 -5.000000000000e-03
4.610397027038e+00 1.956526542348e+00 -5.000000000000e-03
5.356822459943e+00 6.195065320987e+00 -5.000000000000e-03
3.011944965684e+00 3.955551674829e+00 -5.000000000000e-03
4.032621031964e+00 5.452954025034e+00 -5.000000000000e-03
4.114977811657e+00 5.526733956849e+00 -5.000000000000e-03
5.085124660288e+00 4.534642837240e+00 -5.000000000000e-03
4.078031582206e+00 4.288453420104e-02 -5.000000000000e-03
4.242627017786e+00 1.007852953304e+00 -5.000000000000e-03
2.985728147046e+00 1.096662156554e+00 -5.000000000000e-03
3.432060397823e+00 4.948838457635e+00 -5.000000000000e-03
2.047850822682e+00 8.596870774889e-02 -5.000000000000e-03
3.639572579907e+00 1.021506871093e+00 -5.000000000000e-03
1.124450774444e+00 4.642584397787e-01 -5.000000000000e-03
1.533240521060e+00 2.085301938416e+00 -5.000000000000e-03
4.141125691102e+00 3.153330616413e+00 -5.000000000000e-03
3.278957141206e+00 4.520639821855e+00 -5.000000000000e-03
2.934779821181e+00 7.540884876705e-01 -5.000000000000e-03
5.033727192939e+00 4.584536008136e+00 -5.000000000000e-03
1.390861644250e+00 4.741144200706e+00 -5.000000000000e-03
4.983718783938e+00 5.246376105939e+00 -5.000000000000e-03
5.873853331972e+00 3.874118938976e+00 -5.000000000000e-03
2.528468996679e-01 5.979338122656e+00 -5.000000000000e-03
4.816629649501e+00 9.141202169352e-02 -5.000000000000e-03
2.756073162240e+00 4.826189073821e+00 -5.000000000000e-03
5.397256875230e+00 6.018238661519e-01 -5.000000000000e-03
5.429738130780e+00 2.715665757658e+00 -5.000000000000e-03
6.246672269656e+00 5.514602760096e+00 -5.000000000000e-03
3.928376482676e+00 5.820869685342e+00 -5.000000000000e-03
4.551141694461e+00 5.835798205019e+00 -5.000000000000e-03
8.061663033829e-01 5.360617833013e+00 -5.000000000000e-03
4.582137982293e+00 2.748399416087e+00 -5.000000000000e-03
3.836737916113e+00 5.889047868596e+00 -5.000000000000e-03
6.816598627878e-02 6.128628538631e+00 -5.000000000000e-03
3.472433544305e+00 6.143833743302e+00 -5.000000000000e-03
3.097064056922e+00 3.061157192100e-01 -5.000000000000e-03
3.877346560447e+00 3.492619743889e+00 -5.000000000000e-03
5.049268449029e+00 1.530511602386e+00 -5.000000000000e-03
3.034038249341e+00 2.364304940831e+00 -5.000000000000e-03
3.964399863133e+00 3.234685469194e-01 -5.000000000000e-03
3.287475376689e+00 5.153186483946e+00 -5.000000000000e-03
3.395527418198e+00 1.789062935539e-02 -5.000000000000e-03
2.599698645237e+00 2.671720805912e+00 -5.000000000000e-03
3.684375213549e+00 1.443558920646e-01 -5.000000000000e-03
3.420919608390e+00 5.382482461515e+00 -5.000000000000e-03
3.831264351136e+00 6.116011460501e+00 -5.000000000000e-03
2.474031374553e+00 1.265393599922e+00 -5.000000000000e-03
3.249805215617e+00 5.803653312785e+00 -5.000000000000e-03
3.580410029900e+00 5.879417455797e+00 -5.000000000000e-03
3.143334158580e+00 5.958262120871e+00 -5.000000000000e-03
3.986891069391e+00 5.372805859739e+00 -5.000000000000e-03
8.157513637340e-01 4.742010277325e+00 -5.000000000000e-03
1.738941297361e-01 5.891058889620e+00 -5.000000000000e-03
2.985198144910e+00 9.486433081289e-01 -5.000000000000e-03
3.202149437050e+00 2.842991137665e-01 -5.000000000000e-03
4.292878142401e+00 6.249117843834e+00 -5.000000000000e-03
3.312411218956e+00 6.093136379352e+00 -5.000000000000e-03
6.089049735021e+00 1.919681202097e+00 -5.000000000000e-03
1.816025498920e+00 3.521879704949e+00 -5.000000000000e-03
1.424154036249e-01 4.989469112118e+00 -5.000000000000e-03
5.365707665517e+00 1.166927124810e+00 -5.000000000000e-03
4.467799465251e+00 5.135460582968e+00 -5.000000000000e-03
5.114047446420e+00 6.011979535707e+00 -5.000000000000e-03
4.409034562709e+00 5.589336544930e+00 -5.000000000000e-03
3.493010845751e+00 6.147617511430e+00 -5.000000000000e-03
3.872294693900e+00 2.398239465208e+00 -5.000000000000e-03
5.849294957223e+00 4.671593141749e+00 -5.000000000000e-03
5.363334255028e+00 4.187075263913e+00 -5.000000000000e-03
1.718296693166e+00 4.359878967981e+00 -5.000000000000e-03
2.353002124970e+00 6.195328189294e+00 -5.000000000000e-03
4.064130144152e+00 4.623603858153e+00 -5.000000000000e-03
3.614463166331e+00 2.036775433554e+00 -5.000000000000e-03
4.619706789883e+00 5.451967453156e+00 -5.000000000000e-03
4.175865587575e+00 5.590786584589e-02 -5.000000000000e-03
4.172077129506e+00 5.764867676295e+00 -5.000000000000e-03
1.055224846770e+00 4.996981459247e-01 -5.000000000000e-03
3.338028066672e+00 8.530462301882e-01 -5.000000000000e-03
3.066183918702e+00 5.684417651180e+00 -5.000000000000e-03
4.104093229111e+00 5.574218016139e+00 -5.000000000000e-03
2.686337233497e+00 8.706225450133e-01 -5.000000000000e-03
5.967093482036e+00 2.158124692385e+00 -5.000000000000e-03
3.584150687492e+00 6.089511166604e+00 -5.000000000000e-03
4.459250349903e+00 5.767124759819e+00 -5.000000000000e-03
3.484416424521e+00 7.078073386435e-02 -5.000000000000e-03
1.859068862495e+00 5.659441648999e+00 -5.000000000000e-03
2.790692211778e+00 1.788133401626e-01 -5.000000000000e-03
3.245560529246e+00 2.095937874058e+00 -5.000000000000e-03
6.026889617594e+00 4.038771997964e+00 -5.000000000000e-03
3.100676997372e+00 4.464000738632e+00 -5.000000000000e-03
4.247114686767e+00 5.531895533871e+00 -5.000000000000e-03
3.318616796922e+00 5.787327871338e+00 -5.000000000000e-03
3.186862511654e+00 7.948017452255e-02 -5.000000000000e-03
3.117595927819e+00 5.507233267675e+00 -5.000000000000e-03
