1.918815942841e+00 4.751024432360e+00 5.000000000000e-03
3.868279389353e+00 4.548624873090e+00 5.000000000000e-03
7.374737532692e-01 4.355117695440e+00 5.000000000000e-03
5.100725463020e+00 5.214454244158e+00 5.000000000000e-03
4.431709530379e+00 3.365465982213e+00 5.000000000000e-03
5.277002241922e+00 3.262610439907e+00 5.000000000000e-03
2.987407898444e+00 4.052522103765e+00 5.000000000000e-03
2.720917993205e+00 2.619480103024e+00 5.000000000000e-03
5.519942316718e-01 3.111087243020e+00 5.000000000000e-03
5.168640365796e+00 1.530694209696e+00 5.000000000000e-03
5.414296059297e+00 2.865366301178e+00 5.000000000000e-03
2.745160490379e+00 3.374655097360e+00 5.000000000000e-03
3.523625787435e+00 5.586651047682e+00 5.000000000000e-03
2.815176519502e+00 3.461396553339e+00 5.000000000000e-03
6.033175998545e+00 1.527603826016e+00 5.000000000000e-03
9.049284591559e-01 2.019000696048e+00 5.000000000000e-03
7.557511389795e-01 2.148758245413e+00 5.000000000000e-03
5.530441962481e+00 2.231214536871e+00 5.000000000000e-03
1.547975254268e+00 4.101449578429e+00 5.000000000000e-03
1.618871481892e+00 4.596521420157e+00 5.000000000000e-03
3.396472895411e+00 3.502461042645e-01 5.000000000000e-03
2.629543545346e+00 4.748500760919e+00 5.000000000000e-03
5.862566624325e+00 1.963163893253e+00 5.000000000000e-03
3.888959595723e+00 1.878157341307e+00 5.000000000000e-03
2.145864704701e+00 2.565442273029e-01 5.000000000000e-03
4.073132255631e+00 1.264362990141e-01 5.000000000000e-03
5.329821014643e+00 3.543070886983e+00 5.000000000000e-03
1.471077846550e+00 5.509204673034e+00 5.000000000000e-03
2.867013803689e+00 3.428761972887e+00 5.000000000000e-03
6.040444575757e-01 2.633035382102e+00 5.000000000000e-03
4.999301856249e+00 4.911901654469e+00 5.000000000000e-03
4.332928266412e+00 4.512470791020e+00 5.000000000000e-03
1.274397249051e+00 4.614027268978e+00 5.000000000000e-03
2.776324998176e+00 3.401252516374e+00 5.000000000000e-03
3.695837730637e+00 1.981855310969e+00 5.000000000000e-03
2.824388199976e+00 3.673221040452e+00 5.000000000000e-03
2.144010262353e+00 1.762692890350e+00 5.000000000000e-03
4.529996094484e+00 1.237698319182e+00 5.000000000000e-03
3.325110261741e+00 6.143292926903e+00 5.000000000000e-03
9.640884963089e-01 3.254907327473e+00 5.000000000000e-03
2.171597714428e+00 1.541637157126e+00 5.000000000000e-03
2.433388889712e+00 3.239120100692e+00 5.000000000000e-03
4.300079797946e-01 2.492801386004e+00 5.000000000000e-03
2.171116741329e+00 1.656073799102e+00 5.000000000000e-03
4.171199413406e+00 1.308173764756e+00 5.000000000000e-03
3.452817884203e+00 2.179916927699e+00 5.000000000000e-03
6.034311996731e+00 1.584303063861e+00 5.000000000000e-03
2.785571996200e+00 2.951094589481e+00 5.000000000000e-03
4.941839804948e+00 3.574613606556e+00 5.000000000000e-03
3.216726025396e+00 3.156388682388e+00 5.000000000000e-03
2.296932402244e+00 5.301390473134e+00 5.000000000000e-03
4.349549447773e+00 3.863869768290e+00 5.000000000000e-03
3.068084120047e+00 3.811369288111e+00 5.000000000000e-03
3.690017938556e+00 3.561065857442e+00 5.000000000000e-03
2.962340303233e+00 2.977189245936e+00 5.000000000000e-03
4.551904646924e+00 3.704972156652e+00 5.000000000000e-03
1.400991931740e+00 3.202412104207e+00 5.000000000000e-03
2.808080625289e+00 5.593323568121e+00 5.000000000000e-03
4.206595445961e+00 2.436519349081e+00 5.000000000000e-03
4.971545124280e+00 4.055095170435e+00 5.000000000000e-03
3.455344170392e+00 3.979121881616e+00 5.000000000000e-03
4.010607848287e+00 3.659185713379e+00 5.000000000000e-03
2.790579930013e+00 3.368467810521e+00 5.000000000000e-03
4.314584413424e+00 2.953908966685e+00 5.000000000000e-03
5.343496495843e+00 3.063013365020e+00 5.000000000000e-03
1.852253170177e+00 1.792465381019e+00 5.000000000000e-03
2.934232300152e+00 3.761491703528e+00 5.000000000000e-03
3.825802875935e+00 8.462830845231e-01 5.000000000000e-03
2.435468160897e+00 3.805973569343e+00 5.000000000000e-03
4.618602394244e+00 2.620246086209e+00 5.000000000000e-03
2.792413508972e+00 3.191606830829e+00 5.000000000000e-03
2.727508378417e+00 3.348182365118e+00 5.000000000000e-03
2.873256438063e+00 3.413987210753e+00 5.000000000000e-03
1.843373619174e+00 2.707185794733e+00 5.000000000000e-03
2.061435779392e+00 1.525444350927e+00 5.000000000000e-03
4.536378684497e+00 3.022730888947e+00 5.000000000000e-03
3.321158756333e+00 4.159888133340e+00 5.000000000000e-03
4.983096893993e+00 3.641131281262e+00 5.000000000000e-03
2.907663694853e+00 4.034320534682e+00 5.000000000000e-03
1.528346134565e+00 3.140352216585e+00 5.000000000000e-03
3.261239833211e+00 2.373386175345e+00 5.000000000000e-03
4.089364674067e+00 4.091539436038e+00 5.000000000000e-03
2.380166445744e+00 1.544386447496e+00 5.000000000000e-03
2.343580187091e+00 1.939543100121e+00 5.000000000000e-03
3.350425806579e+00 3.258292700187e+00 5.000000000000e-03
3.478042167819e+00 1.198021323911e+00 5.000000000000e-03
3.599277559082e+00 2.451001736783e+00 5.000000000000e-03
1.468430421012e+00 3.087169151710e+00 5.000000000000e-03
4.203247603914e+00 2.483786747909e+00 5.000000000000e-03
5.473902416042e+00 3.808293282004e+00 5.000000000000e-03
1.779004938308e+00 3.125601038942e+00 5.000000000000e-03
1.451941759368e+00 3.557715150051e+00 5.000000000000e-03
4.548351198869e+00 5.220213749711e+00 5.000000000000e-03
2.851196816102e+00 3.446411389642e+00 5.000000000000e-03
2.082568704509e+00 1.458668891727e+00 5.000000000000e-03
4.813426333505e+00 4.201685952783e+00 5.000000000000e-03
5.194538814269e+00 2.172743041789e+00 5.000000000000e-03
4.467003698877e+00 3.858761899055e+00 5.000000000000e-03
4.468215967155e+00 4.737800309565e+00 5.000000000000e-03
2.850668191528e+00 3.435112791641e+00 5.000000000000e-03
4.608317822587e+00 1.024225276114e+00 -5.000000000000e-03
4.267648340181e-01 8.725934662412e-01 -5.000000000000e-03
1.442868877077e-01 2.114273170383e-01 -5.000000000000e-03
1.927367178893e+00 1.413204564312e+00 -5.000000000000e-03
5.507949309075e+00 6.276950044532e+00 -5.000000000000e-03
1.046176486436e+00 2.689901334673e+00 -5.000000000000e-03
1.488010220549e-01 7.408659487373e-01 -5.000000000000e-03
2.556890454300e+00 1.433099981846e+00 -5.000000000000e-03
7.522693725168e-01 1.158843496535e+00 -5.000000000000e-03
3.128490832134e-01 8.147386027372e-01 -5.000000000000e-03
6.195173218203e+00 7.113168600742e-01 -5.000000000000e-03
5.453286446449e+00 1.392346423165e+00 -5.000000000000e-03
4.365433380934e+00 4.789717327781e+00 -5.000000000000e-03
1.290056698802e+00 1.716145603199e+00 -5.000000000000e-03
1.738370664973e+00 1.435395379317e+00 -5.000000000000e-03
4.880015910221e+00 2.080646861966e-01 -5.000000000000e-03
5.701457801062e+00 7.904223084631e-01 -5.000000000000e-03
5.124142790155e+00 1.227640887990e+00 -5.000000000000e-03
4.741960563134e+00 5.877224313908e+00 -5.000000000000e-03
1.652759420164e+00 3.285075413408e+00 -5.000000000000e-03
4.886867561707e+00 1.087737615971e+00 -5.000000000000e-03
9.024548513521e-01 4.501573993828e-01 -5.000000000000e-03
3.028488789838e-01 5.027290526331e+00 -5.000000000000e-03
6.107650343988e+00 6.105006012209e+00 -5.000000000000e-03
3.143602563716e+00 5.690193691569e+00 -5.000000000000e-03
3.627887519089e+00 5.024494407469e+00 -5.000000000000e-03
7.269494865261e-01 3.135874311038e-02 -5.000000000000e-03
3.882381960785e+00 4.827045086305e+00 -5.000000000000e-03
3.313962717385e-01 6.162566938531e+00 -5.000000000000e-03
6.152335838706e+00 6.749637302883e-01 -5.000000000000e-03
1.321543960072e+00 4.154292432459e+00 -5.000000000000e-03
4.668795891737e-01 5.651182026030e+00 -5.000000000000e-03
6.033592580725e+00 3.705890050017e-01 -5.000000000000e-03
3.699743139395e-02 2.215993236967e+00 -5.000000000000e-03
3.463152251638e-01 7.619618658258e-01 -5.000000000000e-03
6.046064176953e+00 4.021184852086e-01 -5.000000000000e-03
6.104608451395e+00 5.538008746580e+00 -5.000000000000e-03
6.244332035919e+00 2.062428643156e+00 -5.000000000000e-03
6.153377808286e+00 3.026230053839e+00 -5.000000000000e-03
2.748441405152e+00 7.770807042118e-01 -5.000000000000e-03
5.798216563865e+00 6.214154940345e+00 -5.000000000000e-03
6.507584254934e-01 6.070311837505e+00 -5.000000000000e-03
1.531813250003e-01 4.658372994202e+00 -5.000000000000e-03
5.037877889545e-01 1.803400164442e+00 -5.000000000000e-03
5.953986996458e+00 5.925761438073e+00 -5.000000000000e-03
5.808427355696e+00 2.132317645115e+00 -5.000000000000e-03
4.296509294841e+00 3.714793435850e+00 -5.000000000000e-03
1.091844512265e+00 1.097019503001e+00 -5.000000000000e-03
6.081570349330e+00 1.191724022479e+00 -5.000000000000e-03
4.110461007342e+00 3.392601229922e+00 -5.000000000000e-03
5.427959056134e+00 4.817413854119e+00 -5.000000000000e-03
5.056931237007e+00 5.447865492460e+00 -5.000000000000e-03
5.714081239288e+00 1.208339037505e+00 -5.000000000000e-03
6.077976456773e+00 5.700971174569e-01 -5.000000000000e-03
2.317597533248e-01 1.166923472384e+00 -5.000000000000e-03
1.810087876132e+00 2.300173062793e+00 -5.000000000000e-03
5.309839047258e+00 9.487294504688e-01 -5.000000000000e-03
7.366932706342e-01 5.401484058301e+00 -5.000000000000e-03
5.346240371265e+00 9.022684351435e-01 -5.000000000000e-03
2.338915636327e-01 5.537675157840e+00 -5.000000000000e-03
4.431227859959e+00 2.060780592378e+00 -5.000000000000e-03
3.093598251576e+00 1.085578571921e+00 -5.000000000000e-03
3.711560425255e-01 1.752754323858e+00 -5.000000000000e-03
6.958310963882e-01 6.395541799293e-02 -5.000000000000e-03
5.177381485455e-01 3.269059580989e-01 -5.000000000000e-03
2.891957154196e+00 4.921085271809e+00 -5.000000000000e-03
2.139871931267e-01 7.336914999121e-01 -5.000000000000e-03
2.218760604250e+00 2.508556478257e+00 -5.000000000000e-03
3.591559322093e-01 1.452934313058e-01 -5.000000000000e-03
8.841400941191e-01 5.016754613858e+00 -5.000000000000e-03
1.480857712880e+00 4.749806541993e+00 -5.000000000000e-03
6.665167146882e-01 6.056378369917e+00 -5.000000000000e-03
5.854129558848e+00 5.445768928671e+00 -5.000000000000e-03
3.577370096215e-01 1.562589862507e-01 -5.000000000000e-03
2.755422220353e+00 5.343514654269e+00 -5.000000000000e-03
4.786366527367e+00 5.898943837020e+00 -5.000000000000e-03
8.729400765834e-01 3.799639429630e+00 -5.000000000000e-03
5.175779357889e+00 5.564896887129e-01 -5.000000000000e-03
9.958310978995e-01 1.230343623995e+00 -5.000000000000e-03
5.580291770887e-01 1.310279618040e+00 -5.000000000000e-03
5.755232324510e+00 5.968430511912e+00 -5.000000000000e-03
5.687089628342e-01 8.958238005357e-01 -5.000000000000e-03
5.664266248631e+00 6.085283718518e+00 -5.000000000000e-03
1.608887321613e+00 1.579845622431e+00 -5.000000000000e-03
2.475954513676e+00 1.177546586265e+00 -5.000000000000e-03
1.857540038161e+00 5.862931196507e+00 -5.000000000000e-03
3.560197198063e-01 2.065196192521e+00 -5.000000000000e-03
5.083748587934e+00 2.478276596424e+00 -5.000000000000e-03
6.070763145667e-01 6.155807914742e+00 -5.000000000000e-03
5.865868435224e+00 1.178679808674e-02 -5.000000000000e-03
4.835756984584e-01 6.255738337303e+00 -5.000000000000e-03
7.390192878024e-02 9.628466650258e-01 -5.000000000000e-03
5.835769318131e+00 5.667410776033e+00 -5.000000000000e-03
5.582584945628e+00 4.165512044923e-01 -5.000000000000e-03
6.241102666139e+00 8.086761382451e-01 -5.000000000000e-03
5.725724127927e+00 1.812005086587e+00 -5.000000000000e-03
3.891940256110e-01 9.428554340625e-01 -5.000000000000e-03
1.386830167724e+00 2.055592254697e+00 -5.000000000000e-03
5.710256513930e+00 5.204177980518e+00 -5.000000000000e-03
5.469697188113e+00 1.357334037533e+00 -5.000000000000e-03
