2.034604330791e+00 4.742080364988e+00 5.000000000000e-03
5.077599276446e+00 2.796258259645e+00 5.000000000000e-03
6.170059451935e+00 1.968089223883e-01 5.000000000000e-03
4.422518796905e+00 3.654416715991e-02 5.000000000000e-03
4.472239007650e+00 2.998189578202e+00 5.000000000000e-03
2.088781965592e+00 6.256305974196e+00 5.000000000000e-03
5.663850375820e+00 3.320121120108e+00 5.000000000000e-03
1.904757021070e+00 5.218322782754e+00 5.000000000000e-03
4.922152459325e+00 1.364571792257e+00 5.000000000000e-03
6.105042366033e+00 8.006980190020e-02 5.000000000000e-03
1.800155844294e-01 2.169575699603e+00 5.000000000000e-03
3.315565675925e+00 5.091699492226e+00 5.000000000000e-03
3.670349325082e+00 3.434111222115e+00 5.000000000000e-03
4.187952525179e+00 2.886487432457e-01 5.000000000000e-03
1.043118398847e-01 2.041072550533e+00 5.000000000000e-03
3.207410610179e-01 4.712923878602e+00 5.000000000000e-03
3.169903344922e+00 2.689457748121e+00 5.000000000000e-03
2.363028567920e+00 3.927195308805e-01 5.000000000000e-03
2.490793414831e+00 1.258125426443e-01 5.000000000000e-03
1.769489383507e+00 4.453982111632e+00 5.000000000000e-03
4.400330805391e+00 5.333421015331e+00 5.000000000000e-03
7.483590077270e-02 2.933209694812e+00 5.000000000000e-03
3.436014368891e+00 2.718313480337e+00 5.000000000000e-03
3.119885246851e+00 5.540765451033e+00 5.000000000000e-03
2.789076445891e+00 4.063308790278e+00 5.000000000000e-03
6.928126887093e-01 2.368443393646e+00 5.000000000000e-03
1.708922435588e+00 4.989037451053e+00 5.000000000000e-03
3.917956860662e+00 1.334889274654e+00 5.000000000000e-03
1.139303957892e+00 3.449103587011e+00 5.000000000000e-03
3.736784432327e+00 3.878203905708e+00 5.000000000000e-03
2.559683108326e+00 2.784928218927e+00 5.000000000000e-03
2.422359456903e+00 1.596596866168e+00 5.000000000000e-03
2.782285708551e+00 5.581118713286e+00 5.000000000000e-03
5.376586451832e+00 4.086011631905e+00 5.000000000000e-03
1.111325358183e+00 5.998847204301e+00 5.000000000000e-03
5.423490082305e-01 6.938867571149e-01 5.000000000000e-03
1.115924149152e+00 5.460041406823e+00 5.000000000000e-03
2.619580342225e+00 2.669371623893e+00 5.000000000000e-03
2.896064023892e+00 7.605781592086e-02 5.000000000000e-03
2.577378822950e+00 4.764253283925e+00 5.000000000000e-03
8.409385732340e-01 9.344594303224e-01 5.000000000000e-03
1.519507208060e+00 3.456438934196e+00 5.000000000000e-03
1.665440177235e+00 4.447605746394e-01 5.000000000000e-03
1.349636004510e+00 3.366601844991e+00 5.000000000000e-03
1.604108151245e+00 5.886798025300e+00 5.000000000000e-03
3.774856797327e+00 1.635581690805e+00 5.000000000000e-03
4.339883552172e+00 5.406174864599e+00 5.000000000000e-03
1.208657442807e+00 3.292838719564e+00 5.000000000000e-03
6.168967132747e+00 6.059817028399e+00 5.000000000000e-03
5.838888867960e+00 4.909879475795e+00 5.000000000000e-03
4.975415315107e+00 8.577055204773e-01 5.000000000000e-03
5.417282598662e+00 4.984460274938e+00 5.000000000000e-03
3.714443582600e+00 1.359662108287e+00 5.000000000000e-03
4.179937721859e+00 3.358520515756e+00 5.000000000000e-03
1.860047158420e+00 3.030640403756e-01 5.000000000000e-03
3.254435152927e+00 3.075361512110e+00 5.000000000000e-03
1.597175320458e+00 4.930059918198e+00 5.000000000000e-03
4.332936081076e+00 4.064020030062e+00 5.000000000000e-03
5.128790830539e+00 5.705013023069e+00 5.000000000000e-03
5.692024648575e+00 2.422152794357e+00 5.000000000000e-03
2.719982720552e+00 5.950906028996e+00 5.000000000000e-03
3.514604114508e+00 2.487005868442e+00 5.000000000000e-03
2.024288475733e+00 2.485431350855e+00 5.000000000000e-03
4.640594794716e+00 2.463141550363e+00 5.000000000000e-03
4.464025092748e+00 3.226464665603e-01 5.000000000000e-03
1.331090613411e+00 1.986602639560e+00 5.000000000000e-03
3.713013354683e+00 2.676634480563e+00 5.000000000000e-03
5.849768487417e+00 6.252264983936e+00 5.000000000000e-03
4.074177909624e+00 5.977820836477e+00 5.000000000000e-03
6.146779873694e+00 2.956728760718e+00 5.000000000000e-03
2.129774049868e+00 5.618763882038e-01 5.000000000000e-03
8.650745233927e-01 2.326135192620e+00 5.000000000000e-03
1.391616647841e+00 1.097870023668e+00 5.000000000000e-03
1.612567207495e+00 5.232704577203e+00 5.000000000000e-03
3.679246151277e+00 5.555501303951e+00 5.000000000000e-03
5.212452035856e+00 2.160164595530e+00 5.000000000000e-03
3.120449619815e-01 4.893115196684e+00 5.000000000000e-03
5.141877182249e+00 2.925162216249e+00 5.000000000000e-03
4.760320075339e-01 1.518326557946e+00 5.000000000000e-03
1.726080354257e+00 4.937550292489e+00 5.000000000000e-03
1.238871887334e+00 4.841501911401e-01 5.000000000000e-03
1.118640350773e-01 1.630515627622e+00 5.000000000000e-03
4.615023833674e+00 3.849771359339e+00 5.000000000000e-03
5.277610541276e+00 6.115531786461e+00 5.000000000000e-03
3.785806726270e+00 5.485894011868e+00 5.000000000000e-03
5.562204917580e+00 4.221489389270e+00 5.000000000000e-03
5.938644066895e+00 5.362256626011e-01 5.000000000000e-03
1.173931336736e+00 1.768090931180e+00 5.000000000000e-03
5.925816665798e+00 1.116953151370e+00 5.000000000000e-03
2.875967152873e+00 1.018673706030e+00 5.000000000000e-03
9.103414766883e-01 1.316711405055e+00 5.000000000000e-03
3.711732092508e+00 5.729516491826e+00 5.000000000000e-03
4.222406855540e+00 3.037440489128e+00 5.000000000000e-03
5.578418096026e+00 4.664057319429e+00 5.000000000000e-03
1.408540614232e+00 5.441557713796e+00 5.000000000000e-03
5.824080741847e+00 3.230108223242e+00 5.000000000000e-03
1.082607789126e+00 5.966269063712e+00 5.000000000000e-03
3.218298581782e+00 1.189812422376e+00 5.000000000000e-03
3.322893853020e+00 5.025760616141e+00 5.000000000000e-03
1.636111687725e+00 5.225650393891e+00 5.000000000000e-03
3.970714060762e+00 5.247488505838e+00 -5.000000000000e-03
3.742280852596e+00 5.131810643298e+00 -5.000000000000e-03
3.838655981425e+00 2.336470629155e+00 -5.000000000000e-03
3.536217492609e+00 5.033798838730e+00 -5.000000000000e-03
8.716527509228e-02 3.587972920094e+00 -5.000000000000e-03
4.630376498905e+00 6.807846814445e-01 -5.000000000000e-03
5.565266219989e+00 4.517280504931e+00 -5.000000000000e-03
7.584494743594e-01 1.878585891342e+00 -5.000000000000e-03
8.353985975854e-01 4.287041927618e+00 -5.000000000000e-03
4.720538973436e+00 1.425076387957e+00 -5.000000000000e-03
9.903963564662e-01 4.247587680832e+00 -5.000000000000e-03
6.030385214481e+00 4.411328526619e+00 -5.000000000000e-03
5.139227783566e+00 2.141559339043e-01 -5.000000000000e-03
5.367442533670e+00 5.671033323341e+00 -5.000000000000e-03
6.153301434137e+00 7.272329452653e-01 -5.000000000000e-03
1.814047090152e+00 3.177202027614e+00 -5.000000000000e-03
5.706840406445e+00 1.083808327939e+00 -5.000000000000e-03
3.955715715442e+00 2.988467600239e+00 -5.000000000000e-03
1.350733252332e+00 5.546195555238e+00 -5.000000000000e-03
2.428874355317e+00 1.001948552387e+00 -5.000000000000e-03
6.793344873778e-01 5.874819647588e+00 -5.000000000000e-03
1.705294023281e-01 1.416107502827e-01 -5.000000000000e-03
2.878243369764e-01 4.478942478321e+00 -5.000000000000e-03
4.396239985048e-01 1.172803832836e+00 -5.000000000000e-03
3.665092935009e-01 6.140948423069e+00 -5.000000000000e-03
3.103186142602e+00 3.034705725922e+00 -5.000000000000e-03
3.374759803178e+00 5.096432422154e-01 -5.000000000000e-03
4.844701017103e+00 1.504082338380e+00 -5.000000000000e-03
9.809771164544e-01 4.995142623006e+00 -5.000000000000e-03
9.538166309940e-01 4.363897449400e+00 -5.000000000000e-03
5.232421905145e+00 2.351843800989e+00 -5.000000000000e-03
5.687312937997e+00 3.952767519747e+00 -5.000000000000e-03
5.589998874631e+00 5.424327447724e+00 -5.000000000000e-03
9.979707621230e-01 4.270670821934e+00 -5.000000000000e-03
2.235342516365e+00 2.563924365497e+00 -5.000000000000e-03
8.572465942754e-01 1.545951214582e+00 -5.000000000000e-03
5.508649577869e+00 5.593782794898e+00 -5.000000000000e-03
6.053002000826e+00 2.300876186718e+00 -5.000000000000e-03
2.289096751171e+00 2.693427569573e+00 -5.000000000000e-03
2.509406853871e+00 3.386828773291e+00 -5.000000000000e-03
2.383071896804e-01 4.261202214449e+00 -5.000000000000e-03
2.942631438842e+00 2.516623329490e+00 -5.000000000000e-03
3.344526165418e+00 3.865878169799e+00 -5.000000000000e-03
4.418689346782e+00 1.826040800078e+00 -5.000000000000e-03
3.833853080303e+00 5.093734503898e+00 -5.000000000000e-03
2.041993385179e+00 1.729227459773e+00 -5.000000000000e-03
3.017154135887e+00 2.355204836560e+00 -5.000000000000e-03
4.353425164534e+00 3.018151978124e+00 -5.000000000000e-03
1.704043785070e-01 1.422321761479e+00 -5.000000000000e-03
5.074703595131e+00 3.733145010838e+00 -5.000000000000e-03
6.007911130433e+00 2.101265101391e+00 -5.000000000000e-03
2.887831895030e+00 4.697497636297e+00 -5.000000000000e-03
9.697192939083e-01 5.153658863515e+00 -5.000000000000e-03
3.250949716859e+00 5.752558383585e+00 -5.000000000000e-03
2.155664777148e+00 4.746608562702e+00 -5.000000000000e-03
3.765343374731e+00 2.184987154493e-01 -5.000000000000e-03
2.030040187045e+00 3.964786404824e+00 -5.000000000000e-03
8.484487694633e-01 4.471240998037e+00 -5.000000000000e-03
3.305128968435e+00 2.625023423366e+00 -5.000000000000e-03
2.868975826786e+00 2.079451434359e+00 -5.000000000000e-03
1.432835986484e+00 3.808831933906e+00 -5.000000000000e-03
2.757408150449e+00 1.148669121385e+00 -5.000000000000e-03
2.831803974221e+00 1.219602531043e+00 -5.000000000000e-03
5.823717586779e-01 8.985144810735e-02 -5.000000000000e-03
6.198396900953e-01 4.021938439917e-01 -5.000000000000e-03
6.524188858662e-02 1.392338105218e+00 -5.000000000000e-03
5.624893823696e-01 3.747059400005e+00 -5.000000000000e-03
2.836112585897e+00 3.931613495271e+00 -5.000000000000e-03
4.322898643553e+00 3.670065956720e+00 -5.000000000000e-03
1.284706942848e+00 1.568946648134e+00 -5.000000000000e-03
4.471012451769e+00 3.425149468945e+00 -5.000000000000e-03
5.009561263553e+00 3.971553285175e-01 -5.000000000000e-03
4.663800672167e+00 5.061968101672e+00 -5.000000000000e-03
3.268759351694e+00 4.429324016356e+00 -5.000000000000e-03
2.561773177660e+00 5.501308743956e+00 -5.000000000000e-03
6.424117293336e-01 3.498749459516e+00 -5.000000000000e-03
2.227773944754e+00 4.816389239011e+00 -5.000000000000e-03
6.646625510676e-01 1.166168454156e+00 -5.000000000000e-03
6.803689135685e-01 4.987489380791e+00 -5.000000000000e-03
3.935218428517e+00 1.030837468790e+00 -5.000000000000e-03
4.882978799055e+00 1.153942034084e+00 -5.000000000000e-03
7.227559849970e-01 4.542253519963e+00 -5.000000000000e-03
5.082883089375e+00 4.472647376340e+00 -5.000000000000e-03
1.534881025241e+00 4.245185123980e+00 -5.000000000000e-03
7.756710331981e-01 4.339343598514e+00 -5.000000000000e-03
5.972020034520e+00 3.692426464982e+00 -5.000000000000e-03
2.154183454536e+00 1.157789156693e+00 -5.000000000000e-03
3.569214349118e-01 3.220897561700e+00 -5.000000000000e-03
2.152798320346e+00 2.272063044108e+00 -5.000000000000e-03
2.589850429829e-02 3.500796406348e+00 -5.000000000000e-03
1.777502932952e+00 3.839195640607e+00 -5.000000000000e-03
4.618742058689e+00 3.435303779983e+00 -5.000000000000e-03
2.863139444103e+00 3.720641940463e+00 -5.000000000000e-03
5.791216055293e+00 5.441215191021e+00 -5.000000000000e-03
1.655765117319e+00 1.129275281982e+00 -5.000000000000e-03
5.666989614453e+00 5.898395784267e+00 -5.000000000000e-03
1.081100927855e+00 2.674408026390e+00 -5.000000000000e-03
3.583354501238e-01 3.750756894126e+00 -5.000000000000e-03
5.425519575880e+00 1.682213312969e+00 -5.000000000000e-03
2.632513139054e+00 5.106188115556e+00 -5.000000000000e-03
