6.172654400491e-01 3.407512756661e+00 5.000000000000e-03
1.402292517097e+00 2.490391825479e+00 5.000000000000e-03
3.257393519131e+00 4.932954886923e+00 5.000000000000e-03
8.564375160689e-01 3.327016786469e+00 5.000000000000e-03
5.729429498020e+00 5.441478338443e+00 5.000000000000e-03
5.262909695827e+00 5.312030032901e+00 5.000000000000e-03
5.998962789487e+00 5.080321665220e+00 5.000000000000e-03
8.217871477522e-01 4.112192822323e+00 5.000000000000e-03
8.132775058939e-01 3.987271317013e+00 5.000000000000e-03
2.042328292123e+00 4.129390095397e+00 5.000000000000e-03
3.824652662621e-01 3.488399099754e+00 5.000000000000e-03
3.645959409581e-01 5.644666847282e+00 5.000000000000e-03
2.676994181142e-01 6.970967225953e-01 5.000000000000e-03
4.177080007792e+00 5.611668744839e+00 5.000000000000e-03
1.389066375153e+00 4.993317656207e+00 5.000000000000e-03
1.131317949808e+00 5.872867179301e+00 5.000000000000e-03
2.877368485183e+00 3.068944041960e-01 5.000000000000e-03
7.877634351634e-02 5.967081968076e+00 5.000000000000e-03
3.729085849583e+00 6.359740718855e-01 5.000000000000e-03
4.511186224842e+00 7.147604389905e-01 5.000000000000e-03
2.366201157363e+00 3.091907563277e+00 5.000000000000e-03
2.972880612628e-01 1.367409699450e+00 5.000000000000e-03
6.279610004511e+00 5.208062709092e+00 5.000000000000e-03
5.382745584119e-01 5.790878675413e+00 5.000000000000e-03
6.102831837628e-01 3.660460484699e+00 5.000000000000e-03
4.262466927974e+00 8.542079923576e-01 5.000000000000e-03
7.080768140898e-02 5.712564050162e+00 5.000000000000e-03
1.498142536245e+00 4.952535204140e+00 5.000000000000e-03
3.739563193517e+00 4.296988683272e+00 5.000000000000e-03
2.283513537292e+00 5.809465120845e+00 5.000000000000e-03
5.513636140152e+00 4.253249694771e+00 5.000000000000e-03
1.118592961769e+00 5.080360390322e+00 5.000000000000e-03
6.047873303174e+00 1.040383310305e+00 5.000000000000e-03
1.008805761947e+00 1.318007758122e+00 5.000000000000e-03
9.803862516934e-01 8.231774587177e-01 5.000000000000e-03
4.466635570095e+00 4.261169030918e-01 5.000000000000e-03
1.700801158594e+00 4.609941256354e+00 5.000000000000e-03
2.490918118926e+00 1.402488525887e+00 5.000000000000e-03
8.380638714682e-01 5.307684858727e+00 5.000000000000e-03
6.218207285800e+00 4.890188767757e-01 5.000000000000e-03
7.779366584215e-01 2.982970131922e+00 5.000000000000e-03
3.517720643852e-01 6.027961351430e-01 5.000000000000e-03
1.036368085286e+00 3.491429580294e+00 5.000000000000e-03
4.459589983334e-01 2.223707626281e+00 5.000000000000e-03
3.279438507563e-01 2.164017530189e+00 5.000000000000e-03
9.771713127106e-01 3.129671661645e+00 5.000000000000e-03
4.174572655175e+00 4.915446773326e+00 5.000000000000e-03
1.670888978883e+00 5.329783372191e+00 5.000000000000e-03
4.830129536822e+00 1.199171421197e+00 5.000000000000e-03
2.206973223647e+00 5.776148635226e+00 5.000000000000e-03
3.433352037409e+00 5.649204007816e+00 5.000000000000e-03
3.452268576935e-01 5.446287778051e-02 5.000000000000e-03
5.256115179551e+00 1.143886611591e+00 5.000000000000e-03
6.216861351054e+00 2.434652808465e+00 5.000000000000e-03
1.193892238310e-01 6.291986089984e-01 5.000000000000e-03
1.276097847149e+00 4.996737655011e+00 5.000000000000e-03
1.218916549969e-01 7.378104803004e-01 5.000000000000e-03
5.493856612926e-02 2.086768633590e-01 5.000000000000e-03
4.356475271808e+00 1.212916718878e+00 5.000000000000e-03
5.319338468153e+00 5.650756446715e+00 5.000000000000e-03
4.036712202911e+00 5.867582144384e+00 5.000000000000e-03
6.822563564396e-01 6.264243101506e+00 5.000000000000e-03
4.615968203551e-01 8.630035432537e-01 5.000000000000e-03
1.857975596530e+00 4.902087119928e+00 5.000000000000e-03
4.537964678230e+00 8.495884197951e-01 5.000000000000e-03
6.080918234077e+00 7.158933283850e-01 5.000000000000e-03
5.034505122904e+00 2.779305216996e+00 5.000000000000e-03
3.505070703290e-01 2.360617120831e+00 5.000000000000e-03
1.811836569809e+00 5.173375316042e+00 5.000000000000e-03
2.891433395668e+00 5.099917191002e+00 5.000000000000e-03
3.578628850257e+00 5.045725263801e+00 5.000000000000e-03
2.628980186474e+00 5.765925203009e+00 5.000000000000e-03
8.832710321459e-01 3.967347809230e+00 5.000000000000e-03
1.737206396726e-01 4.341771842607e-01 5.000000000000e-03
3.893403928523e+00 2.672542273527e-01 5.000000000000e-03
2.639358288399e+00 5.154507464294e+00 5.000000000000e-03
2.397555727232e-01 3.740589893997e+00 5.000000000000e-03
4.339995072852e+00 4.690962682974e+00 5.000000000000e-03
1.425026518242e+00 4.970353392690e+00 5.000000000000e-03
1.359909241467e+00 5.228193602775e+00 5.000000000000e-03
6.208857733768e+00 6.020196805006e-01 5.000000000000e-03
5.782808994663e+00 5.575260720293e+00 5.000000000000e-03
5.353250808095e+00 1.122298690413e+00 5.000000000000e-03
5.738531988507e+00 1.359334588755e+00 5.000000000000e-03
4.216911459962e+00 1.885051479769e+00 5.000000000000e-03
6.903376702884e-02 5.987634763635e+00 5.000000000000e-03
3.953061365642e+00 4.001612594458e+00 5.000000000000e-03
4.259222534778e+00 5.616240072791e+00 5.000000000000e-03
1.729143125166e+00 5.120175560048e+00 5.000000000000e-03
6.047053902526e+00 5.356284957882e+00 5.000000000000e-03
6.153945150061e-01 5.510678702219e+00 5.000000000000e-03
8.122346975363e-01 5.501317118145e+00 5.000000000000e-03
7.850486721630e-01 1.927002105664e-01 5.000000000000e-03
1.278393770584e-02 5.695131126852e+00 5.000000000000e-03
6.064016875100e+00 7.991242595629e-01 5.000000000000e-03
1.871695058495e+00 6.194192722410e+00 5.000000000000e-03
7.178627316645e-01 2.303150930266e-01 5.000000000000e-03
6.264471248519e+00 5.852642143193e+00 5.000000000000e-03
9.960374880099e-01 3.066710416451e+00 5.000000000000e-03
4.917303845920e+00 5.180618426422e+00 5.000000000000e-03
4.537600691947e+00 3.809165668882e+00 -5.000000000000e-03
3.486843765069e+00 2.736169575563e+00 -5.000000000000e-03
1.323437687940e+00 2.034315537769e+00 -5.000000000000e-03
1.297324688005e+00 2.258525604749e+00 -5.000000000000e-03
1.667226942880e+00 1.602791652174e+00 -5.000000000000e-03
5.173850436985e+00 2.600893175095e+00 -5.000000000000e-03
5.838850276150e+00 4.942485698794e+00 -5.000000000000e-03
2.760353203850e+00 8.758295664480e-01 -5.000000000000e-03
3.848150625741e+00 2.444879938158e+00 -5.000000000000e-03
2.554656639211e+00 9.722852768042e-01 -5.000000000000e-03
3.458044111035e+00 2.475744284981e+00 -5.000000000000e-03
5.453866486335e+00 5.305114153666e-01 -5.000000000000e-03
4.657572235490e+00 8.193185968950e-01 -5.000000000000e-03
2.863959389729e+00 1.313817129303e+00 -5.000000000000e-03
6.031058515768e+00 3.225627021556e+00 -5.000000000000e-03
5.119886223475e+00 2.928866953646e+00 -5.000000000000e-03
3.786781708152e+00 2.791797666175e+00 -5.000000000000e-03
1.878266663140e+00 3.529671323061e+00 -5.000000000000e-03
1.358850967776e+00 3.564650604601e+00 -5.000000000000e-03
4.855091975944e+00 7.170272883147e-01 -5.000000000000e-03
6.108624867604e+00 3.483709720378e+00 -5.000000000000e-03
1.145671674131e+00 1.846784631297e+00 -5.000000000000e-03
4.579533022853e+00 1.984778567365e+00 -5.000000000000e-03
1.008347613332e+00 1.035394195823e+00 -5.000000000000e-03
4.062008506866e+00 1.407995696293e+00 -5.000000000000e-03
3.783104932509e+00 1.993312111545e+00 -5.000000000000e-03
2.971553301159e+00 5.907125242672e+00 -5.000000000000e-03
4.690676965493e+00 5.933502007456e+00 -5.000000000000e-03
1.993224492941e+00 8.020288782042e-01 -5.000000000000e-03
2.919681209734e+00 3.058249746138e+00 -5.000000000000e-03
5.274379580883e+00 5.474899775060e+00 -5.000000000000e-03
2.594120477643e+00 2.753460570470e+00 -5.000000000000e-03
2.790491919087e+00 4.920451471193e+00 -5.000000000000e-03
2.130680788448e+00 1.324582675085e+00 -5.000000000000e-03
3.737298963269e+00 2.643319664708e+00 -5.000000000000e-03
4.859076093356e+00 3.433256095130e+00 -5.000000000000e-03
1.160471142923e+00 1.332658572083e-01 -5.000000000000e-03
4.444032539168e+00 5.931437981581e-02 -5.000000000000e-03
6.061290800643e+00 1.395914643101e+00 -5.000000000000e-03
4.988211682847e+00 2.972995618238e-01 -5.000000000000e-03
1.066579205577e+00 4.626607596180e+00 -5.000000000000e-03
4.823074368519e+00 5.989957099297e+00 -5.000000000000e-03
4.476403596763e+00 2.505791882881e+00 -5.000000000000e-03
2.554389647539e+00 1.769427747881e+00 -5.000000000000e-03
1.081841703864e+00 2.494387586023e+00 -5.000000000000e-03
4.432796584455e+00 2.299207671659e+00 -5.000000000000e-03
3.696752514691e+00 3.119733733500e+00 -5.000000000000e-03
2.408583876610e+00 3.809216275608e+00 -5.000000000000e-03
2.718666636438e+00 6.124780315221e+00 -5.000000000000e-03
2.660606223457e+00 4.909398792533e+00 -5.000000000000e-03
1.765287867067e+00 1.515051351182e+00 -5.000000000000e-03
5.001652768045e-01 1.684092698224e+00 -5.000000000000e-03
2.355682908934e+00 1.088734217610e+00 -5.000000000000e-03
5.208854764447e+00 6.280369555693e+00 -5.000000000000e-03
3.336791908749e+00 4.354277734091e+00 -5.000000000000e-03
2.416460182746e+00 4.695979670456e+00 -5.000000000000e-03
3.029049072794e+00 6.213051722508e+00 -5.000000000000e-03
5.561009313792e-01 2.617174656231e+00 -5.000000000000e-03
3.041184322912e+00 1.466559917786e+00 -5.000000000000e-03
4.734654096187e+00 2.506085397675e+00 -5.000000000000e-03
3.047932504832e+00 1.692053934971e+00 -5.000000000000e-03
2.912730768308e+00 2.281386386559e+00 -5.000000000000e-03
3.163503621789e+00 2.600965806242e+00 -5.000000000000e-03
2.822961987461e+00 3.562283264028e+00 -5.000000000000e-03
1.146262495991e+00 2.666942767743e+00 -5.000000000000e-03
2.891149512415e+00 2.355032873678e+00 -5.000000000000e-03
3.860707081915e+00 2.702513825351e+00 -5.000000000000e-03
4.553694399569e+00 4.906206929558e+00 -5.000000000000e-03
8.812382643727e-01 2.225243261485e+00 -5.000000000000e-03
7.584495878334e-02 3.999648748661e+00 -5.000000000000e-03
3.399898474621e+00 2.385411573879e+00 -5.000000000000e-03
5.242649959228e+00 3.096770815334e+00 -5.000000000000e-03
3.283318510765e+00 2.333260980038e+00 -5.000000000000e-03
1.549470493607e+00 2.429713881595e+00 -5.000000000000e-03
6.071449198147e+00 4.107349747529e+00 -5.000000000000e-03
2.723611141014e+00 1.166075113048e+00 -5.000000000000e-03
4.318535355978e+00 3.623424054730e+00 -5.000000000000e-03
2.886310731876e+00 1.587536776652e+00 -5.000000000000e-03
4.252849093526e+00 5.690204186960e-01 -5.000000000000e-03
3.246687289096e+00 2.355516163262e+00 -5.000000000000e-03
4.462623227298e+00 4.238868322701e+00 -5.000000000000e-03
5.030732865624e+00 9.708713646359e-01 -5.000000000000e-03
3.402785731859e+00 2.841247033247e+00 -5.000000000000e-03
3.208681769534e+00 1.622049915435e+00 -5.000000000000e-03
4.116300921976e+00 3.350811356229e+00 -5.000000000000e-03
3.748067261035e+00 2.291169794163e+00 -5.000000000000e-03
3.186905930106e+00 3.049052446551e+00 -5.000000000000e-03
4.280641282892e+00 2.023426946872e+00 -5.000000000000e-03
1.422360387614e+00 1.796701157913e+00 -5.000000000000e-03
3.437304006189e+00 2.514975948732e+00 -5.000000000000e-03
5.224565628427e+00 3.485854195028e+00 -5.000000000000e-03
3.743818612387e+00 5.658342738698e+00 -5.000000000000e-03
2.919594859631e+00 4.220517586705e+00 -5.000000000000e-03
2.471926573846e+00 4.602971394212e-01 -5.000000000000e-03
5.803023916907e+00 3.951638643763e+00 -5.000000000000e-03
4.768669835779e+00 8.511440500834e-01 -5.000000000000e-03
4.276529887670e+00 2.764696485353e+00 -5.000000000000e-03
3.027152884001e+00 2.216873683372e+00 -5.000000000000e-03
4.710598416602e+00 1.380070779149e+00 -5.000000000000e-03
1.875487245151e+00 2.775349241217e+00 -5.000000000000e-03
