1.682698512545e+00 5.188537383139e+00 5.000000000000e-03
1.091313823128e+00 4.029123667994e+00 5.000000000000e-03
6.029148288181e+00 4.509225306975e+00 5.000000000000e-03
4.453308592445e+00 3.403632693227e+00 5.000000000000e-03
5.020250301227e-01 3.525431944509e+00 5.000000000000e-03
3.096004332560e+00 3.906486850521e-01 5.000000000000e-03
1.119886972958e+00 1.272785429304e+00 5.000000000000e-03
2.094171924657e+00 5.515765927884e+00 5.000000000000e-03
2.070216626382e+00 5.591300764994e+00 5.000000000000e-03
6.104928909064e+00 1.985335229037e+00 5.000000000000e-03
1.474723089259e+00 5.034779647592e+00 5.000000000000e-03
1.778742351696e+00 4.047646218519e+00 5.000000000000e-03
6.688425935058e-01 4.196854994475e+00 5.000000000000e-03
5.153445933153e+00 1.796594069580e+00 5.000000000000e-03
6.637474183010e-02 5.519644395715e+00 5.000000000000e-03
6.814614176333e-01 5.591556656102e+00 5.000000000000e-03
3.490229139082e+00 3.536445818498e+00 5.000000000000e-03
1.391116465262e+00 4.583400419993e+00 5.000000000000e-03
3.804590746091e+00 4.143725204779e+00 5.000000000000e-03
5.749789940909e+00 2.443988709694e+00 5.000000000000e-03
4.474998702018e+00 1.088931766224e+00 5.000000000000e-03
1.255310192948e+00 4.464828197505e+00 5.000000000000e-03
4.726838886156e+00 5.513977605192e+00 5.000000000000e-03
2.785994973772e+00 6.266656571581e+00 5.000000000000e-03
2.043364781991e+00 5.694441088859e+00 5.000000000000e-03
3.064834396764e+00 3.817751869345e+00 5.000000000000e-03
3.978001395863e-01 3.499259715625e+00 5.000000000000e-03
6.145783806562e+00 5.551067844394e+00 5.000000000000e-03
6.089078451100e+00 3.235288070378e+00 5.000000000000e-03
1.686890925400e-01 2.730328691456e+00 5.000000000000e-03
4.805988188245e+00 1.322130728730e-01 5.000000000000e-03
1.590218062467e-01 5.654837880570e+00 5.000000000000e-03
3.581374053379e-01 4.169155291172e+00 5.000000000000e-03
2.511739141116e+00 3.935661243710e+00 5.000000000000e-03
2.448632527317e-01 2.511384736904e+00 5.000000000000e-03
5.210855423231e+00 2.344879506982e+00 5.000000000000e-03
1.953599329839e+00 5.845069191265e+00 5.000000000000e-03
2.665502922576e+00 3.064020559043e+00 5.000000000000e-03
2.385832261312e+00 5.153638164728e+00 5.000000000000e-03
6.231995797730e-01 4.116457779178e+00 5.000000000000e-03
4.976277958498e+00 4.732927732059e+00 5.000000000000e-03
1.068231059809e+00 4.344220433639e+00 5.000000000000e-03
4.879517134723e+00 4.622323157916e+00 5.000000000000e-03
1.540442767452e+00 4.207962959541e+00 5.000000000000e-03
1.667242694800e+00 4.145054996176e+00 5.000000000000e-03
5.362693939399e+00 4.716539784779e+00 5.000000000000e-03
1.711368005968e+00 1.591711612104e-01 5.000000000000e-03
4.991894907017e-01 5.402251582550e+00 5.000000000000e-03
5.517965270370e+00 5.010070525621e+00 5.000000000000e-03
1.788215269814e-01 2.647763314289e+00 5.000000000000e-03
4.721013321056e+00 2.784676931599e+00 5.000000000000e-03
1.187131260445e+00 4.549593001710e+00 5.000000000000e-03
5.448080879767e+00 5.421859889045e+00 5.000000000000e-03
8.903021529775e-01 9.145001746515e-02 5.000000000000e-03
1.998163888686e+00 4.813823061047e+00 5.000000000000e-03
1.322774261789e-01 5.490960960318e+00 5.000000000000e-03
1.092356837630e+00 4.565103416791e+00 5.000000000000e-03
1.634806578454e+00 2.747299570254e+00 5.000000000000e-03
5.842130144077e+00 5.939231849549e+00 5.000000000000e-03
2.725656631884e+00 5.859468788528e+00 5.000000000000e-03
5.026483308029e+00 2.118106543564e+00 5.000000000000e-03
2.565838906485e+00 5.085066164288e+00 5.000000000000e-03
1.046018161348e+00 5.558111060520e+00 5.000000000000e-03
2.787999516758e-01 5.408163908092e+00 5.000000000000e-03
6.088741907358e+00 1.137871051255e+00 5.000000000000e-03
6.091138866937e-01 4.508512139301e+00 5.000000000000e-03
4.290930522756e+00 4.489046250007e+00 5.000000000000e-03
1.180733013929e+00 3.862014669752e+00 5.000000000000e-03
1.342023056827e+00 5.668001459222e+00 5.000000000000e-03
6.153431123910e+00 4.351467580642e+00 5.000000000000e-03
6.241224037908e+00 3.045448821012e+00 5.000000000000e-03
4.847968864378e-02 3.441502462166e+00 5.000000000000e-03
1.751491540751e+00 6.093941493300e+00 5.000000000000e-03
4.870032425668e-01 4.326667485227e+00 5.000000000000e-03
4.112497711460e+00 3.575488438485e+00 5.000000000000e-03
4.668949890059e+00 3.501507181425e+00 5.000000000000e-03
1.606300289752e+00 6.151587928135e+00 5.000000000000e-03
6.246942167667e+00 3.914240779004e+00 5.000000000000e-03
2.607167394252e-02 5.507770006968e+00 5.000000000000e-03
4.837000004396e+00 4.306349874150e+00 5.000000000000e-03
4.727708125649e-01 4.241056797115e+00 5.000000000000e-03
7.004004188136e-01 3.302372114545e+00 5.000000000000e-03
5.543804204190e+00 5.449618897830e+00 5.000000000000e-03
4.695025020119e+00 3.992202980680e+00 5.000000000000e-03
5.326680604917e-01 6.134625108301e+00 5.000000000000e-03
1.397594306931e+00 4.605241354316e+00 5.000000000000e-03
3.308126429509e+00 2.974958663774e-01 5.000000000000e-03
1.221644929681e+00 6.177750711704e+00 5.000000000000e-03
1.849644372354e+00 6.035923968876e+00 5.000000000000e-03
2.671670621202e+00 4.951228356428e+00 5.000000000000e-03
2.129240090811e+00 4.717367671454e+00 5.000000000000e-03
2.709665217380e+00 6.111301140160e+00 5.000000000000e-03
1.358740753544e+00 5.365226931352e+00 5.000000000000e-03
3.424381018298e-01 3.463116182479e+00 5.000000000000e-03
5.835788235655e-01 4.386646360022e+00 5.000000000000e-03
1.268136516847e+00 2.047229593975e+00 5.000000000000e-03
1.365021286747e+00 5.286535224047e+00 5.000000000000e-03
1.258916450537e+00 4.218099628251e+00 5.000000000000e-03
5.343856714255e+00 4.777308846397e+00 5.000000000000e-03
4.881595886511e+00 1.696720587200e+00 5.000000000000e-03
3.224441286739e-01 2.009684481696e+00 -5.000000000000e-03
2.092230224272e+00 1.550201271642e+00 -5.000000000000e-03
1.811535948193e+00 3.482025037775e+00 -5.000000000000e-03
2.021533766422e+00 3.896729102721e+00 -5.000000000000e-03
4.036828364586e+00 5.807320312048e+00 -5.000000000000e-03
6.020240969526e+00 1.536547415590e-01 -5.000000000000e-03
5.816507081748e+00 1.407433148019e+00 -5.000000000000e-03
2.208029217908e+00 3.005355133317e+00 -5.000000000000e-03
3.246500716206e+00 1.849619214931e+00 -5.000000000000e-03
2.426333123569e+00 3.366544637956e+00 -5.000000000000e-03
2.728862489515e+00 2.008943108642e+00 -5.000000000000e-03
4.122847250290e+00 4.105617988595e+00 -5.000000000000e-03
5.546255192230e+00 2.429120490808e+00 -5.000000000000e-03
3.286273893952e+00 2.502058618256e+00 -5.000000000000e-03
1.238094237848e+00 7.731790453228e-01 -5.000000000000e-03
4.451030218337e+00 6.220246976255e+00 -5.000000000000e-03
3.329291723784e+00 1.554903811273e+00 -5.000000000000e-03
3.441482557136e+00 5.798486425474e+00 -5.000000000000e-03
3.701492224472e-01 1.588219801636e+00 -5.000000000000e-03
4.311804771888e+00 3.941054403958e+00 -5.000000000000e-03
1.816679632945e+00 4.133600847009e-01 -5.000000000000e-03
4.415208722756e+00 4.595003084145e+00 -5.000000000000e-03
4.845522774656e+00 5.472650288884e+00 -5.000000000000e-03
9.401638212715e-01 2.252318189938e+00 -5.000000000000e-03
5.780430321688e+00 6.041495069456e+00 -5.000000000000e-03
1.505827275239e+00 1.392487805872e-01 -5.000000000000e-03
1.270713971426e+00 5.961768104340e+00 -5.000000000000e-03
5.694381696974e-01 1.631676137364e+00 -5.000000000000e-03
4.745303117133e+00 1.080533971991e+00 -5.000000000000e-03
3.497657264542e+00 1.896344723618e+00 -5.000000000000e-03
2.640250517194e+00 5.427120729038e-01 -5.000000000000e-03
2.584812816827e+00 2.396905719256e+00 -5.000000000000e-03
5.054771928422e+00 3.271522707340e+00 -5.000000000000e-03
4.413126382013e+00 2.287016615078e+00 -5.000000000000e-03
2.489112838133e+00 2.121489970514e+00 -5.000000000000e-03
3.597646239865e+00 1.192719002747e+00 -5.000000000000e-03
6.167565312392e+00 4.760906419308e+00 -5.000000000000e-03
5.482711460569e+00 1.813742640937e+00 -5.000000000000e-03
1.353151899243e+00 3.093715194182e+00 -5.000000000000e-03
5.583478131599e+00 1.020997020955e+00 -5.000000000000e-03
1.743679251121e+00 4.917320602113e+00 -5.000000000000e-03
4.491985373316e+00 6.117096011337e+00 -5.000000000000e-03
2.310960952527e+00 1.299360989408e+00 -5.000000000000e-03
3.078175363793e+00 3.586816574161e+00 -5.000000000000e-03
9.874058400762e-01 3.217979270897e+00 -5.000000000000e-03
2.052219529847e+00 2.600540664454e+00 -5.000000000000e-03
2.824739877086e+00 1.780405682850e+00 -5.000000000000e-03
3.075031170786e+00 5.565632237112e+00 -5.000000000000e-03
4.386445695753e+00 5.736346314934e+00 -5.000000000000e-03
5.135244552647e+00 3.157115107052e+00 -5.000000000000e-03
4.173013519791e+00 5.820775382181e+00 -5.000000000000e-03
2.877232361150e+00 4.178011788877e+00 -5.000000000000e-03
3.741036942411e+00 2.825000948224e+00 -5.000000000000e-03
2.741739884734e+00 7.367263302089e-01 -5.000000000000e-03
5.356770101090e+00 3.916808486383e+00 -5.000000000000e-03
6.165608962803e+00 2.185623903973e+00 -5.000000000000e-03
4.227510198659e+00 2.994967975794e+00 -5.000000000000e-03
6.728152367450e-01 1.514078823374e+00 -5.000000000000e-03
3.844840772191e+00 4.714183551779e-01 -5.000000000000e-03
3.259323826702e+00 1.096665707923e+00 -5.000000000000e-03
3.841931584399e+00 1.941276673546e+00 -5.000000000000e-03
3.447420772345e+00 1.938836619608e+00 -5.000000000000e-03
3.646017857391e+00 1.612823543455e+00 -5.000000000000e-03
4.362090831583e+00 1.464688152812e+00 -5.000000000000e-03
7.915715829406e-01 3.486461097635e+00 -5.000000000000e-03
3.100733327006e+00 1.971186693469e+00 -5.000000000000e-03
2.756127472554e+00 1.499272244689e+00 -5.000000000000e-03
4.561838917979e+00 5.658331191256e+00 -5.000000000000e-03
1.759013203077e+00 3.354718823745e+00 -5.000000000000e-03
8.446644346687e-01 7.809784845178e-01 -5.000000000000e-03
3.107735478181e+00 1.813454407213e+00 -5.000000000000e-03
4.323103843617e+00 5.076420882968e+00 -5.000000000000e-03
2.683758399145e+00 1.998546268865e+00 -5.000000000000e-03
1.545166940948e+00 3.527782572359e+00 -5.000000000000e-03
5.682536627620e+00 8.908503102059e-01 -5.000000000000e-03
2.687326240227e+00 3.291499922043e+00 -5.000000000000e-03
3.813849852779e+00 2.059538674246e+00 -5.000000000000e-03
3.228139103596e+00 2.280201466907e+00 -5.000000000000e-03
4.483892184681e+00 4.335396062636e+00 -5.000000000000e-03
2.790130824741e+00 1.818640325706e+00 -5.000000000000e-03
2.750231630110e+00 9.412592253663e-01 -5.000000000000e-03
5.382699025333e+00 5.703896446293e+00 -5.000000000000e-03
2.996108895231e+00 2.032181657903e+00 -5.000000000000e-03
3.052103660085e+00 2.664444947164e+00 -5.000000000000e-03
3.836291351336e+00 2.439928937853e+00 -5.000000000000e-03
3.833363346991e+00 6.667772736353e-01 -5.000000000000e-03
3.047801775376e+00 2.093888106940e+00 -5.000000000000e-03
6.418005137149e-01 4.867683629193e-02 -5.000000000000e-03
1.277484242758e+00 3.592149324207e+00 -5.000000000000e-03
2.620207384283e+00 1.977647101567e+00 -5.000000000000e-03
2.482274195389e+00 1.031279595601e+00 -5.000000000000e-03
3.880158666236e+00 3.199692278368e+00 -5.000000000000e-03
5.907640188629e+00 3.365253086327e+00 -5.000000000000e-03
2.776209781485e+00 2.889269177855e+00 -5.000000000000e-03
5.955049867242e+00 5.503818406477e-01 -5.000000000000e-03
5.432282773289e+00 2.495369233479e+00 -5.000000000000e-03
4.109865704992e+00 1.404897686098e+00 -5.000000000000e-03
2.969578721999e+00 1.629144107092e+00 -5.000000000000e-03
5.782692632872e+00 5.301553686448e+00 -5.000000000000e-03
3.633703752486e+00 5.246805325609e+00 -5.000000000000e-03
