4.082212524538e+00 3.215317774835e+00 5.000000000000e-03
3.784519086503e+00 2.848897517585e+00 5.000000000000e-03
4.233051721459e+00 3.703917697498e+00 5.000000000000e-03
2.109152236715e+00 4.026315636078e+00 5.000000000000e-03
4.294715851095e+00 3.553561943172e+00 5.000000000000e-03
2.122713326078e+00 3.735663002016e+00 5.000000000000e-03
3.348450503468e+00 5.191702991278e+00 5.000000000000e-03
1.166520915631e+00 2.648475333758e-01 5.000000000000e-03
4.186260795667e+00 3.461764407330e+00 5.000000000000e-03
5.340581107153e+00 2.204204852888e+00 5.000000000000e-03
4.453972111012e+00 4.055429866131e+00 5.000000000000e-03
4.945340199303e+00 3.340015064494e+00 5.000000000000e-03
4.851332636360e+00 6.119049298225e+00 5.000000000000e-03
2.204961336082e+00 4.636869349455e+00 5.000000000000e-03
1.532055279357e-02 3.546923087108e+00 5.000000000000e-03
4.725695722302e+00 2.010960068128e+00 5.000000000000e-03
3.533600745293e+00 1.808781962051e+00 5.000000000000e-03
2.522516199534e+00 6.004518991204e+00 5.000000000000e-03
4.884514331266e+00 1.091703799884e+00 5.000000000000e-03
2.609660662678e+00 5.405211090017e+00 5.000000000000e-03
4.098624886931e+00 3.783623332991e+00 5.000000000000e-03
6.821972859121e-01 6.170829919758e+00 5.000000000000e-03
5.420115044295e+00 3.012632725843e+00 5.000000000000e-03
2.129132767390e+00 3.295772780092e+00 5.000000000000e-03
2.318897922710e-01 3.533962895094e+00 5.000000000000e-03
4.855891222693e+00 4.435958506121e+00 5.000000000000e-03
4.776595231773e+00 6.427253595655e-01 5.000000000000e-03
4.522405428586e-01 2.010924574849e+00 5.000000000000e-03
4.632216812010e+00 2.610711254184e+00 5.000000000000e-03
3.015785642245e+00 2.627165127220e+00 5.000000000000e-03
3.564875994824e+00 5.584210827273e+00 5.000000000000e-03
2.217337406240e+00 6.160764498317e-01 5.000000000000e-03
3.395511828550e+00 3.110450106617e-01 5.000000000000e-03
6.206095247893e+00 3.148516303701e+00 5.000000000000e-03
5.012442213175e+00 3.232032065334e+00 5.000000000000e-03
2.538591997352e+00 3.517786489112e+00 5.000000000000e-03
3.590121499947e+00 4.641542028865e+00 5.000000000000e-03
1.294977763925e+00 2.761533292522e+00 5.000000000000e-03
7.369053625472e-01 2.245854058023e+00 5.000000000000e-03
4.743131902201e+00 3.999593345389e+00 5.000000000000e-03
4.732782762223e+00 3.001530168392e+00 5.000000000000e-03
4.696226631790e+00 3.031163660544e+00 5.000000000000e-03
4.762424454584e+00 2.420062058515e+00 5.000000000000e-03
7.550858236555e-01 4.062691036427e+00 5.000000000000e-03
3.394322789958e+00 4.814667535030e+00 5.000000000000e-03
2.804339755867e+00 4.150483933355e+00 5.000000000000e-03
6.005517009667e+00 1.902606170103e+00 5.000000000000e-03
7.229854458102e-01 2.678335495213e+00 5.000000000000e-03
5.673850606728e+00 4.410438351155e+00 5.000000000000e-03
3.116663522200e+00 2.062592843274e+00 5.000000000000e-03
2.757559202904e+00 7.275303953353e-01 5.000000000000e-03
9.423025201481e-01 2.711374813444e+00 5.000000000000e-03
5.422957051001e+00 2.539584446161e+00 5.000000000000e-03
3.355106713519e-01 3.451731727730e+00 5.000000000000e-03
3.554772352305e+00 5.038665912083e+00 5.000000000000e-03
1.832036879049e-01 2.664623350537e-01 5.000000000000e-03
5.980752985783e+00 1.906767496989e-02 5.000000000000e-03
5.944809871916e+00 3.746160406475e+00 5.000000000000e-03
1.504235837232e+00 5.874094909654e+00 5.000000000000e-03
6.025731145072e+00 4.521967652035e+00 5.000000000000e-03
5.481471393173e+00 3.608469050943e+00 5.000000000000e-03
4.835446466154e+00 3.350689239491e+00 5.000000000000e-03
3.341913545993e+00 3.248582414152e+00 5.000000000000e-03
4.524261547729e+00 2.529569400738e+00 5.000000000000e-03
3.947295476016e+00 3.802287275760e+00 5.000000000000e-03
7.268729840916e-01 4.988110220659e+00 5.000000000000e-03
3.429241723502e+00 1.275777093634e+00 5.000000000000e-03
6.810092889291e-01 4.319749229242e+00 5.000000000000e-03
3.274778109660e+00 3.740489003658e-01 5.000000000000e-03
1.290540829731e+00 3.447700980067e+00 5.000000000000e-03
4.754715402699e+00 3.968711233012e+00 5.000000000000e-03
2.077564560331e+00 2.680520941917e+00 5.000000000000e-03
3.572623949404e+00 4.677317446968e+00 5.000000000000e-03
4.482762212241e+00 3.513221056285e+00 5.000000000000e-03
5.138698413726e+00 3.970096227830e+00 5.000000000000e-03
3.594705391851e+00 6.077807973803e+00 5.000000000000e-03
4.934241177830e+00 4.084584008594e+00 5.000000000000e-03
3.801255262225e-01 3.573787079101e+00 5.000000000000e-03
4.015451828796e+00 2.581073554593e+00 5.000000000000e-03
4.175312308718e+00 3.085861539984e+00 5.000000000000e-03
3.581759253612e+00 5.943285490168e+00 5.000000000000e-03
6.115446440934e+00 3.970585723224e+00 5.000000000000e-03
4.773294601417e+00 3.441838948372e+00 5.000000000000e-03
1.593402694679e+00 4.329468987418e+00 5.000000000000e-03
1.349289526855e+00 3.171130992893e+00 5.000000000000e-03
6.733536179344e-01 2.588705474222e+00 5.000000000000e-03
2.638063052925e+00 1.722094701422e-01 5.000000000000e-03
3.848348021532e-02 4.941395508914e+00 5.000000000000e-03
2.112795546239e+00 6.107732866412e+00 5.000000000000e-03
5.202509237101e+00 4.010042248791e+00 5.000000000000e-03
2.319613743548e-01 3.691998446049e+00 5.000000000000e-03
2.946821851267e+00 3.318254075891e+00 5.000000000000e-03
3.714729960384e+00 2.480151535409e-02 5.000000000000e-03
4.168420375750e+00 4.877636229771e+00 5.000000000000e-03
4.899365855688e+00 3.023658049771e+00 5.000000000000e-03
2.360111797066e+00 5.643436664120e+00 5.000000000000e-03
5.223437876614e+00 2.921355346105e+00 5.000000000000e-03
4.460842223515e+00 1.668017477806e+00 5.000000000000e-03
3.539040030670e+00 5.449306747668e+00 5.000000000000e-03
4.302184865201e-01 6.088280273576e+00 5.000000000000e-03
1.718006796543e+00 4.628844059075e+00 -5.000000000000e-03
1.405134731853e+00 1.023426430040e+00 -5.000000000000e-03
7.803463074966e-01 2.987427996848e-01 -5.000000000000e-03
7.573378681452e-01 3.444022629744e-01 -5.000000000000e-03
5.525745430173e+00 4.721762884935e+00 -5.000000000000e-03
2.035033785711e+00 2.189566854022e+00 -5.000000000000e-03
1.552129416399e+00 6.054460661554e-01 -5.000000000000e-03
3.647871296591e-01 1.246014239925e+00 -5.000000000000e-03
5.392650946552e-01 7.131925824969e-01 -5.000000000000e-03
5.571397880452e-01 3.030240641929e+00 -5.000000000000e-03
2.756500015457e+00 1.042403496940e+00 -5.000000000000e-03
1.473387177455e+00 1.904444948088e-02 -5.000000000000e-03
3.242808014888e-01 5.262275705930e+00 -5.000000000000e-03
2.639238737272e+00 1.384538196414e+00 -5.000000000000e-03
3.844320927251e+00 1.309006742522e+00 -5.000000000000e-03
3.546564284460e-01 1.111066417341e+00 -5.000000000000e-03
2.781174513416e+00 1.492047680101e+00 -5.000000000000e-03
4.842330558368e+00 5.101436228518e+00 -5.000000000000e-03
1.920832030281e+00 2.240966165492e+00 -5.000000000000e-03
8.500042987430e-01 4.010578156870e-01 -5.000000000000e-03
5.298794161475e+00 4.415792128942e-02 -5.000000000000e-03
6.266367688941e+00 2.554600297697e+00 -5.000000000000e-03
7.704324014370e-01 5.499376620938e+00 -5.000000000000e-03
4.141319139003e-01 2.379665777488e+00 -5.000000000000e-03
5.457610995034e-01 9.138766425366e-01 -5.000000000000e-03
3.673968005053e+00 3.709403874538e+00 -5.000000000000e-03
3.612477353409e+00 4.130424830134e+00 -5.000000000000e-03
4.909047214294e-01 1.239052535830e+00 -5.000000000000e-03
1.291623626254e+00 5.406024539126e+00 -5.000000000000e-03
5.031756885568e+00 4.937085112800e+00 -5.000000000000e-03
4.897872580733e+00 4.923196881471e+00 -5.000000000000e-03
5.632024815973e+00 4.955391871690e+00 -5.000000000000e-03
9.149301237818e-01 5.616971114888e+00 -5.000000000000e-03
1.216966027591e+00 1.121515451318e+00 -5.000000000000e-03
1.824012406132e+00 4.750952998803e+00 -5.000000000000e-03
6.282657089531e+00 9.990790080381e-01 -5.000000000000e-03
2.275904098284e-03 1.241058017009e+00 -5.000000000000e-03
1.125606236141e-01 5.032573960949e+00 -5.000000000000e-03
7.041752415096e-01 4.843864592346e-01 -5.000000000000e-03
5.766192233840e+00 8.745981640744e-01 -5.000000000000e-03
1.442207551742e+00 4.564125335639e+00 -5.000000000000e-03
3.139011535249e-01 9.414858830229e-01 -5.000000000000e-03
8.760406084761e-01 5.291357003678e+00 -5.000000000000e-03
1.679361505458e-01 5.349833356312e+00 -5.000000000000e-03
5.152930304825e-01 1.267146208790e+00 -5.000000000000e-03
3.411698688574e-01 5.323316553512e+00 -5.000000000000e-03
3.824974545059e-01 2.737844657850e+00 -5.000000000000e-03
5.365140867274e+00 1.468482905083e+00 -5.000000000000e-03
4.201059483247e+00 5.599685082691e+00 -5.000000000000e-03
4.079579217354e+00 1.689614653779e+00 -5.000000000000e-03
2.657990977712e+00 1.535528014086e+00 -5.000000000000e-03
3.691157238129e+00 5.868813809751e+00 -5.000000000000e-03
1.988360776485e+00 5.426055153586e+00 -5.000000000000e-03
1.232487968206e+00 1.081641612158e+00 -5.000000000000e-03
3.514099549898e+00 2.565680371479e+00 -5.000000000000e-03
6.314241457258e-01 5.427024234393e+00 -5.000000000000e-03
7.439298785814e-01 9.675427377585e-01 -5.000000000000e-03
4.089309824093e-01 1.134144604188e+00 -5.000000000000e-03
4.479018319193e+00 1.480609640883e+00 -5.000000000000e-03
6.057291710950e+00 5.066048477806e+00 -5.000000000000e-03
9.612352134967e-01 3.286025345647e+00 -5.000000000000e-03
1.008434257054e+00 4.583066885150e+00 -5.000000000000e-03
2.426522855070e+00 2.747497315834e+00 -5.000000000000e-03
2.957080978136e+00 3.078041598461e-01 -5.000000000000e-03
1.628100400343e+00 2.415879653050e+00 -5.000000000000e-03
8.178667931838e-01 5.738148709934e+00 -5.000000000000e-03
6.202735443803e+00 1.121166141046e+00 -5.000000000000e-03
1.786104228750e+00 4.801699720451e-01 -5.000000000000e-03
1.106527334932e+00 8.933674147316e-01 -5.000000000000e-03
6.138590371676e+00 1.791260237892e+00 -5.000000000000e-03
3.921937115723e-01 6.760881484289e-01 -5.000000000000e-03
1.073746190506e+00 5.190938228650e+00 -5.000000000000e-03
4.108464459660e+00 4.464583963148e+00 -5.000000000000e-03
5.640621155716e+00 2.036268952509e+00 -5.000000000000e-03
5.041388461359e+00 5.444563181323e+00 -5.000000000000e-03
5.160705357949e-01 4.265171010890e+00 -5.000000000000e-03
5.794186379076e+00 2.035532984523e+00 -5.000000000000e-03
4.376219173676e+00 4.836075670213e-01 -5.000000000000e-03
6.168246095410e+00 5.540903817079e+00 -5.000000000000e-03
2.937787881397e+00 1.648949573124e+00 -5.000000000000e-03
1.156313222658e+00 5.292522062665e+00 -5.000000000000e-03
1.464815439136e+00 2.043514287492e-02 -5.000000000000e-03
2.091608163488e+00 7.943168733455e-01 -5.000000000000e-03
4.556430233810e-01 1.324160078572e+00 -5.000000000000e-03
5.283086061755e+00 2.617659315209e-01 -5.000000000000e-03
2.880538293761e+00 4.713728655362e+00 -5.000000000000e-03
5.194747153481e-01 2.239883031698e+00 -5.000000000000e-03
3.098492111918e+00 2.832103231073e+00 -5.000000000000e-03
1.269612460272e-01 1.567176945258e+00 -5.000000000000e-03
7.165571261821e-01 3.270756336556e-01 -5.000000000000e-03
4.697381006656e+00 3.254371066712e+00 -5.000000000000e-03
1.472501812462e+00 9.350988988887e-01 -5.000000000000e-03
5.050836221494e+00 5.213323063715e+00 -5.000000000000e-03
3.660984293470e+00 1.566149611906e+00 -5.000000000000e-03
1.652330884593e+00 2.853291050667e+00 -5.000000000000e-03
1.047755416047e+00 5.377460030665e+00 -5.000000000000e-03
3.730548410737e-02 5.265834121195e+00 -5.000000000000e-03
5.393435920438e+00 9.026455991553e-01 -5.000000000000e-03
4.423286641063e+00 1.277760652930e-01 -5.000000000000e-03
1.079280900051e+00 2.197677086766e+00 -5.000000000000e-03
