8.166940926311e-01 3.992970395492e+00 5.000000000000e-03
5.629891327830e+00 4.319597076294e+00 5.000000000000e-03
1.015471441426e+00 2.184593364868e+00 5.000000000000e-03
4.095978013118e+00 2.786657011171e+00 5.000000000000e-03
1.451685055664e+00 2.771248857468e+00 5.000000000000e-03
2.156044172642e+00 9.142662461464e-03 5.000000000000e-03
8.253636003943e-03 2.974884238547e+00 5.000000000000e-03
2.019570063172e+00 3.720799514636e+00 5.000000000000e-03
5.328381161664e-03 4.248641055906e+00 5.000000000000e-03
2.859149583956e+00 6.237543897756e+00 5.000000000000e-03
6.550151590609e-01 4.269098426271e+00 5.000000000000e-03
1.100969468970e+00 1.574218540953e-01 5.000000000000e-03
5.045332866914e+00 2.169432414269e+00 5.000000000000e-03
1.022031782439e+00 2.878611056367e+00 5.000000000000e-03
2.036165017937e+00 5.940370369112e+00 5.000000000000e-03
1.004768064955e-01 2.300312833607e+00 5.000000000000e-03
1.486517115289e+00 3.052470937313e+00 5.000000000000e-03
5.380658463413e+00 3.646033652320e+00 5.000000000000e-03
5.444360913353e+00 3.509413628664e+00 5.000000000000e-03
5.572887726093e+00 5.723768390613e+00 5.000000000000e-03
4.481179819615e-01 4.287786479723e+00 5.000000000000e-03
6.281298602639e+00 2.500518920822e+00 5.000000000000e-03
1.239931999306e-01 2.591998682294e+00 5.000000000000e-03
4.553064526326e+00 1.734777186209e+00 5.000000000000e-03
6.006520450664e+00 2.272022581889e+00 5.000000000000e-03
1.976085370305e+00 2.337738311662e+00 5.000000000000e-03
1.861594499065e+00 6.528047021892e-01 5.000000000000e-03
3.144593611327e+00 2.107196997953e+00 5.000000000000e-03
1.196889673768e+00 4.253750299731e+00 5.000000000000e-03
1.055201219030e+00 6.222921552401e+00 5.000000000000e-03
6.246132682954e+00 2.084419518197e+00 5.000000000000e-03
1.414107621143e+00 2.428446997992e+00 5.000000000000e-03
5.683688770035e+00 2.838276880174e+00 5.000000000000e-03
5.217461701310e-01 3.592007475945e+00 5.000000000000e-03
1.873544836939e+00 1.474268380394e+00 5.000000000000e-03
2.247817910940e-03 2.201269794257e+00 5.000000000000e-03
6.154440373304e+00 3.386211235382e+00 5.000000000000e-03
5.914382964364e+00 2.413129572617e+00 5.000000000000e-03
1.119914345747e+00 1.555392415476e+00 5.000000000000e-03
1.502240071011e+00 3.787248566705e+00 5.000000000000e-03
6.286241571306e-01 4.442487204483e+00 5.000000000000e-03
8.369262508264e-01 3.421011078951e+00 5.000000000000e-03
1.620405939249e+00 4.513718962168e+00 5.000000000000e-03
5.887071395131e+00 2.267936867900e+00 5.000000000000e-03
1.616641029991e+00 1.651508886987e+00 5.000000000000e-03
5.643199638747e+00 3.441890572427e+00 5.000000000000e-03
5.840929836336e+00 2.230356998695e+00 5.000000000000e-03
4.443771817223e+00 1.063769898029e+00 5.000000000000e-03
5.716861803359e-01 1.716463686171e+00 5.000000000000e-03
2.495431579820e+00 3.950017457734e+00 5.000000000000e-03
1.314034851601e+00 1.427616423401e+00 5.000000000000e-03
9.449857370109e-01 2.938673358759e+00 5.000000000000e-03
7.868023809787e-01 3.553634429056e+00 5.000000000000e-03
1.728726311978e+00 1.123300867975e+00 5.000000000000e-03
6.291171243611e-01 9.705931604200e-01 5.000000000000e-03
1.093406270483e+00 6.198352173834e+00 5.000000000000e-03
1.057083796664e+00 3.848008335045e+00 5.000000000000e-03
6.605054707901e-01 4.492973373475e+00 5.000000000000e-03
1.361897971574e+00 2.972980186342e-01 5.000000000000e-03
5.914811050730e-01 4.394140111068e+00 5.000000000000e-03
2.260612726560e+00 4.648228256705e+00 5.000000000000e-03
1.245530690487e+00 3.124165616239e-01 5.000000000000e-03
1.127902374834e+00 1.284931061744e-01 5.000000000000e-03
6.065662088459e+00 4.380123995212e+00 5.000000000000e-03
1.770616119493e+00 3.969081734284e+00 5.000000000000e-03
1.774605782000e+00 2.302408526218e+00 5.000000000000e-03
5.587659505716e+00 7.260214047568e-01 5.000000000000e-03
2.445853690892e-01 9.760387439757e-01 5.000000000000e-03
5.969973042790e-01 5.901308251485e+00 5.000000000000e-03
5.662439549217e+00 1.870006299528e+00 5.000000000000e-03
1.861731386161e+00 5.230486198834e-01 5.000000000000e-03
3.653283374236e+00 1.614263040297e+00 5.000000000000e-03
7.716731853654e-01 3.633714748920e+00 5.000000000000e-03
8.946910805266e-01 2.989270653960e+00 5.000000000000e-03
5.710645767788e+00 3.074219629348e+00 5.000000000000e-03
5.782409629456e+00 3.568816590536e+00 5.000000000000e-03
2.936761649057e-02 2.117706468132e+00 5.000000000000e-03
4.335421147953e+00 4.759782756218e+00 5.000000000000e-03
4.423488030168e+00 4.098772026395e+00 5.000000000000e-03
2.982045315220e+00 3.943477454298e+00 5.000000000000e-03
5.557191685770e+00 3.468422467344e+00 5.000000000000e-03
4.107137927722e-01 3.011149144043e+00 5.000000000000e-03
1.548973964304e+00 3.530108477311e+00 5.000000000000e-03
1.703416028247e-02 5.164404958005e+00 5.000000000000e-03
5.083662567133e+00 4.543022330211e+00 5.000000000000e-03
5.266694016542e-01 1.360785552752e+00 5.000000000000e-03
2.319167908738e+00 5.026320271948e+00 5.000000000000e-03
6.799154526786e-01 2.853780538013e+00 5.000000000000e-03
9.812711414409e-01 2.319770809724e+00 5.000000000000e-03
1.836003586499e-02 2.036750157951e+00 5.000000000000e-03
4.046724190941e+00 3.481258479028e+00 5.000000000000e-03
3.398196673776e+00 2.151474252029e+00 5.000000000000e-03
1.718690032499e+00 1.855668211664e+00 5.000000000000e-03
1.055019422921e+00 5.987670793908e+00 5.000000000000e-03
5.253118308154e+00 4.999020052631e-01 5.000000000000e-03
2.170621262984e+00 3.566058545649e-01 5.000000000000e-03
1.050024751293e+00 6.961138333931e-02 5.000000000000e-03
1.136447448677e+00 2.304013843749e+00 5.000000000000e-03
5.858996037411e+00 3.026632642215e+00 5.000000000000e-03
6.230714641740e+00 2.095940011704e+00 5.000000000000e-03
3.838991591429e+00 5.339408310052e+00 -5.000000000000e-03
2.908244214212e+00 1.635642980149e+00 -5.000000000000e-03
4.071802406507e-01 6.082809528968e-01 -5.000000000000e-03
4.573729738666e+00 3.154521131399e+00 -5.000000000000e-03
5.412947191041e+00 3.930319435480e-01 -5.000000000000e-03
3.292773924547e+00 5.396441540059e+00 -5.000000000000e-03
3.662879349806e+00 5.946375544784e+00 -5.000000000000e-03
4.742102034386e+00 4.560911298277e+00 -5.000000000000e-03
3.236501846515e+00 2.310341296280e+00 -5.000000000000e-03
1.369422553680e+00 5.453979982678e+00 -5.000000000000e-03
4.183678107977e+00 2.387841175305e+00 -5.000000000000e-03
3.017840695836e+00 5.557632803120e+00 -5.000000000000e-03
3.689025794032e+00 1.803474898063e+00 -5.000000000000e-03
5.534529139206e+00 1.537520957341e+00 -5.000000000000e-03
4.148848041212e+00 5.221231444523e+00 -5.000000000000e-03
4.521200099633e+00 6.033119737964e+00 -5.000000000000e-03
3.152439724697e+00 5.990413014999e+00 -5.000000000000e-03
4.536828934743e+00 6.268320712801e-02 -5.000000000000e-03
5.644466114268e+00 5.613371076843e+00 -5.000000000000e-03
5.143445801318e+00 3.288404270373e+00 -5.000000000000e-03
4.591182816020e+00 3.643330909182e-01 -5.000000000000e-03
5.163837004613e+00 4.148930686799e+00 -5.000000000000e-03
2.676067656859e+00 1.204321387947e+00 -5.000000000000e-03
3.996694777824e+00 1.557326320431e+00 -5.000000000000e-03
4.922643341047e+00 1.668182063266e-01 -5.000000000000e-03
4.285110128126e+00 5.443935807687e+00 -5.000000000000e-03
1.149818295150e+00 5.655187784272e+00 -5.000000000000e-03
3.855481162775e+00 5.273172954689e+00 -5.000000000000e-03
4.322195296535e+00 1.575312579196e+00 -5.000000000000e-03
2.099606584205e+00 5.690583019520e+00 -5.000000000000e-03
5.171115230974e+00 9.203013951762e-01 -5.000000000000e-03
4.031478414367e+00 2.599615963118e+00 -5.000000000000e-03
4.015771718205e+00 5.299859658297e+00 -5.000000000000e-03
4.703751758150e+00 4.285280530140e-01 -5.000000000000e-03
4.619454744451e+00 6.171704350446e+00 -5.000000000000e-03
3.146694699273e+00 4.826499348890e+00 -5.000000000000e-03
3.756178144176e+00 5.335400341668e+00 -5.000000000000e-03
1.272709008711e-01 5.658531990181e+00 -5.000000000000e-03
4.784281747240e+00 5.836738661287e+00 -5.000000000000e-03
5.897554781946e+00 5.446454736075e+00 -5.000000000000e-03
2.356607906358e+00 8.712513793407e-01 -5.000000000000e-03
4.378176510563e+00 5.363147415291e+00 -5.000000000000e-03
3.557839292601e+00 5.375656495607e+00 -5.000000000000e-03
3.865321201761e+00 5.166808787193e+00 -5.000000000000e-03
5.837821167483e+00 5.231814213086e+00 -5.000000000000e-03
8.644407084826e-01 1.803849041775e+00 -5.000000000000e-03
3.238558941078e+00 6.265300851966e+00 -5.000000000000e-03
2.835481928141e+00 9.062216852872e-01 -5.000000000000e-03
4.718857557911e+00 1.143321484236e+00 -5.000000000000e-03
4.244262858207e+00 5.147627060020e+00 -5.000000000000e-03
5.036710457186e+00 5.244741789297e+00 -5.000000000000e-03
3.817547626304e+00 5.868969214365e+00 -5.000000000000e-03
6.214431604839e+00 3.686579107705e+00 -5.000000000000e-03
4.840111776688e+00 6.060319765914e+00 -5.000000000000e-03
2.385906391071e+00 9.463316157197e-01 -5.000000000000e-03
4.757850426553e+00 1.397283804973e-01 -5.000000000000e-03
5.357182023127e+00 5.166360992069e+00 -5.000000000000e-03
3.791005055514e+00 5.229181145594e+00 -5.000000000000e-03
3.229780847935e+00 9.285266231469e-01 -5.000000000000e-03
3.925762005209e+00 5.899409933409e+00 -5.000000000000e-03
3.347008694828e+00 5.127448249870e+00 -5.000000000000e-03
3.744480581022e+00 5.417852012008e+00 -5.000000000000e-03
4.126371769996e+00 5.433661579744e+00 -5.000000000000e-03
5.133605084190e+00 5.221289213021e+00 -5.000000000000e-03
3.830892215334e+00 9.773502512367e-01 -5.000000000000e-03
4.607522962646e+00 4.515818452318e+00 -5.000000000000e-03
3.793145699200e+00 5.835941451485e+00 -5.000000000000e-03
5.688892506500e+00 5.027245198624e+00 -5.000000000000e-03
5.122563554143e+00 5.765738799099e+00 -5.000000000000e-03
3.523886389637e+00 5.476751340824e+00 -5.000000000000e-03
2.572074258210e+00 4.460313762405e+00 -5.000000000000e-03
4.373772005586e+00 5.383394582507e+00 -5.000000000000e-03
4.178339936330e+00 1.386512277264e+00 -5.000000000000e-03
5.130546218754e+00 5.773402187070e+00 -5.000000000000e-03
5.188597810994e+00 3.863772986920e+00 -5.000000000000e-03
2.452668151969e+00 3.799630417180e+00 -5.000000000000e-03
4.334432719978e+00 4.274770139569e+00 -5.000000000000e-03
3.704285389685e+00 5.883055999318e+00 -5.000000000000e-03
6.114336880162e+00 6.019420380970e+00 -5.000000000000e-03
3.618078964080e+00 5.826889915994e+00 -5.000000000000e-03
6.107067487964e+00 3.804977390815e+00 -5.000000000000e-03
5.401571183128e+00 4.741411547495e+00 -5.000000000000e-03
2.816473026767e+00 5.287037088307e+00 -5.000000000000e-03
3.061407088201e+00 4.516415315558e+00 -5.000000000000e-03
4.190653673972e+00 4.664403538645e+00 -5.000000000000e-03
4.044844230099e+00 6.080247276805e+00 -5.000000000000e-03
2.700979226398e+00 6.181434571435e-01 -5.000000000000e-03
3.154278224927e+00 1.769846910203e-01 -5.000000000000e-03
4.468420930856e+00 2.949991213925e+00 -5.000000000000e-03
3.000920196724e+00 2.514944355780e+00 -5.000000000000e-03
1.940821352132e+00 5.527619131186e+00 -5.000000000000e-03
4.756856418177e+00 5.912738522409e+00 -5.000000000000e-03
2.894836457427e-01 5.182364308064e+00 -5.000000000000e-03
2.814506714007e+00 1.026079303198e+00 -5.000000000000e-03
5.300401281341e+00 8.003904598953e-01 -5.000000000000e-03
2.294968644193e+00 5.636453007412e+00 -5.000000000000e-03
4.744067929870e+00 5.857595624626e+00 -5.000000000000e-03
2.697955521111e+00 2.084017443424e-01 -5.000000000000e-03
3.991774368047e+00 5.679573898964e+00 -5.000000000000e-03
2.981589088395e+00 2.612570485974e+00 -5.000000000000e-03
