6.036899087604e+00 1.449406398404e+00 5.000000000000e-03
3.458725332146e+00 5.160943974039e+00 5.000000000000e-03
2.855888564010e+00 3.078200758735e+00 5.000000000000e-03
5.889216886526e+00 2.639862000057e+00 5.000000000000e-03
2.067596991067e+00 1.857647197206e+00 5.000000000000e-03
4.826645855537e+00 4.334666558375e+00 5.000000000000e-03
3.274803659807e+00 3.783458215115e-01 5.000000000000e-03
3.949833353623e+00 5.683090265746e+00 5.000000000000e-03
1.075367101090e+00 5.596324750364e+00 5.000000000000e-03
4.885869091162e+00 3.979712144490e+00 5.000000000000e-03
3.974821617776e+00 2.205905303146e+00 5.000000000000e-03
5.723785149563e+00 2.661488885162e-02 5.000000000000e-03
1.372909244507e+00 3.185257589204e+00 5.000000000000e-03
5.680665570010e+00 3.298096576587e+00 5.000000000000e-03
1.938199829939e+00 3.451504766438e+00 5.000000000000e-03
1.288094610442e+00 1.754217772305e+00 5.000000000000e-03
5.944130508706e+00 1.412949542436e+00 5.000000000000e-03
1.383055044720e+00 4.570100620040e+00 5.000000000000e-03
2.011387727760e+00 2.860871841094e+00 5.000000000000e-03
5.847951776608e+00 1.353511003818e+00 5.000000000000e-03
3.121920237766e+00 1.854602339275e+00 5.000000000000e-03
3.009517251902e+00 1.559501806448e+00 5.000000000000e-03
1.390020992782e+00 1.598276890749e+00 5.000000000000e-03
5.942705261806e+00 2.527569710061e+00 5.000000000000e-03
1.538249492487e+00 4.747391492098e+00 5.000000000000e-03
1.047523166184e+00 1.377377567305e+00 5.000000000000e-03
4.393111151834e+00 5.094679524347e+00 5.000000000000e-03
1.352337818737e+00 4.623393158460e+00 5.000000000000e-03
5.656592891245e+00 8.882129280441e-03 5.000000000000e-03
5.184498121206e+00 5.468217909769e+00 5.000000000000e-03
1.350320626418e+00 4.786397661515e+00 5.000000000000e-03
1.906241481174e+00 5.298287253707e+00 5.000000000000e-03
4.965932780564e+00 7.503582095137e-01 5.000000000000e-03
1.931805055616e+00 4.643476532999e+00 5.000000000000e-03
5.187601916065e+00 4.002354631362e+00 5.000000000000e-03
9.355122890615e-01 5.743863681003e+00 5.000000000000e-03
5.100809368023e+00 1.305307841995e+00 5.000000000000e-03
3.591153059113e+00 3.316819883575e+00 5.000000000000e-03
6.270946345516e+00 2.598945964268e+00 5.000000000000e-03
3.990356517369e+00 3.430479415876e-01 5.000000000000e-03
3.606520508286e+00 3.568473319580e+00 5.000000000000e-03
1.088012650208e-01 3.267614464944e+00 5.000000000000e-03
1.102437886139e+00 3.176172802057e+00 5.000000000000e-03
7.623939052674e-01 1.533847381973e+00 5.000000000000e-03
5.998204596559e+00 5.380864418030e+00 5.000000000000e-03
2.140363058139e+00 5.185969601117e+00 5.000000000000e-03
6.103180304515e+00 2.985078872275e+00 5.000000000000e-03
3.235303956742e+00 1.509125749073e+00 5.000000000000e-03
5.525662150073e+00 3.758398588482e+00 5.000000000000e-03
5.713005463440e+00 3.002611716206e+00 5.000000000000e-03
1.587889524935e+00 4.498782165199e+00 5.000000000000e-03
4.375543125755e+00 5.189481744392e+00 5.000000000000e-03
1.030579797160e-01 5.233899231821e-01 5.000000000000e-03
1.431787986894e+00 4.882375165739e+00 5.000000000000e-03
4.497529378562e+00 1.455822119040e+00 5.000000000000e-03
3.145086287923e+00 1.624345657104e+00 5.000000000000e-03
4.420497045262e-01 4.114947468681e+00 5.000000000000e-03
3.361760381645e+00 5.013793773271e+00 5.000000000000e-03
6.247820387550e+00 1.561773649129e+00 5.000000000000e-03
1.386523657454e+00 2.813899143596e+00 5.000000000000e-03
5.942192674366e+00 4.868761112006e+00 5.000000000000e-03
3.437051542089e+00 5.224209794576e+00 5.000000000000e-03
1.153920137924e+00 1.863722637845e+00 5.000000000000e-03
3.610181991988e+00 5.066968348162e+00 5.000000000000e-03
6.106930675695e+00 1.903324106886e+00 5.000000000000e-03
4.856344480394e+00 3.110140589649e-01 5.000000000000e-03
3.195173534604e+00 2.370260480898e+00 5.000000000000e-03
5.428706418852e+00 3.691935354960e+00 5.000000000000e-03
5.834426016564e+00 3.431188121088e+00 5.000000000000e-03
3.062304583860e-01 4.679385090257e+00 5.000000000000e-03
1.256172047160e+00 3.884314735831e+00 5.000000000000e-03
1.564312402756e+00 5.247796159202e+00 5.000000000000e-03
2.336785801386e+00 1.241824021399e+00 5.000000000000e-03
2.914346336241e-01 4.605116975838e+00 5.000000000000e-03
3.028297985570e+00 2.350124259587e+00 5.000000000000e-03
3.843127474946e-01 5.876533087770e+00 5.000000000000e-03
5.125426741212e+00 3.804428518699e+00 5.000000000000e-03
2.927174781112e+00 6.228444658878e+00 5.000000000000e-03
1.528501168951e+00 4.272192218177e+00 5.000000000000e-03
4.696888330876e+00 5.699886907868e+00 5.000000000000e-03
5.455202470813e+00 4.643455881131e+00 5.000000000000e-03
2.245529911439e+00 4.088221629449e+00 5.000000000000e-03
5.411849160380e+00 5.750518979029e+00 5.000000000000e-03
1.693169366727e+00 6.123362575390e+00 5.000000000000e-03
1.572367419173e+00 4.473183219481e+00 5.000000000000e-03
3.731826092921e+00 4.361699305052e+00 5.000000000000e-03
3.981461548919e+00 1.998392568882e+00 5.000000000000e-03
2.933965241702e-02 4.348600271129e+00 5.000000000000e-03
5.846310496554e+00 2.995598958845e+00 5.000000000000e-03
9.623674126308e-02 1.179510314951e+00 5.000000000000e-03
1.753754350021e+00 3.785826514433e+00 5.000000000000e-03
1.349999504379e+00 1.103529092850e-01 5.000000000000e-03
1.562178841117e+00 3.282422585960e+00 5.000000000000e-03
5.696341111619e+00 2.819143200762e+00 5.000000000000e-03
9.363418695690e-01 3.049430465280e+00 5.000000000000e-03
1.468801800951e+00 2.421905763072e+00 5.000000000000e-03
1.239929904338e-01 3.180842672383e+00 5.000000000000e-03
3.824497701401e+00 4.245632218414e-01 5.000000000000e-03
2.386035891396e+00 1.294787284438e+00 5.000000000000e-03
3.112976903371e+00 8.267705941064e-01 5.000000000000e-03
3.376995163501e+00 4.472205907567e+00 -5.000000000000e-03
6.232598878082e-01 2.468476089741e+00 -5.000000000000e-03
2.758551264217e+00 5.751620908854e+00 -5.000000000000e-03
5.215447357652e+00 2.769005498244e+00 -5.000000000000e-03
4.571525327753e+00 4.779765427827e+00 -5.000000000000e-03
1.968047342943e+00 5.448990067915e+00 -5.000000000000e-03
3.969659944752e+00 4.551715224409e+00 -5.000000000000e-03
2.062820391203e+00 6.237709037277e+00 -5.000000000000e-03
3.300440011261e+00 4.668353268959e+00 -5.000000000000e-03
7.952445606808e-02 5.287570237285e+00 -5.000000000000e-03
2.484443821613e+00 5.800261575291e+00 -5.000000000000e-03
2.250778789609e+00 9.204222803195e-01 -5.000000000000e-03
1.110182107995e+00 3.963167424817e-01 -5.000000000000e-03
1.566830764835e+00 1.339123050254e+00 -5.000000000000e-03
5.749854296859e+00 5.133361739964e+00 -5.000000000000e-03
2.644199241702e+00 6.405908606640e-02 -5.000000000000e-03
5.923983834175e+00 1.095229733968e+00 -5.000000000000e-03
5.592523453947e-02 4.802228181109e+00 -5.000000000000e-03
4.102654926087e+00 9.307253421547e-01 -5.000000000000e-03
2.436716117160e+00 2.513844879556e+00 -5.000000000000e-03
3.277748446505e+00 9.935720342487e-01 -5.000000000000e-03
4.916763977108e+00 5.161829447007e+00 -5.000000000000e-03
2.542565168790e+00 9.471923539756e-01 -5.000000000000e-03
2.064747742628e+00 7.743963311368e-02 -5.000000000000e-03
5.370666347691e+00 1.070051912945e+00 -5.000000000000e-03
2.446114487097e+00 3.827452844495e-01 -5.000000000000e-03
4.408137717187e+00 2.038075220574e+00 -5.000000000000e-03
2.615113198091e+00 8.471468282500e-01 -5.000000000000e-03
5.177731957932e+00 6.194803310215e+00 -5.000000000000e-03
4.631675941684e+00 2.768762848563e+00 -5.000000000000e-03
2.333956722279e+00 6.228006012807e+00 -5.000000000000e-03
2.691981591636e+00 4.559398640777e+00 -5.000000000000e-03
4.189495001376e+00 2.087839248544e-01 -5.000000000000e-03
5.996875386432e+00 1.079536682870e+00 -5.000000000000e-03
2.959844278275e+00 6.802887135279e-02 -5.000000000000e-03
2.338837577606e+00 2.420318803544e-01 -5.000000000000e-03
2.518294609468e+00 2.211887954877e-01 -5.000000000000e-03
5.237076944917e+00 2.056631325916e+00 -5.000000000000e-03
1.856173416912e+00 5.583988847389e+00 -5.000000000000e-03
1.610061221684e+00 3.198358826172e-01 -5.000000000000e-03
2.309029277985e-01 1.771621788668e+00 -5.000000000000e-03
5.891618854768e-01 5.713255838563e+00 -5.000000000000e-03
5.334835160835e+00 2.208093866882e+00 -5.000000000000e-03
4.834697037636e+00 9.358488215867e-01 -5.000000000000e-03
4.199965691474e+00 4.714388732447e+00 -5.000000000000e-03
3.400208566933e+00 1.331615917282e+00 -5.000000000000e-03
2.181604105736e+00 4.765503219818e+00 -5.000000000000e-03
1.368398619534e+00 1.175309527527e+00 -5.000000000000e-03
5.527232102452e-01 5.740925777938e+00 -5.000000000000e-03
4.353551412307e+00 7.025025290765e-01 -5.000000000000e-03
1.778377024135e+00 1.396113143565e-01 -5.000000000000e-03
9.842551790759e-01 4.820938563216e+00 -5.000000000000e-03
3.657545484049e+00 4.584418247169e+00 -5.000000000000e-03
2.814239601816e+00 4.957110388833e+00 -5.000000000000e-03
4.807082334788e-01 5.012172602651e+00 -5.000000000000e-03
2.200976864108e+00 4.655509511082e+00 -5.000000000000e-03
4.083303355553e+00 4.910124049748e+00 -5.000000000000e-03
1.793692024564e+00 7.084460900050e-02 -5.000000000000e-03
2.410683305434e+00 4.945698381068e+00 -5.000000000000e-03
5.069454883527e+00 2.373928853397e+00 -5.000000000000e-03
5.711438945729e+00 5.191402960828e+00 -5.000000000000e-03
2.180292171113e+00 4.515707326756e-01 -5.000000000000e-03
2.130634982669e+00 3.920037409310e+00 -5.000000000000e-03
5.292441398260e+00 2.597910902186e-01 -5.000000000000e-03
3.260462048321e+00 1.005191046757e+00 -5.000000000000e-03
5.308471470254e-01 5.187419759652e+00 -5.000000000000e-03
2.335749608535e+00 9.745908891835e-02 -5.000000000000e-03
2.907445343803e+00 4.520784723538e+00 -5.000000000000e-03
1.054410882967e+00 1.470469771251e-01 -5.000000000000e-03
2.823089683862e+00 1.001947799135e+00 -5.000000000000e-03
7.520334407828e-01 3.831929703960e+00 -5.000000000000e-03
2.884818277071e+00 3.190640184194e+00 -5.000000000000e-03
2.695605103848e+00 4.407568888649e+00 -5.000000000000e-03
4.410784975521e+00 1.727397403716e+00 -5.000000000000e-03
2.268423874851e-01 9.046493987551e-01 -5.000000000000e-03
1.816321748210e+00 1.564212281889e+00 -5.000000000000e-03
4.983666237031e+00 9.045310704810e-01 -5.000000000000e-03
2.412007552695e+00 6.250654226803e-01 -5.000000000000e-03
2.635859571657e+00 4.555881797485e+00 -5.000000000000e-03
3.085697440226e+00 1.094385334452e+00 -5.000000000000e-03
3.337962552428e+00 4.658219431010e+00 -5.000000000000e-03
3.927360244488e-01 6.080829883177e+00 -5.000000000000e-03
3.129109094204e+00 2.685347829504e+00 -5.000000000000e-03
5.456696559434e+00 1.088165084676e+00 -5.000000000000e-03
1.349678454227e+00 5.146926216585e-01 -5.000000000000e-03
8.754950308095e-02 5.271445460998e+00 -5.000000000000e-03
5.505550959366e+00 5.920564751983e-01 -5.000000000000e-03
3.263597358360e+00 2.810697521573e+00 -5.000000000000e-03
2.139803976453e+00 4.580507791459e-01 -5.000000000000e-03
3.555312809094e+00 1.251599455996e+00 -5.000000000000e-03
4.333805692813e+00 4.496076669594e+00 -5.000000000000e-03
2.460810972912e+00 3.206084432656e-01 -5.000000000000e-03
4.663728023701e-01 6.431329999878e-01 -5.000000000000e-03
8.846521173263e-01 5.872657679662e+00 -5.000000000000e-03
1.325271252818e+00 3.882314556595e-01 -5.000000000000e-03
4.372837389709e+00 4.572752599179e+00 -5.000000000000e-03
2.498998832699e+00 6.537409366752e-01 -5.000000000000e-03
2.732470522983e+00 5.741172607596e+00 -5.000000000000e-03
2.373397375128e+00 4.980342012450e+00 -5.000000000000e-03
3.556257507006e+00 2.378041957262e+00 -5.000000000000e-03
