1.296988356535e+00 4.206297835327e+00 5.000000000000e-03
2.886682622744e+00 4.533668926957e+00 5.000000000000e-03
2.136082588921e-01 4.114183326078e+00 5.000000000000e-03
4.274503238271e+00 6.053809008963e+00 5.000000000000e-03
4.347732957912e+00 3.647942437122e+00 5.000000000000e-03
5.217920357440e+00 3.868426399858e+00 5.000000000000e-03
2.393353156428e+00 3.272017226206e+00 5.000000000000e-03
3.607132973767e+00 2.519379473952e+00 5.000000000000e-03
9.057604607505e-01 2.623052440260e+00 5.000000000000e-03
1.347219782525e-01 2.001233025475e+00 5.000000000000e-03
5.796179223183e+00 3.444624317576e+00 5.000000000000e-03
3.169485737738e+00 3.202635908916e+00 5.000000000000e-03
3.188545269955e+00 5.557994933662e+00 5.000000000000e-03
2.977956140336e+00 3.186501640349e+00 5.000000000000e-03
8.834454835234e-01 1.288507861959e+00 5.000000000000e-03
1.808998974313e+00 1.484702014257e+00 5.000000000000e-03
1.732975613551e+00 1.280971499242e+00 5.000000000000e-03
6.245928919106e+00 2.660625252364e+00 5.000000000000e-03
1.266744992987e+00 3.341503876758e+00 5.000000000000e-03
1.139876489993e+00 3.943223600342e+00 5.000000000000e-03
3.415123602585e+00 3.989393210062e-01 5.000000000000e-03
1.856968672901e+00 4.405911485621e+00 5.000000000000e-03
6.273598602994e-01 1.951303722886e+00 5.000000000000e-03
4.512512343769e+00 2.598140134716e+00 5.000000000000e-03
1.890978727318e+00 5.897212628680e+00 5.000000000000e-03
4.282552189113e+00 7.955193836522e-01 5.000000000000e-03
4.942777490864e+00 4.326936654301e+00 5.000000000000e-03
6.937924366991e-01 4.884679443067e+00 5.000000000000e-03
3.001761968172e+00 3.186132527765e+00 5.000000000000e-03
1.296910185564e+00 2.114204905023e+00 5.000000000000e-03
4.315065825609e+00 5.713525896467e+00 5.000000000000e-03
3.499755683065e+00 4.695952200893e+00 5.000000000000e-03
6.433939926397e-01 4.234249800370e+00 5.000000000000e-03
2.958250830202e+00 3.116911782382e+00 5.000000000000e-03
4.502405602564e+00 2.424015860499e+00 5.000000000000e-03
3.261601162213e+00 3.201099734736e+00 5.000000000000e-03
2.858726812800e+00 1.167772341895e+00 5.000000000000e-03
5.503443822754e+00 2.175473107648e+00 5.000000000000e-03
3.167582215040e+00 6.102858541576e+00 5.000000000000e-03
1.227478302155e+00 2.690251396365e+00 5.000000000000e-03
2.706656801424e+00 9.389793617354e-01 5.000000000000e-03
3.421151790319e+00 3.032064950623e+00 5.000000000000e-03
1.439797238076e+00 1.927534094910e+00 5.000000000000e-03
2.747596278893e+00 1.118862947479e+00 5.000000000000e-03
4.897649960605e+00 2.053561557124e+00 5.000000000000e-03
4.183760966971e+00 2.486805036086e+00 5.000000000000e-03
8.592698400852e-01 1.340788012788e+00 5.000000000000e-03
3.407607975937e+00 3.345247515361e+00 5.000000000000e-03
4.687511454831e+00 4.207954256046e+00 5.000000000000e-03
2.936433711517e+00 3.656977915946e+00 5.000000000000e-03
1.609759171970e+00 4.855312928647e+00 5.000000000000e-03
4.183976022084e+00 4.200596033087e+00 5.000000000000e-03
2.238533202004e+00 3.504706982496e+00 5.000000000000e-03
3.237129108621e+00 3.926718656882e+00 5.000000000000e-03
3.143497831601e+00 3.583276324948e+00 5.000000000000e-03
4.394237834708e+00 4.161641152979e+00 5.000000000000e-03
2.126251924084e+00 2.389817117621e+00 5.000000000000e-03
2.438800944667e+00 5.339745082816e+00 5.000000000000e-03
4.774046594237e+00 3.111358913428e+00 5.000000000000e-03
4.179482848179e+00 4.711816258346e+00 5.000000000000e-03
2.619614029412e+00 4.020552952519e+00 5.000000000000e-03
3.792732051834e+00 4.023664304202e+00 5.000000000000e-03
2.900966592489e+00 3.098646162145e+00 5.000000000000e-03
4.553071427787e+00 3.345133834609e+00 5.000000000000e-03
5.498161288951e+00 3.666377350888e+00 5.000000000000e-03
2.675537312371e+00 7.244464787416e-01 5.000000000000e-03
2.660541314814e+00 2.997232756445e+00 5.000000000000e-03
4.315913041038e+00 1.378653729269e+00 5.000000000000e-03
2.595126674017e+00 2.835978565689e+00 5.000000000000e-03
5.077702428888e+00 3.357374150162e+00 5.000000000000e-03
2.941197742254e+00 3.114995054263e+00 5.000000000000e-03
2.994142028969e+00 3.195410167702e+00 5.000000000000e-03
2.963316294715e+00 3.219447627688e+00 5.000000000000e-03
2.711460443759e+00 2.126624121738e+00 5.000000000000e-03
2.923698746170e+00 1.391157188021e+00 5.000000000000e-03
4.625887741808e+00 3.619982630835e+00 5.000000000000e-03
2.384107909598e+00 3.886388619436e+00 5.000000000000e-03
4.664261793523e+00 4.132226270309e+00 5.000000000000e-03
2.288301088638e+00 3.277442282678e+00 5.000000000000e-03
1.985137160910e+00 2.475932521720e+00 5.000000000000e-03
3.974760193461e+00 2.455621890823e+00 5.000000000000e-03
3.406583018443e+00 4.269774414243e+00 5.000000000000e-03
2.906206016014e+00 1.577461260161e+00 5.000000000000e-03
2.675499925524e+00 1.393021678691e+00 5.000000000000e-03
2.741589883491e+00 3.467053872349e+00 5.000000000000e-03
3.993366055120e+00 1.332289814580e+00 5.000000000000e-03
3.998521548816e+00 2.858997126852e+00 5.000000000000e-03
2.031300614334e+00 2.323201556383e+00 5.000000000000e-03
4.769474246829e+00 3.063945150351e+00 5.000000000000e-03
4.720517802301e+00 4.525496175118e+00 5.000000000000e-03
2.081404209385e+00 2.650252865269e+00 5.000000000000e-03
1.466022702294e+00 2.909121251715e+00 5.000000000000e-03
3.924582686064e+00 5.674486871860e+00 5.000000000000e-03
2.916119165205e+00 3.126511714775e+00 5.000000000000e-03
2.771981339995e+00 1.073129591749e+00 5.000000000000e-03
4.020370906014e+00 4.565212761060e+00 5.000000000000e-03
5.925254439546e+00 2.580039354716e+00 5.000000000000e-03
4.040138020777e+00 4.130409062949e+00 5.000000000000e-03
2.029607557032e+00 2.400627039366e+00 5.000000000000e-03
2.935755365729e+00 3.251882718153e+00 5.000000000000e-03
5.565363332401e+00 2.043814976449e+00 -5.000000000000e-03
4.322762168057e-01 3.935382754059e-01 -5.000000000000e-03
1.503483377549e-01 4.838069364223e-01 -5.000000000000e-03
2.547344813791e+00 5.184365851140e-01 -5.000000000000e-03
5.929033648658e+00 9.099753070497e-01 -5.000000000000e-03
1.912062563948e+00 2.089168793994e+00 -5.000000000000e-03
6.169646974576e-01 4.657531628146e-01 -5.000000000000e-03
3.255572032216e+00 1.505511562302e+00 -5.000000000000e-03
9.592680774712e-01 1.491872511777e-01 -5.000000000000e-03
2.801722462744e-01 3.216719146775e-01 -5.000000000000e-03
7.034721729445e-01 4.308404842904e-01 -5.000000000000e-03
3.302053349494e-01 1.563376941341e+00 -5.000000000000e-03
2.502608408611e+00 2.067238333420e+00 -5.000000000000e-03
1.998920285043e+00 9.275271714889e-01 -5.000000000000e-03
2.101642084415e+00 6.041863662727e-01 -5.000000000000e-03
5.258257641484e+00 1.241158756233e+00 -5.000000000000e-03
2.660999644320e-01 1.154977119173e+00 -5.000000000000e-03
1.200583669274e-01 1.777483772656e+00 -5.000000000000e-03
4.641508694707e+00 5.403705212338e-01 -5.000000000000e-03
1.728676316398e+00 2.494905694275e+00 -5.000000000000e-03
5.852335355470e+00 1.930348380056e+00 -5.000000000000e-03
2.902637670296e-01 5.722725755993e+00 -5.000000000000e-03
5.607505055413e+00 5.237837077903e+00 -5.000000000000e-03
5.581078112846e+00 2.501143664803e-01 -5.000000000000e-03
2.800012099824e+00 5.517680152828e+00 -5.000000000000e-03
3.046536086747e+00 5.001954787393e+00 -5.000000000000e-03
6.008511972021e+00 5.724286306294e+00 -5.000000000000e-03
2.926036736327e+00 4.790170545768e+00 -5.000000000000e-03
6.260780330912e+00 2.232713417219e-01 -5.000000000000e-03
6.881887886088e-01 4.830397557868e-01 -5.000000000000e-03
1.060533009226e+00 3.432162482210e+00 -5.000000000000e-03
5.659109366324e+00 5.792553947953e+00 -5.000000000000e-03
6.539386859552e-02 8.410967804527e-01 -5.000000000000e-03
9.855484402096e-01 1.749941802687e+00 -5.000000000000e-03
6.642312210757e-01 5.791205081201e-01 -5.000000000000e-03
9.088255728795e-02 8.624720588593e-01 -5.000000000000e-03
5.202827219195e+00 6.098670906561e+00 -5.000000000000e-03
9.137822219236e-01 1.950851327857e+00 -5.000000000000e-03
1.277989607962e-01 3.152752860225e+00 -5.000000000000e-03
2.950362984070e+00 5.037499522299e-01 -5.000000000000e-03
5.737167481953e+00 4.806800170138e-01 -5.000000000000e-03
6.107390415955e+00 6.199048873433e+00 -5.000000000000e-03
5.445057316294e+00 5.015526341254e+00 -5.000000000000e-03
1.390216119066e+00 9.855420523561e-01 -5.000000000000e-03
5.538059816251e+00 4.085346810702e-01 -5.000000000000e-03
3.668691339298e-01 2.320263116222e+00 -5.000000000000e-03
4.374591304753e+00 3.998295239998e+00 -5.000000000000e-03
8.303959233178e-01 1.400473916172e-02 -5.000000000000e-03
1.043894929665e+00 8.399205868525e-01 -5.000000000000e-03
4.078736959709e+00 3.758477753704e+00 -5.000000000000e-03
4.586800818439e+00 5.679017652061e+00 -5.000000000000e-03
4.355352754345e+00 2.138430178068e-02 -5.000000000000e-03
5.522675116732e-01 1.124810093003e+00 -5.000000000000e-03
5.719750900515e-01 8.574459578298e-01 -5.000000000000e-03
1.051544149131e+00 3.531506604361e-01 -5.000000000000e-03
2.445756633970e+00 1.573924163518e+00 -5.000000000000e-03
6.153688620421e+00 1.600148437446e+00 -5.000000000000e-03
6.016012234374e+00 5.110524194608e+00 -5.000000000000e-03
6.200914818909e+00 1.565591669630e+00 -5.000000000000e-03
5.609099168141e+00 5.994312129873e+00 -5.000000000000e-03
5.145336713663e+00 2.823676480511e+00 -5.000000000000e-03
3.499877779256e+00 1.013564299121e+00 -5.000000000000e-03
1.374309170871e+00 1.274621249671e+00 -5.000000000000e-03
5.964642529624e+00 5.710002865811e+00 -5.000000000000e-03
6.175804457618e+00 5.796780156830e+00 -5.000000000000e-03
2.085404765791e+00 4.697734974827e+00 -5.000000000000e-03
7.798365259117e-01 5.985889352944e-01 -5.000000000000e-03
2.994258720734e+00 2.092322678167e+00 -5.000000000000e-03
3.600448419811e-02 6.124190330783e+00 -5.000000000000e-03
6.258847214728e+00 4.664830319065e+00 -5.000000000000e-03
7.872165497461e-01 4.267875551296e+00 -5.000000000000e-03
6.088688893403e+00 6.190014964071e+00 -5.000000000000e-03
5.154975118656e+00 3.583619312206e-02 -5.000000000000e-03
3.123062179683e-02 6.134137978669e+00 -5.000000000000e-03
2.293389317992e+00 5.059502713065e+00 -5.000000000000e-03
4.672011150786e+00 5.022090906023e-01 -5.000000000000e-03
7.161166985047e-01 3.421486564770e+00 -5.000000000000e-03
5.766376836999e+00 1.532863437053e+00 -5.000000000000e-03
1.154882430002e+00 1.385241640398e-02 -5.000000000000e-03
1.231611750389e+00 2.660677261450e-01 -5.000000000000e-03
5.638177521368e+00 8.140485721398e-01 -5.000000000000e-03
4.956090535873e-01 4.677756079407e-01 -5.000000000000e-03
5.818042927920e+00 7.435797879290e-01 -5.000000000000e-03
2.273420962937e+00 5.679177600149e-01 -5.000000000000e-03
3.101475528328e+00 1.277332715136e+00 -5.000000000000e-03
1.215591774338e+00 5.209458790379e+00 -5.000000000000e-03
1.502679785778e+00 1.350179129462e+00 -5.000000000000e-03
5.652910497176e+00 2.985624212677e+00 -5.000000000000e-03
6.080404970444e+00 6.096975851286e+00 -5.000000000000e-03
5.811496477268e+00 5.554552211803e-01 -5.000000000000e-03
6.062777161780e+00 5.991858208578e+00 -5.000000000000e-03
4.069906060857e-01 2.733844801579e-01 -5.000000000000e-03
5.335947525057e+00 3.578880510060e-01 -5.000000000000e-03
6.141528101027e+00 1.160223731235e+00 -5.000000000000e-03
4.927017822370e-01 1.711495601815e-01 -5.000000000000e-03
6.190717810899e-01 1.725819167828e+00 -5.000000000000e-03
2.557582374010e-01 6.258655917552e+00 -5.000000000000e-03
2.148704774751e+00 1.405095312438e+00 -5.000000000000e-03
4.868387448027e+00 6.121513297331e+00 -5.000000000000e-03
3.685786639039e-01 1.566469717605e+00 -5.000000000000e-03
