1.830984603199e+00 2.224084588718e+00 5.000000000000e-03
3.758750391176e-01 1.419918067010e-02 5.000000000000e-03
1.356175043274e+00 9.330410637315e-01 5.000000000000e-03
3.235075154706e-01 5.191323450662e-01 5.000000000000e-03
5.161748114249e+00 4.607827250783e+00 5.000000000000e-03
3.827389996731e+00 2.192718798712e+00 5.000000000000e-03
4.792810202672e+00 1.303223123787e+00 5.000000000000e-03
2.175830677626e+00 2.108167065059e+00 5.000000000000e-03
2.127407533119e+00 4.245464429905e+00 5.000000000000e-03
2.955067965312e+00 4.648084811357e+00 5.000000000000e-03
2.956056061992e+00 3.687369000094e+00 5.000000000000e-03
6.016053285683e+00 3.188508434453e+00 5.000000000000e-03
1.049036627566e-01 1.047544590785e-01 5.000000000000e-03
1.049266361335e+00 3.405534712279e+00 5.000000000000e-03
5.923139859539e+00 4.550921039201e-01 5.000000000000e-03
2.485997216033e+00 3.794532265319e+00 5.000000000000e-03
1.435311121082e+00 5.387890362281e+00 5.000000000000e-03
5.001119051391e+00 1.211598568606e+00 5.000000000000e-03
4.563225997248e-01 4.129249386244e-01 5.000000000000e-03
2.814648157748e+00 8.628635891406e-01 5.000000000000e-03
4.547719657382e+00 3.358135790632e+00 5.000000000000e-03
5.033163276748e+00 5.963040436767e+00 5.000000000000e-03
1.212361504181e+00 1.177988206522e+00 5.000000000000e-03
6.058991448252e+00 5.190508028180e+00 5.000000000000e-03
1.653495327116e+00 6.098598682772e+00 5.000000000000e-03
2.470330505141e+00 2.828513482235e+00 5.000000000000e-03
3.957270987168e+00 3.173309984702e+00 5.000000000000e-03
1.387163037836e-01 1.977276253410e+00 5.000000000000e-03
3.769789298912e+00 3.143148971352e+00 5.000000000000e-03
5.896628255958e+00 1.918207707715e+00 5.000000000000e-03
2.839530560186e+00 1.214215677027e+00 5.000000000000e-03
1.929860381578e+00 5.974640745584e+00 5.000000000000e-03
3.568425247077e+00 1.643188560596e+00 5.000000000000e-03
2.948680801172e+00 1.486174098587e+00 5.000000000000e-03
6.215230538328e+00 3.988420644014e-01 5.000000000000e-03
3.725695099865e+00 4.492378466076e+00 5.000000000000e-03
1.183080418436e+00 1.946689173094e+00 5.000000000000e-03
2.643994806944e+00 5.332670860018e+00 5.000000000000e-03
2.224772715923e+00 3.013848484417e-01 5.000000000000e-03
4.896597119028e+00 4.984132382940e+00 5.000000000000e-03
4.826673832880e+00 2.112895921265e+00 5.000000000000e-03
4.791880997049e+00 2.140475606399e+00 5.000000000000e-03
1.215098379576e+00 1.888059288944e+00 5.000000000000e-03
4.023406841665e+00 2.405459437458e+00 5.000000000000e-03
2.143398379067e+00 6.169418810193e-01 5.000000000000e-03
2.424341069269e+00 3.561219425166e+00 5.000000000000e-03
2.371879236439e+00 4.524761592556e+00 5.000000000000e-03
4.022739605241e+00 4.072044624517e-01 5.000000000000e-03
3.199546342519e+00 1.683603179479e+00 5.000000000000e-03
1.998142495152e-01 5.973738747567e+00 5.000000000000e-03
7.044649454519e-01 5.792317219581e-01 5.000000000000e-03
1.266168436036e+00 6.224779633924e-01 5.000000000000e-03
2.807590556331e+00 5.567397080299e+00 5.000000000000e-03
7.084865261798e-01 2.490428438371e+00 5.000000000000e-03
1.909741671385e+00 1.926196568673e-01 5.000000000000e-03
3.805979045452e+00 1.650167552089e+00 5.000000000000e-03
3.551378293746e+00 2.992722869114e+00 5.000000000000e-03
2.177447553550e+00 9.658155446056e-01 5.000000000000e-03
2.668147552585e+00 9.788588667807e-01 5.000000000000e-03
1.773269647718e+00 8.438702470693e-01 5.000000000000e-03
2.815757175241e+00 1.257578023044e+00 5.000000000000e-03
4.604126681866e-01 8.689390917013e-02 5.000000000000e-03
4.191822339297e-01 5.802031789603e-01 5.000000000000e-03
4.590834031283e+00 1.577866388829e+00 5.000000000000e-03
1.408027900499e+00 6.111119523862e+00 5.000000000000e-03
1.360622916628e+00 5.468499660732e-03 5.000000000000e-03
3.950928995783e-01 2.508319039239e-01 5.000000000000e-03
1.732256701529e+00 1.846801430989e+00 5.000000000000e-03
1.399704036962e+00 1.624949291244e+00 5.000000000000e-03
2.856075433992e+00 2.055870740163e+00 5.000000000000e-03
3.180955676594e+00 4.195391184737e+00 5.000000000000e-03
5.720024369482e+00 5.380257109717e+00 5.000000000000e-03
3.374317560321e+00 3.030279972507e+00 5.000000000000e-03
4.807331381400e-01 4.474580173781e-02 5.000000000000e-03
2.568690894472e+00 3.507561389193e+00 5.000000000000e-03
5.332919769686e+00 5.143295800570e+00 5.000000000000e-03
4.222290477013e+00 2.775289808825e+00 5.000000000000e-03
3.530618937063e+00 1.179805309288e+00 5.000000000000e-03
1.441189783857e-02 6.282955482483e+00 5.000000000000e-03
4.734907376561e+00 1.209085228978e+00 5.000000000000e-03
2.983834967103e-01 5.534405415100e+00 5.000000000000e-03
4.613987611295e-01 1.524302952677e+00 5.000000000000e-03
5.024732975902e+00 9.869246793774e-01 5.000000000000e-03
3.141983330409e+00 4.285127725965e+00 5.000000000000e-03
6.742266440571e-01 5.813543006605e-01 5.000000000000e-03
2.085282123141e+00 1.934440835083e+00 5.000000000000e-03
1.278059977830e+00 1.989796994895e+00 5.000000000000e-03
9.556592441524e-01 2.959258814880e+00 5.000000000000e-03
1.483617586247e+00 3.182408499840e+00 5.000000000000e-03
1.583713723547e+00 2.016176789236e+00 5.000000000000e-03
1.238958847791e-01 6.313449441249e-01 5.000000000000e-03
1.194670865023e+00 1.872775533422e+00 5.000000000000e-03
5.237450002501e+00 1.451519692328e+00 5.000000000000e-03
4.869246160294e+00 1.186640109411e+00 5.000000000000e-03
6.027105123071e+00 5.795054212995e+00 5.000000000000e-03
5.106824350833e+00 4.663195414824e+00 5.000000000000e-03
3.507281463228e+00 1.064462426531e+00 5.000000000000e-03
2.804900860573e+00 5.518749621508e+00 5.000000000000e-03
2.093400542146e+00 1.557856164739e+00 5.000000000000e-03
2.000377378988e+00 2.086496027743e+00 5.000000000000e-03
5.997045109150e+00 1.500352639669e+00 -5.000000000000e-03
4.640102005556e+00 5.248501448867e+00 -5.000000000000e-03
5.828236364955e-01 1.900587995764e+00 -5.000000000000e-03
9.891409849390e-01 4.141260610348e+00 -5.000000000000e-03
6.191435821934e+00 5.257721195662e+00 -5.000000000000e-03
5.641733601490e+00 6.223711230947e+00 -5.000000000000e-03
2.822779035329e+00 5.118246037459e+00 -5.000000000000e-03
3.900687929782e+00 5.614217473955e+00 -5.000000000000e-03
5.030772291614e+00 2.489113001247e+00 -5.000000000000e-03
5.075872023494e+00 4.416807001068e+00 -5.000000000000e-03
4.418177724637e+00 2.147901158817e-01 -5.000000000000e-03
2.393803213725e+00 4.112023479706e+00 -5.000000000000e-03
5.602931776990e+00 3.599539387539e+00 -5.000000000000e-03
5.972712540702e+00 1.513426693579e+00 -5.000000000000e-03
9.980011203621e-01 2.485878824431e+00 -5.000000000000e-03
4.959151370390e+00 4.381115721570e+00 -5.000000000000e-03
2.567332536918e+00 4.008652971318e+00 -5.000000000000e-03
2.246181292562e+00 5.608260274116e+00 -5.000000000000e-03
4.443702931947e+00 5.327767648072e+00 -5.000000000000e-03
1.114984481045e+00 3.750007789429e+00 -5.000000000000e-03
4.533985900731e+00 1.930265818732e+00 -5.000000000000e-03
4.002873894284e+00 4.343284399696e+00 -5.000000000000e-03
7.508575678200e-02 3.730762606123e+00 -5.000000000000e-03
3.987479366330e+00 5.725385663916e+00 -5.000000000000e-03
4.215692721992e+00 5.616211108550e+00 -5.000000000000e-03
4.792502116108e+00 3.817050274751e+00 -5.000000000000e-03
4.816239591170e+00 4.398608747473e+00 -5.000000000000e-03
1.078128641098e+00 4.454406847772e+00 -5.000000000000e-03
5.857791371820e+00 2.374913018652e+00 -5.000000000000e-03
4.208175120526e+00 3.161913833706e+00 -5.000000000000e-03
1.614286571778e+00 3.948458021898e+00 -5.000000000000e-03
2.829593632719e+00 5.327449188745e+00 -5.000000000000e-03
1.322618360394e-01 1.239473486496e+00 -5.000000000000e-03
5.845196184724e+00 4.374977935623e+00 -5.000000000000e-03
4.024904180369e+00 5.448263302639e+00 -5.000000000000e-03
5.145746557560e-03 5.706264928017e+00 -5.000000000000e-03
1.015624466869e+00 6.243051391440e+00 -5.000000000000e-03
3.225240290270e+00 5.301221149484e+00 -5.000000000000e-03
4.397607509488e+00 5.768786089916e+00 -5.000000000000e-03
3.004965787234e+00 4.026348343606e+00 -5.000000000000e-03
2.400222517960e+00 5.423827509728e+00 -5.000000000000e-03
2.464011891409e+00 5.667828943353e+00 -5.000000000000e-03
3.588728247814e+00 3.934595887772e+00 -5.000000000000e-03
5.563208745000e+00 4.982120373332e+00 -5.000000000000e-03
2.528366421312e-01 5.215542317138e+00 -5.000000000000e-03
8.391042500403e-01 4.050993726843e+00 -5.000000000000e-03
1.253048413270e+00 5.156615928735e+00 -5.000000000000e-03
4.152088860646e+00 5.324707898929e+00 -5.000000000000e-03
4.250750132478e+00 5.807425678511e+00 -5.000000000000e-03
4.616924094224e+00 5.767484540199e+00 -5.000000000000e-03
6.779847516728e-01 1.018866556954e+00 -5.000000000000e-03
2.091301117488e+00 3.130598681282e+00 -5.000000000000e-03
2.381174379870e+00 5.513563566414e+00 -5.000000000000e-03
4.661794628306e+00 5.343937833941e+00 -5.000000000000e-03
5.369713667681e+00 3.074254539349e+00 -5.000000000000e-03
4.933686638176e+00 1.756807111362e+00 -5.000000000000e-03
3.409567450054e+00 4.409680274336e+00 -5.000000000000e-03
5.576726069312e+00 2.899251173216e+00 -5.000000000000e-03
5.236348706006e+00 3.802051408025e+00 -5.000000000000e-03
3.850289828129e+00 4.240071825197e+00 -5.000000000000e-03
2.828571596662e+00 4.476731248434e-01 -5.000000000000e-03
9.438524702415e-01 5.814238140493e+00 -5.000000000000e-03
3.078119516965e+00 8.250913003484e-02 -5.000000000000e-03
4.289513217355e+00 5.384503342446e+00 -5.000000000000e-03
5.047014345749e+00 3.384149826832e+00 -5.000000000000e-03
5.402254599813e+00 2.122659249924e+00 -5.000000000000e-03
9.972163805845e-01 4.211820495119e+00 -5.000000000000e-03
3.174003350007e+00 2.920591800759e+00 -5.000000000000e-03
3.432089536764e+00 6.168910402513e+00 -5.000000000000e-03
1.690063654441e+00 4.068330505403e+00 -5.000000000000e-03
4.794754207046e+00 5.837412851273e+00 -5.000000000000e-03
4.555206393803e-01 4.871052568702e+00 -5.000000000000e-03
5.921639804229e+00 2.731291621926e+00 -5.000000000000e-03
2.950730847615e+00 1.643676827704e+00 -5.000000000000e-03
4.751019143639e+00 4.861338810388e+00 -5.000000000000e-03
5.093805063042e+00 4.384219263668e+00 -5.000000000000e-03
1.381085449965e-01 3.412530497883e+00 -5.000000000000e-03
2.698609792970e+00 1.049340385823e-01 -5.000000000000e-03
3.748292620145e+00 6.179898220592e+00 -5.000000000000e-03
3.894911155660e+00 4.447170790920e+00 -5.000000000000e-03
5.124592239294e+00 4.002531868235e+00 -5.000000000000e-03
3.560288401187e+00 2.004416156190e+00 -5.000000000000e-03
5.731510729372e+00 5.972360954884e+00 -5.000000000000e-03
2.446516955753e+00 9.945405292738e-01 -5.000000000000e-03
3.683747175676e+00 1.993201652128e+00 -5.000000000000e-03
3.543962109623e+00 4.676802524234e+00 -5.000000000000e-03
2.138488864215e+00 3.088699850028e+00 -5.000000000000e-03
3.551494342346e+00 5.581586618695e+00 -5.000000000000e-03
4.326501892499e+00 2.908588407573e+00 -5.000000000000e-03
1.128227731671e+00 3.707216408242e+00 -5.000000000000e-03
4.034014985629e+00 2.275872437342e+00 -5.000000000000e-03
1.125506727630e+00 2.814762072419e+00 -5.000000000000e-03
7.463146593181e-01 5.100576289502e+00 -5.000000000000e-03
3.979482032901e+00 4.432073977213e+00 -5.000000000000e-03
4.669459760235e+00 5.437695142049e+00 -5.000000000000e-03
3.628583033178e+00 5.579794817075e+00 -5.000000000000e-03
1.560703950173e+00 8.048726617178e-01 -5.000000000000e-03
5.569709134827e-01 1.911282198023e+00 -5.000000000000e-03
4.650266535866e+00 4.865242639506e+00 -5.000000000000e-03
1.443353458359e+00 1.137238563185e+00 -5.000000000000e-03
