3.917128389704e-01 5.118772560938e+00 5.000000000000e-03
3.942819348690e+00 1.810958182459e+00 5.000000000000e-03
5.229144687053e+00 8.035963866766e-01 5.000000000000e-03
5.695829201756e+00 6.396987993803e-01 5.000000000000e-03
7.618359117212e-01 5.043365837692e+00 5.000000000000e-03
3.530183705426e+00 2.578564610802e+00 5.000000000000e-03
6.098393116988e-01 3.126708910207e-01 5.000000000000e-03
3.147949299352e+00 4.011641749226e+00 5.000000000000e-03
7.846330976395e-01 1.879195501297e-01 5.000000000000e-03
6.010283755747e+00 5.415160292223e+00 5.000000000000e-03
3.852194819322e+00 2.998231411071e+00 5.000000000000e-03
1.322621284434e+00 3.053605751889e+00 5.000000000000e-03
6.178084507261e+00 8.930491324690e-01 5.000000000000e-03
4.030681389766e+00 3.972838675371e+00 5.000000000000e-03
4.157564747511e-01 7.638614859522e-01 5.000000000000e-03
6.966402117152e-01 3.087316432260e+00 5.000000000000e-03
5.046855050656e+00 1.067723140074e+00 5.000000000000e-03
7.154593121813e-01 3.977149149340e-01 5.000000000000e-03
4.964526796625e+00 6.182433517986e+00 5.000000000000e-03
4.209608158663e+00 1.618006057932e+00 5.000000000000e-03
5.660537744995e-02 5.298516880509e+00 5.000000000000e-03
1.380798887108e+00 3.425533556511e+00 5.000000000000e-03
4.483394692317e+00 5.718379479783e+00 5.000000000000e-03
1.319835395217e+00 1.452857673773e+00 5.000000000000e-03
5.091067487090e+00 3.313793503082e-02 5.000000000000e-03
2.644072020689e+00 1.950136606032e+00 5.000000000000e-03
3.710007865654e-01 1.309976940780e+00 5.000000000000e-03
5.896863868258e-02 2.030343877021e+00 5.000000000000e-03
5.787204564598e+00 1.658189734765e+00 5.000000000000e-03
2.060167479510e+00 5.619895839537e+00 5.000000000000e-03
5.570977260539e+00 2.606220718871e+00 5.000000000000e-03
1.478552495967e+00 2.207651410534e+00 5.000000000000e-03
5.877162532158e+00 5.499930563445e+00 5.000000000000e-03
4.391096032875e+00 6.643727639610e-01 5.000000000000e-03
5.872973091848e+00 4.395440080111e-01 5.000000000000e-03
8.272374776995e-01 5.257381562334e+00 5.000000000000e-03
3.439049146381e+00 4.783940440733e+00 5.000000000000e-03
6.097228420569e+00 1.738694036520e+00 5.000000000000e-03
1.011016698712e+00 2.606223340940e-01 5.000000000000e-03
4.417406794803e+00 5.656341364960e+00 5.000000000000e-03
5.654593796433e+00 3.245538952384e+00 5.000000000000e-03
5.611733851522e+00 3.239377930490e+00 5.000000000000e-03
3.427199170454e+00 4.713778047806e+00 5.000000000000e-03
1.747125636078e-01 5.964392093886e+00 5.000000000000e-03
6.649413966168e-01 5.257771123966e+00 5.000000000000e-03
4.130694119079e+00 4.643595101648e-01 5.000000000000e-03
3.786693960212e+00 3.771712424659e+00 5.000000000000e-03
4.209125495837e+00 1.816737314898e+00 5.000000000000e-03
4.212895997810e+00 5.442716747753e+00 5.000000000000e-03
6.000045697613e+00 6.463910746933e-01 5.000000000000e-03
5.936010109487e+00 1.018213074511e+00 5.000000000000e-03
5.442415145757e+00 1.165290627327e+00 5.000000000000e-03
3.496805246341e-01 3.745292642815e+00 5.000000000000e-03
4.218336701548e+00 4.842780416923e+00 5.000000000000e-03
5.684543948097e+00 1.718259054134e-01 5.000000000000e-03
5.641033780158e+00 5.572474026789e+00 5.000000000000e-03
5.936553432767e+00 8.289331444934e-01 5.000000000000e-03
5.170576534147e-01 5.856580501473e+00 5.000000000000e-03
3.272403523002e+00 3.839238853939e+00 5.000000000000e-03
9.478979279966e-01 6.077901518759e+00 5.000000000000e-03
5.051691204598e+00 3.920953734505e+00 5.000000000000e-03
3.952601541731e+00 1.873528381260e+00 5.000000000000e-03
5.598711490775e+00 5.809897142707e-01 5.000000000000e-03
7.286841664741e-01 1.049395032759e+00 5.000000000000e-03
5.099285456402e+00 6.236074411449e-01 5.000000000000e-03
1.079567497375e+00 3.779891784976e-01 5.000000000000e-03
4.547261492660e+00 3.819548771386e+00 5.000000000000e-03
3.086827623062e+00 4.935483146764e+00 5.000000000000e-03
3.813636523346e+00 4.268179245554e+00 5.000000000000e-03
4.369359257617e+00 5.704646168692e+00 5.000000000000e-03
5.318557867713e+00 1.036002075746e+00 5.000000000000e-03
4.999575651936e+00 1.736965518379e+00 5.000000000000e-03
4.887522821348e+00 1.077321964319e+00 5.000000000000e-03
4.366282529910e+00 1.552256119003e+00 5.000000000000e-03
1.203715021854e+00 1.280148379364e+00 5.000000000000e-03
8.607199398978e-01 2.270050904488e-01 5.000000000000e-03
3.723400412846e+00 5.619685019124e+00 5.000000000000e-03
3.376785052075e+00 1.156317011118e+00 5.000000000000e-03
6.248514759663e+00 1.021140344167e+00 5.000000000000e-03
1.204942829941e+00 3.039342373238e-01 5.000000000000e-03
2.921541365125e+00 2.856179214356e+00 5.000000000000e-03
1.489172227615e+00 5.703527737885e+00 5.000000000000e-03
1.042605341308e+00 4.929518875812e-02 5.000000000000e-03
5.396491936921e+00 1.247183120324e+00 5.000000000000e-03
5.934419111954e+00 9.880711515765e-01 5.000000000000e-03
3.409810690574e+00 4.450200386918e+00 5.000000000000e-03
3.538842463645e+00 4.709357538603e+00 5.000000000000e-03
4.525713969114e+00 4.589799568667e+00 5.000000000000e-03
8.912086997585e-01 8.589850771060e-01 5.000000000000e-03
3.589079600584e+00 4.198422238441e+00 5.000000000000e-03
3.602482705783e+00 4.294236987620e+00 5.000000000000e-03
3.403348008551e+00 4.722497160019e+00 5.000000000000e-03
5.439956628846e+00 3.704977730062e+00 5.000000000000e-03
4.437100974092e-01 1.115590078005e+00 5.000000000000e-03
1.923878104257e+00 2.040561479109e+00 5.000000000000e-03
1.672102434844e+00 3.040143867198e+00 5.000000000000e-03
3.257083617865e+00 1.104594440189e+00 5.000000000000e-03
3.273845944483e-01 3.702479864066e+00 5.000000000000e-03
3.393900396404e+00 3.531232400749e+00 5.000000000000e-03
3.203083766467e+00 4.730358799146e+00 5.000000000000e-03
2.483608254411e+00 3.947022087774e+00 -5.000000000000e-03
1.248907016607e+00 4.625413699374e+00 -5.000000000000e-03
4.003810608022e+00 3.162434312982e+00 -5.000000000000e-03
6.556384727095e-01 3.832833239778e+00 -5.000000000000e-03
3.463902336650e+00 5.571816514699e-01 -5.000000000000e-03
1.067030883281e+00 5.912673308054e+00 -5.000000000000e-03
1.328118619461e+00 1.182243912788e+00 -5.000000000000e-03
1.474106672559e+00 5.031496099067e+00 -5.000000000000e-03
3.016661138674e+00 2.791473192218e+00 -5.000000000000e-03
3.805126712456e+00 6.509672780169e-01 -5.000000000000e-03
1.358303113676e+00 4.899735672449e+00 -5.000000000000e-03
2.482341044541e+00 2.449828498330e+00 -5.000000000000e-03
7.375756438926e-01 5.564429691160e+00 -5.000000000000e-03
2.473236998443e+00 3.972699710046e+00 -5.000000000000e-03
3.885992930371e+00 4.657624571844e+00 -5.000000000000e-03
2.807390245187e+00 1.182801181792e+00 -5.000000000000e-03
9.894979146649e-01 5.304875390228e+00 -5.000000000000e-03
2.866756370120e-01 2.618153730469e+00 -5.000000000000e-03
1.631378125748e+00 4.749357972352e+00 -5.000000000000e-03
1.051327474178e+00 3.800819173627e+00 -5.000000000000e-03
3.588273046455e+00 4.019604736427e-01 -5.000000000000e-03
2.118270425528e+00 2.712086382636e+00 -5.000000000000e-03
2.536907363587e+00 2.232679166216e+00 -5.000000000000e-03
1.122660563593e+00 4.279194855500e+00 -5.000000000000e-03
1.428108709786e+00 4.601115955739e+00 -5.000000000000e-03
1.475424705763e+00 2.468723355712e+00 -5.000000000000e-03
3.909791566850e+00 6.501778078571e-01 -5.000000000000e-03
1.081524186535e+00 7.662917057342e-01 -5.000000000000e-03
2.907782442269e+00 5.958867940743e+00 -5.000000000000e-03
3.957358348097e+00 1.400992395454e+00 -5.000000000000e-03
1.255530661645e+00 3.851894706644e+00 -5.000000000000e-03
3.206859399708e-01 2.628260540709e+00 -5.000000000000e-03
3.441666989272e+00 3.869617974589e+00 -5.000000000000e-03
4.209377467758e+00 2.808678634047e-01 -5.000000000000e-03
1.667803602966e+00 5.207455984206e+00 -5.000000000000e-03
1.617749633364e+00 2.185992405813e+00 -5.000000000000e-03
1.652157052252e+00 9.544664037678e-01 -5.000000000000e-03
3.657350384494e+00 1.898752821348e+00 -5.000000000000e-03
1.661262932036e+00 5.138767424831e+00 -5.000000000000e-03
6.096574800455e+00 4.280144344694e+00 -5.000000000000e-03
4.230712736104e-01 2.606103168313e+00 -5.000000000000e-03
3.947029723862e-01 2.058247858373e+00 -5.000000000000e-03
2.510215088037e+00 5.026235540011e+00 -5.000000000000e-03
1.206859793602e+00 1.974440475464e+00 -5.000000000000e-03
4.571396107177e-01 3.920347276562e+00 -5.000000000000e-03
1.231897723225e-01 2.262256914206e+00 -5.000000000000e-03
3.960863282741e+00 2.878576081955e+00 -5.000000000000e-03
1.757419043740e+00 4.664994380859e+00 -5.000000000000e-03
5.735155918399e-01 2.278045002510e+00 -5.000000000000e-03
1.232631225268e+00 4.016534786886e+00 -5.000000000000e-03
3.221746330838e+00 5.962922257632e+00 -5.000000000000e-03
2.207354210198e+00 6.056576917524e+00 -5.000000000000e-03
1.793569825266e+00 2.309897128592e+00 -5.000000000000e-03
6.664491440900e-01 4.175113593613e+00 -5.000000000000e-03
3.471597610734e+00 5.801250450422e+00 -5.000000000000e-03
2.368564181467e+00 3.479800225289e+00 -5.000000000000e-03
3.719328146255e+00 1.385060450533e+00 -5.000000000000e-03
1.754800656169e-01 4.744039361746e+00 -5.000000000000e-03
2.498023955221e+00 1.474274196592e+00 -5.000000000000e-03
2.067856391710e+00 2.882068189508e+00 -5.000000000000e-03
5.329152233147e+00 1.986248652293e+00 -5.000000000000e-03
6.173161075066e+00 1.063455392802e-01 -5.000000000000e-03
3.864161917686e-01 1.552071201521e+00 -5.000000000000e-03
1.092175173911e+00 4.466457927455e+00 -5.000000000000e-03
2.663041739763e+00 5.599599694587e+00 -5.000000000000e-03
3.284636068389e+00 2.734484335853e+00 -5.000000000000e-03
5.926786541554e-01 3.872529259548e+00 -5.000000000000e-03
6.137338848750e+00 6.148875191408e+00 -5.000000000000e-03
2.373931043137e+00 6.191921807008e+00 -5.000000000000e-03
6.166241779639e+00 3.428460216837e+00 -5.000000000000e-03
4.584129237148e-01 5.755340632629e+00 -5.000000000000e-03
5.865281007455e+00 2.251589366218e+00 -5.000000000000e-03
4.084758660379e+00 6.271422270492e+00 -5.000000000000e-03
3.439257976530e+00 6.232905427135e+00 -5.000000000000e-03
1.636564049619e+00 2.088497617005e+00 -5.000000000000e-03
3.792934197287e+00 6.157795728983e-01 -5.000000000000e-03
5.890358574035e-02 3.830310417549e+00 -5.000000000000e-03
7.978475536906e-01 2.751120522668e+00 -5.000000000000e-03
1.664344668096e+00 4.983928400164e+00 -5.000000000000e-03
2.056185064942e+00 2.796402237421e+00 -5.000000000000e-03
5.777382533375e-01 2.642702786996e+00 -5.000000000000e-03
3.447690920840e+00 2.934083391735e+00 -5.000000000000e-03
2.998427954560e+00 4.016641507265e+00 -5.000000000000e-03
4.296304372396e-01 4.606251605241e+00 -5.000000000000e-03
2.268597025256e+00 1.754204750143e+00 -5.000000000000e-03
1.092685888953e+00 4.806286776813e+00 -5.000000000000e-03
2.488921832154e+00 2.726937320360e+00 -5.000000000000e-03
1.100011216225e+00 2.844810228418e+00 -5.000000000000e-03
6.004612499997e+00 2.923184900449e+00 -5.000000000000e-03
1.015975352707e+00 3.772181893294e+00 -5.000000000000e-03
3.492334209389e+00 4.100851604637e+00 -5.000000000000e-03
4.254332759724e+00 3.372144849166e+00 -5.000000000000e-03
4.172933388786e+00 2.601618870584e+00 -5.000000000000e-03
4.486225608070e-01 6.177135531392e+00 -5.000000000000e-03
9.253154246174e-01 5.588688448242e+00 -5.000000000000e-03
2.155006394620e+00 4.494727752063e+00 -5.000000000000e-03
4.139670931271e+00 4.359854695865e+00 -5.000000000000e-03
4.008733079257e+00 3.134845585023e+00 -5.000000000000e-03
1.138131316654e+00 4.793679563642e+00 -5.000000000000e-03
4.182509737575e+00 3.547860987808e-01 -5.000000000000e-03
