2.720895062383e+00 4.233651442889e+00 5.000000000000e-03
1.326369404011e+00 1.855364141535e+00 5.000000000000e-03
3.786677541500e+00 5.057946877200e+00 5.000000000000e-03
2.787595028298e+00 4.738527406977e+00 5.000000000000e-03
4.485043034428e+00 3.550567952145e+00 5.000000000000e-03
1.684837317154e+00 3.675763141317e+00 5.000000000000e-03
2.062931315071e+00 4.000497067004e+00 5.000000000000e-03
2.253177364859e+00 6.216574036889e-01 5.000000000000e-03
4.965346846440e+00 3.189522632359e+00 5.000000000000e-03
9.147923039483e-01 3.326935741945e+00 5.000000000000e-03
2.203310445860e+00 3.687322596469e+00 5.000000000000e-03
2.872821249698e+00 5.241566165826e+00 5.000000000000e-03
4.658999466788e+00 3.827579117297e+00 5.000000000000e-03
2.496731671413e+00 3.014251465402e+00 5.000000000000e-03
3.077454885509e+00 5.958108108277e+00 5.000000000000e-03
1.881405951059e+00 5.301478744149e+00 5.000000000000e-03
3.717681984485e+00 3.963655186123e+00 5.000000000000e-03
3.772188624325e+00 1.180293346096e-01 5.000000000000e-03
2.850768752147e+00 5.316103916014e+00 5.000000000000e-03
2.028307402803e+00 3.467936687437e+00 5.000000000000e-03
5.046777077834e+00 3.510762771358e+00 5.000000000000e-03
4.489120931260e+00 3.262287539486e+00 5.000000000000e-03
1.784171343205e+00 2.369604798780e+00 5.000000000000e-03
3.510272079431e+00 5.146999130650e+00 5.000000000000e-03
4.357370522097e+00 4.681846424874e+00 5.000000000000e-03
1.085843449083e+00 2.626690632453e+00 5.000000000000e-03
3.651443283355e+00 1.194731727476e+00 5.000000000000e-03
3.265719121666e+00 1.438948543376e+00 5.000000000000e-03
2.176342156684e+00 5.375347341876e-01 5.000000000000e-03
1.203404832340e+00 5.270245509066e+00 5.000000000000e-03
4.255447965150e+00 4.630724523122e+00 5.000000000000e-03
2.112449143262e+00 3.463572187216e+00 5.000000000000e-03
1.089057366920e+00 1.935291137977e+00 5.000000000000e-03
2.457281667153e+00 2.911420202233e+00 5.000000000000e-03
3.377316287815e+00 2.064439875436e+00 5.000000000000e-03
1.916346357178e+00 7.204306724563e-04 5.000000000000e-03
3.242492297647e+00 2.621871326783e+00 5.000000000000e-03
2.116823199507e+00 4.397354748642e+00 5.000000000000e-03
3.291465054759e+00 1.330726787081e+00 5.000000000000e-03
3.116686165197e+00 6.131749017029e+00 5.000000000000e-03
1.574603768752e+00 2.837137888547e+00 5.000000000000e-03
1.934994615416e+00 3.987114123977e+00 5.000000000000e-03
4.432860415095e+00 4.837934600648e+00 5.000000000000e-03
3.298585103954e+00 2.605899767437e+00 5.000000000000e-03
1.731475500297e+00 3.156333535140e+00 5.000000000000e-03
4.414116466133e+00 3.941612547448e+00 5.000000000000e-03
3.129772069765e+00 5.941064840645e+00 5.000000000000e-03
2.521448882864e+00 3.039312166820e+00 5.000000000000e-03
2.747713756924e+00 2.476089839500e+00 5.000000000000e-03
2.747321018793e+00 3.796963826660e+00 5.000000000000e-03
5.620598131728e+00 2.694303124212e+00 5.000000000000e-03
1.966471029117e+00 3.795392143332e+00 5.000000000000e-03
2.124080601829e+00 1.422335864574e+00 5.000000000000e-03
1.017458789895e+00 1.822278146423e-01 5.000000000000e-03
2.367304706130e+00 2.968564685104e+00 5.000000000000e-03
1.707023348007e+00 2.565537478546e+00 5.000000000000e-03
3.427944855232e+00 2.726567152302e+00 5.000000000000e-03
3.392528193625e+00 4.897034805842e+00 5.000000000000e-03
1.544823430633e+00 2.736527279006e+00 5.000000000000e-03
3.891173886705e+00 6.123298610579e+00 5.000000000000e-03
2.171973285803e+00 5.588935009787e+00 5.000000000000e-03
3.514149120628e-01 4.878249617787e+00 5.000000000000e-03
2.279384088379e+00 3.138133425521e+00 5.000000000000e-03
3.372230427932e+00 2.410764449222e+00 5.000000000000e-03
2.183169414513e+00 2.767850568596e+00 5.000000000000e-03
3.529622702497e+00 4.211025254860e+00 5.000000000000e-03
1.856051015510e+00 3.073057255719e+00 5.000000000000e-03
1.059096912160e+00 4.685201220520e+00 5.000000000000e-03
2.499275506246e+00 3.046567314335e+00 5.000000000000e-03
1.405870322558e+00 3.159739642267e+00 5.000000000000e-03
2.171881956713e+00 4.080056292051e+00 5.000000000000e-03
2.472476279366e+00 3.036777816409e+00 5.000000000000e-03
1.602590709373e+00 5.981447723006e+00 5.000000000000e-03
3.153875387746e+00 2.064413586880e+00 5.000000000000e-03
1.912619657187e+00 1.332897827037e+00 5.000000000000e-03
3.356411961967e+00 2.136339711107e+00 5.000000000000e-03
2.508081960028e+00 3.128511650887e+00 5.000000000000e-03
2.850367239638e+00 3.732100199767e+00 5.000000000000e-03
4.713124428907e+00 5.181613632939e+00 5.000000000000e-03
4.469011730576e+00 2.081949105781e+00 5.000000000000e-03
6.121959744914e-01 5.356556725212e+00 5.000000000000e-03
4.275790633818e+00 5.049848737271e+00 5.000000000000e-03
3.519241968670e+00 2.721263071811e+00 5.000000000000e-03
2.884458982099e+00 5.121920320092e+00 5.000000000000e-03
2.473746429878e+00 3.020321607417e+00 5.000000000000e-03
1.054178740819e+00 2.455394226824e+00 5.000000000000e-03
4.507756432275e+00 2.593723679916e+00 5.000000000000e-03
3.198387559182e+00 2.872236612619e+00 5.000000000000e-03
6.261871182510e+00 5.113536048403e+00 5.000000000000e-03
3.936430075263e+00 3.750341940128e+00 5.000000000000e-03
3.842985422575e+00 3.327974752021e+00 5.000000000000e-03
2.399870249832e+00 3.134979827953e+00 5.000000000000e-03
2.930440506699e+00 2.105337385114e+00 5.000000000000e-03
2.489173191003e+00 3.074218910444e+00 5.000000000000e-03
2.105270006639e+00 5.112213448603e+00 5.000000000000e-03
1.258878221983e+00 4.065790193780e+00 5.000000000000e-03
5.034993394455e+00 3.714382900639e+00 5.000000000000e-03
2.093045144124e+00 9.821928342674e-01 5.000000000000e-03
3.311062607427e+00 1.625285300543e+00 5.000000000000e-03
2.331092853175e+00 3.282776138528e+00 5.000000000000e-03
2.301988640042e+00 4.893583224832e+00 -5.000000000000e-03
5.600282291381e+00 4.579175690293e+00 -5.000000000000e-03
8.352396602705e-01 2.425425055447e+00 -5.000000000000e-03
5.869766021909e+00 2.546224086096e+00 -5.000000000000e-03
1.687868923178e-01 3.503522781148e+00 -5.000000000000e-03
3.922676976101e+00 3.945462315715e+00 -5.000000000000e-03
5.841008131980e+00 5.241064697747e-01 -5.000000000000e-03
2.437480613559e-01 1.850807784903e+00 -5.000000000000e-03
5.228521830985e+00 4.941215559846e-01 -5.000000000000e-03
3.701430867519e-03 3.194371999412e-01 -5.000000000000e-03
1.884663956233e-01 3.730782059621e-01 -5.000000000000e-03
3.284539778557e+00 1.149274544514e+00 -5.000000000000e-03
2.194966746059e+00 5.327614922107e+00 -5.000000000000e-03
3.088596477080e-01 5.700929569649e-01 -5.000000000000e-03
5.843833131960e+00 4.594467387336e-01 -5.000000000000e-03
8.028414446363e-02 2.583102210363e-01 -5.000000000000e-03
5.307311489941e+00 1.300640334009e+00 -5.000000000000e-03
5.913556879316e+00 2.174612570028e+00 -5.000000000000e-03
5.924207071848e+00 4.016309675490e+00 -5.000000000000e-03
2.574324423225e+00 4.441580937349e-01 -5.000000000000e-03
5.690448854923e+00 5.844453125457e+00 -5.000000000000e-03
1.962851627879e-01 1.144798905347e+00 -5.000000000000e-03
1.400903629571e-02 6.336683190538e-01 -5.000000000000e-03
6.072736730566e-01 5.930770835027e+00 -5.000000000000e-03
2.897946933514e+00 1.573461797582e-01 -5.000000000000e-03
1.351629326636e+00 1.025256018206e+00 -5.000000000000e-03
6.161895328304e+00 5.931931991215e+00 -5.000000000000e-03
4.423549787735e-01 8.498862468314e-02 -5.000000000000e-03
1.580168025779e+00 5.363298219058e+00 -5.000000000000e-03
3.685266414269e+00 2.859176480529e+00 -5.000000000000e-03
5.756170345263e+00 2.263586153335e+00 -5.000000000000e-03
5.866972043636e+00 5.982791811648e+00 -5.000000000000e-03
6.054118792393e+00 6.162780741908e+00 -5.000000000000e-03
5.303314336410e+00 1.544938819842e+00 -5.000000000000e-03
4.471215753408e+00 6.218877548845e+00 -5.000000000000e-03
6.056447737408e+00 6.129253285696e+00 -5.000000000000e-03
5.321064487267e+00 5.970764330143e+00 -5.000000000000e-03
1.245513495272e+00 3.661760383339e+00 -5.000000000000e-03
5.445106544186e+00 2.129681534989e+00 -5.000000000000e-03
6.278277615604e+00 4.077230940407e+00 -5.000000000000e-03
5.549463311200e+00 5.384266140275e+00 -5.000000000000e-03
5.393245499129e+00 5.602497532671e+00 -5.000000000000e-03
3.605868457898e+00 1.377634942321e+00 -5.000000000000e-03
7.030793451479e-01 8.029535723180e-01 -5.000000000000e-03
5.740505898967e+00 5.653460256287e+00 -5.000000000000e-03
7.145423730263e-01 2.524152867189e+00 -5.000000000000e-03
4.152603863810e+00 5.460077546574e+00 -5.000000000000e-03
4.704255602132e+00 1.594459997742e+00 -5.000000000000e-03
5.770822978910e+00 1.554292976402e-01 -5.000000000000e-03
4.687637234050e+00 5.528789703195e+00 -5.000000000000e-03
5.379629838649e+00 4.059668279943e+00 -5.000000000000e-03
1.961035730897e+00 1.955910409561e+00 -5.000000000000e-03
4.670985621421e+00 1.485642628185e+00 -5.000000000000e-03
5.789183231794e+00 5.525289921727e+00 -5.000000000000e-03
5.435287513993e+00 5.458628704384e-02 -5.000000000000e-03
3.852374971664e+00 5.913687870606e+00 -5.000000000000e-03
5.644262448814e+00 6.954058120302e-01 -5.000000000000e-03
2.170071785141e-01 4.811912342377e+00 -5.000000000000e-03
4.730504550322e+00 1.543976897058e+00 -5.000000000000e-03
5.083045424758e+00 9.602933239748e-01 -5.000000000000e-03
4.521516904548e+00 4.954209058472e+00 -5.000000000000e-03
5.972500035746e+00 4.919211002302e+00 -5.000000000000e-03
5.712756007624e+00 5.618659523823e+00 -5.000000000000e-03
6.177780798695e+00 5.888370385170e+00 -5.000000000000e-03
1.263880811904e+00 5.742402515313e+00 -5.000000000000e-03
4.777662791947e-01 2.913937986252e+00 -5.000000000000e-03
5.187463245663e+00 5.080746473826e+00 -5.000000000000e-03
5.602249764022e+00 5.757213826437e+00 -5.000000000000e-03
5.530584330321e+00 6.006278104238e+00 -5.000000000000e-03
5.681458910817e+00 2.383471256488e+00 -5.000000000000e-03
5.282877336954e+00 1.930370198308e+00 -5.000000000000e-03
5.407387483489e+00 5.587191405034e+00 -5.000000000000e-03
4.961896759547e+00 7.030375568834e-01 -5.000000000000e-03
5.532778795692e+00 6.017101583791e+00 -5.000000000000e-03
1.910711688658e+00 4.205276561507e-01 -5.000000000000e-03
2.742828470614e-01 2.895603623324e+00 -5.000000000000e-03
1.622312959413e+00 5.336781044604e+00 -5.000000000000e-03
1.742787021314e+00 6.676922876547e-01 -5.000000000000e-03
5.893252095228e+00 4.632505184015e+00 -5.000000000000e-03
4.528201942912e+00 3.833654907338e+00 -5.000000000000e-03
5.053638074320e+00 5.956570474530e+00 -5.000000000000e-03
5.209095824491e+00 5.245871236715e-02 -5.000000000000e-03
7.936173613188e-01 2.582366088582e+00 -5.000000000000e-03
5.886831281700e+00 3.777203599716e+00 -5.000000000000e-03
5.852044844927e+00 6.067554066437e-01 -5.000000000000e-03
7.275023109617e-01 4.036156656956e+00 -5.000000000000e-03
5.203032753030e+00 6.148558833879e+00 -5.000000000000e-03
5.331582583609e+00 8.897031123594e-01 -5.000000000000e-03
1.064110959400e-01 4.635206959050e+00 -5.000000000000e-03
5.240768072092e+00 2.178871475478e-01 -5.000000000000e-03
5.364497489934e+00 1.836075264108e+00 -5.000000000000e-03
5.901706143262e+00 5.274786694121e+00 -5.000000000000e-03
5.466197671579e+00 5.447074607581e+00 -5.000000000000e-03
5.767453375238e+00 5.857705233555e+00 -5.000000000000e-03
1.329775957199e+00 2.254823506836e+00 -5.000000000000e-03
5.577204907551e+00 2.771513278992e-01 -5.000000000000e-03
1.219506877710e-01 2.963647530139e+00 -5.000000000000e-03
1.786975636928e-01 5.360164276109e-01 -5.000000000000e-03
4.721816107081e+00 4.005848400229e+00 -5.000000000000e-03
3.259858659328e+00 1.178648670119e+00 -5.000000000000e-03
