1.019483366983e+00 5.468394216551e+00 5.000000000000e-03
3.916183099532e+00 1.308169385743e+00 5.000000000000e-03
5.349082623029e+00 6.012127154080e-01 5.000000000000e-03
5.896079488325e+00 5.838228929321e-01 5.000000000000e-03
1.292196771829e+00 5.631723134889e+00 5.000000000000e-03
3.339272238760e+00 2.267588319141e+00 5.000000000000e-03
1.115599926515e+00 4.127891974195e-01 5.000000000000e-03
3.361658984372e+00 3.370371234793e+00 5.000000000000e-03
1.118282357927e+00 5.768762980151e-01 5.000000000000e-03
2.801473609077e-02 5.797109882631e+00 5.000000000000e-03
3.966427218488e+00 3.054604787092e+00 5.000000000000e-03
1.312490960305e+00 3.054217097556e+00 5.000000000000e-03
5.798659559390e+00 1.285963664564e+00 5.000000000000e-03
4.216542375389e+00 3.964739892260e+00 5.000000000000e-03
3.234181596908e-01 1.109108934472e+00 5.000000000000e-03
6.706580562798e-01 3.218449237940e+00 5.000000000000e-03
4.936781979020e+00 5.941935578647e-01 5.000000000000e-03
8.440658772960e-01 4.320298508406e-01 5.000000000000e-03
5.275708496251e+00 5.990443659797e+00 5.000000000000e-03
4.352211700721e+00 1.182230135612e+00 5.000000000000e-03
4.979606216715e-01 5.688359785739e+00 5.000000000000e-03
1.098551327349e+00 3.432902776003e+00 5.000000000000e-03
4.289807593601e+00 5.455648787187e+00 5.000000000000e-03
8.198962657540e-01 1.783878986331e+00 5.000000000000e-03
5.235775254513e+00 6.160686553852e+00 5.000000000000e-03
2.445306515690e+00 1.743013576386e+00 5.000000000000e-03
5.941044202224e+00 1.591842716833e+00 5.000000000000e-03
5.784330338466e+00 2.431295878938e+00 5.000000000000e-03
5.267391598262e+00 1.627461595422e+00 5.000000000000e-03
2.314439606388e+00 5.619825898185e+00 5.000000000000e-03
5.450937105125e+00 2.829513301697e+00 5.000000000000e-03
1.486835513390e+00 1.010308118982e+00 5.000000000000e-03
6.239038295558e+00 5.666504560269e+00 5.000000000000e-03
4.512027559663e+00 6.108533731494e-02 5.000000000000e-03
6.162101618794e+00 8.354057144233e-01 5.000000000000e-03
1.005742328562e+00 5.853975463758e+00 5.000000000000e-03
3.362389945711e+00 4.324837195462e+00 5.000000000000e-03
5.527985020595e+00 1.945201375783e+00 5.000000000000e-03
9.283492518750e-01 7.386557767659e-01 5.000000000000e-03
4.339481180635e+00 5.509779043614e+00 5.000000000000e-03
5.713766263244e+00 3.620104036186e+00 5.000000000000e-03
5.670394038587e+00 3.619025604651e+00 5.000000000000e-03
3.323324923820e+00 4.402167503190e+00 5.000000000000e-03
4.340472080172e-01 6.242564523440e+00 5.000000000000e-03
1.077954541362e+00 5.689121544572e+00 5.000000000000e-03
2.039530609506e+00 7.597948856974e-01 5.000000000000e-03
4.093897651517e+00 3.594556741237e+00 5.000000000000e-03
3.894553053070e+00 1.510510170818e+00 5.000000000000e-03
4.338074335997e+00 5.183331409673e+00 5.000000000000e-03
6.016995868292e+00 1.110947427169e+00 5.000000000000e-03
5.677643963648e+00 9.186456573710e-01 5.000000000000e-03
4.975805597933e+00 9.318509718054e-01 5.000000000000e-03
2.428726111591e-01 4.229444101722e+00 5.000000000000e-03
4.289471401979e+00 4.707382263808e+00 5.000000000000e-03
6.115226984321e+00 4.146170856990e-01 5.000000000000e-03
5.945474032315e+00 5.609179711194e+00 5.000000000000e-03
5.871537803827e+00 1.048934754469e+00 5.000000000000e-03
5.275612322904e+00 4.864526873150e+00 5.000000000000e-03
3.436237914941e+00 3.594509053851e+00 5.000000000000e-03
1.528824722766e+00 2.218122540925e-01 5.000000000000e-03
5.127360338659e+00 4.036754709050e+00 5.000000000000e-03
3.982154703799e+00 1.308380855466e+00 5.000000000000e-03
5.897415440812e+00 6.996151289401e-01 5.000000000000e-03
2.893039662392e-01 1.465361675608e+00 5.000000000000e-03
5.398477353194e+00 3.687370590803e-01 5.000000000000e-03
9.549824319163e-01 5.685298265745e-01 5.000000000000e-03
4.732892295044e+00 3.798971743985e+00 5.000000000000e-03
3.063550302373e+00 4.181273189943e+00 5.000000000000e-03
3.734817831248e+00 4.305590170287e+00 5.000000000000e-03
4.338542551341e+00 5.388418761093e+00 5.000000000000e-03
5.224918536856e+00 9.233693258936e-01 5.000000000000e-03
4.626752543589e+00 1.570619135383e+00 5.000000000000e-03
5.035811413497e+00 5.205285289239e-01 5.000000000000e-03
4.241008200987e+00 1.301721524168e+00 5.000000000000e-03
9.634667916788e-01 1.824912478527e+00 5.000000000000e-03
1.223047871305e+00 6.270960543724e-01 5.000000000000e-03
3.480906794549e+00 5.171668174711e+00 5.000000000000e-03
3.327993429461e+00 8.940446529819e-01 5.000000000000e-03
5.685259866545e+00 1.150624943969e+00 5.000000000000e-03
8.397588055187e-01 8.280505445522e-01 5.000000000000e-03
5.818327904317e+00 4.993789168219e+00 5.000000000000e-03
1.890437079780e+00 5.829437489509e+00 5.000000000000e-03
1.180254137351e+00 7.278640977938e-01 5.000000000000e-03
5.098417532815e+00 9.162283823879e-01 5.000000000000e-03
5.699044175157e+00 9.400169473406e-01 5.000000000000e-03
3.670304196558e+00 4.154931374154e+00 5.000000000000e-03
3.234337445203e+00 4.408636274873e+00 5.000000000000e-03
4.615982057070e+00 4.628902662890e+00 5.000000000000e-03
6.196226638154e-01 1.427006322210e+00 5.000000000000e-03
3.892110013662e+00 4.143796102699e+00 5.000000000000e-03
3.964971416128e+00 4.038755356781e+00 5.000000000000e-03
3.302419754935e+00 4.419006541823e+00 5.000000000000e-03
5.478282906412e+00 4.002380054980e+00 5.000000000000e-03
6.265278134203e+00 1.464445512398e+00 5.000000000000e-03
1.483613704771e+00 2.104057170190e+00 5.000000000000e-03
1.642428277178e+00 3.178268567457e+00 5.000000000000e-03
3.456903816876e+00 9.262834607870e-01 5.000000000000e-03
2.667579576221e-01 4.184681304634e+00 5.000000000000e-03
3.635270930472e+00 3.288584154489e+00 5.000000000000e-03
3.491175837213e+00 4.132131167257e+00 5.000000000000e-03
2.563090787441e+00 3.557655419128e+00 -5.000000000000e-03
1.536172574216e+00 4.852327130832e+00 -5.000000000000e-03
4.128027678818e+00 3.100978297839e+00 -5.000000000000e-03
4.626217171542e-01 4.449677636082e+00 -5.000000000000e-03
3.745409156581e+00 4.102257223111e-01 -5.000000000000e-03
1.615039972702e+00 6.235024764790e+00 -5.000000000000e-03
1.112296887389e+00 1.718593564262e+00 -5.000000000000e-03
2.099393538319e+00 4.912142432248e+00 -5.000000000000e-03
5.396762854091e+00 5.127831455096e+00 -5.000000000000e-03
3.908683509217e+00 1.068696459325e-01 -5.000000000000e-03
1.795310197359e+00 4.960312673838e+00 -5.000000000000e-03
2.280753986977e+00 2.288046341551e+00 -5.000000000000e-03
1.054884093330e+00 6.048888008680e+00 -5.000000000000e-03
2.545992328223e+00 3.579408594944e+00 -5.000000000000e-03
3.808770830257e+00 4.599456068149e+00 -5.000000000000e-03
2.763852949821e+00 1.023767216621e+00 -5.000000000000e-03
1.267736251113e+00 5.832498495325e+00 -5.000000000000e-03
2.304568629736e-01 2.930297400835e+00 -5.000000000000e-03
1.646400980969e+00 4.572374901782e+00 -5.000000000000e-03
8.481005736996e-01 4.083464547012e+00 -5.000000000000e-03
3.573170353128e+00 2.726156458221e-01 -5.000000000000e-03
2.060597553803e+00 2.807580672364e+00 -5.000000000000e-03
2.187674201689e+00 2.097573367178e+00 -5.000000000000e-03
1.141131696268e+00 4.478359714681e+00 -5.000000000000e-03
1.397047405681e+00 4.710353532532e+00 -5.000000000000e-03
1.287950416664e+00 2.633963543195e+00 -5.000000000000e-03
3.975459219273e+00 1.821156515330e-01 -5.000000000000e-03
7.876221206809e-01 1.314972849094e+00 -5.000000000000e-03
2.942480458120e+00 5.855488905375e+00 -5.000000000000e-03
4.134434979494e+00 8.788080101990e-01 -5.000000000000e-03
8.194030519817e-01 3.868183652823e+00 -5.000000000000e-03
2.436518427583e-01 2.898662647139e+00 -5.000000000000e-03
3.644141056333e+00 3.700013197386e+00 -5.000000000000e-03
2.513556577364e+00 6.453418626683e-01 -5.000000000000e-03
1.958410426756e+00 4.760428222232e+00 -5.000000000000e-03
1.434429917028e+00 2.352555655795e+00 -5.000000000000e-03
1.381037737642e+00 1.296766986517e+00 -5.000000000000e-03
3.551351772477e+00 1.451589836809e+00 -5.000000000000e-03
2.025109582505e+00 4.760481049576e+00 -5.000000000000e-03
7.592836569622e-02 4.766008647781e+00 -5.000000000000e-03
3.175971512387e-01 3.000918050854e+00 -5.000000000000e-03
6.079973511487e+00 2.494986036105e+00 -5.000000000000e-03
2.532343898455e+00 4.479628084668e+00 -5.000000000000e-03
7.077759686345e-01 2.209927283595e+00 -5.000000000000e-03
6.724094440201e-01 4.484937769772e+00 -5.000000000000e-03
6.017906032732e+00 2.760281589731e+00 -5.000000000000e-03
3.981202528581e+00 2.775104013991e+00 -5.000000000000e-03
1.528349279811e+00 4.460020943072e+00 -5.000000000000e-03
3.029141803592e-02 2.507188828293e+00 -5.000000000000e-03
1.078049362578e+00 3.908438515110e+00 -5.000000000000e-03
3.124866265948e+00 5.676861152289e+00 -5.000000000000e-03
2.346356274452e+00 4.366869543747e-03 -5.000000000000e-03
1.361933213029e+00 2.277219447726e+00 -5.000000000000e-03
8.971285790012e-01 4.532592866714e+00 -5.000000000000e-03
3.194810165469e+00 5.349685435240e+00 -5.000000000000e-03
2.342677409904e+00 3.266865907530e+00 -5.000000000000e-03
3.861752718549e+00 1.051304233591e+00 -5.000000000000e-03
7.700501123173e-01 5.215050289643e+00 -5.000000000000e-03
2.365806753490e+00 1.426364530416e+00 -5.000000000000e-03
2.009924906014e+00 2.880045833211e+00 -5.000000000000e-03
4.912040084129e+00 1.929157688734e+00 -5.000000000000e-03
2.498223485344e-01 3.664118886524e-01 -5.000000000000e-03
5.958626527360e+00 1.873195480353e+00 -5.000000000000e-03
1.405002304168e+00 4.933681883864e+00 -5.000000000000e-03
2.669344759058e+00 5.426370309159e+00 -5.000000000000e-03
3.149780342964e+00 2.428778299847e+00 -5.000000000000e-03
5.311758677889e-01 4.423238304072e+00 -5.000000000000e-03
8.445250745024e-02 1.498010000299e-01 -5.000000000000e-03
2.509116134762e+00 6.174325712476e+00 -5.000000000000e-03
6.175274666963e+00 3.873475878207e+00 -5.000000000000e-03
4.851541125767e+00 4.970202318778e+00 -5.000000000000e-03
5.520127612128e+00 2.474240038650e+00 -5.000000000000e-03
3.868813853766e+00 5.818676419627e+00 -5.000000000000e-03
3.393717970286e+00 5.921202860330e+00 -5.000000000000e-03
1.071152988801e+00 8.331399999561e-01 -5.000000000000e-03
3.873636704011e+00 1.191848589611e-01 -5.000000000000e-03
9.291149027641e-02 4.151719285758e+00 -5.000000000000e-03
6.739858108888e-01 2.812049430945e+00 -5.000000000000e-03
1.791256030374e+00 4.771650452673e+00 -5.000000000000e-03
2.067772698927e+00 2.704150768259e+00 -5.000000000000e-03
2.040962029522e-01 2.723237969261e+00 -5.000000000000e-03
3.473336151411e+00 2.662828540698e+00 -5.000000000000e-03
3.178619673560e+00 3.354906386594e+00 -5.000000000000e-03
9.037338627008e-01 5.018684935868e+00 -5.000000000000e-03
2.032379200634e+00 1.789964438811e+00 -5.000000000000e-03
1.776041652789e+00 5.173406560107e+00 -5.000000000000e-03
2.441050650478e+00 2.417996916991e+00 -5.000000000000e-03
1.054876896942e+00 2.863194921145e+00 -5.000000000000e-03
6.001377299093e+00 3.398962070559e+00 -5.000000000000e-03
8.710419219041e-01 4.044642627426e+00 -5.000000000000e-03
3.927722682519e+00 3.765589368772e+00 -5.000000000000e-03
4.468544993325e+00 3.176416027207e+00 -5.000000000000e-03
3.962071827169e+00 2.374711536508e+00 -5.000000000000e-03
9.182770201277e-01 1.348580183096e-01 -5.000000000000e-03
1.383727344885e+00 5.919796395170e+00 -5.000000000000e-03
2.114714998357e+00 4.116390697949e+00 -5.000000000000e-03
4.172832006560e+00 4.354437501755e+00 -5.000000000000e-03
4.151029889097e+00 3.116908089352e+00 -5.000000000000e-03
1.734069644484e+00 5.152885805713e+00 -5.000000000000e-03
4.276748893891e+00 6.014070054591e+00 -5.000000000000e-03
