8.897411501238e-01 4.102345341458e+00 5.000000000000e-03
1.174182136125e-01 2.807771484839e+00 5.000000000000e-03
3.810664355154e+00 5.294780442791e+00 5.000000000000e-03
3.817175411566e+00 6.096455159278e+00 5.000000000000e-03
1.428391154996e-01 5.082299030675e+00 5.000000000000e-03
1.828509908875e+00 1.071639997773e-01 5.000000000000e-03
2.801784732407e+00 6.064981939418e+00 5.000000000000e-03
1.068916956790e+00 7.364511815475e-02 5.000000000000e-03
2.828103912286e+00 3.292184955949e+00 5.000000000000e-03
1.244812809061e+00 2.120333141358e+00 5.000000000000e-03
2.190074469444e+00 2.079622054865e-02 5.000000000000e-03
5.018630872144e+00 1.010096247688e+00 5.000000000000e-03
2.644715100097e+00 2.463165792888e+00 5.000000000000e-03
4.055478499953e+00 2.548206796929e+00 5.000000000000e-03
1.535311202609e+00 6.672839141309e-01 5.000000000000e-03
6.471312691055e-01 1.957318246612e+00 5.000000000000e-03
2.024316311894e+00 6.234840564088e+00 5.000000000000e-03
6.025710735821e+00 5.642909812229e+00 5.000000000000e-03
2.618811801613e+00 3.908015460347e+00 5.000000000000e-03
5.116924173713e-01 5.503377637245e-01 5.000000000000e-03
1.730303196712e+00 4.565875459852e+00 5.000000000000e-03
4.412281324964e+00 2.193805310104e+00 5.000000000000e-03
1.422921757837e+00 2.141737987160e+00 5.000000000000e-03
4.614152261362e+00 3.104476475429e+00 5.000000000000e-03
1.562371747856e+00 4.964917767378e+00 5.000000000000e-03
2.583839219131e+00 9.773159588850e-01 5.000000000000e-03
1.795584080031e+00 4.553535525903e-01 5.000000000000e-03
2.369261490555e-02 2.370367551220e+00 5.000000000000e-03
8.703625080572e-01 2.003499244813e+00 5.000000000000e-03
4.124477391948e+00 6.116391899827e-01 5.000000000000e-03
6.548788679789e-01 3.036749827111e+00 5.000000000000e-03
2.554861809305e+00 4.504827648930e+00 5.000000000000e-03
2.405353092088e+00 1.223775731176e-01 5.000000000000e-03
2.006120977753e+00 2.954920746107e+00 5.000000000000e-03
2.316290845848e+00 7.002928854833e-01 5.000000000000e-03
5.561531720705e+00 2.728900510022e+00 5.000000000000e-03
3.187017185735e+00 1.676539835993e+00 5.000000000000e-03
2.106113260589e+00 3.058289721474e+00 5.000000000000e-03
5.346335646739e-01 3.472325647997e+00 5.000000000000e-03
5.556512637220e+00 1.737961497577e+00 5.000000000000e-03
2.294031169171e+00 5.654851175137e+00 5.000000000000e-03
2.321129441816e+00 5.618141075108e+00 5.000000000000e-03
2.102070671924e+00 3.034037644176e+00 5.000000000000e-03
1.680269654324e+00 4.702802884152e+00 5.000000000000e-03
4.389024358723e+00 5.359385973627e-01 5.000000000000e-03
4.363502688201e+00 6.591174650402e-01 5.000000000000e-03
1.410215608055e+00 1.148743004739e+00 5.000000000000e-03
1.308452614208e-01 3.439635607645e+00 5.000000000000e-03
1.800615731499e+00 2.170811973459e+00 5.000000000000e-03
2.449567442212e+00 6.090202398659e+00 5.000000000000e-03
3.986199394532e+00 4.907603454232e+00 5.000000000000e-03
1.644504153028e+00 8.629093930740e-01 5.000000000000e-03
3.341746536545e-01 2.095328665248e+00 5.000000000000e-03
3.414967827637e+00 5.220780861605e+00 5.000000000000e-03
3.093708890946e+00 5.758596688615e+00 5.000000000000e-03
4.417555087630e-01 5.358619693643e+00 5.000000000000e-03
2.334680934204e+00 6.244300008157e+00 5.000000000000e-03
3.668382088092e+00 5.704991538073e+00 5.000000000000e-03
5.138321510620e+00 1.970352054854e+00 5.000000000000e-03
4.766595076726e+00 2.947440216474e+00 5.000000000000e-03
2.798162358585e+00 6.170478983318e+00 5.000000000000e-03
7.631626014118e-01 3.245027818133e+00 5.000000000000e-03
2.054113430612e+00 6.090700676704e+00 5.000000000000e-03
6.834809913684e-03 1.566356467593e+00 5.000000000000e-03
2.799192832059e+00 9.380732939690e-01 5.000000000000e-03
2.578301970229e+00 3.325592889655e+00 5.000000000000e-03
7.956807708473e-01 2.285472209750e+00 5.000000000000e-03
3.000259928624e+00 1.882967942476e+00 5.000000000000e-03
1.837192027189e+00 1.874806054138e+00 5.000000000000e-03
1.257793298836e+00 1.234098492541e+00 5.000000000000e-03
5.548715354020e+00 1.770369823106e+00 5.000000000000e-03
1.786888552379e+00 5.118703327790e+00 5.000000000000e-03
8.672855854588e-01 2.167578066183e-01 5.000000000000e-03
1.331625897642e+00 4.885119651936e+00 5.000000000000e-03
5.250443138546e-01 1.822262961849e+00 5.000000000000e-03
1.728122741882e+00 3.804189498975e+00 5.000000000000e-03
1.337608172634e+00 1.624632239340e+00 5.000000000000e-03
7.174465525393e-01 3.579658675615e+00 5.000000000000e-03
1.022474392283e+00 2.530103806900e+00 5.000000000000e-03
3.215375081193e+00 1.045948659343e+00 5.000000000000e-03
2.274332581186e+00 1.677794671105e-01 5.000000000000e-03
6.141470710649e+00 3.054452816215e+00 5.000000000000e-03
2.492612611887e+00 5.415262867550e+00 5.000000000000e-03
5.610525838479e-01 2.408628489626e+00 5.000000000000e-03
2.612029280891e+00 1.775752945485e+00 5.000000000000e-03
2.037833750659e+00 3.153955404678e+00 5.000000000000e-03
1.775903874607e+00 3.081888793760e+00 5.000000000000e-03
4.233656526133e+00 1.336558218312e+00 5.000000000000e-03
6.190028112106e+00 1.837568378940e+00 5.000000000000e-03
1.113290857485e+00 2.139824417037e+00 5.000000000000e-03
4.291212089504e+00 5.839492496130e+00 5.000000000000e-03
3.401324358614e-01 1.867798350398e+00 5.000000000000e-03
8.058448765364e-01 3.319318749430e+00 5.000000000000e-03
2.991539431929e+00 6.527376867328e-01 5.000000000000e-03
2.515682171229e+00 5.985114768828e+00 5.000000000000e-03
4.683623451190e+00 1.228325450281e+00 5.000000000000e-03
2.890868357622e+00 2.631450248460e+00 5.000000000000e-03
3.351313796642e+00 2.551750006856e+00 5.000000000000e-03
4.948579878486e-01 1.024038875727e+00 5.000000000000e-03
6.732605435344e-01 3.358367407860e+00 5.000000000000e-03
4.648043631113e+00 3.302206817892e+00 -5.000000000000e-03
4.798002888441e+00 3.942020057083e+00 -5.000000000000e-03
3.698763302764e+00 4.065896584972e+00 -5.000000000000e-03
3.737957209666e+00 3.253477469254e+00 -5.000000000000e-03
2.907779173203e+00 2.305843116690e+00 -5.000000000000e-03
4.046822573662e+00 4.224947975377e+00 -5.000000000000e-03
4.924967383598e+00 4.020983472523e+00 -5.000000000000e-03
4.106668225648e+00 5.033704566973e+00 -5.000000000000e-03
4.572413819091e+00 4.607130283636e+00 -5.000000000000e-03
6.197851258607e+00 1.465847479382e+00 -5.000000000000e-03
1.084527765620e+00 1.628656697221e+00 -5.000000000000e-03
4.865146277649e+00 3.749836670699e+00 -5.000000000000e-03
5.775817115365e+00 8.171373400340e-01 -5.000000000000e-03
5.487798226404e+00 1.391867021944e+00 -5.000000000000e-03
6.222567539393e+00 1.061746634552e-01 -5.000000000000e-03
5.442796816903e+00 7.934430104393e-01 -5.000000000000e-03
4.078939072184e+00 9.458358275394e-01 -5.000000000000e-03
5.712033552615e+00 2.978669545223e+00 -5.000000000000e-03
8.426434859551e-01 3.857136663302e+00 -5.000000000000e-03
5.263836220096e+00 5.598914977749e+00 -5.000000000000e-03
5.378509728454e+00 7.565815150803e-01 -5.000000000000e-03
2.090401684748e+00 2.282068137079e+00 -5.000000000000e-03
4.985809062395e+00 3.277131920712e+00 -5.000000000000e-03
6.167364460270e-02 5.821750694057e+00 -5.000000000000e-03
1.519016338278e+00 4.192073673740e+00 -5.000000000000e-03
3.788289735772e+00 2.159335708925e-01 -5.000000000000e-03
3.698137104722e-01 6.069965500176e+00 -5.000000000000e-03
3.834131695445e+00 3.972463575588e+00 -5.000000000000e-03
3.855689874198e+00 4.183933193335e+00 -5.000000000000e-03
1.203356739111e+00 4.648836364212e+00 -5.000000000000e-03
7.427833757154e-02 1.043951420343e+00 -5.000000000000e-03
6.803566469354e-02 3.702581885717e+00 -5.000000000000e-03
2.296451414363e+00 5.033025117940e+00 -5.000000000000e-03
5.764539953972e+00 3.618600370909e+00 -5.000000000000e-03
4.122849053478e+00 3.795623153301e+00 -5.000000000000e-03
9.312737384092e-01 5.392309718711e+00 -5.000000000000e-03
5.776481297095e+00 5.941830015582e+00 -5.000000000000e-03
3.404936568362e+00 4.823970186470e+00 -5.000000000000e-03
4.040755289329e+00 4.138151871925e+00 -5.000000000000e-03
3.601791419581e+00 3.594365361236e+00 -5.000000000000e-03
5.098756332768e+00 7.739090353564e-01 -5.000000000000e-03
5.027973942928e+00 3.732722439009e+00 -5.000000000000e-03
3.702086831305e+00 4.532661901646e+00 -5.000000000000e-03
4.908455258686e+00 1.689901785995e+00 -5.000000000000e-03
5.381193205348e+00 2.826825431042e+00 -5.000000000000e-03
6.135603018250e+00 4.637019321722e+00 -5.000000000000e-03
7.414006186506e-01 4.797507692697e+00 -5.000000000000e-03
3.627683239187e+00 5.188547133696e+00 -5.000000000000e-03
3.691273237347e+00 2.318324561572e+00 -5.000000000000e-03
3.148295945499e+00 4.081649908960e+00 -5.000000000000e-03
2.888532196116e+00 1.305413763888e+00 -5.000000000000e-03
1.709229860004e-01 4.914230870332e+00 -5.000000000000e-03
4.127965598714e+00 5.240917780979e+00 -5.000000000000e-03
5.728146867983e+00 3.596040854078e+00 -5.000000000000e-03
4.223205042414e+00 3.650753172271e+00 -5.000000000000e-03
2.535910190590e+00 3.070004996711e+00 -5.000000000000e-03
3.615842129211e+00 3.637726528133e+00 -5.000000000000e-03
5.872659623840e+00 4.181094408994e+00 -5.000000000000e-03
1.072417155651e+00 3.796890801997e+00 -5.000000000000e-03
3.561740610172e+00 3.370133434734e+00 -5.000000000000e-03
5.428976590987e+00 5.906793046545e+00 -5.000000000000e-03
3.452264646395e+00 3.034201132993e+00 -5.000000000000e-03
3.489859997753e+00 2.731831756626e+00 -5.000000000000e-03
3.153082616813e+00 3.101089616592e-01 -5.000000000000e-03
6.035083984722e+00 5.381412161816e+00 -5.000000000000e-03
3.804764514631e+00 4.130010033445e+00 -5.000000000000e-03
1.861397593315e+00 5.670033114997e+00 -5.000000000000e-03
4.001641716264e+00 3.744874070421e+00 -5.000000000000e-03
5.678850970992e+00 1.587086813962e+00 -5.000000000000e-03
5.317466775032e+00 3.844730659658e+00 -5.000000000000e-03
5.643514597688e+00 5.768864050819e+00 -5.000000000000e-03
3.654020505239e+00 4.000841941272e+00 -5.000000000000e-03
3.839436670645e+00 3.362628549724e+00 -5.000000000000e-03
2.927821111971e+00 5.218382226352e+00 -5.000000000000e-03
5.669022405902e+00 1.545526944970e+00 -5.000000000000e-03
6.643612445262e-01 9.362620383238e-01 -5.000000000000e-03
5.032658466084e+00 6.153948299660e+00 -5.000000000000e-03
5.576252578323e+00 4.967849060521e+00 -5.000000000000e-03
9.799460652027e-01 6.027414108149e+00 -5.000000000000e-03
4.920660536517e-01 4.417465763309e+00 -5.000000000000e-03
3.491605227668e+00 3.675514217432e+00 -5.000000000000e-03
4.860020415473e+00 3.756851243508e+00 -5.000000000000e-03
4.468264998021e+00 1.780414664457e+00 -5.000000000000e-03
6.071536727411e+00 9.260810514848e-01 -5.000000000000e-03
8.916316600407e-01 7.282329513593e-01 -5.000000000000e-03
3.704560676965e+00 2.626241137147e+00 -5.000000000000e-03
3.541695759770e+00 3.437686354358e+00 -5.000000000000e-03
1.189845487793e+00 1.788770449561e+00 -5.000000000000e-03
4.598376231978e+00 3.956508117766e+00 -5.000000000000e-03
5.246247388453e+00 5.555915296286e+00 -5.000000000000e-03
5.588439771482e+00 3.686476146719e+00 -5.000000000000e-03
4.438518751446e+00 5.458193782376e+00 -5.000000000000e-03
5.811086879390e+00 1.035029833502e+00 -5.000000000000e-03
8.764938593626e-01 5.398381478861e+00 -5.000000000000e-03
2.114563409277e-01 4.091769737438e-01 -5.000000000000e-03
5.057439167370e+00 1.523053754948e+00 -5.000000000000e-03
4.807500856977e+00 1.727079797030e+00 -5.000000000000e-03
3.673299799615e+00 2.992091055565e+00 -5.000000000000e-03
1.811287879087e+00 9.247134937429e-01 -5.000000000000e-03
5.650920829130e-01 6.211280914544e+00 -5.000000000000e-03
