5.259798543520e+00 2.514149084542e+00 5.000000000000e-03
4.981128016605e+00 3.716918852757e+00 5.000000000000e-03
1.343737395373e+00 5.505708348377e-01 5.000000000000e-03
2.297253064951e+00 3.650135699311e+00 5.000000000000e-03
7.481059351112e-01 5.962625386425e+00 5.000000000000e-03
2.383059261516e+00 4.278430920554e+00 5.000000000000e-03
1.436854128083e+00 4.040501398469e+00 5.000000000000e-03
2.998374701742e+00 5.546511842488e+00 5.000000000000e-03
5.824034393712e+00 1.280677823422e+00 5.000000000000e-03
7.553353979895e-01 4.882999242758e+00 5.000000000000e-03
1.448987533551e+00 3.824834388741e+00 5.000000000000e-03
3.061933129814e+00 4.624174626718e-01 5.000000000000e-03
3.369493932594e-01 5.741341003033e+00 5.000000000000e-03
4.156973798648e+00 1.659322983969e+00 5.000000000000e-03
3.274156763855e-02 7.401723160914e-01 5.000000000000e-03
2.541004672113e+00 4.947563529399e+00 5.000000000000e-03
2.726596750245e+00 4.926690773159e-01 5.000000000000e-03
6.280424882243e+00 7.916702584345e-01 5.000000000000e-03
6.041094173304e+00 5.268845804035e-01 5.000000000000e-03
5.183909266649e+00 2.351713551429e+00 5.000000000000e-03
4.171763699199e+00 1.334098001624e+00 5.000000000000e-03
6.049164136680e+00 3.228352281004e+00 5.000000000000e-03
5.722247533610e+00 5.783403932421e+00 5.000000000000e-03
3.967484085635e+00 8.962740472969e-01 5.000000000000e-03
3.266574647641e+00 4.118141351942e+00 5.000000000000e-03
5.315749685632e+00 1.189852380101e+00 5.000000000000e-03
1.607460208061e+00 1.335409135209e+00 5.000000000000e-03
6.178883005630e-02 3.326179939582e+00 5.000000000000e-03
3.104737253224e+00 5.095458633422e-01 5.000000000000e-03
7.898005458866e-01 6.069462056971e+00 5.000000000000e-03
3.222940852930e-01 3.205525093602e+00 5.000000000000e-03
6.130766734923e-01 3.392497077028e+00 5.000000000000e-03
4.504745837501e+00 1.421560104527e+00 5.000000000000e-03
1.615343496606e+00 2.219857818940e-01 5.000000000000e-03
9.459918510914e-01 3.144313592648e+00 5.000000000000e-03
4.221606275372e+00 1.718587401969e+00 5.000000000000e-03
4.631643027753e+00 2.836613899660e-01 5.000000000000e-03
5.266662559030e+00 4.149738311151e+00 5.000000000000e-03
2.252905463657e+00 6.183421488063e+00 5.000000000000e-03
4.137321724219e+00 2.239813622480e+00 5.000000000000e-03
6.630103037047e-01 6.749309812887e-01 5.000000000000e-03
1.349795131226e+00 3.373384722755e+00 5.000000000000e-03
2.932985367347e+00 5.355483436887e+00 5.000000000000e-03
1.114218214674e+00 1.542706017236e-01 5.000000000000e-03
3.072143521692e+00 1.989938546498e-02 5.000000000000e-03
4.289940504227e+00 7.610625279225e-02 5.000000000000e-03
4.963912864145e+00 5.312404314285e-01 5.000000000000e-03
4.528006869737e+00 5.791685463046e+00 5.000000000000e-03
1.736336864869e+00 7.920136277020e-02 5.000000000000e-03
1.630832492828e-01 5.477020715474e+00 5.000000000000e-03
5.078130874678e+00 2.325763817142e+00 5.000000000000e-03
5.493923578629e+00 3.527415179351e+00 5.000000000000e-03
4.167466942439e+00 1.407898998991e+00 5.000000000000e-03
3.718851314122e+00 1.815814446908e+00 5.000000000000e-03
1.192016409796e+00 4.821707337357e+00 5.000000000000e-03
5.786368676219e+00 4.681635878876e+00 5.000000000000e-03
3.140064056926e-01 2.828353099502e+00 5.000000000000e-03
5.602143710165e+00 1.530079171786e+00 5.000000000000e-03
5.015034939774e+00 2.234315736382e+00 5.000000000000e-03
1.910296881359e+00 3.876051548466e+00 5.000000000000e-03
3.810393689955e+00 2.441996050380e+00 5.000000000000e-03
6.196119074280e+00 1.379473715383e+00 5.000000000000e-03
1.878028099423e+00 3.285517901640e-01 5.000000000000e-03
3.265292123492e+00 6.136173825697e+00 5.000000000000e-03
5.041407723117e+00 3.071396706061e+00 5.000000000000e-03
5.678541849457e+00 3.958419047414e+00 5.000000000000e-03
3.643986719306e+00 4.614330738696e+00 5.000000000000e-03
2.300972468566e+00 4.594714869131e+00 5.000000000000e-03
1.145786021101e+00 8.482255719167e-01 5.000000000000e-03
4.619566159004e+00 4.358475249367e+00 5.000000000000e-03
1.106563490751e-01 6.896908625821e-01 5.000000000000e-03
6.588323487350e-02 2.140615963119e+00 5.000000000000e-03
6.025515773323e-01 4.775230520664e+00 5.000000000000e-03
4.687429661961e+00 4.317661871950e+00 5.000000000000e-03
4.397050915806e+00 4.824991610556e-01 5.000000000000e-03
2.085832824262e+00 4.592446542730e-01 5.000000000000e-03
1.989414575420e+00 3.808245975684e+00 5.000000000000e-03
3.311510448759e+00 3.445386292986e+00 5.000000000000e-03
4.159651638323e+00 4.502425544977e+00 5.000000000000e-03
4.987295958386e+00 3.691535462150e+00 5.000000000000e-03
3.963829283118e+00 1.059106571507e+00 5.000000000000e-03
1.508558617631e+00 5.197832011683e+00 5.000000000000e-03
2.899830107055e+00 3.004145269166e+00 5.000000000000e-03
3.683083872594e+00 6.733028265214e-01 5.000000000000e-03
5.109621964865e+00 2.326038097441e+00 5.000000000000e-03
5.662881294379e+00 1.412783205901e+00 5.000000000000e-03
2.470278632747e+00 3.144736181981e+00 5.000000000000e-03
1.343712439154e+00 1.026425292509e+00 5.000000000000e-03
2.160595466537e+00 4.018174824095e+00 5.000000000000e-03
6.091811161383e+00 2.725248934306e+00 5.000000000000e-03
1.379648208700e+00 6.268243008307e-01 5.000000000000e-03
4.164877655452e-01 1.411563079824e-01 5.000000000000e-03
6.169017998264e+00 3.133938394848e+00 5.000000000000e-03
2.773803327785e+00 8.601547089554e-01 5.000000000000e-03
5.071028559508e-01 2.471440280276e-01 5.000000000000e-03
5.706777170041e+00 2.646045289859e+00 5.000000000000e-03
7.848443548321e-01 4.822479416055e+00 5.000000000000e-03
4.916275137359e+00 3.355065903467e+00 5.000000000000e-03
4.856212180648e+00 2.812248993099e+00 5.000000000000e-03
4.142084908481e+00 3.520836997240e-01 5.000000000000e-03
3.405175093453e+00 5.041639359522e+00 -5.000000000000e-03
3.179411162003e+00 2.728299629006e+00 -5.000000000000e-03
1.092249776760e+00 2.219868242132e+00 -5.000000000000e-03
1.879852916130e+00 5.479784438844e+00 -5.000000000000e-03
4.571712973468e-01 2.459713269005e+00 -5.000000000000e-03
1.175121886282e-01 9.325537335849e-01 -5.000000000000e-03
1.095097648207e+00 1.324660899411e+00 -5.000000000000e-03
2.376625312326e+00 1.976869936410e+00 -5.000000000000e-03
1.782133258128e+00 5.874898988739e+00 -5.000000000000e-03
1.980414727117e+00 4.515938599363e+00 -5.000000000000e-03
1.707742067789e+00 1.145814539201e+00 -5.000000000000e-03
1.150857586213e+00 5.702950831994e+00 -5.000000000000e-03
2.564334974439e+00 1.801046637425e+00 -5.000000000000e-03
1.567328515814e+00 1.174140055706e+00 -5.000000000000e-03
3.261308630160e+00 1.934512242206e+00 -5.000000000000e-03
2.201425999559e+00 5.801667912633e+00 -5.000000000000e-03
5.293667089274e+00 5.963331524220e+00 -5.000000000000e-03
8.810224530062e-01 4.400085839339e+00 -5.000000000000e-03
5.858970592916e+00 5.028718520531e+00 -5.000000000000e-03
2.748270438394e+00 2.258952345243e+00 -5.000000000000e-03
5.273774335069e+00 5.615392116992e+00 -5.000000000000e-03
7.273386317576e-01 2.694969246607e+00 -5.000000000000e-03
8.351597583463e-01 9.102013936076e-01 -5.000000000000e-03
4.506747024263e+00 5.496047428151e+00 -5.000000000000e-03
4.249119056559e+00 4.141822130700e+00 -5.000000000000e-03
1.734324468452e+00 1.446617657318e+00 -5.000000000000e-03
1.798474979256e+00 1.231352523460e+00 -5.000000000000e-03
5.293238221773e+00 3.463556392939e+00 -5.000000000000e-03
5.367463523103e+00 6.170332985613e+00 -5.000000000000e-03
5.918907310910e+00 4.197519115091e+00 -5.000000000000e-03
3.047281721699e+00 1.834618024394e+00 -5.000000000000e-03
2.769016609897e+00 5.290719842702e+00 -5.000000000000e-03
5.538932500409e+00 1.215674330109e+00 -5.000000000000e-03
5.520007688747e+00 1.564011232287e-01 -5.000000000000e-03
2.686225408600e+00 9.485610830146e-01 -5.000000000000e-03
8.342935668540e-01 3.076935191572e+00 -5.000000000000e-03
3.332247518487e+00 3.165584869547e+00 -5.000000000000e-03
4.717716624967e+00 2.681310140895e+00 -5.000000000000e-03
6.456852817453e-01 2.576474149321e+00 -5.000000000000e-03
1.449220849377e+00 1.682772185439e+00 -5.000000000000e-03
1.924640681139e+00 1.784880306895e+00 -5.000000000000e-03
4.381138933038e+00 3.862520200283e+00 -5.000000000000e-03
3.776905288034e+00 3.962657619683e+00 -5.000000000000e-03
4.588962479366e+00 7.770933537695e-01 -5.000000000000e-03
1.994513279535e+00 5.783516564316e+00 -5.000000000000e-03
4.314386586919e+00 4.221766381235e+00 -5.000000000000e-03
4.929279050933e+00 2.016516054270e+00 -5.000000000000e-03
4.202566301080e+00 5.163446518893e+00 -5.000000000000e-03
1.628408937581e+00 1.676674692152e+00 -5.000000000000e-03
1.570295153321e+00 1.600146961370e+00 -5.000000000000e-03
7.201229676600e-01 5.135040207056e+00 -5.000000000000e-03
5.287201681929e+00 5.839456031137e+00 -5.000000000000e-03
3.030237953911e+00 1.618596467318e+00 -5.000000000000e-03
5.168001204871e+00 2.609019145752e+00 -5.000000000000e-03
3.948561503759e+00 3.490662282910e+00 -5.000000000000e-03
2.133851800660e-01 4.854734221168e+00 -5.000000000000e-03
3.614381526090e+00 1.109763580136e+00 -5.000000000000e-03
1.694686571840e+00 4.383147861561e+00 -5.000000000000e-03
1.702545816077e+00 5.597142802439e+00 -5.000000000000e-03
4.490975933307e+00 1.975668186601e+00 -5.000000000000e-03
5.810859574986e+00 6.251786627844e+00 -5.000000000000e-03
2.023668588862e+00 1.420722872468e+00 -5.000000000000e-03
4.008760600970e+00 2.405196672903e+00 -5.000000000000e-03
1.776529961096e+00 3.034160973276e+00 -5.000000000000e-03
5.185521027019e+00 5.940533390885e+00 -5.000000000000e-03
2.153000294488e+00 2.198793540048e+00 -5.000000000000e-03
2.115300611569e+00 1.925342798334e+00 -5.000000000000e-03
4.073306222118e+00 3.461309821101e+00 -5.000000000000e-03
2.704033701856e+00 1.628083769960e+00 -5.000000000000e-03
4.414531772907e+00 1.294479861787e+00 -5.000000000000e-03
2.229112425965e+00 1.899431160712e+00 -5.000000000000e-03
3.633742286227e+00 1.189523863424e+00 -5.000000000000e-03
5.583630085866e+00 1.753829447877e-01 -5.000000000000e-03
5.800518408756e+00 4.751661380018e-01 -5.000000000000e-03
3.287225669250e+00 2.964488846594e+00 -5.000000000000e-03
7.850166367805e-01 2.191148391863e+00 -5.000000000000e-03
2.659614944052e+00 1.588845340583e+00 -5.000000000000e-03
9.228786730651e-01 2.711418922126e+00 -5.000000000000e-03
2.555548796598e+00 1.945510148195e+00 -5.000000000000e-03
3.024051807385e+00 1.758748176391e+00 -5.000000000000e-03
1.801282423630e+00 5.908158080114e+00 -5.000000000000e-03
4.664692622513e-01 4.412642108850e-01 -5.000000000000e-03
2.882339548262e+00 7.587797333823e-02 -5.000000000000e-03
4.493464851205e+00 5.654286721236e+00 -5.000000000000e-03
3.213755346949e+00 3.226138335315e+00 -5.000000000000e-03
4.930078619914e-01 2.833394138057e+00 -5.000000000000e-03
1.269560097839e+00 5.532123325221e+00 -5.000000000000e-03
1.208440887568e-01 3.989606465477e+00 -5.000000000000e-03
1.868278234897e+00 1.554642328649e+00 -5.000000000000e-03
1.526025518346e+00 4.901644529937e+00 -5.000000000000e-03
8.065367810916e-01 1.531686740164e+00 -5.000000000000e-03
4.702407517673e+00 5.708836171903e+00 -5.000000000000e-03
3.493633262985e+00 3.241297821030e+00 -5.000000000000e-03
2.822947271826e+00 1.970737958583e+00 -5.000000000000e-03
2.808730260811e+00 1.539632868229e+00 -5.000000000000e-03
8.981812998917e-01 1.526105006976e+00 -5.000000000000e-03
1.867067052620e+00 2.487574897863e+00 -5.000000000000e-03
1.723176854920e+00 1.300348227093e+00 -5.000000000000e-03
1.714029857210e+00 5.652037014155e+00 -5.000000000000e-03
7.744971030694e-01 5.594151944334e+00 -5.000000000000e-03
