2.599362017952e+00 2.462313776377e+00 5.000000000000e-03
8.239163966298e-01 2.890780858483e+00 5.000000000000e-03
3.839200941915e+00 5.575261558388e-01 5.000000000000e-03
8.691202674820e-01 4.599134189625e+00 5.000000000000e-03
3.058262226449e+00 2.400351272816e+00 5.000000000000e-03
1.819304612628e+00 2.984235946441e+00 5.000000000000e-03
1.079389408017e+00 4.115404010858e+00 5.000000000000e-03
2.735031226530e-01 4.228938764599e+00 5.000000000000e-03
2.366164071195e+00 3.713158837034e+00 5.000000000000e-03
3.079343719036e+00 5.590828014062e+00 5.000000000000e-03
1.714724405384e+00 5.707292058054e+00 5.000000000000e-03
2.881701224960e-01 3.112687152347e+00 5.000000000000e-03
3.108907097033e+00 2.631971884109e+00 5.000000000000e-03
2.351901648045e+00 2.959765478014e+00 5.000000000000e-03
2.264307687099e+00 2.662027196999e+00 5.000000000000e-03
1.688932536293e+00 4.019728602966e+00 5.000000000000e-03
9.545530501345e-01 8.954181427085e-01 5.000000000000e-03
2.142036579336e+00 2.692194454878e+00 5.000000000000e-03
2.305020286433e+00 2.740104414157e+00 5.000000000000e-03
3.471543777084e+00 3.526528003663e+00 5.000000000000e-03
1.611715425958e+00 3.090525940926e+00 5.000000000000e-03
2.886476034891e+00 2.666739751748e+00 5.000000000000e-03
1.816616959892e+00 2.459019045335e+00 5.000000000000e-03
6.078625247008e+00 3.556142658586e+00 5.000000000000e-03
2.272111843711e+00 3.546595030145e+00 5.000000000000e-03
5.011549725263e+00 4.134501167941e+00 5.000000000000e-03
3.159426120193e+00 3.622790345429e+00 5.000000000000e-03
3.299554661120e+00 5.729275139166e+00 5.000000000000e-03
5.645155666926e+00 3.759660520475e+00 5.000000000000e-03
4.856291782715e+00 5.166859167796e+00 5.000000000000e-03
6.236678759227e+00 5.306504358057e+00 5.000000000000e-03
1.978579300755e+00 2.719438701599e+00 5.000000000000e-03
6.259785122910e+00 1.510534079091e+00 5.000000000000e-03
5.579940558280e+00 2.679090644364e+00 5.000000000000e-03
5.261434479332e-01 5.670905555257e+00 5.000000000000e-03
2.566991155686e+00 5.174717975680e+00 5.000000000000e-03
4.978028350816e+00 4.148014283222e+00 5.000000000000e-03
1.035829204524e+00 3.922152966826e+00 5.000000000000e-03
3.440299389758e+00 4.232173791974e+00 5.000000000000e-03
1.919656498010e+00 1.042976850358e+00 5.000000000000e-03
3.205290160929e+00 2.487708423322e+00 5.000000000000e-03
4.446742494833e+00 2.186148243301e+00 5.000000000000e-03
2.563186160207e+00 3.693132266595e+00 5.000000000000e-03
2.638265027258e+00 4.422972544296e+00 5.000000000000e-03
2.223884098462e+00 2.806496981473e+00 5.000000000000e-03
2.793390627604e+00 2.620310343256e+00 5.000000000000e-03
6.123515132232e+00 1.223220735903e+00 5.000000000000e-03
5.955364319651e-01 1.029318151453e+00 5.000000000000e-03
1.578691624135e+00 4.782785291921e-01 5.000000000000e-03
3.546882412770e+00 3.712319477094e+00 5.000000000000e-03
2.805084786080e+00 2.884015182861e+00 5.000000000000e-03
3.827751438164e+00 4.317703821051e+00 5.000000000000e-03
1.678166409547e+00 5.328937570019e+00 5.000000000000e-03
1.531169199514e+00 3.349708070420e+00 5.000000000000e-03
4.198728785729e+00 6.221419844078e+00 5.000000000000e-03
5.439482489877e+00 3.894503008272e+00 5.000000000000e-03
5.911916590195e+00 3.325184010246e+00 5.000000000000e-03
1.273968414438e+00 1.580424049916e+00 5.000000000000e-03
2.125261116691e+00 2.672999016248e+00 5.000000000000e-03
3.677427479923e-01 2.383604266173e+00 5.000000000000e-03
5.466867053511e+00 8.447198008786e-01 5.000000000000e-03
3.044405173367e+00 2.908467327004e+00 5.000000000000e-03
5.531266138004e-01 5.673660327618e+00 5.000000000000e-03
1.139317683130e+00 4.087750444404e+00 5.000000000000e-03
1.439880791745e+00 1.627629712610e+00 5.000000000000e-03
2.389002692988e+00 8.897630441098e-01 5.000000000000e-03
3.008526211965e+00 2.786224053108e+00 5.000000000000e-03
2.766109140575e+00 2.918553256346e+00 5.000000000000e-03
3.453127928524e+00 4.324773334032e+00 5.000000000000e-03
4.913292695679e+00 1.360980110386e+00 5.000000000000e-03
1.886368796403e+00 1.046953052006e+00 5.000000000000e-03
2.176107817433e+00 9.335140394266e-01 5.000000000000e-03
3.506113185160e+00 2.279323778347e+00 5.000000000000e-03
1.336835627135e+00 3.664626812455e+00 5.000000000000e-03
4.745944993131e+00 5.534898922412e-01 5.000000000000e-03
2.265282876050e+00 2.715580645166e+00 5.000000000000e-03
4.714781760017e+00 4.795034724217e+00 5.000000000000e-03
3.282140742762e+00 1.102927798123e+00 5.000000000000e-03
1.473679424402e+00 3.723770079994e+00 5.000000000000e-03
1.533110898112e-01 4.123472675003e+00 5.000000000000e-03
2.682093847861e+00 4.779961110169e+00 5.000000000000e-03
6.130226820701e-01 4.328806914770e+00 5.000000000000e-03
1.867352152311e+00 2.450281269350e-01 5.000000000000e-03
1.093406579747e+00 3.328990340804e+00 5.000000000000e-03
2.589597107657e+00 4.140982936849e+00 5.000000000000e-03
4.671695080668e+00 1.025881352805e+00 5.000000000000e-03
2.914038894571e+00 3.706364506458e+00 5.000000000000e-03
3.328243536259e+00 3.690849256583e+00 5.000000000000e-03
6.180698121778e+00 3.142400351693e+00 5.000000000000e-03
3.064734078038e+00 2.729212932486e+00 5.000000000000e-03
3.176795725399e+00 4.243305366427e+00 5.000000000000e-03
2.221541682098e+00 3.543421977528e+00 5.000000000000e-03
2.646725280135e+00 4.910856961145e+00 5.000000000000e-03
1.633666749068e+00 3.538230569181e+00 5.000000000000e-03
6.179393371318e+00 3.214843514285e+00 5.000000000000e-03
9.641062670023e-01 5.035218238734e+00 5.000000000000e-03
3.666848437767e+00 3.698139384445e+00 5.000000000000e-03
1.688602419398e+00 3.366026145347e+00 5.000000000000e-03
4.798558380363e+00 2.174429152573e+00 5.000000000000e-03
3.233871171137e+00 2.988431995521e+00 5.000000000000e-03
4.438717847102e+00 5.900697524601e+00 -5.000000000000e-03
4.715917822570e+00 2.917570717760e-02 -5.000000000000e-03
5.026616414252e+00 2.074185765006e-01 -5.000000000000e-03
5.449068985988e+00 3.725315213586e-01 -5.000000000000e-03
1.681698607516e+00 4.299608407431e+00 -5.000000000000e-03
1.984263976676e+00 1.368721737681e+00 -5.000000000000e-03
2.036534301150e+00 3.970840199896e+00 -5.000000000000e-03
3.807376188836e+00 9.062960615634e-01 -5.000000000000e-03
5.606202080718e+00 5.455049926947e+00 -5.000000000000e-03
3.817233411710e+00 4.924034857113e+00 -5.000000000000e-03
4.734281978419e+00 3.258343857352e-01 -5.000000000000e-03
5.489629272314e+00 5.880992374647e+00 -5.000000000000e-03
5.742646803804e+00 1.359138575495e+00 -5.000000000000e-03
3.907278111261e+00 2.783275833220e+00 -5.000000000000e-03
6.033761321000e+00 4.305465997320e-02 -5.000000000000e-03
5.824108359253e+00 5.398158264966e+00 -5.000000000000e-03
1.435064069612e+00 4.256711855756e+00 -5.000000000000e-03
1.897527620274e-01 4.816065558945e+00 -5.000000000000e-03
5.300837517259e+00 4.116437940626e-01 -5.000000000000e-03
3.890095422803e-01 6.125063147626e+00 -5.000000000000e-03
3.088874967391e+00 1.233873321523e+00 -5.000000000000e-03
5.073904334661e+00 8.830020549203e-01 -5.000000000000e-03
1.341421125801e+00 2.506848216235e+00 -5.000000000000e-03
4.863760795749e+00 4.041986249187e+00 -5.000000000000e-03
3.659707467718e+00 1.734712772770e+00 -5.000000000000e-03
5.745444913915e-01 4.889900508033e+00 -5.000000000000e-03
5.973753754535e+00 4.341164119567e+00 -5.000000000000e-03
1.174793153166e+00 2.622203671171e+00 -5.000000000000e-03
5.679654734424e+00 5.620263607793e+00 -5.000000000000e-03
3.226009679060e+00 1.942464767652e+00 -5.000000000000e-03
5.490151937435e+00 5.162848521598e+00 -5.000000000000e-03
2.546697342664e+00 3.163159218674e-01 -5.000000000000e-03
5.166522435544e+00 1.972297644716e+00 -5.000000000000e-03
2.749066012032e+00 6.036471372440e+00 -5.000000000000e-03
1.621953125204e+00 2.116321630158e+00 -5.000000000000e-03
3.127552491707e+00 2.112203394759e+00 -5.000000000000e-03
4.221154239181e+00 1.636153600127e-01 -5.000000000000e-03
3.095707544539e+00 1.709853129592e+00 -5.000000000000e-03
5.404717089989e+00 5.844882267373e+00 -5.000000000000e-03
8.731059819141e-01 1.378159544955e+00 -5.000000000000e-03
1.155433753991e+00 2.991996543076e+00 -5.000000000000e-03
1.819093161802e-01 1.997869636181e-01 -5.000000000000e-03
5.135345329412e+00 5.839605693327e+00 -5.000000000000e-03
2.031253140390e+00 4.900507946298e+00 -5.000000000000e-03
2.354214972467e+00 5.373683694327e+00 -5.000000000000e-03
3.522001837044e+00 1.086229558286e+00 -5.000000000000e-03
4.660360102401e+00 5.212531738165e+00 -5.000000000000e-03
4.525604468218e+00 4.906213530761e+00 -5.000000000000e-03
4.639384631536e+00 1.286030890376e+00 -5.000000000000e-03
4.982197311980e+00 1.736526749798e+00 -5.000000000000e-03
3.287419239366e-01 1.307589537983e-01 -5.000000000000e-03
5.089150478618e+00 5.394939491664e+00 -5.000000000000e-03
5.149815401506e+00 3.008119898867e+00 -5.000000000000e-03
5.390858161075e+00 4.673738624227e+00 -5.000000000000e-03
5.079981783129e+00 5.716962042835e+00 -5.000000000000e-03
6.065871365071e+00 5.607883011436e+00 -5.000000000000e-03
4.433616558254e+00 7.656669940443e-03 -5.000000000000e-03
5.108295195911e+00 1.428147753575e+00 -5.000000000000e-03
6.967066036570e-01 1.663257869418e+00 -5.000000000000e-03
5.601409047621e+00 5.724493039702e+00 -5.000000000000e-03
5.143708011649e+00 5.930052204064e+00 -5.000000000000e-03
4.067789744111e+00 6.186986023357e+00 -5.000000000000e-03
1.565821550990e+00 8.000326663727e-01 -5.000000000000e-03
6.197141671271e+00 3.737085762785e+00 -5.000000000000e-03
3.184008656268e+00 5.912133217144e+00 -5.000000000000e-03
3.638637452819e-01 6.070459674362e+00 -5.000000000000e-03
1.927075969640e+00 6.715626339287e-01 -5.000000000000e-03
3.108718878602e+00 4.426840124620e+00 -5.000000000000e-03
5.962291213613e+00 5.624871449525e+00 -5.000000000000e-03
3.392740762938e+00 1.883744468509e+00 -5.000000000000e-03
3.262482451040e+00 1.992449332809e+00 -5.000000000000e-03
1.329445851688e-01 5.970178099670e+00 -5.000000000000e-03
4.443409070966e+00 4.024329958388e+00 -5.000000000000e-03
5.334477115809e+00 5.713126866146e+00 -5.000000000000e-03
5.653128207053e+00 5.108661739434e+00 -5.000000000000e-03
5.342903662005e+00 2.513508399235e+00 -5.000000000000e-03
3.948010991712e+00 3.289909851586e+00 -5.000000000000e-03
5.529683111580e+00 5.441526155580e+00 -5.000000000000e-03
5.367837393440e+00 2.955050150106e+00 -5.000000000000e-03
3.226560965907e+00 3.945622914907e-01 -5.000000000000e-03
6.336219626320e-02 5.902362647704e+00 -5.000000000000e-03
5.076323836417e-01 2.134198575839e+00 -5.000000000000e-03
4.696102861512e+00 4.285700404376e+00 -5.000000000000e-03
5.005301195471e+00 2.388616795467e-01 -5.000000000000e-03
5.456953799011e+00 1.283486458432e+00 -5.000000000000e-03
4.994166618507e+00 6.169869048543e+00 -5.000000000000e-03
4.929833432832e+00 5.358510060375e+00 -5.000000000000e-03
5.409521386994e+00 3.132429076879e-01 -5.000000000000e-03
3.331150049438e+00 5.283621700077e-02 -5.000000000000e-03
5.695523655817e+00 1.738609301931e+00 -5.000000000000e-03
4.084564533844e+00 4.124888721756e+00 -5.000000000000e-03
5.400264415225e+00 6.269629411612e+00 -5.000000000000e-03
5.306571176726e+00 5.658198886222e-01 -5.000000000000e-03
3.225677614230e+00 6.450017694072e-01 -5.000000000000e-03
1.408792530381e+00 4.156144345232e+00 -5.000000000000e-03
3.359278686163e+00 8.247700805891e-02 -5.000000000000e-03
4.471119167707e+00 6.098500682064e+00 -5.000000000000e-03
1.211831505812e+00 5.742420048011e+00 -5.000000000000e-03
5.705690925419e+00 9.953618948413e-01 -5.000000000000e-03
2.547362094879e+00 1.883758014967e+00 -5.000000000000e-03
