3.537150173212e+00 2.778538395760e+00 5.000000000000e-03
2.582059932366e+00 5.254970436088e+00 5.000000000000e-03
3.379039858448e+00 2.784473068559e+00 5.000000000000e-03
1.880536253744e+00 3.747158063858e+00 5.000000000000e-03
4.740802905446e+00 2.868288947385e+00 5.000000000000e-03
2.284370407684e+00 3.780731592945e+00 5.000000000000e-03
4.180433348986e+00 5.442371656647e-01 5.000000000000e-03
4.188976633603e+00 2.601199843650e+00 5.000000000000e-03
2.847170445679e+00 3.683726497862e+00 5.000000000000e-03
1.988781849764e+00 4.484549888545e+00 5.000000000000e-03
4.484411411172e+00 3.412937874885e+00 5.000000000000e-03
3.222750253968e+00 2.189611770021e+00 5.000000000000e-03
5.781675838894e+00 1.570335727339e+00 5.000000000000e-03
3.286660983283e+00 2.283241325037e+00 5.000000000000e-03
4.766249534888e+00 2.434823289761e+00 5.000000000000e-03
5.424569761930e+00 1.441311720755e+00 5.000000000000e-03
7.397014894278e-01 6.587706033046e-01 5.000000000000e-03
5.028466537880e+00 3.512442944445e-02 5.000000000000e-03
2.516403997148e+00 4.573957654827e+00 5.000000000000e-03
2.279494410489e+00 1.828649451164e+00 5.000000000000e-03
4.084255902713e+00 7.183343167753e-01 5.000000000000e-03
8.844296370172e-01 7.834778839686e-01 5.000000000000e-03
4.204749104616e+00 5.326179458459e+00 5.000000000000e-03
2.327337077789e+00 3.540794759489e+00 5.000000000000e-03
5.664871320843e+00 1.680876711368e+00 5.000000000000e-03
5.188753797335e+00 1.727875229546e+00 5.000000000000e-03
5.616467541078e+00 1.874311482185e+00 5.000000000000e-03
8.275960926886e-01 2.185019877057e+00 5.000000000000e-03
2.515385645984e+00 3.482791672244e+00 5.000000000000e-03
2.210171167487e+00 3.007208012145e+00 5.000000000000e-03
2.132448266491e+00 1.280230706302e+00 5.000000000000e-03
3.693235676130e+00 9.382320523631e-01 5.000000000000e-03
5.116268483653e+00 2.767687452086e+00 5.000000000000e-03
2.821145723186e+00 1.854020237573e+00 5.000000000000e-03
3.098836395324e+00 2.331606586628e+00 5.000000000000e-03
4.919342233087e+00 2.207065334423e+00 5.000000000000e-03
2.788584741564e+00 2.095814928382e+00 5.000000000000e-03
5.724298201596e+00 2.928633116271e+00 5.000000000000e-03
4.233815958234e+00 2.292933062243e+00 5.000000000000e-03
2.267330693355e-01 4.756093675478e+00 5.000000000000e-03
2.553877415077e+00 1.290168973320e+00 5.000000000000e-03
4.796543808454e+00 4.857677048778e+00 5.000000000000e-03
1.525781282970e+00 3.997961561940e+00 5.000000000000e-03
3.594442947201e+00 3.710099147450e-01 5.000000000000e-03
3.200556245286e+00 1.779420489073e+00 5.000000000000e-03
6.029610559663e+00 3.777225093475e+00 5.000000000000e-03
4.812965230927e+00 2.465891223837e+00 5.000000000000e-03
1.081152943667e+00 3.608420295179e+00 5.000000000000e-03
1.245273277838e+00 3.510991381684e+00 5.000000000000e-03
2.838480271286e+00 5.740549236655e+00 5.000000000000e-03
4.181744169637e+00 3.425043328979e+00 5.000000000000e-03
3.852941763127e+00 4.939370063013e+00 5.000000000000e-03
3.121281403377e+00 2.162607982251e+00 5.000000000000e-03
3.030999372712e+00 2.827543320300e+00 5.000000000000e-03
2.829096163546e+00 2.590537746053e-01 5.000000000000e-03
2.606557385044e+00 1.660362741727e+00 5.000000000000e-03
5.765537824361e+00 3.395215267082e+00 5.000000000000e-03
7.858811967222e-01 1.115928507428e+00 5.000000000000e-03
3.533671951225e+00 2.943533887778e+00 5.000000000000e-03
1.823814975783e+00 5.027094281206e+00 5.000000000000e-03
2.317358967277e+00 8.762571536039e-01 5.000000000000e-03
9.535771549570e-01 2.884122549567e+00 5.000000000000e-03
3.296509290114e+00 2.319860462696e+00 5.000000000000e-03
3.110301910780e+00 2.348571265580e+00 5.000000000000e-03
2.506272107593e+00 3.820959350159e-01 5.000000000000e-03
3.683296189492e+00 5.914256495688e+00 5.000000000000e-03
2.677247689336e+00 1.373234867265e+00 5.000000000000e-03
1.633768846818e+00 1.587433252268e+00 5.000000000000e-03
5.718337281982e+00 4.104810940071e+00 5.000000000000e-03
2.344224892654e+00 5.176084624612e+00 5.000000000000e-03
2.846927711931e+00 2.037654544383e+00 5.000000000000e-03
3.128805108961e+00 2.181075411214e+00 5.000000000000e-03
3.174399514679e+00 2.413900905991e+00 5.000000000000e-03
2.113380915156e+00 2.484419122669e+00 5.000000000000e-03
3.274208610604e+00 2.317994052274e+00 5.000000000000e-03
4.645921411546e+00 4.204627218163e+00 5.000000000000e-03
3.326517560560e+00 2.264549178950e+00 5.000000000000e-03
1.176464577049e+00 3.490269968260e+00 5.000000000000e-03
3.916735565573e+00 7.403339884742e-01 5.000000000000e-03
3.588241599316e+00 4.401615367751e+00 5.000000000000e-03
2.589673518464e+00 1.899150318551e+00 5.000000000000e-03
3.076171313828e+00 8.292887224664e-01 5.000000000000e-03
5.835998783001e+00 4.680832462938e+00 5.000000000000e-03
1.466474255557e+00 2.586488513090e+00 5.000000000000e-03
3.949397249087e+00 2.959955436927e+00 5.000000000000e-03
1.740173618956e+00 3.782150148290e+00 5.000000000000e-03
3.904787370925e+00 5.948380459706e+00 5.000000000000e-03
5.774907296414e+00 3.301471305116e+00 5.000000000000e-03
3.489714968629e+00 2.955504168247e+00 5.000000000000e-03
3.026266262184e+00 4.469610868616e-02 5.000000000000e-03
4.206113143822e+00 7.556194387732e-01 5.000000000000e-03
3.852789172828e+00 2.599581532691e+00 5.000000000000e-03
2.798405857333e+00 1.948190539958e+00 5.000000000000e-03
3.337328299464e+00 9.891685620309e-01 5.000000000000e-03
3.031837737284e+00 3.186754416438e+00 5.000000000000e-03
3.257132126213e+00 5.968936579563e+00 5.000000000000e-03
3.508460425053e+00 4.173145689238e+00 5.000000000000e-03
2.879002797706e-01 3.087958248652e+00 5.000000000000e-03
3.054888626023e+00 6.237116095155e+00 5.000000000000e-03
3.335678771744e+00 2.327189366599e+00 5.000000000000e-03
1.099484316866e+00 5.800467188561e+00 -5.000000000000e-03
5.592097681951e+00 5.926314437675e+00 -5.000000000000e-03
6.241775559914e+00 5.863875944975e+00 -5.000000000000e-03
3.814804240339e-01 4.507215986275e-01 -5.000000000000e-03
6.191774902448e+00 5.824892484551e+00 -5.000000000000e-03
2.874201110776e-01 5.401031632311e+00 -5.000000000000e-03
9.165271898597e-01 1.741519204594e-01 -5.000000000000e-03
7.833786434233e-01 2.734269880948e+00 -5.000000000000e-03
1.481611396107e+00 9.321978480716e-01 -5.000000000000e-03
2.048217913349e+00 2.145995603309e+00 -5.000000000000e-03
6.191817093673e+00 5.725469657089e+00 -5.000000000000e-03
2.954694366694e-01 6.211537768838e+00 -5.000000000000e-03
6.013244043431e+00 4.632696382085e+00 -5.000000000000e-03
1.809043507028e+00 4.678955930729e+00 -5.000000000000e-03
2.708707785566e+00 6.446826940121e-01 -5.000000000000e-03
4.624938998943e+00 5.929891161604e+00 -5.000000000000e-03
4.210181791422e-01 5.481038979928e+00 -5.000000000000e-03
6.000333568182e+00 4.713204732117e+00 -5.000000000000e-03
5.354158391455e+00 4.346531448510e+00 -5.000000000000e-03
4.488215384067e+00 2.117700376978e+00 -5.000000000000e-03
1.035910004934e-01 1.335391915105e+00 -5.000000000000e-03
4.722923411576e+00 1.126013575206e+00 -5.000000000000e-03
4.804780640518e+00 1.751541365841e-01 -5.000000000000e-03
6.374263974574e-01 3.577894126587e+00 -5.000000000000e-03
3.796462775641e-01 4.884667151654e+00 -5.000000000000e-03
3.113116187919e+00 5.255111806932e+00 -5.000000000000e-03
4.944438879955e-01 6.111667028019e+00 -5.000000000000e-03
5.479828767531e+00 5.856548376653e+00 -5.000000000000e-03
1.335409485451e+00 5.877501685055e+00 -5.000000000000e-03
6.012622085124e+00 7.415719572285e-01 -5.000000000000e-03
1.362259344605e+00 5.417412647411e+00 -5.000000000000e-03
5.361082929761e+00 5.481754025234e+00 -5.000000000000e-03
2.852649484323e-01 6.113584516547e+00 -5.000000000000e-03
6.143072134925e+00 5.893879327768e+00 -5.000000000000e-03
5.178880239791e+00 4.941512736232e+00 -5.000000000000e-03
6.151017108663e-01 1.112966648738e-01 -5.000000000000e-03
1.237541538057e+00 3.913970417342e-01 -5.000000000000e-03
1.006381353233e+00 5.995422919689e+00 -5.000000000000e-03
3.198253657947e+00 5.361262818955e-01 -5.000000000000e-03
3.493100067113e+00 4.811423136378e+00 -5.000000000000e-03
5.371227459476e+00 4.672243854092e+00 -5.000000000000e-03
4.078356000756e-01 5.866055664159e+00 -5.000000000000e-03
1.150929441837e+00 4.380364564462e-01 -5.000000000000e-03
6.017851668273e+00 5.831877282124e+00 -5.000000000000e-03
4.614987213774e-02 1.710909613263e+00 -5.000000000000e-03
6.181764852831e+00 5.011810720872e+00 -5.000000000000e-03
1.702252860716e+00 5.482533880737e+00 -5.000000000000e-03
5.901050443431e+00 5.466688134428e+00 -5.000000000000e-03
1.396701840032e-01 1.003212230578e+00 -5.000000000000e-03
4.062059061847e-01 7.631445567368e-01 -5.000000000000e-03
4.726353565741e+00 5.043375153941e+00 -5.000000000000e-03
1.035950793382e-01 2.084436146074e-01 -5.000000000000e-03
5.966661598695e+00 5.195925237235e-03 -5.000000000000e-03
5.492885175948e-01 7.548234695735e-02 -5.000000000000e-03
4.608727380239e+00 6.124010319258e+00 -5.000000000000e-03
1.660316642856e+00 3.423023621245e+00 -5.000000000000e-03
2.628849022076e+00 4.535336421481e+00 -5.000000000000e-03
5.709851145621e+00 4.693574508131e+00 -5.000000000000e-03
5.298413921527e-01 1.148442763116e-02 -5.000000000000e-03
2.977171536248e-01 5.853971564043e+00 -5.000000000000e-03
8.231787824316e-01 1.477166962143e+00 -5.000000000000e-03
5.845692220885e+00 4.115348349657e+00 -5.000000000000e-03
3.947512176863e+00 4.273650481545e+00 -5.000000000000e-03
6.091646857429e+00 6.167259888895e+00 -5.000000000000e-03
5.779022190287e+00 5.935924662538e+00 -5.000000000000e-03
4.032165872045e+00 5.402171769231e+00 -5.000000000000e-03
5.176350138272e+00 5.907635930707e+00 -5.000000000000e-03
7.225664588817e-01 4.013480695474e+00 -5.000000000000e-03
5.296460626345e+00 5.050934610050e+00 -5.000000000000e-03
3.291614766862e+00 4.139166201140e+00 -5.000000000000e-03
6.237601663726e+00 5.323347413684e-01 -5.000000000000e-03
4.282274137502e-01 5.861584513815e+00 -5.000000000000e-03
5.737761363029e-01 4.704792653361e-02 -5.000000000000e-03
5.286792230236e+00 5.045535998783e+00 -5.000000000000e-03
4.393177813964e+00 6.009619195561e+00 -5.000000000000e-03
5.317083598322e+00 4.376920738818e+00 -5.000000000000e-03
5.969354157682e+00 2.190509263860e+00 -5.000000000000e-03
7.597453605203e-02 5.236768269132e+00 -5.000000000000e-03
6.022382508895e+00 4.148200660176e+00 -5.000000000000e-03
1.316204361619e+00 1.966773046500e-01 -5.000000000000e-03
1.133237719922e+00 3.172422464987e-01 -5.000000000000e-03
1.793936059096e+00 2.649635291514e+00 -5.000000000000e-03
5.695318085319e+00 5.351887157975e+00 -5.000000000000e-03
7.770851340778e-01 3.317475875542e+00 -5.000000000000e-03
2.223921737143e+00 3.059416478977e-02 -5.000000000000e-03
4.349405527324e-01 3.612039226243e+00 -5.000000000000e-03
1.342915429647e+00 6.221724730063e+00 -5.000000000000e-03
5.817084848331e+00 8.228397838079e-01 -5.000000000000e-03
1.703718296934e+00 6.126080007830e+00 -5.000000000000e-03
4.914359122406e+00 7.732554564207e-01 -5.000000000000e-03
4.750552723089e+00 5.246534357962e+00 -5.000000000000e-03
2.676675368364e-01 1.719192684827e+00 -5.000000000000e-03
4.382401842674e+00 5.812552484381e+00 -5.000000000000e-03
1.361203835383e+00 5.248770769110e+00 -5.000000000000e-03
5.821174103392e+00 5.762569350964e+00 -5.000000000000e-03
6.417837639546e-01 3.768109968832e-01 -5.000000000000e-03
1.351387777559e+00 1.542134900670e-01 -5.000000000000e-03
5.563486949140e+00 4.117377282230e+00 -5.000000000000e-03
5.484403514109e+00 2.325192769909e-01 -5.000000000000e-03
3.291435740089e-01 6.221907207476e+00 -5.000000000000e-03
