5.963353189476e+00 3.200672521281e+00 5.000000000000e-03
3.000232830518e-02 2.301493587677e+00 5.000000000000e-03
6.154822551276e+00 9.908095163586e-01 5.000000000000e-03
2.955821976318e+00 1.234170515216e+00 5.000000000000e-03
1.822893606946e+00 1.824623130341e+00 5.000000000000e-03
4.493304201607e+00 3.032898880910e+00 5.000000000000e-03
5.139393521199e+00 2.763902576408e+00 5.000000000000e-03
5.079342557258e+00 6.098958633077e-01 5.000000000000e-03
5.948705598213e+00 3.149668601288e+00 5.000000000000e-03
1.970007521289e+00 1.084197248742e+00 5.000000000000e-03
6.154203236233e+00 3.363374819059e+00 5.000000000000e-03
3.263596605614e-01 2.525294833841e+00 5.000000000000e-03
1.838830935540e-01 3.749410910906e+00 5.000000000000e-03
2.183672119261e+00 1.740120643253e+00 5.000000000000e-03
2.863363684878e+00 2.298708710550e+00 5.000000000000e-03
1.043207370310e-01 3.497363350436e+00 5.000000000000e-03
1.373603945268e+00 2.183668465787e+00 5.000000000000e-03
6.321613630204e-01 2.274672813768e+00 5.000000000000e-03
1.885643534190e+00 2.711990731876e+00 5.000000000000e-03
1.970416870850e-01 1.469567531594e-01 5.000000000000e-03
1.303759761184e-01 3.406680611425e+00 5.000000000000e-03
5.955229842281e+00 2.390579143944e+00 5.000000000000e-03
1.281348250596e+00 1.408679678319e+00 5.000000000000e-03
1.636974611005e+00 2.489393131610e+00 5.000000000000e-03
5.774886872416e+00 2.870748346228e+00 5.000000000000e-03
5.576698028513e-01 1.701719518546e+00 5.000000000000e-03
3.132374887138e+00 3.044756654201e+00 5.000000000000e-03
2.548981584240e+00 2.528002036022e+00 5.000000000000e-03
2.370931206599e+00 2.472824773482e+00 5.000000000000e-03
1.454178040632e-01 2.515322287102e+00 5.000000000000e-03
5.328181010918e+00 2.809445184903e+00 5.000000000000e-03
1.832220494495e+00 1.126430644821e+00 5.000000000000e-03
1.382414529526e+00 1.472631994449e+00 5.000000000000e-03
2.006856597708e+00 2.388120654435e+00 5.000000000000e-03
6.236309735643e+00 1.247003646655e+00 5.000000000000e-03
5.025067291548e+00 2.883542753601e+00 5.000000000000e-03
1.151021335323e+00 5.201060240961e+00 5.000000000000e-03
5.812188102915e+00 2.658865591617e+00 5.000000000000e-03
4.747974928979e+00 1.911159506383e+00 5.000000000000e-03
1.091199902060e+00 2.394044791159e+00 5.000000000000e-03
5.269271375851e+00 3.323409932204e+00 5.000000000000e-03
2.569318855437e+00 2.652258068193e+00 5.000000000000e-03
2.476587298493e+00 1.289836510916e+00 5.000000000000e-03
5.915137382105e+00 2.140701355227e+00 5.000000000000e-03
6.067490796583e+00 8.778787279363e-01 5.000000000000e-03
4.949955758041e+00 6.258212975087e+00 5.000000000000e-03
5.354531982165e+00 2.891064445186e+00 5.000000000000e-03
5.402668356940e+00 6.089338752781e+00 5.000000000000e-03
1.027433042691e+00 8.065747092878e-01 5.000000000000e-03
2.749364296816e-01 1.103136693605e+00 5.000000000000e-03
5.186269966855e-01 1.487412707169e+00 5.000000000000e-03
2.182118499513e+00 1.669001408621e+00 5.000000000000e-03
1.995517963876e+00 2.083816283405e+00 5.000000000000e-03
5.032955150343e+00 1.788977681276e+00 5.000000000000e-03
6.034509940932e+00 2.060877051766e+00 5.000000000000e-03
6.427764140021e-01 2.622130821469e+00 5.000000000000e-03
2.059423748434e+00 3.290415441856e-01 5.000000000000e-03
5.943474652193e+00 3.074489349157e+00 5.000000000000e-03
1.288331297552e+00 1.911721373887e+00 5.000000000000e-03
2.756352452905e-01 3.124968434447e+00 5.000000000000e-03
3.790758290599e+00 2.197869303585e+00 5.000000000000e-03
8.112459495617e-02 2.591899049631e+00 5.000000000000e-03
5.211590122809e-02 2.576136736499e+00 5.000000000000e-03
4.831024786202e+00 3.337687591031e+00 5.000000000000e-03
2.621329776144e+00 2.067727585946e+00 5.000000000000e-03
1.395127285135e+00 4.844249397613e-01 5.000000000000e-03
1.139765633425e+00 6.077152414637e+00 5.000000000000e-03
2.804223055917e+00 6.201603350585e+00 5.000000000000e-03
7.048579457101e-01 4.290548711827e-01 5.000000000000e-03
7.254974820279e-01 2.752761287943e+00 5.000000000000e-03
3.265569768994e+00 3.096014268158e+00 5.000000000000e-03
1.723117186945e+00 5.577711430687e+00 5.000000000000e-03
2.072268868821e+00 2.086250681095e+00 5.000000000000e-03
2.141538903182e+00 1.842779334976e+00 5.000000000000e-03
2.561236774320e-02 2.679036800605e+00 5.000000000000e-03
1.688073321590e+00 2.585098861869e+00 5.000000000000e-03
5.389852051592e+00 2.887602991992e+00 5.000000000000e-03
2.463674213545e+00 4.594941357967e+00 5.000000000000e-03
4.388064578057e+00 4.349911323665e+00 5.000000000000e-03
1.867027310838e-02 5.915912943845e-02 5.000000000000e-03
1.823454674183e-01 4.171000550788e+00 5.000000000000e-03
4.353414849888e-01 2.793857114596e+00 5.000000000000e-03
2.399866574743e+00 8.860614564109e-01 5.000000000000e-03
1.680293648369e+00 5.573165831339e+00 5.000000000000e-03
3.394452172733e+00 3.344249666045e+00 5.000000000000e-03
4.571841165687e-01 3.456411088784e+00 5.000000000000e-03
5.327180450183e+00 2.070432269891e+00 5.000000000000e-03
1.318103911438e+00 7.308424002453e-01 5.000000000000e-03
5.922656679466e+00 1.033811192170e+00 5.000000000000e-03
5.260951965462e+00 2.842658240773e+00 5.000000000000e-03
1.725954764833e-01 5.819277004370e+00 5.000000000000e-03
1.124127185662e+00 5.829636678813e+00 5.000000000000e-03
5.681173592643e+00 1.441468816200e+00 5.000000000000e-03
9.030218551271e-02 2.464413219602e+00 5.000000000000e-03
1.728300581219e+00 2.263366807110e+00 5.000000000000e-03
3.552771531432e+00 2.858511075610e+00 5.000000000000e-03
1.877837331864e+00 5.754347248974e+00 5.000000000000e-03
5.798144023288e+00 1.417070349264e+00 5.000000000000e-03
4.818169397291e+00 2.009552053138e+00 5.000000000000e-03
5.341089871312e+00 2.795378921371e+00 5.000000000000e-03
4.967760795226e+00 5.674924655768e+00 -5.000000000000e-03
3.036205793369e+00 2.221927042170e+00 -5.000000000000e-03
2.360548884328e+00 2.965062292501e+00 -5.000000000000e-03
3.617327384802e+00 5.461901973315e+00 -5.000000000000e-03
2.146333380917e+00 3.861496706168e+00 -5.000000000000e-03
3.874372196842e+00 5.403885033216e+00 -5.000000000000e-03
4.254649893655e+00 4.550945816079e+00 -5.000000000000e-03
4.835796477124e+00 5.461826344212e+00 -5.000000000000e-03
1.982934930806e+00 4.837367925424e-01 -5.000000000000e-03
1.713571762218e+00 3.739390093940e+00 -5.000000000000e-03
3.010739479742e+00 3.799597582035e+00 -5.000000000000e-03
4.395746918360e+00 5.714826972860e+00 -5.000000000000e-03
5.971785928371e+00 5.120999808736e+00 -5.000000000000e-03
5.713263288988e+00 2.438952453257e+00 -5.000000000000e-03
4.019773117776e+00 5.320740642094e+00 -5.000000000000e-03
4.203365143684e+00 5.965460756634e+00 -5.000000000000e-03
4.536053010121e+00 6.000733875984e+00 -5.000000000000e-03
4.031364358351e+00 9.149692246744e-01 -5.000000000000e-03
2.743523084286e+00 4.283999198291e+00 -5.000000000000e-03
6.241309413730e+00 3.729685116076e+00 -5.000000000000e-03
1.831317329487e+00 4.576892575884e+00 -5.000000000000e-03
4.396521897716e+00 4.440446341980e-01 -5.000000000000e-03
5.808235977186e+00 4.419490306955e+00 -5.000000000000e-03
2.488151767190e+00 5.287346266587e+00 -5.000000000000e-03
3.329566431567e+00 6.775939545534e-02 -5.000000000000e-03
5.936377389680e+00 4.675498119307e+00 -5.000000000000e-03
2.924737256379e+00 5.882910488774e+00 -5.000000000000e-03
3.932889184726e+00 5.141733748238e+00 -5.000000000000e-03
5.089349095532e+00 4.520438812514e+00 -5.000000000000e-03
3.053149890637e+00 4.731945399509e+00 -5.000000000000e-03
4.882583611481e+00 3.655945154040e+00 -5.000000000000e-03
5.237193639181e+00 4.021155738456e-01 -5.000000000000e-03
5.044223522809e+00 5.060988128141e+00 -5.000000000000e-03
4.103535509366e+00 6.923700699517e-01 -5.000000000000e-03
3.799611834985e+00 5.301708659196e+00 -5.000000000000e-03
5.670772198164e+00 4.173520687501e+00 -5.000000000000e-03
3.370167331548e+00 4.864823501208e+00 -5.000000000000e-03
2.541193026745e+00 5.652547340073e+00 -5.000000000000e-03
4.978790837206e+00 5.434195432949e+00 -5.000000000000e-03
7.047812823623e-02 4.772928477474e+00 -5.000000000000e-03
4.933803739379e+00 3.931570497654e+00 -5.000000000000e-03
5.089592690425e+00 4.937783833682e+00 -5.000000000000e-03
4.625982718042e+00 4.488341094082e+00 -5.000000000000e-03
3.479834641162e+00 5.249910923274e+00 -5.000000000000e-03
4.840786147520e+00 6.228822726040e+00 -5.000000000000e-03
6.207625246634e+00 1.472137198242e+00 -5.000000000000e-03
4.929354157908e+00 5.804925562520e+00 -5.000000000000e-03
4.947524212223e+00 2.288364045625e+00 -5.000000000000e-03
6.238536096709e+00 2.906695358904e+00 -5.000000000000e-03
3.916807515225e+00 5.424457697670e+00 -5.000000000000e-03
3.824056435885e+00 4.059542311973e-01 -5.000000000000e-03
5.095853940479e+00 5.274420959449e+00 -5.000000000000e-03
5.600245193998e+00 3.484291229422e+00 -5.000000000000e-03
4.779407295700e+00 5.306067054009e+00 -5.000000000000e-03
4.897039099870e+00 4.015367057051e+00 -5.000000000000e-03
4.864449178324e+00 5.642413637779e+00 -5.000000000000e-03
3.780036707124e+00 3.593604558789e+00 -5.000000000000e-03
4.802007199354e+00 4.674483460203e+00 -5.000000000000e-03
7.967999838726e-01 1.510151189570e+00 -5.000000000000e-03
4.038121017570e+00 5.153998044330e+00 -5.000000000000e-03
1.288942141873e-02 5.276922460768e+00 -5.000000000000e-03
4.649985806566e+00 6.187712565614e+00 -5.000000000000e-03
3.012883564685e+00 3.329000201856e+00 -5.000000000000e-03
6.038582921036e+00 4.045255393801e+00 -5.000000000000e-03
3.576792567883e+00 8.480746032631e-01 -5.000000000000e-03
3.069955746787e+00 3.694002084867e+00 -5.000000000000e-03
4.241947048987e+00 4.614675465974e+00 -5.000000000000e-03
5.316920083519e+00 5.457091906777e+00 -5.000000000000e-03
4.105506799777e+00 5.037059496878e+00 -5.000000000000e-03
3.878715729064e+00 5.159055149877e+00 -5.000000000000e-03
5.596498103444e-01 4.924795955909e+00 -5.000000000000e-03
5.079293142139e+00 4.919372900561e+00 -5.000000000000e-03
5.126218637745e+00 5.008968990323e+00 -5.000000000000e-03
4.094784178946e+00 5.039833695398e+00 -5.000000000000e-03
5.582718946138e+00 1.049427327379e+00 -5.000000000000e-03
4.343025330220e+00 5.604156070773e+00 -5.000000000000e-03
2.299273575838e+00 4.483563160434e+00 -5.000000000000e-03
4.481512447725e+00 5.760005248860e+00 -5.000000000000e-03
5.400171626315e+00 1.078120687150e-01 -5.000000000000e-03
4.294847151996e+00 4.617611168391e+00 -5.000000000000e-03
4.927210377235e+00 3.505191366978e+00 -5.000000000000e-03
3.222230816876e+00 4.148793474637e+00 -5.000000000000e-03
4.493830327576e+00 6.179373082462e+00 -5.000000000000e-03
6.768943519240e-01 4.212554502764e-02 -5.000000000000e-03
5.390085211419e+00 5.170255714254e+00 -5.000000000000e-03
5.291835412601e+00 5.840956400215e+00 -5.000000000000e-03
2.803729337573e+00 7.542232694250e-01 -5.000000000000e-03
4.064030222232e+00 5.223774419353e+00 -5.000000000000e-03
3.555466946139e+00 3.621112119149e+00 -5.000000000000e-03
4.811876265616e+00 1.120965728742e+00 -5.000000000000e-03
3.166846716690e+00 5.135752256526e+00 -5.000000000000e-03
5.060711566491e+00 5.255183256092e+00 -5.000000000000e-03
2.212160925658e+00 3.934310178291e-02 -5.000000000000e-03
4.579811359922e+00 6.847293364488e-01 -5.000000000000e-03
2.952819131944e-01 5.563803043358e-01 -5.000000000000e-03
2.083375253600e+00 4.718735457489e+00 -5.000000000000e-03
4.901237432146e+00 5.529727247770e+00 -5.000000000000e-03
1.391267523043e+00 5.277403192510e+00 -5.000000000000e-03
4.613653368664e+00 4.856990111596e+00 -5.000000000000e-03
2.358324896674e+00 2.902771622062e-01 -5.000000000000e-03
