2.278777629855e+00 6.017608140815e+00 5.000000000000e-03
2.443185171132e+00 5.314882225470e+00 5.000000000000e-03
4.636232835387e+00 1.853347520562e+00 5.000000000000e-03
5.468754053438e+00 1.015819026138e+00 5.000000000000e-03
4.817561470230e-01 5.846875462594e+00 5.000000000000e-03
8.308878487524e-01 6.255973209814e-01 5.000000000000e-03
5.657110670396e-02 4.504272777448e+00 5.000000000000e-03
3.216949251431e+00 1.447603605960e+00 5.000000000000e-03
5.393293371139e+00 1.222109119030e+00 5.000000000000e-03
3.053318775841e+00 3.361184771218e+00 5.000000000000e-03
1.939803744350e+00 3.992338865147e+00 5.000000000000e-03
1.732695318135e+00 1.954903740642e+00 5.000000000000e-03
6.042021753281e+00 2.689213410975e+00 5.000000000000e-03
6.080913023976e+00 3.217477258563e+00 5.000000000000e-03
5.262373974463e+00 6.065467357259e+00 5.000000000000e-03
3.208386965898e+00 2.705333392995e+00 5.000000000000e-03
4.686754816994e+00 3.623244990679e+00 5.000000000000e-03
6.486432172793e-01 8.176786924210e-01 5.000000000000e-03
1.795304765325e+00 5.054793497711e-01 5.000000000000e-03
4.780553408773e+00 3.373331400607e+00 5.000000000000e-03
5.715157027422e+00 3.572679300717e+00 5.000000000000e-03
1.890962601451e+00 4.301010471455e+00 5.000000000000e-03
5.210240857011e+00 3.980971892605e+00 5.000000000000e-03
1.827735071683e+00 3.593020741688e+00 5.000000000000e-03
1.174618993006e+00 5.516081508922e+00 5.000000000000e-03
9.254827968679e-01 3.219845762521e+00 5.000000000000e-03
6.035326001520e+00 5.271055487621e+00 5.000000000000e-03
3.043312993236e+00 2.571571804774e+00 5.000000000000e-03
1.120921822113e+00 1.712527284396e+00 5.000000000000e-03
4.423596729630e+00 5.708485454643e+00 5.000000000000e-03
3.614658327411e+00 8.011098477537e-01 5.000000000000e-03
5.704250129442e-01 5.514209199613e+00 5.000000000000e-03
7.114202254754e-01 1.324198197993e+00 5.000000000000e-03
2.416196667385e+00 3.007671822755e+00 5.000000000000e-03
4.573306520838e+00 2.307308219101e+00 5.000000000000e-03
6.184453786086e+00 6.035686648519e+00 5.000000000000e-03
7.765417757839e-01 1.718702435570e+00 5.000000000000e-03
1.983398886310e+00 6.071439888863e+00 5.000000000000e-03
5.576797820153e+00 3.718690869096e+00 5.000000000000e-03
5.887004882026e+00 1.916814991762e+00 5.000000000000e-03
3.753751394408e+00 2.508465610820e+00 5.000000000000e-03
3.138416806591e+00 1.206375976794e+00 5.000000000000e-03
1.536160515338e+00 5.482578867866e+00 5.000000000000e-03
7.561655628316e-01 2.537703622510e+00 5.000000000000e-03
1.962564353036e+00 2.025912674384e-01 5.000000000000e-03
3.094380945235e+00 4.374154658497e+00 5.000000000000e-03
1.314939930046e+00 5.844204947782e-01 5.000000000000e-03
4.538980223684e+00 1.698685094758e+00 5.000000000000e-03
3.075781340783e+00 4.804410073212e+00 5.000000000000e-03
1.498175898818e+00 5.975380275172e+00 5.000000000000e-03
2.752856025628e+00 2.947591666432e+00 5.000000000000e-03
5.238795023775e+00 1.869065562137e+00 5.000000000000e-03
5.251412798397e+00 6.786003402409e-01 5.000000000000e-03
5.286854740223e+00 2.072631906122e+00 5.000000000000e-03
2.822798077528e+00 1.166139034662e-01 5.000000000000e-03
1.721024578142e+00 3.786005682082e+00 5.000000000000e-03
2.033756491364e+00 4.952282800593e+00 5.000000000000e-03
2.365296976414e+00 5.920214173619e+00 5.000000000000e-03
3.680276519536e+00 1.907875407722e+00 5.000000000000e-03
1.455403914299e+00 5.906300373304e+00 5.000000000000e-03
1.600805662054e-02 1.595441563102e+00 5.000000000000e-03
1.537870245834e+00 2.090260337285e+00 5.000000000000e-03
2.012513266196e+00 8.982543711587e-01 5.000000000000e-03
1.423334554072e+00 5.545159592121e+00 5.000000000000e-03
4.630400842874e-01 1.167989030950e+00 5.000000000000e-03
2.362377930430e+00 1.095790479182e+00 5.000000000000e-03
2.097918984739e+00 2.496598234422e+00 5.000000000000e-03
1.994853391907e+00 2.920038742633e-01 5.000000000000e-03
2.502434522233e+00 6.247153999092e+00 5.000000000000e-03
2.555890815068e+00 4.041974364087e+00 5.000000000000e-03
4.290885526301e+00 2.652801426071e+00 5.000000000000e-03
4.147355517719e+00 1.244954112012e+00 5.000000000000e-03
4.795546563326e+00 2.309298111182e+00 5.000000000000e-03
3.950319523098e+00 4.988810691393e+00 5.000000000000e-03
5.051065626575e+00 3.958923532356e+00 5.000000000000e-03
3.995301683824e+00 6.537576172174e-02 5.000000000000e-03
9.768063572297e-01 4.323701133901e+00 5.000000000000e-03
1.606035636448e+00 2.379330582178e+00 5.000000000000e-03
2.551155674449e-01 3.400763911696e+00 5.000000000000e-03
3.497664395330e+00 1.600326443965e+00 5.000000000000e-03
4.993635714342e+00 1.299756746483e+00 5.000000000000e-03
1.306824005113e-01 4.470011862423e+00 5.000000000000e-03
1.553765974675e+00 1.901980446461e+00 5.000000000000e-03
5.076911006621e+00 2.128813437401e+00 5.000000000000e-03
1.542672983064e+00 3.138394119615e+00 5.000000000000e-03
4.239602841132e+00 1.886752320115e+00 5.000000000000e-03
3.312522210399e+00 4.239705951262e+00 5.000000000000e-03
5.148638379038e+00 5.699233102834e+00 5.000000000000e-03
1.500633197041e+00 2.485018242781e+00 5.000000000000e-03
5.137074178039e+00 1.181176210202e+00 5.000000000000e-03
2.873151517313e+00 3.129733418508e+00 5.000000000000e-03
2.849032593207e+00 6.232414575462e+00 5.000000000000e-03
2.390044213030e+00 1.005700356531e+00 5.000000000000e-03
1.870024240512e+00 1.808148677956e+00 5.000000000000e-03
2.485782842663e+00 5.692847247191e+00 5.000000000000e-03
1.852245685899e+00 4.334014694678e-01 5.000000000000e-03
6.121414453500e+00 5.058378630739e+00 5.000000000000e-03
1.122739476165e+00 1.920490256096e+00 5.000000000000e-03
2.525787796442e+00 2.258649572454e+00 5.000000000000e-03
6.163206538177e+00 5.526452859178e-02 5.000000000000e-03
3.672421747105e+00 6.194041514395e+00 -5.000000000000e-03
2.127869048525e-01 5.470041336838e-01 -5.000000000000e-03
3.116932149887e+00 6.096219360540e+00 -5.000000000000e-03
5.315804795660e+00 2.546940219670e+00 -5.000000000000e-03
5.229823311428e-01 1.940518282556e+00 -5.000000000000e-03
9.477667339066e-01 5.377584060483e+00 -5.000000000000e-03
4.010767997915e+00 6.742603399563e-01 -5.000000000000e-03
1.285175515172e+00 1.807723040008e+00 -5.000000000000e-03
5.424226393168e+00 1.254801562828e+00 -5.000000000000e-03
5.685155307637e+00 4.328211248271e+00 -5.000000000000e-03
4.082369511586e-02 1.781253556912e+00 -5.000000000000e-03
4.311117350356e+00 4.886560312182e+00 -5.000000000000e-03
1.090983661648e+00 6.126165720890e+00 -5.000000000000e-03
7.389497941143e-01 5.552899487297e+00 -5.000000000000e-03
4.171329480859e+00 3.655839552607e+00 -5.000000000000e-03
3.571377883793e+00 2.855828478229e+00 -5.000000000000e-03
5.361075487407e+00 5.307832129950e+00 -5.000000000000e-03
3.888332673210e+00 9.835660465507e-02 -5.000000000000e-03
6.733987652656e-01 2.411242167603e+00 -5.000000000000e-03
6.233963669696e+00 4.584696469053e+00 -5.000000000000e-03
5.023656645565e+00 5.724883727559e+00 -5.000000000000e-03
2.704038123230e+00 3.226867121920e+00 -5.000000000000e-03
3.041212103704e+00 3.616385060715e+00 -5.000000000000e-03
7.263210131581e-01 4.032086948904e+00 -5.000000000000e-03
3.085169127976e+00 1.950301397413e+00 -5.000000000000e-03
1.621647596366e+00 2.652046545479e+00 -5.000000000000e-03
4.674649212697e+00 3.406090613797e+00 -5.000000000000e-03
1.100345650445e+00 5.165326434446e+00 -5.000000000000e-03
3.670529755095e+00 5.930346901906e+00 -5.000000000000e-03
5.574621359774e+00 5.442727514626e+00 -5.000000000000e-03
1.795354858663e+00 4.941739582964e+00 -5.000000000000e-03
2.981269617837e+00 6.101762320383e+00 -5.000000000000e-03
2.611482593336e+00 5.025877987617e+00 -5.000000000000e-03
4.792384299609e+00 5.124494097737e+00 -5.000000000000e-03
2.382440559701e+00 5.429902065607e+00 -5.000000000000e-03
2.168548979590e+00 2.792109768053e+00 -5.000000000000e-03
1.936560536093e+00 2.096589203673e+00 -5.000000000000e-03
3.645112998704e+00 4.298158362242e+00 -5.000000000000e-03
4.326153893414e+00 4.055707223507e+00 -5.000000000000e-03
2.240609058293e+00 1.717309250778e+00 -5.000000000000e-03
4.994097756311e+00 5.737627096905e+00 -5.000000000000e-03
5.871365253325e+00 1.250172298101e+00 -5.000000000000e-03
1.434411036549e+00 6.274166194282e+00 -5.000000000000e-03
5.083907302500e+00 3.777548701585e+00 -5.000000000000e-03
6.197042407138e+00 8.626785757748e-01 -5.000000000000e-03
2.823313990754e+00 4.265342320976e+00 -5.000000000000e-03
9.771989218303e-01 1.123332822705e+00 -5.000000000000e-03
1.276779961739e+00 5.401052254940e+00 -5.000000000000e-03
3.796612901179e+00 4.074088793050e+00 -5.000000000000e-03
1.321421185179e+00 5.325486207382e+00 -5.000000000000e-03
1.657569669485e+00 3.898521388907e+00 -5.000000000000e-03
4.516002468521e+00 2.986032955488e+00 -5.000000000000e-03
6.543977257320e-01 2.452875720783e+00 -5.000000000000e-03
1.644107336471e+00 6.017032928728e+00 -5.000000000000e-03
4.946093200579e+00 6.107919031841e+00 -5.000000000000e-03
2.326296233885e-01 3.530364031607e+00 -5.000000000000e-03
1.779942662577e+00 1.970199960708e+00 -5.000000000000e-03
2.398974568120e-01 2.989242227900e+00 -5.000000000000e-03
1.890823230747e+00 5.214230753053e+00 -5.000000000000e-03
2.508310193805e+00 3.217435902202e+00 -5.000000000000e-03
3.518836537114e+00 3.546739502271e-01 -5.000000000000e-03
1.985948252366e-01 9.279486043619e-01 -5.000000000000e-03
5.258102958561e+00 1.956876140317e+00 -5.000000000000e-03
5.408241439306e+00 5.510717527346e+00 -5.000000000000e-03
2.419448795630e+00 7.328328658416e-01 -5.000000000000e-03
1.708594504172e+00 3.569529560067e+00 -5.000000000000e-03
1.769203250719e+00 2.152859813777e+00 -5.000000000000e-03
5.840858088511e+00 4.553720424359e+00 -5.000000000000e-03
5.063458899411e+00 5.648162060955e+00 -5.000000000000e-03
5.260896083948e+00 5.642183313087e+00 -5.000000000000e-03
1.610590107701e+00 3.907428682014e+00 -5.000000000000e-03
3.687853405603e+00 1.068698394655e+00 -5.000000000000e-03
1.079505908907e+00 2.510751637291e+00 -5.000000000000e-03
3.541568076487e+00 4.339431978400e+00 -5.000000000000e-03
9.026975664317e-01 3.658070311520e+00 -5.000000000000e-03
4.800542186852e+00 2.120016792276e+00 -5.000000000000e-03
5.797519264445e+00 9.138024006322e-01 -5.000000000000e-03
4.379737170028e+00 1.400061986590e+00 -5.000000000000e-03
1.485678348579e+00 6.605428816020e-02 -5.000000000000e-03
5.155082195330e+00 4.441126493528e+00 -5.000000000000e-03
5.954669178939e+00 2.264787637316e+00 -5.000000000000e-03
1.560412872901e+00 5.588642263603e+00 -5.000000000000e-03
6.076027869158e+00 4.351971680586e-01 -5.000000000000e-03
1.739784735692e+00 4.371846076980e-01 -5.000000000000e-03
2.923203155571e+00 2.038524665579e+00 -5.000000000000e-03
1.425284343011e+00 1.459363695798e+00 -5.000000000000e-03
4.010912430314e+00 3.997704595963e+00 -5.000000000000e-03
3.209992203112e+00 1.662916910853e+00 -5.000000000000e-03
1.300245982164e+00 6.681905631963e-01 -5.000000000000e-03
5.987186749082e+00 3.112083177309e+00 -5.000000000000e-03
3.766542922923e+00 4.243267266438e+00 -5.000000000000e-03
2.669875211389e+00 2.102358472410e+00 -5.000000000000e-03
3.425028402749e+00 2.772538944666e+00 -5.000000000000e-03
6.112234779813e+00 4.486242898905e+00 -5.000000000000e-03
2.276986967997e-01 5.769539717471e+00 -5.000000000000e-03
5.782058896490e-02 1.877483460993e+00 -5.000000000000e-03
2.896549016870e-01 8.279813913317e-01 -5.000000000000e-03
5.711907629798e+00 5.073779317930e+00 -5.000000000000e-03
4.719911558741e+00 1.382757427426e-01 -5.000000000000e-03
3.537041044428e+00 6.217414317746e+00 -5.000000000000e-03
