2.622055562113e+00 6.123389294699e+00 5.000000000000e-03
1.642055036025e+00 4.716309248650e+00 5.000000000000e-03
3.056080680075e+00 4.785176885893e+00 5.000000000000e-03
2.117862543401e+00 3.274363571275e+00 5.000000000000e-03
2.029586320805e-01 1.280432419908e+00 5.000000000000e-03
1.580873981581e+00 2.570069364215e+00 5.000000000000e-03
2.344989585374e+00 1.404867971210e-01 5.000000000000e-03
4.582271519254e-01 6.236685138868e+00 5.000000000000e-03
3.548325198040e+00 1.003110953656e+00 5.000000000000e-03
1.707813945302e+00 6.223070606355e+00 5.000000000000e-03
3.771402604318e+00 7.016658956071e-01 5.000000000000e-03
3.009749439360e+00 2.411401728935e+00 5.000000000000e-03
4.815974940623e+00 3.916504758946e+00 5.000000000000e-03
1.169221479435e+00 2.209626389049e-01 5.000000000000e-03
5.268372891393e+00 5.934011278525e+00 5.000000000000e-03
8.538378588561e-02 2.509645962708e+00 5.000000000000e-03
1.725784164836e+00 9.546964457641e-01 5.000000000000e-03
3.074844464994e+00 4.578348600757e+00 5.000000000000e-03
5.730631879316e+00 1.132862738405e+00 5.000000000000e-03
5.025900391820e+00 4.385982550984e+00 5.000000000000e-03
5.612386955596e-01 3.281516348126e+00 5.000000000000e-03
4.501063613835e-01 1.261889537775e+00 5.000000000000e-03
1.200703052523e+00 5.905785800562e+00 5.000000000000e-03
5.626278193515e+00 2.168443478840e+00 5.000000000000e-03
2.874071429590e+00 1.986120439417e+00 5.000000000000e-03
4.164421888472e+00 6.182464175575e-01 5.000000000000e-03
3.892339047098e+00 5.781890323288e+00 5.000000000000e-03
3.548596102563e+00 2.226567613498e+00 5.000000000000e-03
5.881762324424e+00 5.600722338662e+00 5.000000000000e-03
6.101991610840e+00 5.711685179235e+00 5.000000000000e-03
2.229369275077e+00 4.526420687547e+00 5.000000000000e-03
4.475209706282e+00 2.206936229661e+00 5.000000000000e-03
3.119357017584e-01 6.708055172575e-02 5.000000000000e-03
4.794061937521e+00 4.708662092752e+00 5.000000000000e-03
4.227163740292e+00 4.406748790686e+00 5.000000000000e-03
2.849870154451e+00 4.504595920365e+00 5.000000000000e-03
4.564539549903e-01 5.777601043723e+00 5.000000000000e-03
1.905887061174e+00 4.745292089472e+00 5.000000000000e-03
5.669503283738e+00 1.551575935024e+00 5.000000000000e-03
1.698300822753e+00 5.991540590001e+00 5.000000000000e-03
5.527118360005e+00 3.303313496446e+00 5.000000000000e-03
3.689312953387e+00 4.577696114640e+00 5.000000000000e-03
4.631365413312e+00 1.663733550319e+00 5.000000000000e-03
6.189077365612e-01 3.745635866509e+00 5.000000000000e-03
4.054998481600e+00 1.086113251510e+00 5.000000000000e-03
3.095426801851e+00 5.693593729252e+00 5.000000000000e-03
6.219771396328e+00 1.586054307975e+00 5.000000000000e-03
5.264329795755e+00 2.108326181158e+00 5.000000000000e-03
3.148548465789e+00 4.390991211778e+00 5.000000000000e-03
2.177388469055e+00 2.437952528835e+00 5.000000000000e-03
4.804974602806e+00 3.215378759311e+00 5.000000000000e-03
3.476179665970e+00 3.851466083072e+00 5.000000000000e-03
3.130567505843e+00 2.610177518006e+00 5.000000000000e-03
5.586134492300e+00 3.653795692994e+00 5.000000000000e-03
3.483178533913e+00 3.421557135390e+00 5.000000000000e-03
1.889576827647e+00 4.642522115514e+00 5.000000000000e-03
1.012899190421e+00 3.335480135463e+00 5.000000000000e-03
4.321983094342e+00 2.324728116419e+00 5.000000000000e-03
5.100067234609e+00 3.896724890639e+00 5.000000000000e-03
4.428483566562e+00 5.859565295971e+00 5.000000000000e-03
4.660532147019e+00 1.600471904847e+00 5.000000000000e-03
5.702224300654e+00 2.037414483186e+00 5.000000000000e-03
5.809352699953e+00 5.888770642097e+00 5.000000000000e-03
4.864703151689e+00 1.201108374750e+00 5.000000000000e-03
4.318234906468e+00 4.203689909399e+00 5.000000000000e-03
5.495645053461e+00 4.291815358036e+00 5.000000000000e-03
3.514426386530e+00 3.666236400195e+00 5.000000000000e-03
3.719924818994e+00 4.515916044579e+00 5.000000000000e-03
4.369097754048e+00 5.381739206079e+00 5.000000000000e-03
1.997003349395e-02 2.883363573739e+00 5.000000000000e-03
5.807299169087e+00 5.630338831122e+00 5.000000000000e-03
6.626119260310e-02 4.366826419615e+00 5.000000000000e-03
4.620375531835e+00 3.283571083397e+00 5.000000000000e-03
4.295596647469e+00 2.722258947456e+00 5.000000000000e-03
5.580723116468e+00 1.930595900745e-02 5.000000000000e-03
5.816377947491e+00 1.189501048990e+00 5.000000000000e-03
5.682218879064e+00 3.825076151882e+00 5.000000000000e-03
3.548165932618e-01 1.799481994039e+00 5.000000000000e-03
2.929499884167e+00 5.873043349920e+00 5.000000000000e-03
3.824307486305e+00 2.555550556539e+00 5.000000000000e-03
5.530688833687e-02 5.835137296301e+00 5.000000000000e-03
4.915281026427e+00 3.349075712904e+00 5.000000000000e-03
1.760777814286e+00 3.013925188295e+00 5.000000000000e-03
5.646110513198e+00 1.858510399267e+00 5.000000000000e-03
3.672632681376e-01 5.642274327565e+00 5.000000000000e-03
2.213646441229e+00 3.078974138599e+00 5.000000000000e-03
3.233212237162e+00 4.890964437048e+00 5.000000000000e-03
4.953167990642e+00 5.316864646207e+00 5.000000000000e-03
2.597839909692e+00 4.990514761461e+00 5.000000000000e-03
3.511947755240e+00 3.886689249699e+00 5.000000000000e-03
3.633742748471e+00 3.672908018583e-01 5.000000000000e-03
3.713410827483e-01 2.741320102475e+00 5.000000000000e-03
5.869761664257e+00 3.091912641252e+00 5.000000000000e-03
3.272286220909e+00 1.727780252169e+00 5.000000000000e-03
2.800499049964e+00 3.257012948650e+00 5.000000000000e-03
5.742371102261e+00 3.330510789432e+00 5.000000000000e-03
6.267028759382e+00 4.908534307927e+00 5.000000000000e-03
3.720753047581e-01 1.606115393563e+00 5.000000000000e-03
2.989990012420e-01 2.718950721546e+00 5.000000000000e-03
5.618904770218e+00 1.819987363913e+00 5.000000000000e-03
4.840325327014e+00 4.358029332713e-01 -5.000000000000e-03
1.240152061900e+00 5.472397288358e+00 -5.000000000000e-03
2.228478363291e+00 1.831412862796e+00 -5.000000000000e-03
5.395231221969e+00 4.848722927196e-01 -5.000000000000e-03
5.537991071403e+00 3.524689455104e+00 -5.000000000000e-03
3.240050802660e+00 5.914413896354e+00 -5.000000000000e-03
1.139244107568e+00 2.022153552116e+00 -5.000000000000e-03
1.452462250087e+00 2.713255826596e+00 -5.000000000000e-03
1.988939534719e-01 2.401850294293e+00 -5.000000000000e-03
5.067442807594e+00 4.563880461830e-01 -5.000000000000e-03
3.152394059405e+00 5.322119295714e+00 -5.000000000000e-03
2.191291414831e+00 4.939495600935e+00 -5.000000000000e-03
2.281237597466e+00 5.830252881433e+00 -5.000000000000e-03
1.762284245149e+00 4.257671832383e+00 -5.000000000000e-03
1.279457087819e-01 2.232253046162e-01 -5.000000000000e-03
3.058070651346e+00 4.711553004392e+00 -5.000000000000e-03
7.270220642632e-01 3.841986186972e+00 -5.000000000000e-03
3.811804720665e+00 6.678744685777e-01 -5.000000000000e-03
1.754648785436e+00 1.360037517664e+00 -5.000000000000e-03
5.449278633131e+00 4.908954819851e+00 -5.000000000000e-03
5.512979445077e-01 1.979741344600e+00 -5.000000000000e-03
4.777445280205e+00 2.651081926333e+00 -5.000000000000e-03
1.933890078069e+00 4.899470067357e+00 -5.000000000000e-03
5.895664260486e-02 2.799114370638e+00 -5.000000000000e-03
5.111566432286e+00 1.132613218944e-01 -5.000000000000e-03
3.717924545028e+00 1.764730177833e+00 -5.000000000000e-03
1.732346384252e+00 3.852114563797e+00 -5.000000000000e-03
5.921657446244e+00 2.213136397449e+00 -5.000000000000e-03
4.409461210348e+00 3.418595951778e+00 -5.000000000000e-03
6.168204760950e+00 4.667640884214e+00 -5.000000000000e-03
4.264215209600e+00 2.581419686335e+00 -5.000000000000e-03
1.574452495128e+00 4.118510346928e+00 -5.000000000000e-03
2.408970845431e+00 3.574716040236e+00 -5.000000000000e-03
1.761521188812e+00 2.600840067909e+00 -5.000000000000e-03
3.918915667245e+00 1.009308878008e+00 -5.000000000000e-03
2.007891532722e+00 2.820230863193e+00 -5.000000000000e-03
5.143684802920e+00 6.166825175956e+00 -5.000000000000e-03
1.645313393213e+00 4.138073020050e+00 -5.000000000000e-03
2.179292358692e+00 1.091877938736e+00 -5.000000000000e-03
3.848687557211e+00 3.255866152066e+00 -5.000000000000e-03
5.205541656506e-01 1.994315174310e+00 -5.000000000000e-03
3.429799234309e+00 5.386938612996e+00 -5.000000000000e-03
2.858917501589e+00 9.983970484582e-02 -5.000000000000e-03
5.783182986061e+00 5.295295933250e+00 -5.000000000000e-03
4.384888026302e+00 3.394626385633e+00 -5.000000000000e-03
5.131698840281e+00 1.845564430012e+00 -5.000000000000e-03
2.741288388849e+00 6.196546828551e+00 -5.000000000000e-03
5.000833025228e+00 7.887585809403e-01 -5.000000000000e-03
6.159161520701e-01 5.666519665475e+00 -5.000000000000e-03
5.393877305136e+00 2.552725229619e+00 -5.000000000000e-03
2.162964837359e+00 1.682434809368e+00 -5.000000000000e-03
3.727641535487e+00 5.369467128192e+00 -5.000000000000e-03
5.657352758380e+00 2.707737163196e+00 -5.000000000000e-03
2.209792085269e+00 3.778060795004e+00 -5.000000000000e-03
3.118148518954e+00 2.178017390588e+00 -5.000000000000e-03
3.258033824240e+00 3.928947694551e+00 -5.000000000000e-03
2.575474945210e+00 4.669245717548e+00 -5.000000000000e-03
2.784309710983e+00 2.749372813115e+00 -5.000000000000e-03
6.831234973268e-01 1.548236239709e+00 -5.000000000000e-03
2.852178421154e+00 3.088565607347e+00 -5.000000000000e-03
2.368748603345e+00 1.092622615272e+00 -5.000000000000e-03
7.186443751463e-01 5.616458951293e+00 -5.000000000000e-03
1.218344881250e+00 1.038303518590e+00 -5.000000000000e-03
9.348874639628e-01 5.514484261633e+00 -5.000000000000e-03
5.798768661165e+00 2.945410679532e+00 -5.000000000000e-03
3.805876471960e+00 1.374737693601e+00 -5.000000000000e-03
2.357166343984e+00 3.906957861813e+00 -5.000000000000e-03
5.602582716810e-01 1.160743864138e+00 -5.000000000000e-03
4.561075242946e-01 7.464641221379e-01 -5.000000000000e-03
6.232481035377e+00 2.550548588931e+00 -5.000000000000e-03
4.627395945908e+00 5.506829530863e-01 -5.000000000000e-03
1.202163353750e+00 4.721150119474e+00 -5.000000000000e-03
3.377281976256e+00 3.359850761248e+00 -5.000000000000e-03
4.453071627303e+00 4.480725919583e+00 -5.000000000000e-03
4.123817895027e-01 2.336623355383e+00 -5.000000000000e-03
1.031010854139e+00 2.920030342303e+00 -5.000000000000e-03
1.060749806856e+00 4.664323033465e+00 -5.000000000000e-03
5.204764569468e+00 5.163941185098e+00 -5.000000000000e-03
3.211092971542e+00 2.555075134970e+00 -5.000000000000e-03
5.181856588649e+00 5.393862468649e+00 -5.000000000000e-03
5.757303061434e+00 3.464704172881e+00 -5.000000000000e-03
8.051079460222e-01 1.743861899886e+00 -5.000000000000e-03
3.005979215093e+00 2.870972696319e+00 -5.000000000000e-03
1.777305759265e+00 1.698593330476e+00 -5.000000000000e-03
2.958089597186e+00 3.052945019528e-02 -5.000000000000e-03
1.223479988576e-01 1.320213141619e+00 -5.000000000000e-03
8.587969360331e-01 3.429847891488e+00 -5.000000000000e-03
4.703897696046e+00 3.272019773331e+00 -5.000000000000e-03
5.342379993596e+00 8.167752559415e-01 -5.000000000000e-03
5.118684041316e+00 2.951223456068e+00 -5.000000000000e-03
3.244601853902e+00 2.982965858066e+00 -5.000000000000e-03
7.767573318904e-01 7.451881711492e-01 -5.000000000000e-03
4.552098749433e+00 1.716151840751e+00 -5.000000000000e-03
4.080204234603e+00 6.570849575125e-01 -5.000000000000e-03
7.672815066324e-02 2.681373910710e+00 -5.000000000000e-03
5.860047182357e+00 2.680378600610e+00 -5.000000000000e-03
4.081289297137e+00 5.233189240988e+00 -5.000000000000e-03
5.264146449524e+00 4.667291968124e-01 -5.000000000000e-03
2.947420072130e+00 4.937463178649e+00 -5.000000000000e-03
4.699094215455e+00 2.382162938933e+00 -5.000000000000e-03
