6.217135524703e+00 4.003193863697e+00 5.000000000000e-03
1.483809250263e+00 4.714331939850e+00 5.000000000000e-03
5.657668089476e+00 8.591970389808e-01 5.000000000000e-03
1.850763467931e+00 4.463726920151e+00 5.000000000000e-03
4.206193700012e+00 1.232921599415e+00 5.000000000000e-03
2.977088354871e+00 3.838795917768e+00 5.000000000000e-03
4.866522770060e+00 1.518492759219e+00 5.000000000000e-03
3.317448015129e+00 4.810983427112e+00 5.000000000000e-03
5.331314016626e+00 8.961535889491e-01 5.000000000000e-03
2.941793487013e+00 6.492977421000e-01 5.000000000000e-03
4.156130417439e+00 1.994540560601e+00 5.000000000000e-03
5.750927867224e+00 5.857315711882e+00 5.000000000000e-03
3.285442488718e+00 1.596245249820e+00 5.000000000000e-03
4.542262108005e+00 2.967691216973e+00 5.000000000000e-03
5.581611233010e+00 3.901127154547e+00 5.000000000000e-03
8.117573872214e-01 5.078428700495e+00 5.000000000000e-03
5.241863670059e+00 4.278619428541e+00 5.000000000000e-03
6.130769348991e+00 2.440850429721e+00 5.000000000000e-03
5.506690053511e+00 3.153356352753e+00 5.000000000000e-03
7.522152785784e-01 2.184299043315e+00 5.000000000000e-03
4.342757877170e+00 9.642646070907e-01 5.000000000000e-03
3.067299318431e+00 3.451010602238e+00 5.000000000000e-03
5.105128481934e+00 5.568769659484e+00 5.000000000000e-03
3.582395499389e+00 6.160239363474e+00 5.000000000000e-03
1.773166008300e+00 5.687501914248e+00 5.000000000000e-03
6.007080513928e+00 9.701788845855e-01 5.000000000000e-03
7.869016739599e-01 3.905862923312e+00 5.000000000000e-03
1.122332908628e+00 2.685435709049e-01 5.000000000000e-03
2.728094879690e+00 2.180246068192e+00 5.000000000000e-03
3.713636225567e+00 3.966462596062e+00 5.000000000000e-03
3.999677745751e+00 5.133108882857e+00 5.000000000000e-03
5.798953918049e+00 7.635392650694e-01 5.000000000000e-03
4.606195773505e+00 4.902018629684e+00 5.000000000000e-03
6.218252968636e+00 1.137969177417e+00 5.000000000000e-03
3.337302600214e+00 3.490868950943e+00 5.000000000000e-03
3.185203884271e+00 4.017806048618e+00 5.000000000000e-03
1.733996908682e-01 2.784571318977e+00 5.000000000000e-03
1.649911179387e+00 9.719266566590e-01 5.000000000000e-03
1.393423230430e+00 1.020318902224e+00 5.000000000000e-03
3.309072393798e+00 5.855477527913e+00 5.000000000000e-03
1.607664999765e+00 4.304437808012e+00 5.000000000000e-03
1.752960506199e+00 4.361835617454e+00 5.000000000000e-03
3.915852952731e+00 2.440241254339e+00 5.000000000000e-03
1.330627823793e+00 3.098015007720e-01 5.000000000000e-03
1.882823919167e+00 8.851885894403e-01 5.000000000000e-03
3.480007812254e+00 4.534585582498e+00 5.000000000000e-03
1.043400881165e+00 3.764460537698e+00 5.000000000000e-03
5.842873850486e+00 1.985398906271e+00 5.000000000000e-03
2.899271495951e+00 4.757480634024e+00 5.000000000000e-03
4.259420650852e+00 2.557407176630e+00 5.000000000000e-03
1.723144715244e+00 4.545040530890e+00 5.000000000000e-03
4.092745439849e+00 4.368687446118e+00 5.000000000000e-03
4.400051032080e+00 3.157195044241e+00 5.000000000000e-03
1.053111828684e+00 3.082284910315e+00 5.000000000000e-03
4.333407921853e-01 2.713895651859e+00 5.000000000000e-03
2.345436880274e+00 1.616617584433e+00 5.000000000000e-03
1.323393820593e+00 9.972942952917e-01 5.000000000000e-03
5.990387964161e+00 3.724622903613e+00 5.000000000000e-03
4.976287777081e-01 3.102181404784e+00 5.000000000000e-03
3.053394416472e+00 1.283497782970e+00 5.000000000000e-03
2.590138168248e+00 1.514924429949e-01 5.000000000000e-03
1.747978829502e+00 1.869978479995e+00 5.000000000000e-03
4.347529556767e+00 8.304476019625e-01 5.000000000000e-03
4.039718430160e+00 3.807646564359e+00 5.000000000000e-03
2.923227513145e+00 1.422209765852e+00 5.000000000000e-03
5.595308664643e+00 6.579616771989e-01 5.000000000000e-03
1.416338906929e+00 2.123037460623e+00 5.000000000000e-03
2.091983161005e+00 1.666023875453e+00 5.000000000000e-03
1.103155241452e+00 3.930551893941e+00 5.000000000000e-03
9.607139666595e-01 1.894274759591e+00 5.000000000000e-03
3.052696380649e+00 3.141300044790e-01 5.000000000000e-03
3.992146299247e-02 5.377915392303e-01 5.000000000000e-03
3.548593888436e+00 5.972608465144e+00 5.000000000000e-03
1.541332538067e+00 1.131536908656e-01 5.000000000000e-03
1.273185879803e+00 3.824538641712e+00 5.000000000000e-03
2.155469019092e+00 2.275624238445e+00 5.000000000000e-03
7.911551119164e-01 9.543792531410e-01 5.000000000000e-03
4.272835787125e+00 5.636425253085e+00 5.000000000000e-03
1.719295594256e+00 1.434414863582e+00 5.000000000000e-03
2.513481377634e-01 1.097944386402e+00 5.000000000000e-03
3.051186397711e+00 1.018161265696e+00 5.000000000000e-03
2.169605427593e+00 2.578505516781e+00 5.000000000000e-03
6.179629954067e+00 3.577294179726e+00 5.000000000000e-03
7.348758263340e-01 1.673022290456e+00 5.000000000000e-03
2.992591861203e+00 5.654347748345e-01 5.000000000000e-03
3.457748656878e+00 4.092262677444e+00 5.000000000000e-03
2.316718518463e+00 3.771099515525e+00 5.000000000000e-03
1.427335422218e+00 9.713066565583e-01 5.000000000000e-03
5.756772812657e+00 5.170606931047e-01 5.000000000000e-03
4.218151597822e+00 3.093366388952e+00 5.000000000000e-03
6.201886187873e+00 2.428165741749e+00 5.000000000000e-03
2.944012349005e+00 3.630107355243e+00 5.000000000000e-03
8.959866585378e-01 3.534820174310e+00 5.000000000000e-03
3.735013740210e+00 1.793724851587e+00 5.000000000000e-03
5.356337741734e+00 2.113988680096e+00 5.000000000000e-03
3.049647019899e+00 3.749385794145e+00 5.000000000000e-03
3.962953417647e+00 5.766973913566e+00 5.000000000000e-03
8.545088491511e-01 5.905193776502e+00 5.000000000000e-03
5.030836907445e+00 4.706294941757e+00 5.000000000000e-03
6.055777856157e+00 3.727235550114e+00 5.000000000000e-03
3.027370418571e+00 3.498232658046e+00 -5.000000000000e-03
1.043505938593e+00 6.077048431672e+00 -5.000000000000e-03
9.402252619828e-01 1.453546178430e+00 -5.000000000000e-03
5.107247842878e+00 2.647212423502e+00 -5.000000000000e-03
2.043625883451e-01 3.872009297482e+00 -5.000000000000e-03
4.809462478260e+00 6.751052479838e-01 -5.000000000000e-03
6.067028346202e+00 3.834093145096e+00 -5.000000000000e-03
6.118636593016e+00 2.683155721194e+00 -5.000000000000e-03
1.112542033151e+00 5.978754637493e+00 -5.000000000000e-03
5.347117629749e+00 2.384283812453e-01 -5.000000000000e-03
2.867815023995e+00 1.159382565057e+00 -5.000000000000e-03
4.387962154769e+00 4.812461515940e-01 -5.000000000000e-03
2.125897972837e+00 1.019857776023e+00 -5.000000000000e-03
3.023098630067e+00 2.687175184036e-01 -5.000000000000e-03
6.065446868562e+00 1.532189558389e+00 -5.000000000000e-03
3.330380749869e+00 5.566883975989e-01 -5.000000000000e-03
3.910761798737e+00 2.285882737331e+00 -5.000000000000e-03
4.898078444638e+00 1.324850412574e+00 -5.000000000000e-03
5.543667903223e+00 6.099977067990e+00 -5.000000000000e-03
4.720033630280e+00 5.118321020247e+00 -5.000000000000e-03
5.241555869462e+00 1.530753628057e+00 -5.000000000000e-03
1.069480907603e-01 3.625385643631e+00 -5.000000000000e-03
2.240193398201e+00 2.531089496993e+00 -5.000000000000e-03
5.471574546693e+00 4.454671015056e+00 -5.000000000000e-03
3.538751699356e+00 2.853368052440e+00 -5.000000000000e-03
1.351029214361e+00 4.628757425718e+00 -5.000000000000e-03
7.240943052946e-01 1.484838713568e+00 -5.000000000000e-03
6.079669994200e+00 4.997448920086e+00 -5.000000000000e-03
6.035325519921e+00 1.479738906211e+00 -5.000000000000e-03
1.212573859194e-01 4.349285769104e+00 -5.000000000000e-03
3.837178288175e+00 1.537460278508e-01 -5.000000000000e-03
2.659797108105e+00 1.864222984730e+00 -5.000000000000e-03
3.954765311296e+00 6.199544543709e+00 -5.000000000000e-03
2.145581361642e+00 2.895795564696e+00 -5.000000000000e-03
1.658368795599e+00 1.515161795832e+00 -5.000000000000e-03
9.991915228227e-01 1.530273292950e+00 -5.000000000000e-03
3.833274554972e+00 2.010115172231e+00 -5.000000000000e-03
3.073321576266e+00 3.205065798899e+00 -5.000000000000e-03
3.780699862780e-01 3.749873804130e+00 -5.000000000000e-03
3.994237707869e+00 5.913592933706e+00 -5.000000000000e-03
5.273466352516e+00 1.525619329492e+00 -5.000000000000e-03
4.319831286541e+00 3.373981253945e+00 -5.000000000000e-03
2.350792492286e+00 6.074381044224e+00 -5.000000000000e-03
6.273402458679e+00 2.169213974187e-01 -5.000000000000e-03
1.707839999405e+00 4.924058427054e-01 -5.000000000000e-03
2.619717501505e+00 5.699719415100e+00 -5.000000000000e-03
4.321531061554e+00 3.080709166200e+00 -5.000000000000e-03
4.955557861662e+00 2.849308690255e+00 -5.000000000000e-03
5.739680100723e+00 1.478839598165e+00 -5.000000000000e-03
3.449678910610e+00 5.899555052542e-01 -5.000000000000e-03
5.096381861844e+00 4.805642564525e+00 -5.000000000000e-03
5.202313731659e+00 3.400910657981e+00 -5.000000000000e-03
5.722987984146e+00 2.995925741654e+00 -5.000000000000e-03
5.894440886170e+00 4.673129476790e+00 -5.000000000000e-03
1.942528972142e+00 2.004743542090e+00 -5.000000000000e-03
5.794897553398e+00 6.055494902333e+00 -5.000000000000e-03
3.441057319150e+00 2.025601802788e+00 -5.000000000000e-03
5.695518038391e+00 4.367827751392e+00 -5.000000000000e-03
4.805691921876e+00 4.202032537653e+00 -5.000000000000e-03
5.939329360620e+00 2.557371934486e+00 -5.000000000000e-03
5.120247428286e+00 2.762628785437e+00 -5.000000000000e-03
6.026564936680e+00 4.243552804477e+00 -5.000000000000e-03
1.162246117865e+00 4.342866364467e+00 -5.000000000000e-03
9.422196193372e-01 3.451999049299e+00 -5.000000000000e-03
1.270743406449e+00 4.879425849849e+00 -5.000000000000e-03
5.951967472525e+00 3.198733167932e+00 -5.000000000000e-03
2.142808527943e+00 5.250772815017e+00 -5.000000000000e-03
4.548109673824e+00 5.906338828224e-01 -5.000000000000e-03
2.270741467090e+00 5.364781600505e+00 -5.000000000000e-03
3.741728822985e+00 4.597132618835e+00 -5.000000000000e-03
3.303115060134e+00 6.970763280217e-01 -5.000000000000e-03
5.113221007813e+00 3.562087446612e+00 -5.000000000000e-03
2.619113290418e+00 3.434517882685e+00 -5.000000000000e-03
1.344395672522e+00 3.105022992312e+00 -5.000000000000e-03
6.041202886481e+00 4.407552030932e+00 -5.000000000000e-03
4.784281591675e+00 1.485612990825e+00 -5.000000000000e-03
3.888871909460e+00 2.311099480228e-01 -5.000000000000e-03
1.877323606371e+00 6.022118811998e+00 -5.000000000000e-03
3.423154583727e+00 5.633995361107e+00 -5.000000000000e-03
2.302433581829e+00 5.815320797393e+00 -5.000000000000e-03
2.692121466409e+00 3.244764413505e-01 -5.000000000000e-03
2.914991966495e+00 4.230690521573e+00 -5.000000000000e-03
5.352464253120e+00 1.806950295167e+00 -5.000000000000e-03
1.001908754670e+00 2.672347690026e+00 -5.000000000000e-03
6.178077807093e+00 6.474965134655e-01 -5.000000000000e-03
5.692447366660e+00 2.189755141132e+00 -5.000000000000e-03
3.002416784392e+00 6.121839464661e+00 -5.000000000000e-03
3.975323919587e+00 6.264382658292e+00 -5.000000000000e-03
2.188115694467e+00 2.532238367031e+00 -5.000000000000e-03
3.226168571512e+00 2.358849659106e+00 -5.000000000000e-03
3.726913599535e-01 3.547245328188e+00 -5.000000000000e-03
1.836987616505e+00 3.639938655366e+00 -5.000000000000e-03
2.426531460697e+00 3.448302203938e+00 -5.000000000000e-03
3.470328597228e+00 3.103518418235e+00 -5.000000000000e-03
4.562611578917e+00 2.068434816240e+00 -5.000000000000e-03
4.335607239337e+00 4.899362485168e+00 -5.000000000000e-03
3.865418839393e+00 1.002585455420e+00 -5.000000000000e-03
2.917701054399e+00 1.573862653536e+00 -5.000000000000e-03
2.701079070788e-01 5.551393817815e+00 -5.000000000000e-03
4.280632108268e-02 1.898399091177e+00 -5.000000000000e-03
