8.455077222370e-01 6.344611256141e-01 5.000000000000e-03
4.932489582422e+00 4.896350733588e+00 5.000000000000e-03
3.958928638781e+00 8.340510601729e-03 5.000000000000e-03
1.419623067913e+00 2.384487004566e+00 5.000000000000e-03
1.919056832523e+00 5.553406650163e+00 5.000000000000e-03
1.851840812678e+00 8.811214537196e-01 5.000000000000e-03
5.260369552399e+00 2.598172186956e+00 5.000000000000e-03
3.072153945197e+00 1.733099220906e+00 5.000000000000e-03
2.013168153618e+00 1.503974625573e+00 5.000000000000e-03
3.125359485539e+00 5.054844849013e+00 5.000000000000e-03
3.665179302311e+00 5.665260899266e+00 5.000000000000e-03
2.272018103081e+00 7.723240758350e-01 5.000000000000e-03
5.539507235965e+00 3.300661295078e+00 5.000000000000e-03
3.975622849871e-01 1.015204545673e+00 5.000000000000e-03
2.630412864493e+00 4.759493200913e-01 5.000000000000e-03
1.134689558988e+00 2.474786329238e+00 5.000000000000e-03
5.685049623853e+00 2.174093086206e+00 5.000000000000e-03
1.564950658795e+00 4.844523383393e+00 5.000000000000e-03
4.640072268688e+00 4.052176966758e+00 5.000000000000e-03
1.844144238478e+00 3.684654561953e+00 5.000000000000e-03
5.812533087634e+00 3.660205348731e+00 5.000000000000e-03
2.785574428001e+00 2.184238550737e+00 5.000000000000e-03
3.760842326946e+00 5.767226889427e+00 5.000000000000e-03
9.408393012996e-01 2.300053321658e+00 5.000000000000e-03
4.938429546457e+00 2.567220559770e+00 5.000000000000e-03
1.301096894550e+00 3.400355520346e+00 5.000000000000e-03
5.586653396008e+00 4.853374727071e+00 5.000000000000e-03
3.967259694897e+00 5.825610549154e+00 5.000000000000e-03
3.003873082478e+00 3.619808747293e+00 5.000000000000e-03
5.389935063632e+00 7.037005823373e-01 5.000000000000e-03
3.160099715726e+00 6.219919485503e-01 5.000000000000e-03
4.208135592472e+00 3.438254119046e+00 5.000000000000e-03
5.803341220796e+00 3.888207995703e+00 5.000000000000e-03
3.727708172655e+00 3.681510695504e+00 5.000000000000e-03
5.445579676949e+00 1.681987956003e+00 5.000000000000e-03
3.146588563233e+00 3.201703167775e+00 5.000000000000e-03
6.108267522930e-01 1.026876271632e+00 5.000000000000e-03
4.868234609650e+00 3.622505691431e+00 5.000000000000e-03
7.210387290609e-01 3.389776599406e+00 5.000000000000e-03
4.612447475574e+00 5.397344960053e+00 5.000000000000e-03
2.654898114226e+00 2.891320580274e+00 5.000000000000e-03
2.936622643268e+00 5.892149978828e+00 5.000000000000e-03
3.115272279793e+00 1.857417185191e+00 5.000000000000e-03
1.194470002699e+00 3.225947651014e-01 5.000000000000e-03
2.240894839382e+00 4.749888446160e+00 5.000000000000e-03
2.099899539476e+00 4.748015306301e+00 5.000000000000e-03
1.308438706902e+00 1.773660282627e+00 5.000000000000e-03
4.271110830111e+00 1.309943113697e+00 5.000000000000e-03
3.635258293199e+00 2.345914649791e+00 5.000000000000e-03
2.469062261380e-01 1.718768924615e+00 5.000000000000e-03
8.629672680841e-01 5.348520017838e+00 5.000000000000e-03
5.691106132888e+00 2.031133715937e+00 5.000000000000e-03
1.374941287994e+00 1.263653074197e+00 5.000000000000e-03
2.933694082017e+00 9.202320036266e-01 5.000000000000e-03
1.795588758670e+00 4.243579095918e-01 5.000000000000e-03
5.341088856783e+00 3.634859981144e+00 5.000000000000e-03
7.006523553437e-01 3.339426173932e+00 5.000000000000e-03
2.396147148599e+00 1.117996653667e+00 5.000000000000e-03
7.362247458449e-01 7.224658733601e-01 5.000000000000e-03
2.788474284518e+00 4.732159039201e+00 5.000000000000e-03
2.044856685044e+00 4.227569767400e+00 5.000000000000e-03
1.334898156887e+00 5.104614023969e-01 5.000000000000e-03
4.929433375560e+00 4.551225942356e+00 5.000000000000e-03
1.843228665426e+00 3.444106304985e+00 5.000000000000e-03
4.987139090092e+00 3.652677826690e+00 5.000000000000e-03
1.988863676042e+00 4.485349197992e+00 5.000000000000e-03
4.033592802886e+00 3.703153704114e+00 5.000000000000e-03
2.876902023392e+00 2.361564799995e+00 5.000000000000e-03
3.931988353137e+00 3.161369816830e+00 5.000000000000e-03
3.060862025425e+00 5.691186731129e-01 5.000000000000e-03
1.041566053523e+00 8.103566973736e-01 5.000000000000e-03
5.119427596275e+00 1.477957717075e+00 5.000000000000e-03
3.073678702525e+00 3.859386622900e+00 5.000000000000e-03
4.133924529150e+00 4.897924800622e+00 5.000000000000e-03
9.052855190976e-01 3.957759144862e+00 5.000000000000e-03
4.238072871682e+00 3.393349482449e+00 5.000000000000e-03
5.803594325772e-02 5.856444594828e+00 5.000000000000e-03
4.619799126494e+00 2.260149402703e+00 5.000000000000e-03
2.466620571123e+00 1.166544391702e+00 5.000000000000e-03
3.381598744330e+00 2.835972259109e+00 5.000000000000e-03
4.302455780936e-02 3.827471819537e+00 5.000000000000e-03
8.101005910540e-01 3.349755637332e+00 5.000000000000e-03
4.623125577091e+00 6.213160038269e+00 5.000000000000e-03
1.643936357327e+00 6.106993516451e+00 5.000000000000e-03
1.228075477951e+00 5.203353863413e+00 5.000000000000e-03
2.643035689496e+00 8.959759061559e-01 5.000000000000e-03
4.876218286604e+00 4.714254445664e+00 5.000000000000e-03
5.156737429983e-01 3.359648128295e+00 5.000000000000e-03
1.706439932857e+00 7.118187208033e-01 5.000000000000e-03
2.281042055781e+00 3.590095654298e+00 5.000000000000e-03
1.505915259133e+00 4.838717338948e+00 5.000000000000e-03
1.498213645096e+00 4.930268971010e+00 5.000000000000e-03
2.204441735033e-01 4.715724405413e+00 5.000000000000e-03
1.411523372031e+00 5.590697279906e+00 5.000000000000e-03
1.638061616631e+00 3.660987863255e+00 5.000000000000e-03
1.475523469455e-01 1.784385936806e+00 5.000000000000e-03
4.541498910776e+00 4.455626395071e+00 5.000000000000e-03
1.895682750220e+00 2.639730440747e+00 5.000000000000e-03
4.811850879317e-01 3.652944789127e+00 5.000000000000e-03
1.107657436595e+00 5.864167275429e+00 5.000000000000e-03
4.359331327932e+00 1.809262683046e+00 -5.000000000000e-03
5.195741545450e+00 3.861350929543e+00 -5.000000000000e-03
6.248709015587e+00 1.661995294566e+00 -5.000000000000e-03
4.391839374315e+00 3.092350477019e+00 -5.000000000000e-03
2.876966058938e+00 4.133752727042e+00 -5.000000000000e-03
6.130951517861e+00 5.040188980361e+00 -5.000000000000e-03
2.376428785815e+00 4.936120433286e+00 -5.000000000000e-03
4.554050630957e+00 3.877650011807e+00 -5.000000000000e-03
4.513519810527e+00 5.519821310589e+00 -5.000000000000e-03
1.047844752608e+00 4.213515005093e+00 -5.000000000000e-03
5.042976196791e-01 1.891739053912e+00 -5.000000000000e-03
3.193401542678e+00 3.073872290926e+00 -5.000000000000e-03
3.827573352695e+00 1.873095504304e+00 -5.000000000000e-03
1.328654076413e+00 4.230767145990e+00 -5.000000000000e-03
2.067462717310e+00 2.354055741258e+00 -5.000000000000e-03
1.096218587545e+00 9.717170021155e-01 -5.000000000000e-03
4.231749170289e+00 2.863542429889e+00 -5.000000000000e-03
2.062320581174e+00 1.847220259343e+00 -5.000000000000e-03
1.438286042882e+00 4.398753685777e+00 -5.000000000000e-03
2.781940941802e+00 3.689728597447e+00 -5.000000000000e-03
5.620205849129e+00 3.224809403676e+00 -5.000000000000e-03
4.323199069450e+00 3.304976359177e+00 -5.000000000000e-03
4.193672200233e+00 6.229463469225e+00 -5.000000000000e-03
4.251676588892e+00 5.918420215415e+00 -5.000000000000e-03
5.305922459023e+00 5.191972477213e+00 -5.000000000000e-03
5.100880496136e+00 1.647629809047e+00 -5.000000000000e-03
5.835243877120e+00 1.007889345402e+00 -5.000000000000e-03
7.763645257808e-01 1.665615256919e+00 -5.000000000000e-03
1.743794787847e+00 2.458661304209e+00 -5.000000000000e-03
5.249034305075e+00 5.848555785762e+00 -5.000000000000e-03
3.971331719115e+00 6.101753816767e+00 -5.000000000000e-03
5.261663204417e+00 5.659703203387e+00 -5.000000000000e-03
4.740073713412e+00 1.883491357079e+00 -5.000000000000e-03
1.970465673636e+00 3.831222334024e+00 -5.000000000000e-03
2.808835567430e-01 4.429505303419e+00 -5.000000000000e-03
7.659204807391e-01 2.804080278291e+00 -5.000000000000e-03
1.688449586588e+00 2.435392559259e+00 -5.000000000000e-03
3.652497328497e+00 7.021990696532e-01 -5.000000000000e-03
3.085041984801e+00 5.838609746004e+00 -5.000000000000e-03
1.390704541881e+00 1.668020124949e+00 -5.000000000000e-03
5.638929134397e+00 3.200528761877e+00 -5.000000000000e-03
6.162256365252e+00 4.506838824942e+00 -5.000000000000e-03
4.601991223501e+00 4.185140113250e+00 -5.000000000000e-03
5.641670886336e+00 5.714989757822e+00 -5.000000000000e-03
1.679015515242e+00 3.056423718892e+00 -5.000000000000e-03
1.453191034896e-02 5.446934379529e+00 -5.000000000000e-03
2.422769394656e+00 1.846395252389e-01 -5.000000000000e-03
3.613097646808e+00 4.638012092197e+00 -5.000000000000e-03
5.167123892610e+00 1.471770045206e+00 -5.000000000000e-03
5.810991892730e+00 5.669059155794e+00 -5.000000000000e-03
5.726765650652e+00 2.423335618433e+00 -5.000000000000e-03
2.293313822711e+00 2.914753343212e+00 -5.000000000000e-03
5.168148484725e+00 2.671596412788e+00 -5.000000000000e-03
5.543921667531e+00 2.609935977525e+00 -5.000000000000e-03
5.581757202158e+00 2.507576067802e-01 -5.000000000000e-03
3.186725845980e+00 4.433231899785e+00 -5.000000000000e-03
6.553008869152e-01 2.444497303334e+00 -5.000000000000e-03
1.425772176774e+00 6.222544279417e+00 -5.000000000000e-03
3.899529031829e+00 3.096927300823e+00 -5.000000000000e-03
6.237640376992e+00 2.725523595302e-01 -5.000000000000e-03
2.567510546468e+00 5.388213679352e+00 -5.000000000000e-03
3.604372538986e+00 5.886132947775e+00 -5.000000000000e-03
5.084826445370e-01 6.143084710786e+00 -5.000000000000e-03
5.081136482586e-01 1.176361629029e+00 -5.000000000000e-03
2.160755886656e+00 4.601744098342e+00 -5.000000000000e-03
4.540080178971e+00 4.665515879353e+00 -5.000000000000e-03
2.396343302911e+00 4.704033507135e-01 -5.000000000000e-03
2.427133724876e+00 1.431825138683e+00 -5.000000000000e-03
2.018208918474e+00 7.983803157854e-01 -5.000000000000e-03
1.261439704454e+00 1.084280380520e+00 -5.000000000000e-03
1.868055025531e+00 1.191398219118e+00 -5.000000000000e-03
7.970069127556e-01 1.342187645636e+00 -5.000000000000e-03
1.683634511723e+00 4.109685115575e+00 -5.000000000000e-03
5.533526969670e-01 1.148986650074e-01 -5.000000000000e-03
4.942928936884e-01 2.301968753522e+00 -5.000000000000e-03
4.017090235667e+00 3.964367981280e+00 -5.000000000000e-03
5.758830752666e+00 2.602648087415e+00 -5.000000000000e-03
5.758818418092e+00 4.683114099899e+00 -5.000000000000e-03
5.577094179849e+00 5.886208037754e+00 -5.000000000000e-03
3.596820513784e+00 2.114410208953e+00 -5.000000000000e-03
2.946212640768e+00 5.451636832371e+00 -5.000000000000e-03
2.433846317336e-01 4.971614452697e+00 -5.000000000000e-03
4.729388374140e+00 4.890257712753e+00 -5.000000000000e-03
3.209499269919e+00 3.221747348875e+00 -5.000000000000e-03
4.374419346793e+00 4.678700456135e+00 -5.000000000000e-03
3.450013145699e+00 1.721176649139e+00 -5.000000000000e-03
1.396758217501e+00 4.043800545284e+00 -5.000000000000e-03
5.691417649552e+00 2.612496848924e+00 -5.000000000000e-03
1.291479961213e+00 4.618487392734e+00 -5.000000000000e-03
4.598320306460e+00 4.951158508106e+00 -5.000000000000e-03
5.510150888703e+00 3.658935223948e+00 -5.000000000000e-03
1.021482113390e+00 1.967859479132e+00 -5.000000000000e-03
6.184462244467e+00 6.247068926194e+00 -5.000000000000e-03
3.098953756672e+00 3.629368609740e+00 -5.000000000000e-03
8.776179305572e-01 3.126771818588e+00 -5.000000000000e-03
4.382650802824e+00 4.196030121903e+00 -5.000000000000e-03
6.155000031868e+00 5.416835718151e+00 -5.000000000000e-03
7.797570427096e-01 5.695581093147e+00 -5.000000000000e-03
5.719289681421e+00 4.214287764685e+00 -5.000000000000e-03
3.795594706893e+00 7.246605010687e-01 -5.000000000000e-03
