2.750170542851e+00 1.030479872677e+00 5.000000000000e-03
3.446151553493e+00 4.705312370396e+00 5.000000000000e-03
2.993462462796e-01 4.289386957875e+00 5.000000000000e-03
1.519870613739e+00 2.008190761702e+00 5.000000000000e-03
1.564537058124e+00 1.352044874935e+00 5.000000000000e-03
3.552726484420e+00 6.234944388646e+00 5.000000000000e-03
8.302751483543e-01 1.627259335917e+00 5.000000000000e-03
3.503756124336e+00 6.978091784836e-01 5.000000000000e-03
6.181358970142e+00 5.996492539414e+00 5.000000000000e-03
2.883106317732e-01 6.052470907068e+00 5.000000000000e-03
9.231500730236e-01 2.245164684375e+00 5.000000000000e-03
5.185999948068e-01 3.195445570729e+00 5.000000000000e-03
5.000815241510e+00 5.051283831874e+00 5.000000000000e-03
3.791869367719e+00 2.522675502479e+00 5.000000000000e-03
1.450863478888e+00 1.128001072330e+00 5.000000000000e-03
2.516579009001e+00 2.631742015891e-01 5.000000000000e-03
4.289758628410e+00 6.167647601147e+00 5.000000000000e-03
3.392625771246e-01 5.242049531908e+00 5.000000000000e-03
1.539607245752e+00 4.241270867020e+00 5.000000000000e-03
4.717589527137e+00 5.036269397546e+00 5.000000000000e-03
2.186053538991e+00 5.441025717086e+00 5.000000000000e-03
5.681474871948e+00 2.809700580014e+00 5.000000000000e-03
2.288594352890e+00 4.469376863906e+00 5.000000000000e-03
2.274425649676e+00 6.020443933293e+00 5.000000000000e-03
2.711312278695e+00 9.674658346423e-01 5.000000000000e-03
5.820018365710e-01 3.344061539205e+00 5.000000000000e-03
1.389418693687e-01 3.544136249469e+00 5.000000000000e-03
5.194763514999e+00 3.062769143236e+00 5.000000000000e-03
6.090328243916e+00 4.423833298706e+00 5.000000000000e-03
5.894591820616e+00 5.081023297400e+00 5.000000000000e-03
1.018042461907e+00 5.001007482420e+00 5.000000000000e-03
1.300161846224e+00 2.348506835360e+00 5.000000000000e-03
4.689388208508e+00 2.316525342176e+00 5.000000000000e-03
1.297396296844e+00 5.728211350666e+00 5.000000000000e-03
2.014946437263e+00 4.279153067372e+00 5.000000000000e-03
2.631490417303e+00 5.068269796785e+00 5.000000000000e-03
1.046946720571e+00 7.529000176827e-01 5.000000000000e-03
3.268063748425e+00 7.706381735853e-01 5.000000000000e-03
3.162617684995e+00 2.104782020175e+00 5.000000000000e-03
2.509002868588e+00 3.435124417851e+00 5.000000000000e-03
3.335324692766e+00 5.960180984239e+00 5.000000000000e-03
1.164954813157e+00 1.320999827925e+00 5.000000000000e-03
5.601568576521e+00 2.529214174905e+00 5.000000000000e-03
4.568572538142e+00 5.552041130225e-01 5.000000000000e-03
2.721103045933e+00 8.890585819550e-01 5.000000000000e-03
6.086648555131e+00 1.345457951379e-01 5.000000000000e-03
5.021545379354e+00 4.239326273604e-01 5.000000000000e-03
1.309271804570e+00 2.545826578963e+00 5.000000000000e-03
3.823958184556e+00 5.560554402268e+00 5.000000000000e-03
2.556295959549e+00 5.659751888645e-01 5.000000000000e-03
5.077103491938e+00 4.544317248190e+00 5.000000000000e-03
2.533411157083e+00 1.169272100715e+00 5.000000000000e-03
3.506307171624e+00 2.234225092782e+00 5.000000000000e-03
1.691591481656e+00 2.918083334549e+00 5.000000000000e-03
7.348810390684e-02 5.242299838407e-01 5.000000000000e-03
2.002688822040e+00 3.107924074621e+00 5.000000000000e-03
5.501031396828e+00 1.934645725271e+00 5.000000000000e-03
2.526966620334e+00 6.479292606740e-01 5.000000000000e-03
4.139813848779e+00 2.706009072066e+00 5.000000000000e-03
2.472856108067e+00 7.961392668480e-01 5.000000000000e-03
5.396266681070e+00 4.099643109716e+00 5.000000000000e-03
5.181337927352e+00 5.910784457481e+00 5.000000000000e-03
3.238383821252e+00 2.446990332375e+00 5.000000000000e-03
5.109862850146e+00 1.199129276090e+00 5.000000000000e-03
5.214622528893e-01 4.638900233293e+00 5.000000000000e-03
2.123681449125e+00 1.120220897279e+00 5.000000000000e-03
4.602900865422e+00 3.402349488014e+00 5.000000000000e-03
3.843968066608e+00 4.847032166245e-01 5.000000000000e-03
1.964905310682e+00 1.524737952893e+00 5.000000000000e-03
1.682333048172e+00 6.233120068606e-01 5.000000000000e-03
5.109670673658e+00 5.289087195630e+00 5.000000000000e-03
7.825470431975e-01 4.241941596099e+00 5.000000000000e-03
3.528019852267e-01 3.917435505305e+00 5.000000000000e-03
5.554974473885e+00 4.685775952048e+00 5.000000000000e-03
2.216149433288e+00 3.853576110821e+00 5.000000000000e-03
5.967175790665e+00 7.629615307083e-01 5.000000000000e-03
4.200815498713e+00 5.821202298264e+00 5.000000000000e-03
1.027328072841e+00 2.858415344059e+00 5.000000000000e-03
1.878136570840e+00 4.837546989982e+00 5.000000000000e-03
1.096127955799e+00 2.459048591543e+00 5.000000000000e-03
2.439648910475e+00 2.011702371280e+00 5.000000000000e-03
1.237450195792e+00 4.931731508233e+00 5.000000000000e-03
3.006725062881e+00 5.944581852739e+00 5.000000000000e-03
9.590124367464e-01 1.673033330379e+00 5.000000000000e-03
4.917811333009e+00 4.188326641073e+00 5.000000000000e-03
1.954066968588e+00 2.298191405646e+00 5.000000000000e-03
3.081720200128e-01 2.448339264713e+00 5.000000000000e-03
1.183926201045e+00 4.864933795470e+00 5.000000000000e-03
3.442596353230e+00 4.841011220803e+00 5.000000000000e-03
3.758493354124e+00 1.846899031572e+00 5.000000000000e-03
3.968945409557e+00 1.469060519896e+00 5.000000000000e-03
3.447295165150e+00 2.996417325747e+00 5.000000000000e-03
4.821462601323e+00 4.892981458101e+00 5.000000000000e-03
7.541318161442e-01 2.153596935102e+00 5.000000000000e-03
5.619757897364e+00 3.696560741727e+00 5.000000000000e-03
1.373811366049e+00 3.840176828641e+00 5.000000000000e-03
1.556383888126e+00 5.251776216965e+00 5.000000000000e-03
4.362823478654e+00 1.734040469294e+00 5.000000000000e-03
2.386188770230e+00 5.936036324843e+00 5.000000000000e-03
2.817112453007e+00 5.501454177731e+00 5.000000000000e-03
2.573829045907e-01 3.381960791055e+00 -5.000000000000e-03
2.947249219968e+00 5.448973073324e-01 -5.000000000000e-03
3.911850658470e+00 5.369873094225e+00 -5.000000000000e-03
2.654579487975e+00 4.644699202619e+00 -5.000000000000e-03
4.553472631265e+00 3.899199346382e+00 -5.000000000000e-03
2.579926851082e+00 6.900717838922e-01 -5.000000000000e-03
5.011947601956e+00 4.208281752775e+00 -5.000000000000e-03
1.242811784115e+00 3.903131559463e+00 -5.000000000000e-03
1.573275255996e-01 1.524033140763e+00 -5.000000000000e-03
9.837914553632e-01 3.624556126201e+00 -5.000000000000e-03
3.356763663579e+00 2.045684575763e-01 -5.000000000000e-03
5.035768468389e+00 4.864423419371e+00 -5.000000000000e-03
3.587512363430e+00 5.872359293795e-01 -5.000000000000e-03
6.021855412364e+00 1.377274548819e+00 -5.000000000000e-03
1.213844555515e+00 3.787292644964e+00 -5.000000000000e-03
4.528621377528e+00 5.236793650348e+00 -5.000000000000e-03
4.163848459117e+00 4.049366221854e+00 -5.000000000000e-03
5.845928768588e+00 4.739659923750e+00 -5.000000000000e-03
4.645336767873e+00 2.932077356036e+00 -5.000000000000e-03
4.184383445069e+00 8.317465507548e-01 -5.000000000000e-03
7.607107862783e-01 6.044780486995e+00 -5.000000000000e-03
5.554707996674e+00 5.205810193823e+00 -5.000000000000e-03
3.212266367583e+00 2.117551981758e+00 -5.000000000000e-03
5.754126226592e+00 1.051278056299e+00 -5.000000000000e-03
5.451634519039e+00 4.968757037161e+00 -5.000000000000e-03
2.080433231417e+00 5.253290429415e-01 -5.000000000000e-03
3.827911505220e+00 4.647428381729e+00 -5.000000000000e-03
7.035906863102e-01 4.309575109476e-01 -5.000000000000e-03
3.740908285805e+00 4.675348410252e+00 -5.000000000000e-03
5.127235679907e+00 5.183465057961e+00 -5.000000000000e-03
4.249811284062e+00 6.205446372739e+00 -5.000000000000e-03
1.646894191692e+00 4.843413312169e+00 -5.000000000000e-03
2.520000335883e-01 3.266686885272e+00 -5.000000000000e-03
2.502701045529e+00 4.848401466288e+00 -5.000000000000e-03
2.801795712712e-01 9.978779586683e-01 -5.000000000000e-03
6.056579248213e+00 4.531563213167e+00 -5.000000000000e-03
3.839121366985e+00 4.311877503661e+00 -5.000000000000e-03
9.541571849730e-01 5.016632020721e+00 -5.000000000000e-03
3.951426908430e+00 4.969265302034e+00 -5.000000000000e-03
2.081771295284e+00 2.635684964769e+00 -5.000000000000e-03
7.875389902164e-01 6.063126212797e+00 -5.000000000000e-03
2.355296423830e+00 4.731435524273e+00 -5.000000000000e-03
1.710398993415e+00 3.203847966668e+00 -5.000000000000e-03
2.607160745298e+00 3.802372466988e+00 -5.000000000000e-03
3.157078809915e+00 2.177646991305e+00 -5.000000000000e-03
3.435807481781e+00 5.792567059240e+00 -5.000000000000e-03
3.423205478236e+00 2.766684722299e+00 -5.000000000000e-03
2.220639679427e+00 6.206002867620e+00 -5.000000000000e-03
2.810174400611e+00 3.679183720905e+00 -5.000000000000e-03
1.017202799420e+00 2.074076538783e-01 -5.000000000000e-03
4.632967633696e-01 4.797292413707e-01 -5.000000000000e-03
4.207718277009e+00 5.465767749683e+00 -5.000000000000e-03
5.014995532022e+00 3.200696507488e+00 -5.000000000000e-03
5.359965195916e+00 1.971730770069e+00 -5.000000000000e-03
5.089443362622e+00 6.214412510457e+00 -5.000000000000e-03
2.926355906472e+00 1.129835207065e+00 -5.000000000000e-03
3.132187316138e+00 4.088331605246e+00 -5.000000000000e-03
3.779808789956e+00 1.947778474971e+00 -5.000000000000e-03
5.246636928840e-01 5.897120942196e+00 -5.000000000000e-03
5.493862963034e+00 5.148841263527e+00 -5.000000000000e-03
1.016183253771e+00 5.293359371672e+00 -5.000000000000e-03
3.121371459867e+00 3.957915409167e+00 -5.000000000000e-03
1.002397068656e+00 2.529339200188e+00 -5.000000000000e-03
1.274400175679e+00 4.649922365074e+00 -5.000000000000e-03
5.389089318957e+00 6.202561530349e+00 -5.000000000000e-03
5.806858573433e+00 7.670046616996e-01 -5.000000000000e-03
4.484099118776e+00 2.628921685793e+00 -5.000000000000e-03
3.037715553917e+00 5.079179128812e+00 -5.000000000000e-03
9.111546031866e-02 2.223737224219e+00 -5.000000000000e-03
4.273370098169e-01 3.531759036608e+00 -5.000000000000e-03
5.260601797602e+00 3.756798130218e-01 -5.000000000000e-03
4.250714841628e-01 4.073093171398e-01 -5.000000000000e-03
4.616143944047e+00 2.969717929262e+00 -5.000000000000e-03
4.813218456269e-01 2.819768353472e+00 -5.000000000000e-03
3.206827133700e+00 3.141929964609e+00 -5.000000000000e-03
4.320943210394e+00 4.336985071525e+00 -5.000000000000e-03
6.119927904974e-01 8.195786388562e-01 -5.000000000000e-03
6.186932913267e+00 4.444522846467e+00 -5.000000000000e-03
4.228490897449e-01 4.496358627944e+00 -5.000000000000e-03
4.733671398194e+00 1.179278636097e+00 -5.000000000000e-03
2.804849198847e+00 5.640032916863e-01 -5.000000000000e-03
1.260372516458e-01 2.427272434367e+00 -5.000000000000e-03
6.563147440042e-01 2.648344607579e+00 -5.000000000000e-03
3.832698349082e+00 5.124527420611e+00 -5.000000000000e-03
6.517207449008e-01 5.116516578279e+00 -5.000000000000e-03
1.119305940866e-01 3.255205715865e+00 -5.000000000000e-03
2.327485507982e+00 4.389566729728e+00 -5.000000000000e-03
5.830052522694e-02 6.039215243889e+00 -5.000000000000e-03
3.283399536196e+00 3.494276996353e-01 -5.000000000000e-03
8.393392637838e-01 6.281673675783e+00 -5.000000000000e-03
5.565490681938e+00 4.493147565382e+00 -5.000000000000e-03
3.400793650395e+00 4.304482246917e-01 -5.000000000000e-03
1.840995057199e+00 7.894108298379e-01 -5.000000000000e-03
4.354109113127e+00 1.315784373585e+00 -5.000000000000e-03
6.587322978947e-01 2.174725941587e+00 -5.000000000000e-03
1.586199030679e+00 1.885379063974e-01 -5.000000000000e-03
4.196996179952e+00 4.264113253243e+00 -5.000000000000e-03
2.819881189843e+00 1.708186925883e+00 -5.000000000000e-03
1.422508042528e+00 2.888417986840e+00 -5.000000000000e-03
6.136643996205e+00 3.246779315356e+00 -5.000000000000e-03
