5.013862888856e+00 6.406916442613e-01 5.000000000000e-03
3.764104931992e+00 3.009685794839e+00 5.000000000000e-03
1.640726978014e+00 3.467981499731e+00 5.000000000000e-03
4.934256907056e+00 2.632918040977e+00 5.000000000000e-03
3.939032647470e+00 5.132658864927e+00 5.000000000000e-03
8.588013012508e-01 3.438929379821e+00 5.000000000000e-03
1.961386893370e+00 1.038763743203e+00 5.000000000000e-03
2.348400654673e+00 4.138895406997e-01 5.000000000000e-03
8.284158298878e-01 4.222038559180e+00 5.000000000000e-03
4.907401934362e+00 1.379073020218e+00 5.000000000000e-03
4.047822411959e+00 3.322050737632e+00 5.000000000000e-03
3.911857391426e+00 5.193044471553e+00 5.000000000000e-03
5.307796409862e+00 2.974116037495e+00 5.000000000000e-03
4.691585128545e+00 1.220934619104e+00 5.000000000000e-03
5.997558735939e+00 2.472497591924e+00 5.000000000000e-03
5.418147753378e+00 3.243200956404e+00 5.000000000000e-03
5.150351521437e-01 6.254101047582e+00 5.000000000000e-03
1.060386282402e+00 5.907451502406e+00 5.000000000000e-03
2.995761177394e+00 5.822935941596e+00 5.000000000000e-03
4.478070126952e+00 5.417652158886e+00 5.000000000000e-03
5.195963384570e-01 2.379076641804e+00 5.000000000000e-03
3.812366274788e+00 5.121785633245e+00 5.000000000000e-03
2.132184027212e+00 3.593639203667e+00 5.000000000000e-03
2.126181406571e+00 5.718241014942e+00 5.000000000000e-03
3.282376584507e+00 4.812178753725e+00 5.000000000000e-03
1.922039516846e+00 1.020731156783e+00 5.000000000000e-03
1.866784608657e+00 6.095916195047e+00 5.000000000000e-03
2.152767544791e+00 2.865227371102e+00 5.000000000000e-03
5.820014592373e+00 4.579014445130e+00 5.000000000000e-03
2.675930371635e+00 3.362996994690e+00 5.000000000000e-03
3.713652858672e+00 4.999016974168e+00 5.000000000000e-03
3.590389120871e+00 2.734281053561e-01 5.000000000000e-03
2.498645610894e+00 6.201967142113e+00 5.000000000000e-03
1.903536794978e-01 6.192311109587e+00 5.000000000000e-03
2.467827599892e+00 5.285922436988e+00 5.000000000000e-03
2.253488404334e-01 5.688240526638e+00 5.000000000000e-03
4.890220932864e+00 4.369747906402e+00 5.000000000000e-03
2.702064072139e+00 3.085778779161e-01 5.000000000000e-03
5.549018112062e+00 4.857159466736e+00 5.000000000000e-03
6.108593226069e+00 8.057534517214e-01 5.000000000000e-03
4.531478503415e+00 8.914071810356e-01 5.000000000000e-03
4.930320443321e+00 5.248821029876e+00 5.000000000000e-03
1.062243845223e+00 3.263847655374e+00 5.000000000000e-03
5.612950110409e+00 4.807454037335e+00 5.000000000000e-03
7.228253354260e-01 5.366834305488e+00 5.000000000000e-03
2.696317292478e+00 3.856190992931e+00 5.000000000000e-03
2.580998662106e+00 3.252584267528e+00 5.000000000000e-03
5.286983534501e+00 4.379144145609e+00 5.000000000000e-03
2.841670772990e+00 3.849604963459e+00 5.000000000000e-03
2.612421047498e+00 1.239288905732e+00 5.000000000000e-03
1.440574189536e+00 3.771854340393e-01 5.000000000000e-03
5.923351910523e+00 2.498128249791e+00 5.000000000000e-03
4.293509045552e+00 3.257858267997e-01 5.000000000000e-03
8.777979586428e-01 3.804906775711e+00 5.000000000000e-03
3.095537410066e+00 4.381414087658e-02 5.000000000000e-03
1.244367558196e+00 4.911454841978e+00 5.000000000000e-03
6.238538403926e+00 5.302129929742e+00 5.000000000000e-03
4.171256131377e+00 2.110752540646e+00 5.000000000000e-03
3.346975344144e+00 7.470627454439e-01 5.000000000000e-03
8.601792647511e-01 6.040648686758e+00 5.000000000000e-03
6.085625252004e+00 5.978996378234e+00 5.000000000000e-03
1.129348233260e+00 4.069873548267e+00 5.000000000000e-03
5.109524292559e+00 2.100821449230e+00 5.000000000000e-03
4.148265729527e+00 6.362968009649e-01 5.000000000000e-03
6.090348022136e+00 5.639900188927e-01 5.000000000000e-03
2.466225745669e-01 6.266295155052e+00 5.000000000000e-03
3.342479808049e+00 3.780643113460e+00 5.000000000000e-03
4.012267382627e+00 5.331839162580e+00 5.000000000000e-03
3.175536822540e-01 9.018737443982e-01 5.000000000000e-03
3.750001222158e+00 4.908411644486e+00 5.000000000000e-03
2.131019017925e+00 2.326457023877e+00 5.000000000000e-03
2.869875193983e+00 1.112403235320e+00 5.000000000000e-03
5.835998810420e+00 2.293024913693e+00 5.000000000000e-03
1.109607492361e+00 1.434519396125e+00 5.000000000000e-03
2.351132967670e+00 5.722335372892e+00 5.000000000000e-03
1.467469719238e+00 5.228571775778e+00 5.000000000000e-03
6.040685980952e+00 6.236772643491e+00 5.000000000000e-03
5.451238045030e+00 3.989444479328e-01 5.000000000000e-03
3.468010592094e+00 6.165005616496e+00 5.000000000000e-03
4.951069994739e+00 3.931049601810e+00 5.000000000000e-03
6.619297750608e-01 5.734647968667e+00 5.000000000000e-03
5.306324100133e-01 4.958281830858e+00 5.000000000000e-03
1.626723980241e+00 5.383907848403e-02 5.000000000000e-03
3.554089326791e+00 4.937161989960e+00 5.000000000000e-03
1.764283964770e+00 2.000920647789e+00 5.000000000000e-03
1.205949214018e+00 6.026643938752e+00 5.000000000000e-03
3.404810133292e+00 4.460779260817e+00 5.000000000000e-03
3.475334442936e-01 3.850371585323e+00 5.000000000000e-03
2.094813117095e+00 3.017292099636e+00 5.000000000000e-03
3.997114895570e+00 3.602394304568e+00 5.000000000000e-03
7.251901868713e-01 4.249691701482e+00 5.000000000000e-03
1.802344709136e+00 2.934253977684e+00 5.000000000000e-03
2.688685934628e+00 1.746797907069e+00 5.000000000000e-03
2.742580338405e+00 4.175367477253e+00 5.000000000000e-03
6.165181434523e+00 3.442456452257e+00 5.000000000000e-03
2.106134799010e+00 3.103031299152e+00 5.000000000000e-03
1.834237403472e-01 4.490058104597e-01 5.000000000000e-03
3.268467305007e-01 3.073311064564e+00 5.000000000000e-03
2.402308803780e+00 5.956852637743e+00 5.000000000000e-03
5.554188827231e+00 1.646533898666e+00 5.000000000000e-03
7.542748427080e-01 2.601082421390e-01 -5.000000000000e-03
8.710151135906e-01 4.921994802949e+00 -5.000000000000e-03
1.796792414458e+00 5.496187304691e+00 -5.000000000000e-03
6.154001308650e+00 1.156343834177e-01 -5.000000000000e-03
1.163912895001e+00 1.828825482890e+00 -5.000000000000e-03
5.366218873838e+00 5.449900572001e+00 -5.000000000000e-03
3.808857110692e+00 6.273029555994e+00 -5.000000000000e-03
1.314376030380e+00 5.448986313458e+00 -5.000000000000e-03
8.652287971414e-01 1.370087211217e-01 -5.000000000000e-03
2.967414291322e+00 2.971325549606e-01 -5.000000000000e-03
4.668995457844e+00 6.069353178926e+00 -5.000000000000e-03
3.370193409366e+00 6.177600664276e-01 -5.000000000000e-03
2.008320601028e+00 6.251814783822e+00 -5.000000000000e-03
5.861404709959e+00 5.950682423929e+00 -5.000000000000e-03
1.679593638189e-01 6.212487124839e+00 -5.000000000000e-03
1.067027479259e+00 1.060889205152e+00 -5.000000000000e-03
1.956617998916e-01 4.046670076956e+00 -5.000000000000e-03
9.565982659494e-01 6.164538662714e+00 -5.000000000000e-03
4.787660113030e+00 3.863708051115e+00 -5.000000000000e-03
4.093217046720e-01 2.570745507700e+00 -5.000000000000e-03
4.917441594637e+00 5.602319909063e-01 -5.000000000000e-03
1.438174589754e+00 1.686710434836e+00 -5.000000000000e-03
3.114831785062e+00 3.596515449804e+00 -5.000000000000e-03
3.827998248672e+00 1.830748643868e+00 -5.000000000000e-03
1.194185906519e+00 6.110107060069e+00 -5.000000000000e-03
4.465657431474e+00 5.914129075927e+00 -5.000000000000e-03
9.011267717926e-01 5.683442107190e+00 -5.000000000000e-03
4.846795721498e+00 5.327382841169e+00 -5.000000000000e-03
5.921089275773e+00 1.865750566868e+00 -5.000000000000e-03
1.467598806628e+00 5.981594543574e+00 -5.000000000000e-03
4.032326364215e+00 1.727104273561e+00 -5.000000000000e-03
4.749694183755e+00 2.962285187091e-01 -5.000000000000e-03
2.590386904118e+00 7.742468326412e-01 -5.000000000000e-03
1.000811717158e+00 2.689383076863e+00 -5.000000000000e-03
3.789822871921e-01 5.939664196638e+00 -5.000000000000e-03
5.067390522869e-01 2.262689121942e+00 -5.000000000000e-03
4.145998871110e+00 5.899527213817e+00 -5.000000000000e-03
4.831038430381e+00 3.704583008058e-01 -5.000000000000e-03
4.298262862025e+00 3.531130282516e+00 -5.000000000000e-03
3.320643987366e+00 5.165550595055e+00 -5.000000000000e-03
4.886840014222e+00 5.638669619226e-01 -5.000000000000e-03
2.869912154629e+00 5.056120563088e+00 -5.000000000000e-03
6.007586599670e-01 3.604244386569e+00 -5.000000000000e-03
3.116414487494e+00 1.876748838525e+00 -5.000000000000e-03
5.910462380118e+00 1.833829396053e+00 -5.000000000000e-03
1.512572877895e+00 1.934785484683e+00 -5.000000000000e-03
5.175636223681e+00 2.792605544593e+00 -5.000000000000e-03
5.410612829403e+00 2.202299617118e+00 -5.000000000000e-03
4.989189472260e+00 2.042909789748e+00 -5.000000000000e-03
4.857892230846e-01 5.918733134497e+00 -5.000000000000e-03
4.032012552855e+00 2.335669796950e+00 -5.000000000000e-03
2.043738354160e+00 6.588202859927e-01 -5.000000000000e-03
1.478464905180e+00 4.205268223780e+00 -5.000000000000e-03
5.766321555832e+00 1.979167640773e+00 -5.000000000000e-03
2.132930921935e+00 6.157920213431e+00 -5.000000000000e-03
1.343658014273e+00 2.907629672066e+00 -5.000000000000e-03
5.316124926849e+00 3.735753172505e+00 -5.000000000000e-03
3.663170450125e+00 5.498020202794e+00 -5.000000000000e-03
3.542566658748e-01 5.746669792499e+00 -5.000000000000e-03
3.618799207475e+00 4.038750917153e+00 -5.000000000000e-03
9.180548142315e-01 1.289660447443e+00 -5.000000000000e-03
5.692815338942e+00 2.932522400275e+00 -5.000000000000e-03
2.649055626133e+00 2.740833281750e+00 -5.000000000000e-03
1.960897420490e+00 1.420184271164e+00 -5.000000000000e-03
5.465022755406e+00 5.959972520845e+00 -5.000000000000e-03
6.146335486054e+00 3.960370633037e+00 -5.000000000000e-03
1.743852737480e+00 7.728565632592e-01 -5.000000000000e-03
1.601995394151e+00 3.020786971090e-01 -5.000000000000e-03
5.555116488340e+00 5.551978146910e-01 -5.000000000000e-03
3.134337405326e+00 2.494847313739e-01 -5.000000000000e-03
3.536805981805e+00 9.524098449797e-01 -5.000000000000e-03
4.034611770613e+00 6.242976446460e+00 -5.000000000000e-03
2.446750186785e+00 2.917110044182e+00 -5.000000000000e-03
1.480600468113e+00 1.989678688638e+00 -5.000000000000e-03
3.642523742107e-01 1.189975333203e+00 -5.000000000000e-03
3.740505348803e+00 5.397575605002e+00 -5.000000000000e-03
2.366184793022e+00 5.444488343108e+00 -5.000000000000e-03
5.168297612515e+00 4.316967406664e-01 -5.000000000000e-03
3.608216901467e+00 2.175437956357e-01 -5.000000000000e-03
1.460226269071e+00 3.830056241744e+00 -5.000000000000e-03
3.145229494546e-01 1.692876723063e+00 -5.000000000000e-03
6.128378121360e+00 6.021733194662e+00 -5.000000000000e-03
7.425578021302e-02 2.209020079436e+00 -5.000000000000e-03
1.696847582118e+00 3.791196934682e+00 -5.000000000000e-03
4.964803676470e+00 8.438054802781e-01 -5.000000000000e-03
3.739915714443e+00 2.965951173692e+00 -5.000000000000e-03
2.709447232750e+00 2.927700121876e+00 -5.000000000000e-03
4.967028080288e+00 4.180030576780e+00 -5.000000000000e-03
5.702976003638e+00 6.068664448295e+00 -5.000000000000e-03
2.494149421236e-01 3.471281266836e+00 -5.000000000000e-03
6.122563263547e+00 1.228460968583e+00 -5.000000000000e-03
3.652233917657e+00 1.766538104302e+00 -5.000000000000e-03
1.681728096724e+00 4.689447364552e+00 -5.000000000000e-03
1.568633358383e+00 2.702495420721e+00 -5.000000000000e-03
3.182591059519e+00 1.734645871454e+00 -5.000000000000e-03
8.490883563067e-01 4.570643542658e-01 -5.000000000000e-03
2.400810018745e+00 3.619620710231e+00 -5.000000000000e-03
3.877692669077e+00 2.348721619450e+00 -5.000000000000e-03
1.270313935145e+00 2.777260238697e+00 -5.000000000000e-03
3.157967187482e+00 6.025146775898e+00 -5.000000000000e-03
