1.533552390840e+00 3.438884245207e+00 5.000000000000e-03
2.536644129851e+00 2.152406501095e+00 5.000000000000e-03
6.057099851802e+00 5.623411178511e+00 5.000000000000e-03
3.705177864893e+00 3.737662819916e+00 5.000000000000e-03
9.330603771304e-01 2.891778598182e+00 5.000000000000e-03
4.333960628489e+00 5.106459861042e+00 5.000000000000e-03
4.117899842987e+00 4.213408759621e+00 5.000000000000e-03
4.435162803056e+00 3.326501307707e+00 5.000000000000e-03
2.005325758389e+00 3.885814028970e+00 5.000000000000e-03
4.700068603744e+00 5.881432892822e+00 5.000000000000e-03
3.560573949325e+00 3.840217722481e+00 5.000000000000e-03
2.099114981414e+00 3.979615022183e+00 5.000000000000e-03
5.770701150718e+00 1.858011623567e+00 5.000000000000e-03
2.718549608736e-01 1.095246396974e+00 5.000000000000e-03
5.131232429967e+00 5.425582855952e+00 5.000000000000e-03
1.393800803527e+00 1.670233897326e+00 5.000000000000e-03
3.779401732032e+00 3.312841958793e+00 5.000000000000e-03
5.123613768637e+00 3.806902478191e+00 5.000000000000e-03
9.528885409311e-01 1.826746144134e+00 5.000000000000e-03
2.389279572302e-01 2.410036420404e+00 5.000000000000e-03
3.081162324810e+00 2.853469419196e+00 5.000000000000e-03
4.330191453814e+00 9.466813944753e-01 5.000000000000e-03
3.938486301578e+00 3.887434130105e-01 5.000000000000e-03
5.794637163200e+00 2.289304988427e+00 5.000000000000e-03
2.802482424009e+00 9.264508961051e-01 5.000000000000e-03
3.995384619600e+00 4.565468091601e+00 5.000000000000e-03
4.904340245833e+00 1.639141601306e+00 5.000000000000e-03
3.489142330479e-01 5.496051284064e+00 5.000000000000e-03
5.256409582567e+00 1.414998660777e+00 5.000000000000e-03
3.581847027625e-01 1.742566722770e+00 5.000000000000e-03
5.243599578628e+00 5.836989885135e+00 5.000000000000e-03
7.921326000677e-01 5.208548505753e+00 5.000000000000e-03
2.806369265551e+00 3.178020719714e+00 5.000000000000e-03
5.328902283956e+00 4.136311994026e+00 5.000000000000e-03
5.889248402069e-01 1.358684896944e+00 5.000000000000e-03
2.638861733461e+00 2.022339839021e+00 5.000000000000e-03
3.371901811708e+00 4.783035563566e+00 5.000000000000e-03
4.577466782745e-01 1.524577289640e+00 5.000000000000e-03
2.988608474868e+00 2.071399024622e+00 5.000000000000e-03
3.874608115771e+00 5.666768736853e+00 5.000000000000e-03
2.970445886179e+00 7.688724064933e-01 5.000000000000e-03
3.734537548690e+00 1.718881827308e+00 5.000000000000e-03
5.923912514041e+00 1.634222074396e+00 5.000000000000e-03
4.788498584054e+00 1.003409451133e+00 5.000000000000e-03
3.335265982359e-01 3.806130708349e+00 5.000000000000e-03
3.532720048531e+00 4.643435501936e+00 5.000000000000e-03
2.901088589818e-01 2.519192259359e+00 5.000000000000e-03
4.926964319461e+00 1.253499753567e+00 5.000000000000e-03
3.861066118435e+00 9.027254033191e-01 5.000000000000e-03
2.984640612839e+00 3.296639993636e+00 5.000000000000e-03
2.043175224206e+00 5.311818244427e+00 5.000000000000e-03
4.178920917560e+00 2.648758590536e+00 5.000000000000e-03
9.065564550227e-01 5.138062167590e+00 5.000000000000e-03
6.118613509727e+00 5.374454070769e+00 5.000000000000e-03
1.508259927830e-01 1.809985137663e+00 5.000000000000e-03
2.247768185496e+00 3.566928266790e+00 5.000000000000e-03
6.130757793993e+00 3.456206618074e+00 5.000000000000e-03
4.938140880520e+00 5.891319044923e-01 5.000000000000e-03
1.478184666822e+00 1.238997984649e+00 5.000000000000e-03
1.387304497652e+00 2.566707172115e+00 5.000000000000e-03
3.985119256604e+00 4.952732335084e+00 5.000000000000e-03
8.087630200761e-01 1.052708785221e+00 5.000000000000e-03
2.421649023636e+00 5.461116293925e+00 5.000000000000e-03
5.671471289919e+00 3.877123947091e-01 5.000000000000e-03
2.017055851992e+00 2.607197892453e+00 5.000000000000e-03
1.960624447624e-01 3.247876837644e+00 5.000000000000e-03
1.720191710673e+00 4.354792422522e+00 5.000000000000e-03
6.230294097876e+00 3.094678884171e+00 5.000000000000e-03
2.628942622914e+00 1.583756691934e+00 5.000000000000e-03
3.172943902078e+00 5.863771744248e+00 5.000000000000e-03
3.980754873792e+00 3.379118253203e+00 5.000000000000e-03
6.010349182616e+00 3.216282639813e+00 5.000000000000e-03
2.867071062255e+00 2.934548787336e+00 5.000000000000e-03
6.239155222926e+00 1.100925039406e+00 5.000000000000e-03
9.322291471901e-01 3.155994222819e+00 5.000000000000e-03
2.044062104099e+00 5.392141966946e+00 5.000000000000e-03
5.692748342661e+00 7.824808880919e-01 5.000000000000e-03
2.147745214025e+00 4.189231277786e-01 5.000000000000e-03
4.002963406948e+00 2.471445694762e+00 5.000000000000e-03
2.855211566892e+00 3.184889103656e+00 5.000000000000e-03
5.657298724290e+00 3.302376336587e+00 5.000000000000e-03
3.019779287295e+00 3.412411345716e+00 5.000000000000e-03
2.730604123274e+00 2.137276044988e+00 5.000000000000e-03
5.886514491025e+00 3.936414095965e+00 5.000000000000e-03
3.943247677691e+00 1.830465101064e-01 5.000000000000e-03
5.496917439977e+00 2.870123104903e+00 5.000000000000e-03
1.812224445847e+00 3.325391668004e+00 5.000000000000e-03
1.581659552260e+00 5.675527691964e+00 5.000000000000e-03
1.720818630158e+00 2.681201180766e+00 5.000000000000e-03
1.459524562394e+00 2.208863534782e+00 5.000000000000e-03
3.281429590384e-01 5.687581052494e-01 5.000000000000e-03
1.363303757890e+00 4.595270738667e+00 5.000000000000e-03
2.920951052932e+00 3.911957089389e+00 5.000000000000e-03
4.363916946968e+00 1.037647431991e+00 5.000000000000e-03
2.249950852941e-01 4.107714492351e+00 5.000000000000e-03
6.920649088259e-01 1.176353233067e+00 5.000000000000e-03
2.982614107521e+00 3.130430168736e+00 5.000000000000e-03
1.803236457616e+00 6.779187208822e-01 5.000000000000e-03
2.658367567195e+00 1.131773174222e+00 5.000000000000e-03
4.230337244872e+00 3.572888887836e-01 5.000000000000e-03
5.018423037552e+00 5.852164428033e-01 -5.000000000000e-03
3.080589839406e+00 2.507955207990e+00 -5.000000000000e-03
4.235089355312e+00 2.781780581571e+00 -5.000000000000e-03
4.477757998520e+00 2.729217947775e+00 -5.000000000000e-03
4.557089739127e+00 2.401352766586e+00 -5.000000000000e-03
4.825375126700e+00 1.774477999926e+00 -5.000000000000e-03
4.116589069054e+00 2.484809285734e+00 -5.000000000000e-03
6.209704032116e+00 5.514479246555e+00 -5.000000000000e-03
1.173433700898e+00 5.745337785968e+00 -5.000000000000e-03
3.772292358389e+00 1.835305951412e+00 -5.000000000000e-03
2.085810818641e+00 4.871593597575e+00 -5.000000000000e-03
1.459518460211e+00 1.679217299004e+00 -5.000000000000e-03
1.355984823005e+00 4.568966507926e+00 -5.000000000000e-03
2.750158033839e+00 7.615545126873e-01 -5.000000000000e-03
5.691046811237e+00 7.216833056527e-01 -5.000000000000e-03
3.719336752437e+00 3.679804612834e+00 -5.000000000000e-03
3.201508307210e-01 2.467069377346e+00 -5.000000000000e-03
7.328484754200e-01 1.206687262824e-01 -5.000000000000e-03
2.696134989092e+00 4.182331833510e+00 -5.000000000000e-03
1.367197382129e+00 8.706640895651e-01 -5.000000000000e-03
1.242206426006e+00 5.230824041711e+00 -5.000000000000e-03
1.678076919515e-01 4.048550519234e+00 -5.000000000000e-03
5.676495686320e+00 1.225277083262e+00 -5.000000000000e-03
3.802474329835e+00 2.771503635935e-01 -5.000000000000e-03
1.036770832899e+00 9.354348051046e-01 -5.000000000000e-03
5.008755453186e+00 2.675797703187e+00 -5.000000000000e-03
4.051133145084e+00 6.235872396616e+00 -5.000000000000e-03
5.174105432169e+00 2.654512041127e+00 -5.000000000000e-03
4.065704425892e+00 6.209160277835e+00 -5.000000000000e-03
5.607236299907e+00 1.906636895606e+00 -5.000000000000e-03
5.650052701549e+00 1.751043504893e-01 -5.000000000000e-03
3.480815192183e+00 4.816857339603e+00 -5.000000000000e-03
1.482227653030e+00 3.794596737156e+00 -5.000000000000e-03
3.902039977306e+00 5.060477050100e+00 -5.000000000000e-03
2.445878203372e+00 3.074781405447e+00 -5.000000000000e-03
2.380660526805e-01 6.016213406294e+00 -5.000000000000e-03
4.576291883867e+00 6.040973609156e+00 -5.000000000000e-03
5.732636737758e+00 3.351114195176e+00 -5.000000000000e-03
4.334089047710e+00 6.995445142753e-01 -5.000000000000e-03
2.654184264905e+00 4.515061783440e+00 -5.000000000000e-03
4.779171059592e+00 2.221080518729e+00 -5.000000000000e-03
2.004526941400e+00 4.911006135287e+00 -5.000000000000e-03
1.793670243230e+00 3.895014618846e-02 -5.000000000000e-03
4.099498509656e+00 4.977422661991e+00 -5.000000000000e-03
9.918338072459e-01 5.898699760941e+00 -5.000000000000e-03
3.470340581463e+00 3.051041778442e+00 -5.000000000000e-03
3.430550265299e+00 4.830893533447e+00 -5.000000000000e-03
3.817964749630e+00 2.865609371178e+00 -5.000000000000e-03
5.150667585122e+00 3.561898997354e+00 -5.000000000000e-03
4.712763799411e+00 6.195766769926e+00 -5.000000000000e-03
2.095919625562e+00 3.243563080652e-03 -5.000000000000e-03
3.229219339068e+00 1.375116087680e+00 -5.000000000000e-03
2.718697341381e+00 9.369764196663e-01 -5.000000000000e-03
4.671028756228e+00 1.944223020870e+00 -5.000000000000e-03
2.819670143056e+00 4.757644427677e+00 -5.000000000000e-03
4.298951015111e+00 3.866869897401e+00 -5.000000000000e-03
4.799604229331e+00 5.431643634591e+00 -5.000000000000e-03
2.807373249518e+00 3.795076119368e+00 -5.000000000000e-03
5.693930100717e-01 3.621963588419e+00 -5.000000000000e-03
2.874453071986e-01 3.641879630785e+00 -5.000000000000e-03
5.101171637183e+00 4.419071205509e+00 -5.000000000000e-03
2.845757443428e+00 2.097125633293e+00 -5.000000000000e-03
3.497149663649e-01 6.005226698531e+00 -5.000000000000e-03
1.069201548870e+00 6.047087652038e+00 -5.000000000000e-03
5.052823105314e+00 5.748280037984e+00 -5.000000000000e-03
8.344020016338e-01 1.410138737270e+00 -5.000000000000e-03
3.405508922399e+00 3.588336161322e+00 -5.000000000000e-03
4.858397595662e+00 6.350483435729e-01 -5.000000000000e-03
3.242739479010e+00 1.688192180792e-01 -5.000000000000e-03
3.867773478014e+00 6.234486077903e+00 -5.000000000000e-03
1.436611250191e+00 4.830689770308e+00 -5.000000000000e-03
2.764704160487e-01 3.116190797555e+00 -5.000000000000e-03
5.865800042168e+00 2.563266276583e+00 -5.000000000000e-03
1.872582433296e+00 5.213319423355e+00 -5.000000000000e-03
4.936690743983e-01 2.418488973323e+00 -5.000000000000e-03
4.490606528788e-01 5.432204349695e+00 -5.000000000000e-03
1.695909845027e+00 5.866648014006e+00 -5.000000000000e-03
3.695649280006e+00 5.511330322790e+00 -5.000000000000e-03
8.042019392441e-01 4.475569664183e+00 -5.000000000000e-03
1.020903032408e+00 3.748021463932e+00 -5.000000000000e-03
1.230561144930e+00 4.767778989999e+00 -5.000000000000e-03
3.009799163987e-01 1.523478447359e+00 -5.000000000000e-03
3.282579140645e+00 3.707689032870e+00 -5.000000000000e-03
5.643222526899e+00 4.201567925305e-01 -5.000000000000e-03
5.040229876205e-01 4.656477133746e+00 -5.000000000000e-03
2.859891418062e+00 4.282923228934e+00 -5.000000000000e-03
9.243179329360e-01 2.972461243388e+00 -5.000000000000e-03
1.927030887523e+00 2.910470338370e-01 -5.000000000000e-03
3.376992178367e+00 1.011963605530e+00 -5.000000000000e-03
4.958860872838e+00 3.453353213837e+00 -5.000000000000e-03
2.171824713250e+00 4.275428485603e+00 -5.000000000000e-03
2.232436245074e-01 5.914177889765e+00 -5.000000000000e-03
1.804363076522e+00 2.838510158220e+00 -5.000000000000e-03
1.238227497746e+00 5.401555768728e+00 -5.000000000000e-03
9.980320299767e-01 3.336817373556e+00 -5.000000000000e-03
8.595680190488e-01 2.053424877218e+00 -5.000000000000e-03
6.218070190532e-01 2.749267961646e-01 -5.000000000000e-03
1.642179152585e+00 1.019373118419e+00 -5.000000000000e-03
3.946590860264e+00 3.736015416684e+00 -5.000000000000e-03
4.736935122440e+00 3.143187489334e+00 -5.000000000000e-03
