4.605590810663e+00 5.618294487023e+00 5.000000000000e-03
3.263883326115e+00 1.377758804259e+00 5.000000000000e-03
6.023006422150e+00 5.208750400500e+00 5.000000000000e-03
5.186534316867e+00 2.449467485491e+00 5.000000000000e-03
4.882328369802e+00 2.299635070775e+00 5.000000000000e-03
4.992488116018e+00 2.164659598601e+00 5.000000000000e-03
1.018796611247e+00 3.947380607396e+00 5.000000000000e-03
5.305516791833e+00 5.257846667399e+00 5.000000000000e-03
6.224243024406e+00 6.141460588966e+00 5.000000000000e-03
3.405727330079e+00 5.022932345289e+00 5.000000000000e-03
8.215869488950e-01 5.687954184364e+00 5.000000000000e-03
3.596119608666e+00 1.391142052408e+00 5.000000000000e-03
5.942461053633e+00 1.016477234825e+00 5.000000000000e-03
6.108211325215e+00 3.758197895676e+00 5.000000000000e-03
1.077187406223e+00 1.921717977247e-01 5.000000000000e-03
3.783094272180e+00 4.784343469699e+00 5.000000000000e-03
5.720518317995e+00 3.785328634131e+00 5.000000000000e-03
1.473489784774e+00 3.683917254392e+00 5.000000000000e-03
2.336377421505e+00 1.954707724872e+00 5.000000000000e-03
3.370254875699e+00 2.544944681881e+00 5.000000000000e-03
9.251046982823e-02 1.969970498542e+00 5.000000000000e-03
1.683231833751e+00 1.148203094333e+00 5.000000000000e-03
1.488708016860e+00 2.529166389664e+00 5.000000000000e-03
2.391195257968e+00 2.707135286125e-01 5.000000000000e-03
5.310046711759e-01 5.299811612800e+00 5.000000000000e-03
4.502879226533e+00 3.027280406698e+00 5.000000000000e-03
7.815168115936e-01 2.955642810178e+00 5.000000000000e-03
4.650966908123e+00 5.185772160070e+00 5.000000000000e-03
1.867095392616e-01 5.218589185104e+00 5.000000000000e-03
1.050279397657e+00 5.770846558652e+00 5.000000000000e-03
2.844029308341e+00 6.653526363443e-01 5.000000000000e-03
2.833930333427e+00 2.237673194202e+00 5.000000000000e-03
5.808349013763e-01 1.778013405649e+00 5.000000000000e-03
5.326915877589e+00 4.990451279447e+00 5.000000000000e-03
2.806609832988e+00 3.475910679384e+00 5.000000000000e-03
5.252620021162e+00 1.336542356593e+00 5.000000000000e-03
1.224866802968e+00 4.145074780288e+00 5.000000000000e-03
9.059636667140e-01 9.222402976159e-02 5.000000000000e-03
3.794844662752e-01 1.198677480236e-01 5.000000000000e-03
5.592373691604e+00 3.001763551643e+00 5.000000000000e-03
4.272310756069e+00 1.170469038338e+00 5.000000000000e-03
1.044811454685e+00 2.886454502976e-01 5.000000000000e-03
5.284320814078e+00 4.946175517334e+00 5.000000000000e-03
2.225593191092e+00 4.527947748095e+00 5.000000000000e-03
2.078572575693e+00 3.014893825798e+00 5.000000000000e-03
3.721565990304e+00 1.852638996291e+00 5.000000000000e-03
5.482944954909e+00 3.116975946637e+00 5.000000000000e-03
6.428467008597e-01 5.341665100322e+00 5.000000000000e-03
9.881316144859e-01 6.367879817509e-01 5.000000000000e-03
6.629539497195e-01 9.612150866279e-01 5.000000000000e-03
7.056530160280e-01 9.786457239503e-01 5.000000000000e-03
1.678789384679e+00 3.808668994184e+00 5.000000000000e-03
3.594019184009e-01 4.494751510517e+00 5.000000000000e-03
3.918537745152e+00 2.193471874924e+00 5.000000000000e-03
5.140603312897e+00 3.401894644585e+00 5.000000000000e-03
5.993886121678e+00 4.887714978875e+00 5.000000000000e-03
4.416045038159e+00 1.881319365516e+00 5.000000000000e-03
4.251359086096e+00 2.304192809755e+00 5.000000000000e-03
4.976737854988e+00 7.815963978409e-01 5.000000000000e-03
6.183666635864e+00 4.011252583503e+00 5.000000000000e-03
5.444503327422e+00 4.751085114359e+00 5.000000000000e-03
4.551718373787e+00 5.551105533888e+00 5.000000000000e-03
3.291466961690e+00 5.223664518148e+00 5.000000000000e-03
5.268242837209e+00 4.175765663844e+00 5.000000000000e-03
4.765663191299e+00 8.451125140503e-01 5.000000000000e-03
2.097801026260e+00 3.221292354036e+00 5.000000000000e-03
5.937920108751e+00 5.818743469698e+00 5.000000000000e-03
6.214771611517e+00 4.767056073903e+00 5.000000000000e-03
1.378419680562e+00 5.474219174705e+00 5.000000000000e-03
5.835411651079e+00 2.505221790737e+00 5.000000000000e-03
1.559270982501e+00 5.624094018637e+00 5.000000000000e-03
1.750620161408e+00 2.158229739178e+00 5.000000000000e-03
3.983472835157e+00 2.653513214917e+00 5.000000000000e-03
5.487318409515e+00 7.340820430087e-01 5.000000000000e-03
2.394960531864e+00 4.174335627239e+00 5.000000000000e-03
7.007874152728e-01 3.137431874191e+00 5.000000000000e-03
4.986620731367e-01 9.842972061227e-01 5.000000000000e-03
5.889594423094e+00 2.638991153065e+00 5.000000000000e-03
2.671406974910e+00 1.553485668452e-01 5.000000000000e-03
1.131065795990e+00 4.564475818999e+00 5.000000000000e-03
8.590947583064e-01 5.600214781362e+00 5.000000000000e-03
1.551277422957e-01 2.766239607193e+00 5.000000000000e-03
3.484188747210e+00 1.406064595232e+00 5.000000000000e-03
2.213860758160e+00 5.750075290764e+00 5.000000000000e-03
5.337718255650e+00 1.099595876970e+00 5.000000000000e-03
1.439524057114e+00 2.430570864753e+00 5.000000000000e-03
3.338666362892e+00 5.003254833411e+00 5.000000000000e-03
1.401080578635e+00 5.685923108253e+00 5.000000000000e-03
9.491335033997e-01 3.231328136481e+00 5.000000000000e-03
1.844139830770e+00 6.555115744131e-01 5.000000000000e-03
2.726473525504e+00 3.384423536580e+00 5.000000000000e-03
6.058752289211e+00 1.566614566425e+00 5.000000000000e-03
6.119670780558e+00 1.892402575751e+00 5.000000000000e-03
2.199343955529e+00 4.264923548599e+00 5.000000000000e-03
5.428628805956e+00 4.596860109769e+00 5.000000000000e-03
5.959997444700e-01 5.548739273546e+00 5.000000000000e-03
5.914213947506e+00 7.230947187166e-01 5.000000000000e-03
1.433102685183e+00 2.568356469619e+00 5.000000000000e-03
4.896352644321e+00 3.736334885024e+00 5.000000000000e-03
4.545748287803e+00 5.008513409118e+00 5.000000000000e-03
4.680525738583e+00 2.406570351631e+00 -5.000000000000e-03
1.439170220762e+00 3.118755035766e+00 -5.000000000000e-03
4.423677983124e+00 4.346398562963e+00 -5.000000000000e-03
5.837543317660e+00 5.614007694347e+00 -5.000000000000e-03
5.354213953542e+00 5.030526099152e+00 -5.000000000000e-03
5.702519354244e+00 9.324642745387e-01 -5.000000000000e-03
1.993937120480e-01 2.517431739872e+00 -5.000000000000e-03
5.150098180637e+00 6.240253971166e+00 -5.000000000000e-03
1.821467290804e+00 1.961550970646e+00 -5.000000000000e-03
2.597537902342e+00 2.323586926523e-01 -5.000000000000e-03
2.976549519888e+00 9.288153158694e-01 -5.000000000000e-03
5.421309493253e+00 4.547421409649e+00 -5.000000000000e-03
4.857890024746e+00 3.765710307097e+00 -5.000000000000e-03
1.479749780312e+00 4.816707493557e+00 -5.000000000000e-03
9.350889104164e-01 5.175830623889e+00 -5.000000000000e-03
4.088827716663e+00 6.781992555240e-01 -5.000000000000e-03
5.036323420115e+00 7.563291015027e-01 -5.000000000000e-03
2.786596637299e+00 3.549248208045e+00 -5.000000000000e-03
2.039860969910e-01 1.976413915432e+00 -5.000000000000e-03
6.026653575738e-01 6.613353530696e-01 -5.000000000000e-03
5.522583718923e+00 8.208293539023e-01 -5.000000000000e-03
5.634843170548e+00 5.337809218544e+00 -5.000000000000e-03
5.238579063809e+00 3.772747526232e-02 -5.000000000000e-03
5.265216032057e+00 3.691848183150e+00 -5.000000000000e-03
4.139022412252e+00 3.114514351313e+00 -5.000000000000e-03
1.969943957666e+00 6.117710340455e+00 -5.000000000000e-03
3.808228939039e+00 1.161080707045e+00 -5.000000000000e-03
3.386760446389e+00 2.274339483034e+00 -5.000000000000e-03
1.244519329616e+00 4.261288244778e+00 -5.000000000000e-03
1.960696585973e+00 1.607600991298e+00 -5.000000000000e-03
2.787875707298e+00 1.706934063283e+00 -5.000000000000e-03
4.730301146261e+00 5.535347963366e-01 -5.000000000000e-03
4.104032685580e+00 3.394415911547e+00 -5.000000000000e-03
5.225461749065e+00 5.950618115429e+00 -5.000000000000e-03
2.069621702309e+00 3.191965722973e+00 -5.000000000000e-03
4.389566945855e+00 3.837157254545e+00 -5.000000000000e-03
5.156245749924e+00 5.093646426088e+00 -5.000000000000e-03
1.190311161695e+00 6.001598802482e+00 -5.000000000000e-03
4.674413634605e+00 6.141887908250e+00 -5.000000000000e-03
5.213978416892e-01 1.890282159782e+00 -5.000000000000e-03
4.090372912840e+00 1.699095147082e+00 -5.000000000000e-03
4.186488567488e+00 3.812010099732e+00 -5.000000000000e-03
4.011830742431e+00 3.318762616112e-01 -5.000000000000e-03
1.554971738117e+00 4.338668428633e+00 -5.000000000000e-03
6.171652898940e+00 4.753993352789e+00 -5.000000000000e-03
2.150669864355e+00 4.009609687065e+00 -5.000000000000e-03
5.834281348405e+00 3.580813633034e+00 -5.000000000000e-03
3.327622481265e+00 3.016805392635e+00 -5.000000000000e-03
5.709130388336e+00 5.334186255786e+00 -5.000000000000e-03
5.833199322645e+00 2.059614917018e+00 -5.000000000000e-03
8.846405828014e-01 8.033450597448e-01 -5.000000000000e-03
6.697905382360e-01 2.087145516308e+00 -5.000000000000e-03
7.397885802512e-01 2.740038673301e+00 -5.000000000000e-03
3.534596953891e+00 5.647596960229e+00 -5.000000000000e-03
4.505390558847e+00 4.204739113856e+00 -5.000000000000e-03
4.364565230768e+00 4.842120304324e+00 -5.000000000000e-03
5.579597059441e+00 1.830223275293e-01 -5.000000000000e-03
4.084285220373e+00 5.921098725391e+00 -5.000000000000e-03
3.329798412163e+00 1.938789944786e+00 -5.000000000000e-03
5.234925201875e+00 1.432226710329e+00 -5.000000000000e-03
1.730953629316e+00 3.420546134135e+00 -5.000000000000e-03
2.746755379569e-01 4.963467177285e+00 -5.000000000000e-03
4.238693299530e+00 2.462744700743e+00 -5.000000000000e-03
1.766939512509e+00 6.131393614175e+00 -5.000000000000e-03
2.333398804641e+00 2.822310977338e+00 -5.000000000000e-03
3.044358432418e+00 3.770076950152e+00 -5.000000000000e-03
5.370700529811e+00 7.801085369040e-01 -5.000000000000e-03
5.238405565539e+00 3.508865932988e+00 -5.000000000000e-03
6.255309483098e+00 8.540428952548e-02 -5.000000000000e-03
1.451898738882e-01 2.463398321121e+00 -5.000000000000e-03
3.653714662356e+00 2.623241208568e+00 -5.000000000000e-03
5.925212681255e+00 4.308556634775e-01 -5.000000000000e-03
2.475574209791e+00 5.531181969695e+00 -5.000000000000e-03
1.043643288702e+00 4.450935869701e+00 -5.000000000000e-03
2.787902358889e+00 1.778694272746e+00 -5.000000000000e-03
4.586072069290e+00 3.940686172477e+00 -5.000000000000e-03
7.984216525103e-01 1.514200702082e+00 -5.000000000000e-03
2.460153933677e+00 4.349533153288e+00 -5.000000000000e-03
5.359367348136e+00 3.163263760404e+00 -5.000000000000e-03
2.700292381839e+00 2.057463732223e+00 -5.000000000000e-03
2.591697190668e+00 5.090764805250e+00 -5.000000000000e-03
3.471913884766e+00 7.694397387762e-03 -5.000000000000e-03
1.894572125795e-01 6.227079344619e+00 -5.000000000000e-03
5.800060336226e+00 3.831601764115e+00 -5.000000000000e-03
3.819186370611e+00 5.987724566138e+00 -5.000000000000e-03
1.297425444979e+00 2.656328446753e+00 -5.000000000000e-03
4.424454544847e+00 5.829180958100e+00 -5.000000000000e-03
3.735830229456e+00 3.229412214394e+00 -5.000000000000e-03
3.871010344372e+00 5.839387050016e+00 -5.000000000000e-03
5.949617814640e+00 6.100108757799e+00 -5.000000000000e-03
3.514541809653e+00 1.835091832877e+00 -5.000000000000e-03
2.769796629269e+00 8.134532817646e-01 -5.000000000000e-03
1.023032186598e+00 2.870481227703e+00 -5.000000000000e-03
2.357209252165e+00 7.715279388929e-01 -5.000000000000e-03
1.633814621746e+00 4.825550205483e+00 -5.000000000000e-03
2.355496650595e+00 3.014141984117e+00 -5.000000000000e-03
4.205765402772e+00 2.258674337412e+00 -5.000000000000e-03
3.457091055638e-01 1.120385489358e+00 -5.000000000000e-03
3.166350923250e+00 4.956000688666e+00 -5.000000000000e-03
3.643574712104e+00 4.988352173046e+00 -5.000000000000e-03
