6.266798726697e+00 4.552557613760e+00 5.000000000000e-03
4.412145789297e+00 2.107374204512e-01 5.000000000000e-03
5.176034369189e+00 1.749836084512e+00 5.000000000000e-03
5.106775434477e+00 3.258020849773e+00 5.000000000000e-03
3.482095450085e+00 2.255546578158e+00 5.000000000000e-03
4.643122633090e+00 1.564956097858e+00 5.000000000000e-03
1.325295344445e+00 3.528869995872e+00 5.000000000000e-03
5.167424283188e+00 3.160423137314e+00 5.000000000000e-03
2.545945184607e+00 4.242588081340e+00 5.000000000000e-03
4.658342023748e+00 5.937135630926e+00 5.000000000000e-03
5.134086459216e+00 6.240665129348e+00 5.000000000000e-03
1.497080418809e+00 3.551592639084e-01 5.000000000000e-03
4.254593906487e+00 1.288667418757e+00 5.000000000000e-03
3.549758619465e+00 2.265975277229e+00 5.000000000000e-03
6.217425025834e+00 5.426374505707e+00 5.000000000000e-03
3.109138384465e+00 5.660972810591e+00 5.000000000000e-03
1.570213063973e+00 3.157672519437e+00 5.000000000000e-03
3.899947564988e+00 6.131346243368e+00 5.000000000000e-03
5.702713992151e+00 5.453791674887e+00 5.000000000000e-03
6.195015302424e-02 4.112961877956e+00 5.000000000000e-03
1.188229084692e-01 2.257449273785e+00 5.000000000000e-03
1.167643322326e+00 4.203812097287e+00 5.000000000000e-03
4.574739983796e+00 6.527809048140e-01 5.000000000000e-03
4.377756097345e+00 4.923979644328e+00 5.000000000000e-03
5.096003827957e+00 1.249587427781e-01 5.000000000000e-03
5.624533812215e+00 3.694359441592e+00 5.000000000000e-03
1.281478486311e+00 8.541381294963e-01 5.000000000000e-03
1.154099547504e+00 4.291395079020e+00 5.000000000000e-03
2.231090874418e+00 5.392875192763e+00 5.000000000000e-03
4.133852044558e+00 1.926660038183e-02 5.000000000000e-03
6.112419105456e+00 2.425567813342e+00 5.000000000000e-03
6.539465430227e-01 1.836080519536e+00 5.000000000000e-03
3.728359856012e+00 2.449261698655e+00 5.000000000000e-03
1.865250179902e+00 4.116559203984e+00 5.000000000000e-03
4.494532233785e+00 4.708542596877e+00 5.000000000000e-03
3.270395845685e+00 1.917822268322e+00 5.000000000000e-03
1.023216424269e+00 1.676392812893e+00 5.000000000000e-03
1.025021729713e-01 2.311608477608e+00 5.000000000000e-03
6.083702018679e+00 6.731966062447e-01 5.000000000000e-03
6.206069784302e+00 4.667469837431e-01 5.000000000000e-03
5.098228175034e+00 4.627864524662e-02 5.000000000000e-03
4.368177338136e+00 3.932598105729e+00 5.000000000000e-03
4.292503266969e+00 5.231191736081e+00 5.000000000000e-03
5.361845505536e+00 9.114532378202e-01 5.000000000000e-03
1.339642992120e-01 2.867561899721e+00 5.000000000000e-03
3.397743615836e+00 5.203378111131e+00 5.000000000000e-03
1.958739075550e+00 5.869969630731e+00 5.000000000000e-03
5.707078635295e+00 4.800128079397e+00 5.000000000000e-03
5.530933849407e+00 3.311365273340e+00 5.000000000000e-03
3.833998600243e+00 3.234599065662e+00 5.000000000000e-03
3.596319292178e+00 2.660965426471e+00 5.000000000000e-03
3.289226961422e+00 5.377570180327e+00 5.000000000000e-03
5.642810654965e+00 1.294086183202e+00 5.000000000000e-03
9.208931314022e-01 4.231996620934e+00 5.000000000000e-03
2.943301938566e+00 5.970894579124e+00 5.000000000000e-03
4.177634782615e+00 1.105638132819e+00 5.000000000000e-03
3.385569412529e+00 2.386846174102e+00 5.000000000000e-03
2.958017957209e+00 5.057953409565e-02 5.000000000000e-03
1.761665157937e+00 3.868070318166e+00 5.000000000000e-03
4.823437415126e+00 2.264168076354e+00 5.000000000000e-03
2.507701594315e-01 5.259304735357e+00 5.000000000000e-03
5.852428565248e+00 1.446538327825e+00 5.000000000000e-03
4.390189987967e+00 4.747413199052e+00 5.000000000000e-03
1.110482534443e+00 1.462550913230e+00 5.000000000000e-03
4.745672152343e+00 4.948568430571e+00 5.000000000000e-03
1.233753196110e+00 2.890671851565e+00 5.000000000000e-03
3.591314032682e+00 5.701659853640e+00 5.000000000000e-03
1.162229040385e+00 2.654379532997e+00 5.000000000000e-03
5.157778430396e+00 1.099643627748e+00 5.000000000000e-03
3.945307254315e+00 6.232514266646e+00 5.000000000000e-03
5.740543838963e-01 5.603544017465e+00 5.000000000000e-03
4.953983171980e+00 7.980967304681e-01 5.000000000000e-03
2.167915873701e+00 5.340723415875e+00 5.000000000000e-03
5.882299617858e+00 2.507873214305e-01 5.000000000000e-03
1.598045418647e-01 3.954074203956e+00 5.000000000000e-03
1.067318563640e-01 4.729881639972e+00 5.000000000000e-03
1.659136164891e+00 7.100210060597e-01 5.000000000000e-03
3.165970831559e+00 4.867671135764e+00 5.000000000000e-03
2.667318841458e+00 8.985455823504e-01 5.000000000000e-03
8.368599065333e-01 5.041882141357e+00 5.000000000000e-03
6.038366526991e+00 4.374694972526e+00 5.000000000000e-03
1.400259965541e+00 5.692591196339e+00 5.000000000000e-03
3.649085230701e+00 1.583613250233e-01 5.000000000000e-03
2.224693839344e+00 1.584393148120e+00 5.000000000000e-03
2.182341544207e+00 4.600086772723e+00 5.000000000000e-03
6.206602117475e+00 6.585163793293e-01 5.000000000000e-03
4.592488838671e-01 1.217780967348e+00 5.000000000000e-03
6.137029685200e+00 6.027933915429e+00 5.000000000000e-03
5.244799287400e-01 4.862842705203e+00 5.000000000000e-03
5.610682024895e+00 4.894010424042e+00 5.000000000000e-03
5.142791997640e+00 3.717631451251e+00 5.000000000000e-03
4.145322755354e+00 1.532595213770e-01 5.000000000000e-03
1.574116892839e-01 2.089591442674e+00 5.000000000000e-03
2.226276802556e+00 3.465323702866e+00 5.000000000000e-03
2.357088766216e+00 2.321440051186e+00 5.000000000000e-03
4.084995139062e+00 1.505643590088e+00 5.000000000000e-03
4.583665684052e-01 4.954152358506e+00 5.000000000000e-03
3.481951209594e+00 7.873153850535e-01 5.000000000000e-03
2.615206839798e+00 1.088185959738e+00 5.000000000000e-03
6.632601394173e-01 5.805215918332e+00 5.000000000000e-03
4.491543607912e+00 3.988387296634e+00 -5.000000000000e-03
1.929282710431e+00 4.906975631748e+00 -5.000000000000e-03
1.685993318732e+00 3.838781215227e+00 -5.000000000000e-03
3.217288776780e+00 1.676980113142e-01 -5.000000000000e-03
4.640143889396e+00 4.160785521290e+00 -5.000000000000e-03
4.033104386880e+00 2.748002198605e+00 -5.000000000000e-03
4.059298591669e-01 5.663277910192e+00 -5.000000000000e-03
1.464909991908e+00 1.321945164575e+00 -5.000000000000e-03
3.318805365001e+00 4.716396362456e+00 -5.000000000000e-03
1.184443529948e+00 3.700021443537e+00 -5.000000000000e-03
2.436828730927e+00 1.887926758933e+00 -5.000000000000e-03
5.901537404252e+00 4.274432468128e+00 -5.000000000000e-03
1.358015295207e+00 5.264236707700e+00 -5.000000000000e-03
9.093995766915e-01 1.029907395333e+00 -5.000000000000e-03
5.050720839004e+00 2.900197558853e+00 -5.000000000000e-03
6.157597906870e+00 1.013455708609e-02 -5.000000000000e-03
3.283933450592e+00 6.268489434444e+00 -5.000000000000e-03
7.964634693574e-01 1.594833939554e+00 -5.000000000000e-03
5.345235543940e+00 2.089862104466e+00 -5.000000000000e-03
1.238905109759e+00 4.763471341999e+00 -5.000000000000e-03
1.156714985434e+00 4.586078219966e+00 -5.000000000000e-03
3.870513813002e-01 1.628386608097e+00 -5.000000000000e-03
5.855362614182e+00 1.071313488269e+00 -5.000000000000e-03
2.519842251398e+00 2.227888336661e+00 -5.000000000000e-03
1.498162434434e+00 1.626683244286e+00 -5.000000000000e-03
5.438621709276e+00 4.137038834671e+00 -5.000000000000e-03
1.617747049669e+00 1.346238576944e+00 -5.000000000000e-03
2.962509140790e+00 3.382031985104e+00 -5.000000000000e-03
6.215841001279e+00 6.149271186840e+00 -5.000000000000e-03
5.009039993473e+00 1.631931738964e-01 -5.000000000000e-03
2.408461870990e+00 5.133464070295e-01 -5.000000000000e-03
3.835426730196e+00 5.255349628826e+00 -5.000000000000e-03
3.309618436487e+00 5.058869866213e+00 -5.000000000000e-03
5.675152488231e+00 2.023002982598e+00 -5.000000000000e-03
3.035386000453e+00 2.527094483495e+00 -5.000000000000e-03
3.533004543316e+00 2.218723748145e+00 -5.000000000000e-03
3.166460981758e+00 1.658058875544e+00 -5.000000000000e-03
4.835714640971e+00 2.677765126890e+00 -5.000000000000e-03
4.260134186631e+00 3.057614900032e+00 -5.000000000000e-03
1.086960800506e+00 3.488003445171e-01 -5.000000000000e-03
2.842369441550e+00 2.542210864420e+00 -5.000000000000e-03
2.303815083464e+00 1.625487084077e+00 -5.000000000000e-03
2.234766387191e+00 4.237600886383e+00 -5.000000000000e-03
4.773339575502e+00 3.042396436738e+00 -5.000000000000e-03
4.988674846426e+00 1.912716901584e+00 -5.000000000000e-03
4.236060639174e+00 4.397207517860e-01 -5.000000000000e-03
5.188748670878e+00 6.970423022579e-01 -5.000000000000e-03
4.436854076971e+00 8.544941967469e-01 -5.000000000000e-03
3.153905054086e-01 1.632179489545e+00 -5.000000000000e-03
4.128927402827e+00 5.404367839535e+00 -5.000000000000e-03
3.885492235482e+00 3.024336755627e-01 -5.000000000000e-03
1.234125728313e+00 4.646951322905e+00 -5.000000000000e-03
3.811802782744e+00 4.013623551852e+00 -5.000000000000e-03
1.983424228286e+00 6.059716455843e+00 -5.000000000000e-03
5.851697550933e+00 6.251502739885e+00 -5.000000000000e-03
6.756901967554e-01 1.975802401028e-01 -5.000000000000e-03
1.556082430480e+00 2.762985428795e+00 -5.000000000000e-03
5.461532378684e+00 1.986282204948e+00 -5.000000000000e-03
7.631186536068e-04 6.101480125865e+00 -5.000000000000e-03
1.681166170523e-01 3.364891015490e+00 -5.000000000000e-03
6.864349245400e-01 4.522179757424e+00 -5.000000000000e-03
6.829710492238e-01 3.801694871394e+00 -5.000000000000e-03
3.875333715221e+00 5.093634930342e+00 -5.000000000000e-03
4.648161911461e+00 1.068485787072e+00 -5.000000000000e-03
1.426308974465e+00 5.753606551076e+00 -5.000000000000e-03
4.552895497219e+00 1.940319725169e-01 -5.000000000000e-03
5.881168811993e-01 2.807351442742e+00 -5.000000000000e-03
4.966122393108e+00 2.956826135311e+00 -5.000000000000e-03
5.987369572765e+00 3.377687329381e+00 -5.000000000000e-03
4.508510166631e+00 5.650658853694e+00 -5.000000000000e-03
2.966735627091e+00 1.250919226537e+00 -5.000000000000e-03
4.890193112537e+00 2.702814902285e+00 -5.000000000000e-03
4.004062755094e+00 5.109520503001e+00 -5.000000000000e-03
2.998525335711e+00 3.816280891215e-01 -5.000000000000e-03
2.832395660096e+00 3.085016341036e+00 -5.000000000000e-03
2.833103046387e+00 2.920401795042e+00 -5.000000000000e-03
1.740899086969e+00 1.017478496465e+00 -5.000000000000e-03
2.110401765512e+00 1.117460545989e+00 -5.000000000000e-03
5.904168396876e+00 1.867458504203e+00 -5.000000000000e-03
2.530300768379e+00 5.003600292577e+00 -5.000000000000e-03
2.110431375464e+00 2.831533643281e+00 -5.000000000000e-03
1.676244301940e+00 5.738925309435e+00 -5.000000000000e-03
3.931559111864e-01 1.272297164375e+00 -5.000000000000e-03
1.598355459486e+00 5.736218398033e+00 -5.000000000000e-03
3.677279231117e+00 4.012638126685e+00 -5.000000000000e-03
6.007417206681e+00 2.563998356305e+00 -5.000000000000e-03
5.386474675827e+00 1.159863699355e+00 -5.000000000000e-03
5.653980859099e+00 5.059661286561e+00 -5.000000000000e-03
5.837519545957e+00 5.839241727263e+00 -5.000000000000e-03
2.681450101988e+00 3.653351082093e+00 -5.000000000000e-03
6.165759449284e+00 5.623762067012e+00 -5.000000000000e-03
1.503829722950e+00 9.009912607096e-01 -5.000000000000e-03
1.854572199009e+00 2.956592017697e+00 -5.000000000000e-03
3.257785658398e+00 2.364654655353e+00 -5.000000000000e-03
1.343117858806e+00 1.305625543785e+00 -5.000000000000e-03
1.133237568903e+00 2.778484105335e+00 -5.000000000000e-03
1.556388432241e+00 2.040513245121e+00 -5.000000000000e-03
1.798231042672e+00 3.473641701363e+00 -5.000000000000e-03
3.096329385958e+00 5.901498783715e-02 -5.000000000000e-03
4.727986294573e+00 5.040924322716e-02 -5.000000000000e-03
