7.798987053675e-01 5.626706151180e+00 5.000000000000e-03
4.324383721012e+00 4.253773633276e+00 5.000000000000e-03
4.455057207917e+00 1.024725254184e+00 5.000000000000e-03
5.951786285386e+00 5.647280179973e+00 5.000000000000e-03
1.417933527636e+00 5.758388522235e+00 5.000000000000e-03
5.370454403454e+00 1.562060313436e+00 5.000000000000e-03
2.431779540265e+00 2.384607491971e+00 5.000000000000e-03
7.986142890560e-01 1.808264906829e+00 5.000000000000e-03
5.761998007028e+00 2.949716172888e+00 5.000000000000e-03
1.844939124148e+00 1.585037330492e+00 5.000000000000e-03
2.516891336005e+00 6.192934727443e+00 5.000000000000e-03
2.431927328400e+00 3.237290807242e+00 5.000000000000e-03
4.896171391325e+00 1.894132104613e+00 5.000000000000e-03
4.784378716638e+00 3.452594009446e+00 5.000000000000e-03
2.798107895206e+00 4.825426599897e+00 5.000000000000e-03
4.747584903787e+00 2.403662762322e+00 5.000000000000e-03
5.711561126950e+00 5.490096287232e+00 5.000000000000e-03
1.997777617181e+00 7.507258470862e-01 5.000000000000e-03
3.410753498142e-01 3.500500133090e+00 5.000000000000e-03
6.271804993547e+00 4.401133681675e-01 5.000000000000e-03
1.541932327845e+00 1.645185957556e+00 5.000000000000e-03
1.954833498558e+00 8.221337544903e-01 5.000000000000e-03
3.688494924291e+00 2.639117831462e+00 5.000000000000e-03
9.358357445324e-01 1.682402012636e+00 5.000000000000e-03
1.591252990814e+00 1.753751183140e+00 5.000000000000e-03
3.109346000492e+00 5.578614234277e+00 5.000000000000e-03
2.206747180140e+00 1.888954180394e+00 5.000000000000e-03
2.267334839261e+00 5.986161137254e+00 5.000000000000e-03
3.852376010582e+00 1.162809302142e+00 5.000000000000e-03
3.554636172443e-01 4.904016290175e+00 5.000000000000e-03
5.843559957199e+00 3.631336424793e+00 5.000000000000e-03
1.148499711466e+00 5.194357740986e+00 5.000000000000e-03
3.713615994361e+00 4.790331498790e+00 5.000000000000e-03
2.180689447077e+00 4.356241519399e+00 5.000000000000e-03
4.242823988996e+00 4.682568734610e+00 5.000000000000e-03
1.427760891144e+00 2.513102113052e+00 5.000000000000e-03
3.255664336189e+00 8.880821442826e-02 5.000000000000e-03
4.446710747995e+00 5.831767136297e+00 5.000000000000e-03
5.480159820709e+00 1.484210104425e-01 5.000000000000e-03
7.110690246878e-03 3.686554888224e+00 5.000000000000e-03
2.210748063252e+00 3.276795175774e+00 5.000000000000e-03
3.337723649696e+00 6.215904893940e+00 5.000000000000e-03
2.805892317075e+00 8.603027028917e-02 5.000000000000e-03
2.875687150874e+00 4.563873581310e+00 5.000000000000e-03
1.433944643507e+00 2.219226816092e-01 5.000000000000e-03
4.239180327120e+00 2.658911301574e+00 5.000000000000e-03
5.820026778679e+00 2.345801522988e+00 5.000000000000e-03
1.304671004471e+00 5.228199264411e+00 5.000000000000e-03
1.243714500204e+00 4.838930136041e+00 5.000000000000e-03
2.279275496493e+00 1.124498143527e+00 5.000000000000e-03
4.779410709156e+00 4.568909268663e+00 5.000000000000e-03
3.650959384503e-01 5.360751351461e+00 5.000000000000e-03
4.366443676445e+00 1.660103546710e+00 5.000000000000e-03
3.664899196665e+00 3.420352996039e+00 5.000000000000e-03
2.970936311091e+00 1.029859914810e+00 5.000000000000e-03
2.199269694149e+00 5.743667121658e+00 5.000000000000e-03
3.575530663126e+00 5.288230119117e+00 5.000000000000e-03
1.296548295551e+00 1.566047059015e+00 5.000000000000e-03
6.058436309738e+00 4.644471569341e+00 5.000000000000e-03
5.005765145670e+00 2.624509228690e+00 5.000000000000e-03
6.199410489127e+00 3.148284419216e+00 5.000000000000e-03
1.846976549889e+00 3.622074305761e+00 5.000000000000e-03
3.328635428691e+00 1.798642325340e+00 5.000000000000e-03
3.462576629332e+00 1.896356922921e+00 5.000000000000e-03
9.916149397343e-02 1.241300039164e-01 5.000000000000e-03
2.185295162846e+00 7.766476784739e-01 5.000000000000e-03
1.804455147193e+00 3.717179800762e+00 5.000000000000e-03
2.498130888147e+00 2.521898865691e+00 5.000000000000e-03
4.504960694883e+00 2.854827778923e+00 5.000000000000e-03
2.789589449530e+00 2.362727204592e+00 5.000000000000e-03
2.035616455245e+00 8.223073379269e-01 5.000000000000e-03
6.185742829412e+00 5.957391311508e+00 5.000000000000e-03
6.218409826476e+00 5.498034938200e+00 5.000000000000e-03
1.842800523837e+00 2.434245587144e+00 5.000000000000e-03
2.820645496160e+00 5.569805539461e+00 5.000000000000e-03
4.743591010625e+00 8.362802156952e-01 5.000000000000e-03
3.280937314970e+00 1.017421799110e+00 5.000000000000e-03
2.157570500960e+00 1.959825528729e+00 5.000000000000e-03
3.149007546263e+00 6.145811167251e+00 5.000000000000e-03
8.688492919799e-01 3.203036011095e+00 5.000000000000e-03
5.241752836135e-01 2.428341514144e+00 5.000000000000e-03
4.364394469519e+00 4.127899331431e+00 5.000000000000e-03
3.203618005634e+00 2.155899480504e+00 5.000000000000e-03
1.442958974986e+00 5.494926658763e+00 5.000000000000e-03
3.592364001037e+00 3.335400122418e+00 5.000000000000e-03
2.153733134019e+00 1.247788332732e+00 5.000000000000e-03
3.592419367370e-01 2.216783437572e+00 5.000000000000e-03
1.046876346264e-01 2.729510914496e+00 5.000000000000e-03
4.536528827227e+00 4.213505031462e+00 5.000000000000e-03
5.966040112071e-01 1.731568641429e+00 5.000000000000e-03
1.888015548080e+00 4.212190063307e+00 5.000000000000e-03
2.438751755950e-01 4.701287723895e+00 5.000000000000e-03
3.053212188170e-01 3.943403256155e+00 5.000000000000e-03
2.536173625495e+00 1.157999487624e+00 5.000000000000e-03
4.027969432755e+00 1.547808353686e-01 5.000000000000e-03
2.961510302708e+00 5.145590219294e-01 5.000000000000e-03
1.657411194601e+00 5.492654685835e+00 5.000000000000e-03
4.151500684109e+00 3.996700235108e-01 5.000000000000e-03
3.102729749467e+00 6.591441604610e-01 5.000000000000e-03
2.253985906254e-01 5.544365095600e+00 5.000000000000e-03
4.227533847416e+00 8.355406508155e-01 -5.000000000000e-03
1.813892921031e+00 4.545980638272e-01 -5.000000000000e-03
5.693832592906e+00 5.478709794803e+00 -5.000000000000e-03
3.220468233365e+00 5.195103675108e+00 -5.000000000000e-03
3.105500942751e+00 5.272873244293e-01 -5.000000000000e-03
4.277144572068e+00 6.618074441179e-01 -5.000000000000e-03
5.681046895439e+00 1.367291889227e+00 -5.000000000000e-03
5.900845864445e-02 1.738258275615e+00 -5.000000000000e-03
3.393779854845e+00 2.182132596028e+00 -5.000000000000e-03
1.065130429308e+00 6.756224074806e-01 -5.000000000000e-03
5.444600327070e+00 5.278713634253e+00 -5.000000000000e-03
3.425459987917e+00 9.030249756188e-01 -5.000000000000e-03
3.430179534146e+00 4.305536913491e+00 -5.000000000000e-03
1.197250703347e+00 4.306278432113e+00 -5.000000000000e-03
3.564744506877e+00 4.277000933001e+00 -5.000000000000e-03
6.093440139755e+00 4.723751170388e-01 -5.000000000000e-03
2.678629203906e+00 6.268248369689e+00 -5.000000000000e-03
6.264010726746e-01 5.950644392814e-02 -5.000000000000e-03
4.189171210538e+00 3.291792022823e+00 -5.000000000000e-03
3.361271041106e+00 6.219602819999e-02 -5.000000000000e-03
5.473411791027e+00 3.839938935956e+00 -5.000000000000e-03
4.055756104319e+00 4.044958735364e+00 -5.000000000000e-03
6.179419792722e+00 6.044605263795e-01 -5.000000000000e-03
4.632529611949e-01 2.767573480536e+00 -5.000000000000e-03
4.231252852655e-01 9.984802741914e-01 -5.000000000000e-03
3.831559465066e+00 6.963185194018e-02 -5.000000000000e-03
1.463850685676e+00 4.553912658010e+00 -5.000000000000e-03
2.774482319656e+00 1.953633041169e+00 -5.000000000000e-03
4.171783535361e+00 4.411585439230e+00 -5.000000000000e-03
2.641951771797e+00 6.152964887858e+00 -5.000000000000e-03
5.036024390370e+00 1.118688314565e+00 -5.000000000000e-03
2.786271260144e+00 6.061772901489e+00 -5.000000000000e-03
3.409123474520e+00 7.789563080025e-01 -5.000000000000e-03
4.185519896739e-02 3.012674908058e+00 -5.000000000000e-03
1.353686823089e+00 4.820705952579e-01 -5.000000000000e-03
1.543786409637e+00 5.194693064397e+00 -5.000000000000e-03
2.455615451994e+00 1.609270728768e+00 -5.000000000000e-03
4.775869384169e+00 2.029798064008e+00 -5.000000000000e-03
3.499428959318e+00 1.034736675916e+00 -5.000000000000e-03
5.666927450740e+00 4.068649095525e+00 -5.000000000000e-03
5.513687229652e+00 3.813466012626e+00 -5.000000000000e-03
1.911680384505e+00 5.122958679638e-01 -5.000000000000e-03
6.149172695819e-01 1.262540929064e+00 -5.000000000000e-03
3.882630669472e+00 1.607966932606e+00 -5.000000000000e-03
1.214298657587e+00 6.135241880306e+00 -5.000000000000e-03
2.031518646099e+00 3.408695544457e+00 -5.000000000000e-03
1.610315391434e+00 3.165859215894e+00 -5.000000000000e-03
2.894879151767e+00 7.490619995600e-01 -5.000000000000e-03
4.166576183160e+00 1.854055543948e+00 -5.000000000000e-03
4.450528558186e+00 3.663793105972e+00 -5.000000000000e-03
3.620043952694e+00 1.670041590047e+00 -5.000000000000e-03
5.353908761048e+00 8.392153623355e-01 -5.000000000000e-03
4.767718277989e+00 2.412188915243e+00 -5.000000000000e-03
4.423992233026e+00 4.953344188716e+00 -5.000000000000e-03
2.491119537697e+00 3.848623953434e+00 -5.000000000000e-03
5.624864773068e+00 2.736085548946e+00 -5.000000000000e-03
1.316334312045e+00 3.088819321430e+00 -5.000000000000e-03
1.922366318683e+00 2.446440990803e+00 -5.000000000000e-03
5.409842144778e+00 4.603849583139e+00 -5.000000000000e-03
4.833173735842e+00 4.602634616491e+00 -5.000000000000e-03
3.497772843186e+00 2.997440514736e+00 -5.000000000000e-03
8.135866418547e-01 2.671361510823e+00 -5.000000000000e-03
1.422760740796e+00 2.607854668192e+00 -5.000000000000e-03
8.605782045427e-01 1.068113775780e+00 -5.000000000000e-03
5.085717823221e+00 4.758986892387e+00 -5.000000000000e-03
3.999089582006e+00 3.747760163396e+00 -5.000000000000e-03
4.632433282309e+00 2.093099368105e+00 -5.000000000000e-03
1.377975961697e+00 3.982494581464e+00 -5.000000000000e-03
4.917881720955e+00 5.503867265940e+00 -5.000000000000e-03
2.223064569511e+00 3.833069139486e+00 -5.000000000000e-03
4.798626522470e+00 2.367870793442e+00 -5.000000000000e-03
1.674902786955e-01 3.481628297467e+00 -5.000000000000e-03
1.155282214369e+00 5.916579133354e+00 -5.000000000000e-03
4.194499282007e+00 4.038497610006e+00 -5.000000000000e-03
5.468412263631e+00 5.965210226249e-01 -5.000000000000e-03
4.878071243859e+00 3.381884169944e+00 -5.000000000000e-03
2.964903366291e+00 6.046002741317e+00 -5.000000000000e-03
6.275638324048e+00 5.438130531507e+00 -5.000000000000e-03
8.564698565877e-01 5.536328949370e+00 -5.000000000000e-03
3.381577240395e+00 4.163147320654e+00 -5.000000000000e-03
3.527052625370e+00 6.367542441036e-01 -5.000000000000e-03
1.955873206664e-02 4.696731159277e+00 -5.000000000000e-03
5.366966361016e+00 2.770245264019e+00 -5.000000000000e-03
1.474514488085e+00 4.637160906071e-01 -5.000000000000e-03
3.430769121108e+00 2.695169394619e+00 -5.000000000000e-03
3.452067381520e-01 1.439319883802e+00 -5.000000000000e-03
1.265552975335e+00 7.551749284760e-01 -5.000000000000e-03
6.275746644031e-01 5.697095023626e+00 -5.000000000000e-03
4.799778732684e+00 1.355789984674e-01 -5.000000000000e-03
6.077895819286e+00 5.456580579808e-02 -5.000000000000e-03
6.148484273011e+00 4.144362514166e+00 -5.000000000000e-03
4.430942206647e+00 4.619198381029e+00 -5.000000000000e-03
9.765824001521e-01 1.229630277468e+00 -5.000000000000e-03
2.861909019838e+00 1.720160821232e+00 -5.000000000000e-03
4.922160388699e+00 4.171525864194e+00 -5.000000000000e-03
3.385937123417e+00 8.412494259721e-01 -5.000000000000e-03
5.094947524817e+00 3.559227314538e+00 -5.000000000000e-03
3.703704152330e+00 3.213383328854e+00 -5.000000000000e-03
2.202779618934e+00 6.085478659930e+00 -5.000000000000e-03
3.984054605496e+00 4.672361136369e+00 -5.000000000000e-03
