3.702238374264e+00 3.339057019142e+00 5.000000000000e-03
1.309504377804e+00 5.495753603132e-01 5.000000000000e-03
5.532717451137e-01 1.675564979388e+00 5.000000000000e-03
3.190403294325e+00 5.363843876465e+00 5.000000000000e-03
2.947312917511e+00 1.773067135604e+00 5.000000000000e-03
3.740567277074e+00 4.142010928103e-01 5.000000000000e-03
2.681610175392e+00 3.983928767243e+00 5.000000000000e-03
3.041741744693e+00 6.985834337434e-01 5.000000000000e-03
2.013644292711e+00 1.877982608685e+00 5.000000000000e-03
1.014388326068e+00 5.228851259099e+00 5.000000000000e-03
1.237004645458e+00 6.739594626824e-01 5.000000000000e-03
3.267062985969e+00 4.170533398590e+00 5.000000000000e-03
2.075859417998e+00 3.538157917077e+00 5.000000000000e-03
4.793791127692e+00 5.149452986304e+00 5.000000000000e-03
8.465943596022e-01 1.106153926326e+00 5.000000000000e-03
1.739841873191e+00 7.328892950618e-01 5.000000000000e-03
4.883745430590e-01 5.305505524677e+00 5.000000000000e-03
4.401126556037e+00 2.506754353413e+00 5.000000000000e-03
3.982116996118e+00 2.313413517602e+00 5.000000000000e-03
2.550182428283e+00 6.062565566972e+00 5.000000000000e-03
9.519477991679e-02 5.559817409963e+00 5.000000000000e-03
1.569419605024e+00 4.077801221214e+00 5.000000000000e-03
5.400724498821e+00 5.152204865641e+00 5.000000000000e-03
2.554878895202e+00 4.967251907730e+00 5.000000000000e-03
4.412010524262e+00 4.183745921653e+00 5.000000000000e-03
4.299569443232e+00 5.727547841580e+00 5.000000000000e-03
9.442353390464e-01 4.810319227015e+00 5.000000000000e-03
1.325484150774e+00 4.934059542066e+00 5.000000000000e-03
5.205259955462e+00 3.612409747803e+00 5.000000000000e-03
4.391528382708e+00 9.129691950929e-01 5.000000000000e-03
4.113918292385e+00 2.925406049864e+00 5.000000000000e-03
4.212523594037e+00 5.290533645019e+00 5.000000000000e-03
4.821373296990e-01 4.275932206361e+00 5.000000000000e-03
1.497681741161e+00 6.107741514985e+00 5.000000000000e-03
2.973354853395e+00 5.171525153726e+00 5.000000000000e-03
2.078472244515e-01 2.440603627443e+00 5.000000000000e-03
9.437590117631e-01 8.402564278632e-01 5.000000000000e-03
1.994240055331e+00 3.884614313951e+00 5.000000000000e-03
3.552656625911e+00 5.277630834292e+00 5.000000000000e-03
2.828204269400e+00 5.793975763580e+00 5.000000000000e-03
4.951914535781e+00 2.861380834019e+00 5.000000000000e-03
1.206061714179e+00 1.167676709493e-01 5.000000000000e-03
5.135769845401e+00 1.480008616272e-01 5.000000000000e-03
3.996872000284e+00 1.896052282771e+00 5.000000000000e-03
6.115245853065e+00 4.948802326276e+00 5.000000000000e-03
9.118823242529e-01 7.924439573462e-01 5.000000000000e-03
1.696234052735e+00 4.387604953929e+00 5.000000000000e-03
3.001193073024e-01 3.385735976267e+00 5.000000000000e-03
3.742703804536e+00 2.665832917689e+00 5.000000000000e-03
3.731999766885e+00 3.004945097104e+00 5.000000000000e-03
5.933705278744e+00 4.799585865808e+00 5.000000000000e-03
6.075027704353e+00 1.642088999014e+00 5.000000000000e-03
1.520545314397e+00 5.091165097156e-01 5.000000000000e-03
2.749593199625e+00 4.728558763371e+00 5.000000000000e-03
1.810478906693e+00 3.821195668149e+00 5.000000000000e-03
2.785643867514e+00 2.276817271390e-01 5.000000000000e-03
3.628025663211e-02 2.744099050873e+00 5.000000000000e-03
2.996302276261e-01 5.746316758630e+00 5.000000000000e-03
5.869638910671e+00 9.180527837287e-01 5.000000000000e-03
1.763018177694e+00 2.004773311338e+00 5.000000000000e-03
5.123649901843e+00 4.333818264099e+00 5.000000000000e-03
1.731368654263e+00 5.042943080943e+00 5.000000000000e-03
4.453926816319e+00 3.530981094372e+00 5.000000000000e-03
4.112757727319e-01 6.173072460721e-01 5.000000000000e-03
6.237568386749e+00 1.622150503669e+00 5.000000000000e-03
5.251215024197e+00 2.976240203762e+00 5.000000000000e-03
4.214631788691e+00 4.874451047504e+00 5.000000000000e-03
4.141121485763e+00 1.723230758038e+00 5.000000000000e-03
1.569385766631e+00 6.121007245717e+00 5.000000000000e-03
4.688377718484e+00 3.869874109306e+00 5.000000000000e-03
4.873264755353e+00 5.818772964505e-01 5.000000000000e-03
5.803217599632e+00 1.486060799663e+00 5.000000000000e-03
2.159239917752e+00 3.912923053794e+00 5.000000000000e-03
5.160470631942e+00 1.109568670490e+00 5.000000000000e-03
4.286140879610e+00 4.893772307434e+00 5.000000000000e-03
4.671298620749e+00 2.463131168115e+00 5.000000000000e-03
6.165664098749e+00 1.729267366520e+00 5.000000000000e-03
1.290993027317e+00 4.367179899934e+00 5.000000000000e-03
3.930474716427e+00 6.025841488770e+00 5.000000000000e-03
4.149603973398e-01 1.530298316576e+00 5.000000000000e-03
8.205827932777e-01 4.928168709611e+00 5.000000000000e-03
1.677951186835e+00 1.087589160911e+00 5.000000000000e-03
4.156761019633e-01 5.213879831574e+00 5.000000000000e-03
5.160514011443e-01 3.415861198482e+00 5.000000000000e-03
3.193372931770e+00 2.256906896476e+00 5.000000000000e-03
1.261767162835e+00 2.780470556693e+00 5.000000000000e-03
5.973288323938e-01 2.788994690561e+00 5.000000000000e-03
4.479908338463e+00 4.924595395310e+00 5.000000000000e-03
1.567233004557e+00 5.272308886046e+00 5.000000000000e-03
2.105022803815e-01 5.661688186403e+00 5.000000000000e-03
4.639359358475e+00 4.000995763422e+00 5.000000000000e-03
5.056546647739e+00 2.236578251773e+00 5.000000000000e-03
4.326506817452e-01 1.036957602151e+00 5.000000000000e-03
5.274651971479e+00 2.116280446432e-01 5.000000000000e-03
3.656593463317e+00 3.499243097205e+00 5.000000000000e-03
4.748456262093e+00 5.636137631517e+00 5.000000000000e-03
3.005286474557e+00 4.282124044674e+00 5.000000000000e-03
3.946763824589e+00 5.205951901339e+00 5.000000000000e-03
3.484781764590e+00 5.301315801683e+00 5.000000000000e-03
1.465008030505e+00 5.031175115993e+00 5.000000000000e-03
5.953949399606e+00 9.076874430639e-01 -5.000000000000e-03
5.505580368526e-01 1.457352567901e-02 -5.000000000000e-03
4.075510438929e-02 2.805790097430e-01 -5.000000000000e-03
4.160154864852e+00 1.292666514967e-01 -5.000000000000e-03
1.584950379784e+00 2.170021983424e+00 -5.000000000000e-03
2.623667828763e+00 5.805225559004e+00 -5.000000000000e-03
5.446323361689e+00 5.379506427606e-01 -5.000000000000e-03
4.386753395866e+00 3.073870418403e+00 -5.000000000000e-03
6.093967848920e+00 2.275949608302e+00 -5.000000000000e-03
6.965933657501e-01 2.153724821175e+00 -5.000000000000e-03
6.184955606269e+00 4.798143922798e+00 -5.000000000000e-03
1.908370644885e+00 5.580254500008e+00 -5.000000000000e-03
2.599006015839e+00 5.221289123720e+00 -5.000000000000e-03
2.770674698213e+00 3.759552336666e+00 -5.000000000000e-03
2.526914810601e+00 9.533061367340e-01 -5.000000000000e-03
6.631959398014e-01 4.577646654025e+00 -5.000000000000e-03
4.383470737256e+00 9.617912188278e-01 -5.000000000000e-03
6.080814089413e+00 2.856279162109e+00 -5.000000000000e-03
1.022156269121e+00 1.521625621585e+00 -5.000000000000e-03
3.240376726841e+00 6.546992372713e-02 -5.000000000000e-03
4.787383551558e+00 3.250499213898e+00 -5.000000000000e-03
2.735351476939e+00 3.092907448769e+00 -5.000000000000e-03
5.264988977513e+00 9.185719620949e-01 -5.000000000000e-03
1.330117633120e+00 5.597260567527e-01 -5.000000000000e-03
6.226724596655e-01 2.416025309302e-01 -5.000000000000e-03
4.098503045519e+00 3.847837067675e+00 -5.000000000000e-03
3.581241500142e+00 6.059532679113e+00 -5.000000000000e-03
4.378396112985e+00 3.658799833071e+00 -5.000000000000e-03
3.551128271709e+00 6.054841242476e+00 -5.000000000000e-03
2.291878946491e+00 2.366894550351e+00 -5.000000000000e-03
2.197438634728e+00 2.235705003048e+00 -5.000000000000e-03
5.775029756179e+00 5.352549605587e+00 -5.000000000000e-03
2.298843224431e+00 1.622670437375e+00 -5.000000000000e-03
4.830590645133e+00 3.305194179043e+00 -5.000000000000e-03
3.962339231446e+00 6.119411675250e+00 -5.000000000000e-03
4.058279173158e+00 3.756637021467e+00 -5.000000000000e-03
1.707774652195e+00 2.128451419539e+00 -5.000000000000e-03
4.946530928384e+00 1.347758641052e+00 -5.000000000000e-03
9.228080429912e-02 1.571424059795e-02 -5.000000000000e-03
5.054639765327e+00 4.499778769680e+00 -5.000000000000e-03
2.340658012098e+00 5.079465060822e+00 -5.000000000000e-03
5.755399678250e+00 2.529279719694e-02 -5.000000000000e-03
3.897694422984e+00 1.282157091134e+00 -5.000000000000e-03
1.584989828970e-01 2.304344196779e+00 -5.000000000000e-03
3.969630817569e+00 4.136496179183e+00 -5.000000000000e-03
4.189221860795e+00 1.542337538933e+00 -5.000000000000e-03
2.519398075893e+00 5.372149166474e+00 -5.000000000000e-03
5.671363289608e+00 1.874882717294e+00 -5.000000000000e-03
5.313247188891e+00 4.347812954033e+00 -5.000000000000e-03
4.171052866391e+00 4.761502889767e+00 -5.000000000000e-03
1.261307401784e+00 7.927003670425e-01 -5.000000000000e-03
2.117995637178e+00 5.936622785776e+00 -5.000000000000e-03
5.114455477613e+00 3.675297920216e+00 -5.000000000000e-03
4.123722873051e+00 4.818263071561e+00 -5.000000000000e-03
8.782087478720e-01 5.318444092247e-02 -5.000000000000e-03
3.459844955114e+00 3.770467287708e-01 -5.000000000000e-03
1.771988828780e+00 4.582259501633e+00 -5.000000000000e-03
4.629515404462e+00 6.169286840426e+00 -5.000000000000e-03
5.702638786645e+00 5.756580811889e+00 -5.000000000000e-03
2.886827527380e+00 6.834877555547e-01 -5.000000000000e-03
2.009201833167e+00 2.955664362944e+00 -5.000000000000e-03
3.571106513522e+00 1.274140382427e-01 -5.000000000000e-03
2.143601381941e+00 3.598297314649e+00 -5.000000000000e-03
8.585535079468e-01 5.884385026001e+00 -5.000000000000e-03
1.529662870133e+00 1.971239478013e+00 -5.000000000000e-03
6.734513336964e-01 3.461072960240e+00 -5.000000000000e-03
4.920756389350e+00 5.954163527428e+00 -5.000000000000e-03
7.199956319348e-02 3.446185602943e+00 -5.000000000000e-03
3.464855517687e+00 6.256314100450e+00 -5.000000000000e-03
8.375222367029e-01 6.195735531266e+00 -5.000000000000e-03
4.495237731425e+00 3.251522816002e+00 -5.000000000000e-03
2.179688389160e+00 4.441267609998e-01 -5.000000000000e-03
1.153905493481e+00 1.439690523716e+00 -5.000000000000e-03
3.001828055922e+00 3.848488985366e+00 -5.000000000000e-03
1.578292701107e+00 3.778832260944e-01 -5.000000000000e-03
3.055701191437e+00 5.610513875727e+00 -5.000000000000e-03
5.908630973285e+00 4.013083119938e+00 -5.000000000000e-03
4.911987950651e+00 3.251315783896e+00 -5.000000000000e-03
6.016804098347e-01 4.207551176144e+00 -5.000000000000e-03
1.282693035837e+00 2.551134737492e+00 -5.000000000000e-03
2.867085884175e-01 5.844968014209e+00 -5.000000000000e-03
7.490280280961e-01 1.441827971624e+00 -5.000000000000e-03
2.405215454440e+00 5.798379892630e+00 -5.000000000000e-03
4.460287222208e+00 1.239240031576e+00 -5.000000000000e-03
5.064098255631e+00 2.754106910054e+00 -5.000000000000e-03
2.111595424634e+00 4.294887456419e+00 -5.000000000000e-03
3.212254121412e+00 3.633786476370e+00 -5.000000000000e-03
2.772508619449e+00 9.165579233175e-01 -5.000000000000e-03
8.161916079779e-01 4.284649484325e+00 -5.000000000000e-03
1.202601943783e+00 5.977657063993e+00 -5.000000000000e-03
1.160032830193e+00 1.911511471981e+00 -5.000000000000e-03
1.917534145314e+00 3.131065691385e+00 -5.000000000000e-03
2.291425166566e+00 1.341633955568e+00 -5.000000000000e-03
4.875485263791e+00 4.677832894413e+00 -5.000000000000e-03
5.615198972723e+00 3.894130946331e+00 -5.000000000000e-03
1.993726665910e-01 7.235431419770e-01 -5.000000000000e-03
2.753195407293e+00 2.094060123965e+00 -5.000000000000e-03
1.786959769807e+00 5.515958552621e+00 -5.000000000000e-03
5.949903258627e+00 3.299434331776e+00 -5.000000000000e-03
2.364121866604e+00 3.153471728715e+00 -5.000000000000e-03
