5.004410885937e+00 2.295229706721e+00 5.000000000000e-03
4.529756767409e+00 2.652005551921e+00 5.000000000000e-03
9.408474720595e-01 4.114463867656e+00 5.000000000000e-03
3.813986468853e+00 2.255334240818e+00 5.000000000000e-03
6.252131966797e+00 2.640651403042e+00 5.000000000000e-03
3.284166846691e+00 2.968669219211e+00 5.000000000000e-03
4.567078266819e+00 2.673476973108e+00 5.000000000000e-03
1.035908293314e+00 4.327568981031e+00 5.000000000000e-03
3.932200557085e+00 3.668910866521e+00 5.000000000000e-03
9.634754010756e-01 2.013872786354e+00 5.000000000000e-03
3.438480346587e+00 1.203337535804e+00 5.000000000000e-03
4.043606386610e+00 5.359664105916e+00 5.000000000000e-03
3.301923929239e+00 5.326186932516e+00 5.000000000000e-03
5.005010306808e+00 5.515933033836e+00 5.000000000000e-03
4.876292918011e+00 4.704443055840e+00 5.000000000000e-03
6.089995315722e+00 3.052345869464e+00 5.000000000000e-03
3.859167249325e-01 3.996502388331e+00 5.000000000000e-03
2.760503031928e+00 3.408121914938e+00 5.000000000000e-03
7.024922918682e-01 5.522888225740e+00 5.000000000000e-03
1.608883483332e+00 5.656600850929e+00 5.000000000000e-03
3.294673424331e+00 1.270393472662e+00 5.000000000000e-03
1.030984079773e-01 2.704893554567e+00 5.000000000000e-03
4.296285642792e+00 1.308679084842e+00 5.000000000000e-03
2.678415841401e+00 6.056651811674e+00 5.000000000000e-03
4.708796355307e+00 6.227635509645e+00 5.000000000000e-03
1.328504198397e+00 2.362952653811e+00 5.000000000000e-03
2.189469276583e+00 5.883204417175e+00 5.000000000000e-03
2.790512670762e+00 5.275158741511e+00 5.000000000000e-03
5.801975609240e+00 3.761417974261e+00 5.000000000000e-03
1.859747933757e+00 2.049002135900e+00 5.000000000000e-03
2.856006102386e+00 5.334903899352e+00 5.000000000000e-03
1.208713211954e+00 1.759188087468e-01 5.000000000000e-03
8.139010508428e-01 4.695429220851e+00 5.000000000000e-03
5.751630710292e+00 1.663965335976e+00 5.000000000000e-03
1.426782055101e+00 1.358826357224e+00 5.000000000000e-03
6.620232028917e-01 4.518972386318e+00 5.000000000000e-03
3.866795505446e-01 4.671331873165e+00 5.000000000000e-03
2.383036095549e+00 5.005875153086e+00 5.000000000000e-03
5.227069424362e+00 3.766304268478e+00 5.000000000000e-03
5.994362716659e-01 5.357082101735e+00 5.000000000000e-03
4.589734888066e+00 2.406099219229e+00 5.000000000000e-03
2.110116443077e+00 2.742598740476e+00 5.000000000000e-03
4.856573562088e+00 3.015621206804e+00 5.000000000000e-03
5.892162325724e+00 1.646601973263e+00 5.000000000000e-03
4.228660586519e+00 4.046369420523e+00 5.000000000000e-03
6.035466636077e-01 2.448185549181e+00 5.000000000000e-03
3.073255860356e+00 5.438686885805e+00 5.000000000000e-03
8.834517526609e-01 2.297831017989e+00 5.000000000000e-03
4.232030156334e+00 1.843710528578e-02 5.000000000000e-03
2.994454409396e+00 3.336476326592e+00 5.000000000000e-03
7.680906745866e-01 2.760888890564e+00 5.000000000000e-03
4.886730912811e+00 4.784137368230e+00 5.000000000000e-03
5.045226852017e+00 5.811484542747e+00 5.000000000000e-03
4.741720182436e+00 1.255616405705e+00 5.000000000000e-03
2.533769236195e+00 5.348186921738e+00 5.000000000000e-03
2.676999659087e+00 2.441105462644e+00 5.000000000000e-03
5.310531694444e+00 1.061724804430e-01 5.000000000000e-03
4.839543694074e-02 1.112652639299e+00 5.000000000000e-03
2.477144272688e+00 3.698916160117e+00 5.000000000000e-03
2.650635050173e+00 3.767790803576e+00 5.000000000000e-03
2.194823777573e-01 3.444922375534e+00 5.000000000000e-03
6.205426994531e+00 5.671265834188e+00 5.000000000000e-03
3.199781389807e+00 7.018976980876e-01 5.000000000000e-03
3.251410046599e+00 5.362293612711e+00 5.000000000000e-03
4.175916981472e+00 4.240826488095e-01 5.000000000000e-03
6.244045406420e+00 1.386837292303e+00 5.000000000000e-03
5.038707112337e+00 4.263399350183e+00 5.000000000000e-03
1.070204929501e+00 2.260732015636e+00 5.000000000000e-03
6.137211921740e+00 2.565873566233e+00 5.000000000000e-03
2.323517915333e-01 2.086949196179e+00 5.000000000000e-03
2.496610504659e+00 3.070492686200e+00 5.000000000000e-03
4.986245224684e+00 1.394040031024e+00 5.000000000000e-03
5.011553967372e+00 4.509163463486e+00 5.000000000000e-03
4.023009436180e+00 6.434732767371e-01 5.000000000000e-03
1.664246624672e+00 1.029308618051e+00 5.000000000000e-03
2.058859927342e+00 1.380520341294e+00 5.000000000000e-03
5.521132506884e+00 4.907438338053e+00 5.000000000000e-03
2.552169426918e+00 5.264439488853e+00 5.000000000000e-03
2.539546120233e-01 2.362755717316e+00 5.000000000000e-03
2.599827369433e+00 8.011743432317e-01 5.000000000000e-03
2.883490870989e+00 7.118778148091e-01 5.000000000000e-03
2.969645764457e+00 8.811191287536e-01 5.000000000000e-03
3.352796942523e-01 1.832813335534e+00 5.000000000000e-03
2.794290565202e-02 2.746771295409e+00 5.000000000000e-03
6.143070164704e+00 4.761450248189e+00 5.000000000000e-03
3.915764806262e+00 6.089716459200e+00 5.000000000000e-03
2.809600771791e+00 6.939191399958e-01 5.000000000000e-03
3.358989152329e+00 3.487904747642e+00 5.000000000000e-03
1.697961544540e+00 2.097754626734e+00 5.000000000000e-03
2.392807186787e+00 2.762287174446e+00 5.000000000000e-03
3.817652201427e+00 3.636477240657e+00 5.000000000000e-03
2.613521439160e+00 3.384119242726e-01 5.000000000000e-03
5.015673353520e-02 6.019480250593e+00 5.000000000000e-03
2.258230278351e-03 3.688993657035e+00 5.000000000000e-03
4.112266658069e+00 2.679967209105e+00 5.000000000000e-03
6.004955195321e+00 3.262794369320e+00 5.000000000000e-03
5.835041546938e+00 3.221377513004e+00 5.000000000000e-03
2.708366618783e+00 4.734484794190e+00 5.000000000000e-03
4.525867013252e+00 4.739369316772e+00 5.000000000000e-03
2.820134599329e-02 2.834446975008e+00 5.000000000000e-03
4.447859048878e+00 7.017949601800e-01 -5.000000000000e-03
5.157434526506e+00 3.317627748994e+00 -5.000000000000e-03
4.611392748506e+00 5.892735578701e-01 -5.000000000000e-03
3.967700792990e+00 6.295356587365e-01 -5.000000000000e-03
3.969454635337e+00 4.599850845615e+00 -5.000000000000e-03
2.674848697958e+00 5.640483761137e-01 -5.000000000000e-03
4.818205443237e+00 1.605124365638e+00 -5.000000000000e-03
2.489961061462e+00 4.980107804811e+00 -5.000000000000e-03
3.096627935139e+00 5.081986515254e-01 -5.000000000000e-03
1.081979001326e+00 4.501813228483e+00 -5.000000000000e-03
2.052241861830e+00 4.557311647112e+00 -5.000000000000e-03
2.718853912084e+00 6.086051802784e+00 -5.000000000000e-03
1.493364003439e+00 2.694785048915e+00 -5.000000000000e-03
1.180167116421e+00 4.460392476714e+00 -5.000000000000e-03
2.940249494446e+00 2.485220717686e+00 -5.000000000000e-03
4.815887469258e+00 1.246176769020e+00 -5.000000000000e-03
5.526002641246e+00 1.677696426920e+00 -5.000000000000e-03
3.343861610039e+00 5.283702888847e+00 -5.000000000000e-03
8.218285745294e-01 6.206338421839e+00 -5.000000000000e-03
1.023512778867e+00 4.633853105777e+00 -5.000000000000e-03
3.845657418442e+00 2.141601993037e+00 -5.000000000000e-03
3.344420407124e+00 5.130222897911e+00 -5.000000000000e-03
4.997881064070e+00 3.211064444968e+00 -5.000000000000e-03
2.828410139606e+00 1.949161420356e+00 -5.000000000000e-03
1.933610116988e+00 1.518170119397e-01 -5.000000000000e-03
4.401322040112e+00 2.752721898610e+00 -5.000000000000e-03
1.068720534935e+00 6.167882803277e+00 -5.000000000000e-03
6.019171394744e+00 2.045012592769e+00 -5.000000000000e-03
1.980046407001e-01 3.323458215610e+00 -5.000000000000e-03
1.915097935050e+00 2.184570507944e+00 -5.000000000000e-03
4.469532305613e+00 1.527467517747e+00 -5.000000000000e-03
4.342299697859e+00 5.729632294628e+00 -5.000000000000e-03
4.493700973276e+00 1.848902363620e+00 -5.000000000000e-03
5.242706145827e+00 2.745701110897e+00 -5.000000000000e-03
8.943058139308e-01 3.488738528150e+00 -5.000000000000e-03
1.027637340939e+00 3.192663462375e+00 -5.000000000000e-03
1.886344693953e+00 4.056435438258e+00 -5.000000000000e-03
4.416917850722e+00 5.709287645441e+00 -5.000000000000e-03
4.203900019947e+00 2.883471725279e+00 -5.000000000000e-03
1.508894364298e+00 3.201363194100e+00 -5.000000000000e-03
3.880091390664e+00 2.147585633538e+00 -5.000000000000e-03
8.803199715215e-01 5.193909352238e-01 -5.000000000000e-03
3.773725166409e+00 1.127671804748e+00 -5.000000000000e-03
2.438848423263e+00 2.829677207550e+00 -5.000000000000e-03
2.307423866652e-01 3.313650682836e+00 -5.000000000000e-03
2.562640898481e-02 1.082124963708e-01 -5.000000000000e-03
2.342756550987e+00 5.553777880491e+00 -5.000000000000e-03
2.547486658892e+00 3.766762491678e+00 -5.000000000000e-03
1.480585519730e+00 3.729249542044e+00 -5.000000000000e-03
3.572853175517e-02 3.004055743203e-02 -5.000000000000e-03
7.730828512409e-01 5.557735622765e+00 -5.000000000000e-03
2.017630962029e+00 2.312176004125e+00 -5.000000000000e-03
3.148981483769e+00 3.244764361949e+00 -5.000000000000e-03
2.290046573817e+00 3.386941773547e+00 -5.000000000000e-03
5.491890242196e+00 3.351743246256e+00 -5.000000000000e-03
5.227101407217e-01 5.540059370409e+00 -5.000000000000e-03
2.519128170479e+00 8.155648765598e-01 -5.000000000000e-03
1.584761922496e-01 2.464358097861e+00 -5.000000000000e-03
5.765506533931e+00 4.280138455032e+00 -5.000000000000e-03
5.963357272165e+00 2.951616724977e+00 -5.000000000000e-03
6.223772573617e+00 2.339233302763e+00 -5.000000000000e-03
2.344659170622e+00 1.538271724695e+00 -5.000000000000e-03
4.356700296434e-01 2.927673728520e+00 -5.000000000000e-03
2.208349918780e+00 1.511962532969e+00 -5.000000000000e-03
1.734669065342e+00 3.513150999585e+00 -5.000000000000e-03
2.054580230732e+00 7.702542882849e-01 -5.000000000000e-03
5.293732289756e+00 2.345293693952e+00 -5.000000000000e-03
2.235710717754e+00 1.824413053034e+00 -5.000000000000e-03
2.776283457331e-01 3.446834163408e+00 -5.000000000000e-03
5.957037635262e+00 1.762095258828e+00 -5.000000000000e-03
2.431058339728e+00 3.874406413535e+00 -5.000000000000e-03
4.484722605052e+00 3.436984142130e+00 -5.000000000000e-03
2.976689101425e+00 5.739377501688e+00 -5.000000000000e-03
2.126584081261e-02 1.764083257027e-01 -5.000000000000e-03
6.008073287187e+00 2.564746897462e+00 -5.000000000000e-03
2.147775553647e+00 1.714566261818e-01 -5.000000000000e-03
6.070344240772e+00 3.696369779323e-01 -5.000000000000e-03
1.803266229930e+00 6.225055357582e+00 -5.000000000000e-03
3.017815480940e+00 4.652468030440e+00 -5.000000000000e-03
2.770875377745e+00 1.588072031320e-01 -5.000000000000e-03
3.560713367704e+00 2.358623891430e+00 -5.000000000000e-03
3.011710288597e+00 7.465770124253e-01 -5.000000000000e-03
1.228330024551e+00 3.236462502714e+00 -5.000000000000e-03
3.171757357332e+00 1.857707182958e+00 -5.000000000000e-03
6.829145734314e-01 6.240486847526e-01 -5.000000000000e-03
1.909978777574e+00 3.208479523668e+00 -5.000000000000e-03
5.678534278666e+00 2.269101304395e+00 -5.000000000000e-03
7.571569940612e-01 4.002728983444e+00 -5.000000000000e-03
2.604650059243e+00 3.093464092723e+00 -5.000000000000e-03
2.661606346469e+00 5.162322090110e+00 -5.000000000000e-03
2.675592993680e+00 1.740293939325e+00 -5.000000000000e-03
5.376982930186e+00 1.837687024809e+00 -5.000000000000e-03
1.809879775048e+00 2.240173111452e+00 -5.000000000000e-03
3.703971937016e+00 4.128947824281e+00 -5.000000000000e-03
5.102025973863e+00 9.375376169359e-01 -5.000000000000e-03
4.914927896895e+00 5.153380353203e-01 -5.000000000000e-03
3.507692867313e+00 4.732702996203e+00 -5.000000000000e-03
5.506525811311e-01 1.309274014572e+00 -5.000000000000e-03
4.303090003956e+00 1.837500923783e+00 -5.000000000000e-03
7.001626316933e-01 5.567102343984e+00 -5.000000000000e-03
