5.896270808673e+00 5.785226619732e+00 5.000000000000e-03
1.621590237573e+00 3.998726974909e+00 5.000000000000e-03
5.452879746791e+00 3.210532094545e-01 5.000000000000e-03
1.484003579045e+00 4.175858284139e+00 5.000000000000e-03
4.207415041410e+00 1.756090907060e+00 5.000000000000e-03
3.831134964242e+00 5.129531785780e+00 5.000000000000e-03
4.863829967048e+00 5.826669730273e+00 5.000000000000e-03
3.255527696401e+00 4.407960835275e+00 5.000000000000e-03
5.471619494898e+00 2.416588818353e-01 5.000000000000e-03
4.212086030114e+00 4.174132007490e+00 5.000000000000e-03
1.505589691570e+00 3.166032788357e+00 5.000000000000e-03
3.500662441553e-01 6.242686870875e+00 5.000000000000e-03
3.635642229799e+00 3.147839611315e+00 5.000000000000e-03
5.442764714340e+00 3.530533300668e+00 5.000000000000e-03
5.892216102376e+00 6.007043573395e+00 5.000000000000e-03
7.767808983151e-01 3.208981629126e+00 5.000000000000e-03
5.817192557954e-01 4.576147331676e+00 5.000000000000e-03
5.486333102026e+00 5.577259834018e+00 5.000000000000e-03
5.489913840016e+00 1.107651843445e+00 5.000000000000e-03
2.546218698658e+00 1.467806935057e+00 5.000000000000e-03
5.667987931574e+00 5.063984752996e+00 5.000000000000e-03
5.397904767641e+00 3.303517430405e+00 5.000000000000e-03
6.509117207207e-01 6.022504178298e+00 5.000000000000e-03
2.973424028346e+00 2.774898615694e+00 5.000000000000e-03
2.320177040955e+00 5.486284889739e+00 5.000000000000e-03
5.097909381545e+00 4.520706520510e+00 5.000000000000e-03
6.304368494326e-01 1.222404473895e+00 5.000000000000e-03
2.371785398267e+00 2.072111160591e+00 5.000000000000e-03
3.031839552519e+00 3.457320391159e+00 5.000000000000e-03
3.938906185081e+00 2.232214057061e-02 5.000000000000e-03
3.761015855158e+00 5.091739255700e+00 5.000000000000e-03
5.178973205788e+00 5.178090610757e+00 5.000000000000e-03
3.704031534735e+00 4.555841908060e+00 5.000000000000e-03
5.576674015249e+00 9.239358557653e-03 5.000000000000e-03
3.475942695323e+00 5.325529346617e+00 5.000000000000e-03
6.110500312466e+00 3.811682679817e+00 5.000000000000e-03
3.851102178566e-01 6.567747489392e-01 5.000000000000e-03
2.352911538751e+00 1.831658141268e+00 5.000000000000e-03
2.744833294425e+00 2.037746939796e+00 5.000000000000e-03
2.975629945068e+00 4.188880656074e+00 5.000000000000e-03
1.238021238532e+00 4.221364652372e+00 5.000000000000e-03
1.435137405005e+00 4.463753896599e+00 5.000000000000e-03
4.066840257233e+00 3.255290269211e+00 5.000000000000e-03
1.632999407379e+00 2.066444486015e+00 5.000000000000e-03
1.257180520116e+00 3.547647959193e+00 5.000000000000e-03
1.391917577203e+00 5.022574050547e+00 5.000000000000e-03
5.739275720847e+00 1.595392341590e+00 5.000000000000e-03
5.775584657134e+00 1.986746783535e-01 5.000000000000e-03
3.730166144850e+00 4.135238513224e+00 5.000000000000e-03
5.850091511846e+00 4.452297331076e+00 5.000000000000e-03
1.444506507604e+00 4.335286727847e+00 5.000000000000e-03
2.998860940320e+00 4.625232427202e+00 5.000000000000e-03
6.210133927598e+00 5.769562829335e+00 5.000000000000e-03
6.174546333899e+00 1.527175827421e+00 5.000000000000e-03
5.093120502200e+00 1.326626434745e-01 5.000000000000e-03
7.639442325118e-01 2.385778667629e+00 5.000000000000e-03
2.694804067226e+00 2.061969251141e+00 5.000000000000e-03
5.742807579035e+00 1.071581275091e+00 5.000000000000e-03
5.154094695438e+00 6.154311395617e+00 5.000000000000e-03
2.944324778213e+00 2.574797589431e+00 5.000000000000e-03
4.443335513893e+00 6.164849999856e+00 5.000000000000e-03
2.660848590185e-03 1.712128252162e+00 5.000000000000e-03
4.862137865568e+00 1.202586620510e+00 5.000000000000e-03
2.719407595264e+00 5.064034444391e+00 5.000000000000e-03
4.022825167241e+00 3.676575027601e+00 5.000000000000e-03
5.483397175052e+00 4.901311388876e+00 5.000000000000e-03
1.671420798044e+00 7.734173409217e-01 5.000000000000e-03
5.462826249363e-01 1.951254989845e+00 5.000000000000e-03
7.364844917849e-01 1.373551865267e+00 5.000000000000e-03
8.295567490124e-01 1.576119235006e+00 5.000000000000e-03
3.590789800896e+00 2.096681954205e+00 5.000000000000e-03
1.808057256433e+00 1.340629539318e+00 5.000000000000e-03
4.794811553828e+00 8.006246016624e-01 5.000000000000e-03
2.071244976296e+00 1.891299058036e+00 5.000000000000e-03
4.270180879012e+00 1.911762139425e+00 5.000000000000e-03
1.115710351233e+00 1.864208284838e+00 5.000000000000e-03
2.160231688857e+00 5.483074765686e-01 5.000000000000e-03
2.722304186060e+00 3.429461689118e-01 5.000000000000e-03
2.187891065892e+00 2.086446447977e-01 5.000000000000e-03
1.814449119042e+00 1.426163561245e+00 5.000000000000e-03
3.929774071219e+00 3.021266350270e+00 5.000000000000e-03
5.336677634463e+00 1.885393761648e+00 5.000000000000e-03
5.575127180306e+00 4.056680253948e+00 5.000000000000e-03
1.462114575818e+00 9.744172443086e-01 5.000000000000e-03
4.322401434227e+00 4.150582097281e+00 5.000000000000e-03
6.112895076654e+00 4.119091904181e+00 5.000000000000e-03
5.001379530060e+00 5.053202231010e+00 5.000000000000e-03
2.719754935586e+00 1.963934418222e+00 5.000000000000e-03
5.037972408638e+00 5.189260201366e+00 5.000000000000e-03
6.095487575292e+00 4.669475186468e+00 5.000000000000e-03
5.497128945982e+00 5.504821269457e+00 5.000000000000e-03
3.947121087690e+00 4.841546435745e+00 5.000000000000e-03
3.090422637559e+00 5.180896717787e+00 5.000000000000e-03
1.844412348838e+00 2.535402427206e+00 5.000000000000e-03
4.902832594483e+00 6.481385704100e-02 5.000000000000e-03
2.993130868489e+00 5.185858009142e+00 5.000000000000e-03
2.589833170099e+00 2.713604530145e-01 5.000000000000e-03
2.998203589752e+00 8.976739877962e-01 5.000000000000e-03
3.197094851664e+00 2.943269938419e-01 5.000000000000e-03
5.722120898032e+00 1.129912307766e+00 5.000000000000e-03
4.319968612394e+00 3.595999345798e+00 -5.000000000000e-03
2.810667129922e+00 8.176785305426e-01 -5.000000000000e-03
2.297380284043e+00 1.445186963716e+00 -5.000000000000e-03
5.613723541637e+00 2.391591194408e+00 -5.000000000000e-03
5.172113656237e+00 1.020666893449e+00 -5.000000000000e-03
3.734052787132e+00 9.706601205193e-01 -5.000000000000e-03
5.560729321256e+00 1.201926229658e+00 -5.000000000000e-03
6.221502244945e+00 4.829889306255e-01 -5.000000000000e-03
2.811573967079e+00 1.107440182664e+00 -5.000000000000e-03
5.538275768154e+00 1.365651244301e-01 -5.000000000000e-03
4.616051682946e+00 3.567020645544e+00 -5.000000000000e-03
4.049852793439e+00 5.933619710291e+00 -5.000000000000e-03
1.428113469305e+00 3.586535077138e+00 -5.000000000000e-03
3.198952005887e+00 2.889933330722e+00 -5.000000000000e-03
4.927996431096e+00 5.624201743287e+00 -5.000000000000e-03
5.318470376338e+00 1.707403847695e+00 -5.000000000000e-03
1.687674924070e+00 3.631577487043e+00 -5.000000000000e-03
4.310623516081e+00 2.392284207317e+00 -5.000000000000e-03
1.078556673404e+00 6.244150543903e+00 -5.000000000000e-03
2.877965420640e+00 4.075503742865e-01 -5.000000000000e-03
4.449973770844e+00 5.515643988139e-01 -5.000000000000e-03
6.246189038799e+00 5.536917552152e+00 -5.000000000000e-03
6.703059856870e-02 1.974624013513e+00 -5.000000000000e-03
5.134661795096e-01 4.153449924841e+00 -5.000000000000e-03
1.439709851195e-01 3.599556242422e+00 -5.000000000000e-03
1.361380941297e+00 4.786182446524e+00 -5.000000000000e-03
2.210532511103e+00 1.452947877606e+00 -5.000000000000e-03
5.546516688010e+00 2.573690706112e+00 -5.000000000000e-03
4.915685033531e+00 5.565760864683e+00 -5.000000000000e-03
6.081276308044e+00 4.307168251659e-02 -5.000000000000e-03
4.301552852033e+00 8.976989272262e-01 -5.000000000000e-03
1.618527419080e+00 2.608395810669e+00 -5.000000000000e-03
4.112711904600e+00 1.022265578349e+00 -5.000000000000e-03
2.042872337892e+00 3.482041717208e+00 -5.000000000000e-03
3.108897805391e+00 1.427725340594e+00 -5.000000000000e-03
2.081292204341e+00 3.242320730477e-01 -5.000000000000e-03
2.791787953338e+00 3.041261174972e+00 -5.000000000000e-03
3.460870274461e+00 4.466977007346e+00 -5.000000000000e-03
5.237854565207e+00 7.689516631060e-01 -5.000000000000e-03
4.521356340166e+00 5.886294241627e+00 -5.000000000000e-03
4.481155685525e+00 5.426395525087e-01 -5.000000000000e-03
2.989371834731e+00 5.989391939161e+00 -5.000000000000e-03
2.449675785162e+00 1.420189045326e-01 -5.000000000000e-03
2.190085002452e+00 5.407783572082e+00 -5.000000000000e-03
1.224060656801e+00 1.654412620920e+00 -5.000000000000e-03
1.353101462633e+00 5.459639149313e+00 -5.000000000000e-03
5.120242519694e+00 4.312422066738e+00 -5.000000000000e-03
5.827756881724e+00 2.631108863714e+00 -5.000000000000e-03
5.613565022618e+00 4.751133813178e+00 -5.000000000000e-03
4.396202880482e+00 3.665645070323e+00 -5.000000000000e-03
3.612305744941e+00 9.039457278193e-02 -5.000000000000e-03
5.632053126566e+00 2.273786475449e+00 -5.000000000000e-03
6.045141050455e+00 1.315275729979e+00 -5.000000000000e-03
6.575467123200e-01 5.843092345213e+00 -5.000000000000e-03
6.172083381070e-01 1.692041542823e+00 -5.000000000000e-03
3.595997071379e-01 8.748702562501e-02 -5.000000000000e-03
1.707591554315e+00 2.979324553978e+00 -5.000000000000e-03
1.769611311084e-01 5.559535132835e+00 -5.000000000000e-03
3.746965297942e+00 5.558096741391e+00 -5.000000000000e-03
5.215282612894e+00 5.710426454839e+00 -5.000000000000e-03
5.896175606574e+00 2.879244221063e+00 -5.000000000000e-03
2.292037745771e-01 4.770487021504e+00 -5.000000000000e-03
5.073301868851e+00 7.694041985182e-01 -5.000000000000e-03
3.920393794850e+00 6.193921448369e+00 -5.000000000000e-03
8.480439106177e-01 3.062848887728e+00 -5.000000000000e-03
4.952814080797e+00 2.356728483773e+00 -5.000000000000e-03
1.499291918566e+00 5.150754971748e+00 -5.000000000000e-03
3.703287912732e+00 1.106656730923e+00 -5.000000000000e-03
1.618516254015e+00 5.205788562216e+00 -5.000000000000e-03
2.692957519060e+00 4.054119321546e+00 -5.000000000000e-03
5.328644757890e+00 3.295592128795e+00 -5.000000000000e-03
5.034950529794e+00 1.991165662746e+00 -5.000000000000e-03
4.640110006200e+00 4.251662296157e+00 -5.000000000000e-03
2.146538160140e+00 4.314912001588e+00 -5.000000000000e-03
3.370944844990e-01 5.496274965378e+00 -5.000000000000e-03
4.077746686945e+00 6.186038657168e+00 -5.000000000000e-03
3.655100729152e+00 2.162238946271e+00 -5.000000000000e-03
4.689012230928e+00 6.180555892938e-01 -5.000000000000e-03
4.963186542753e+00 4.932008912046e+00 -5.000000000000e-03
2.827642252756e+00 2.387066907737e+00 -5.000000000000e-03
3.930386036677e+00 2.836783316984e+00 -5.000000000000e-03
5.154293065688e+00 3.559889424359e+00 -5.000000000000e-03
4.815887306018e+00 4.751219130877e+00 -5.000000000000e-03
8.865349162295e-01 8.885652273080e-01 -5.000000000000e-03
2.643710781546e+00 1.405081987921e+00 -5.000000000000e-03
5.047857033765e+00 5.046306495851e+00 -5.000000000000e-03
1.960290547295e+00 4.745323915106e+00 -5.000000000000e-03
4.173103080828e+00 9.568363296000e-01 -5.000000000000e-03
3.956936958873e+00 3.359017088271e+00 -5.000000000000e-03
3.315556545809e+00 3.678741720940e+00 -5.000000000000e-03
4.084085959371e+00 2.029684251567e+00 -5.000000000000e-03
3.588188143513e+00 3.765774112185e+00 -5.000000000000e-03
4.535509714035e+00 4.541958876157e+00 -5.000000000000e-03
4.956689297665e+00 3.309820537451e+00 -5.000000000000e-03
6.160638964336e+00 3.332625173892e+00 -5.000000000000e-03
3.279957001743e+00 4.771948745838e+00 -5.000000000000e-03
4.075370324682e+00 5.572662216611e+00 -5.000000000000e-03
2.781382855763e+00 2.561328632960e+00 -5.000000000000e-03
2.815424394438e-01 4.318100004852e+00 -5.000000000000e-03
2.031778977470e-01 5.090697040023e-01 -5.000000000000e-03
