1.655794092740e+00 2.431979771963e+00 5.000000000000e-03
7.423888312224e-01 3.405637062723e-01 5.000000000000e-03
2.370329135624e+00 5.442889626128e+00 5.000000000000e-03
1.489950784721e+00 4.986333666063e+00 5.000000000000e-03
1.135160393332e+00 3.964068520150e+00 5.000000000000e-03
4.139005899631e+00 5.429509544932e+00 5.000000000000e-03
4.136758239511e+00 5.773805016416e+00 5.000000000000e-03
1.079512780106e+00 1.239181510383e+00 5.000000000000e-03
2.737710961568e+00 1.148319648817e+00 5.000000000000e-03
2.041116133546e+00 3.138106803236e+00 5.000000000000e-03
4.506043298721e+00 2.462080055809e+00 5.000000000000e-03
4.723804303572e+00 3.261897501710e+00 5.000000000000e-03
2.227628575948e-01 4.529592672478e+00 5.000000000000e-03
2.308963417765e+00 2.444803274716e-01 5.000000000000e-03
2.107063690590e+00 5.220780513698e+00 5.000000000000e-03
5.951621123099e+00 5.646322300028e+00 5.000000000000e-03
1.791120659018e+00 7.837547375118e-02 5.000000000000e-03
2.881195567193e+00 6.673817641474e-01 5.000000000000e-03
5.860160298363e+00 4.366143760425e+00 5.000000000000e-03
2.232836422147e+00 5.569551925078e+00 5.000000000000e-03
3.780417131152e-01 8.084915461988e-01 5.000000000000e-03
2.023709072034e+00 5.697741463538e+00 5.000000000000e-03
5.609553410843e+00 3.408869709696e+00 5.000000000000e-03
5.397018748868e-01 9.321237187627e-01 5.000000000000e-03
4.549742752987e+00 5.391822618885e+00 5.000000000000e-03
5.304533439288e+00 5.528791623205e+00 5.000000000000e-03
9.850308930552e-01 4.405740105690e+00 5.000000000000e-03
5.956542932080e+00 5.548410265208e+00 5.000000000000e-03
5.660177279183e+00 6.753153848603e-01 5.000000000000e-03
1.059087433339e+00 3.311696709063e+00 5.000000000000e-03
7.889744315289e-01 2.419470988690e+00 5.000000000000e-03
3.868364695161e+00 1.566576305886e+00 5.000000000000e-03
4.917914187451e+00 1.641506092621e+00 5.000000000000e-03
3.917659451468e+00 1.604904749718e+00 5.000000000000e-03
4.649187467945e+00 4.989040591409e+00 5.000000000000e-03
3.566242850793e+00 5.990876500865e+00 5.000000000000e-03
1.204785478238e+00 5.092598768399e+00 5.000000000000e-03
5.827541281229e+00 5.449283831208e+00 5.000000000000e-03
9.367993149747e-01 1.058352953160e+00 5.000000000000e-03
1.584483016686e+00 2.328914046033e+00 5.000000000000e-03
3.703552577443e+00 6.985026424780e-01 5.000000000000e-03
7.457671325131e-01 1.382009202042e+00 5.000000000000e-03
7.410103640335e-01 5.711663005984e+00 5.000000000000e-03
1.072831543604e+00 3.082815807170e+00 5.000000000000e-03
1.068407403082e+00 3.756566834577e+00 5.000000000000e-03
1.053715726264e+00 3.532607222828e+00 5.000000000000e-03
1.431178139877e+00 3.017439587565e+00 5.000000000000e-03
5.221573363474e+00 3.650949656136e+00 5.000000000000e-03
4.009471706145e+00 5.450740632290e+00 5.000000000000e-03
5.652571563626e+00 3.534062066951e+00 5.000000000000e-03
1.433870034410e+00 4.117337182899e+00 5.000000000000e-03
2.657295164371e+00 6.031088544705e+00 5.000000000000e-03
2.202222490754e+00 1.905167033603e+00 5.000000000000e-03
2.921085635259e+00 1.101287119978e+00 5.000000000000e-03
1.170379132096e+00 6.036183877153e+00 5.000000000000e-03
1.619592499226e+00 5.017186754019e+00 5.000000000000e-03
9.268392434977e-01 1.133874866741e+00 5.000000000000e-03
2.658708162091e+00 4.778775476971e+00 5.000000000000e-03
1.072517908510e+00 3.252899340017e+00 5.000000000000e-03
3.610230172410e+00 3.477893519129e+00 5.000000000000e-03
5.399920192121e+00 6.867075374731e-02 5.000000000000e-03
4.506573279193e+00 5.012472082444e+00 5.000000000000e-03
1.160283232900e+00 3.130074012915e+00 5.000000000000e-03
3.984103731312e+00 1.479382268001e-01 5.000000000000e-03
4.068853133326e+00 5.798054856999e+00 5.000000000000e-03
4.436834990139e+00 5.965006875228e+00 5.000000000000e-03
4.285200425645e+00 1.037134183769e+00 5.000000000000e-03
1.773913055432e+00 2.103536293500e+00 5.000000000000e-03
4.488435169968e+00 9.574917624956e-01 5.000000000000e-03
8.935054043671e-01 8.089369608246e-01 5.000000000000e-03
4.725628653590e-01 1.096833842883e+00 5.000000000000e-03
4.017958976098e+00 4.069154967008e+00 5.000000000000e-03
5.075861761036e+00 3.610352138434e+00 5.000000000000e-03
3.919469109593e+00 2.133261732596e+00 5.000000000000e-03
5.707298156970e+00 3.582219331796e-01 5.000000000000e-03
2.260854605174e+00 4.191367133178e+00 5.000000000000e-03
1.915069520243e+00 4.701270444148e+00 5.000000000000e-03
2.074583269111e+00 3.244495671541e+00 5.000000000000e-03
2.184622854758e+00 4.493472800246e+00 5.000000000000e-03
3.458200015425e+00 2.322559019381e+00 5.000000000000e-03
2.894613156553e+00 4.202249864442e+00 5.000000000000e-03
8.617243272249e-01 1.148186196710e+00 5.000000000000e-03
4.315826262763e+00 1.782235384846e+00 5.000000000000e-03
1.334576798249e+00 3.408489133080e+00 5.000000000000e-03
2.244843536176e+00 1.363324752328e+00 5.000000000000e-03
3.949778093777e+00 3.520383033994e+00 5.000000000000e-03
1.089996049132e+00 3.020190308183e+00 5.000000000000e-03
4.364256380784e-01 5.901324837282e+00 5.000000000000e-03
2.114028502604e+00 4.201346168716e+00 5.000000000000e-03
4.064911975049e+00 2.877203813453e+00 5.000000000000e-03
3.003871304199e+00 6.721917358548e-01 5.000000000000e-03
2.930923646272e+00 6.307043985727e-01 5.000000000000e-03
1.371465498359e-01 1.287060973432e+00 5.000000000000e-03
5.814990126115e+00 6.210664309350e+00 5.000000000000e-03
6.091705502212e+00 2.389773847824e+00 5.000000000000e-03
5.414923714900e+00 5.132278024318e+00 5.000000000000e-03
6.013155854780e+00 4.034663671734e+00 5.000000000000e-03
9.496276006618e-01 6.106551920497e+00 5.000000000000e-03
1.313715594423e-01 9.455900434198e-01 5.000000000000e-03
4.839879691438e-01 1.753039159356e+00 5.000000000000e-03
3.383663276712e+00 4.639932758806e+00 -5.000000000000e-03
4.806193223847e+00 1.034336009211e+00 -5.000000000000e-03
2.233020131467e-01 3.711744145875e+00 -5.000000000000e-03
1.431133050182e+00 2.923666331711e+00 -5.000000000000e-03
5.361195182940e+00 3.776708378209e+00 -5.000000000000e-03
3.147988626157e+00 1.236749159326e+00 -5.000000000000e-03
8.280365460942e-01 3.771588921552e+00 -5.000000000000e-03
5.243195782826e+00 4.143634376724e+00 -5.000000000000e-03
6.112441939097e-01 4.294535187946e+00 -5.000000000000e-03
5.581116004743e+00 6.170074291869e+00 -5.000000000000e-03
1.530359664908e+00 1.255784367230e+00 -5.000000000000e-03
2.900123865425e+00 1.942549502806e+00 -5.000000000000e-03
3.892418633516e+00 3.774378519263e+00 -5.000000000000e-03
4.624844566072e+00 6.089474952154e+00 -5.000000000000e-03
2.780975605659e+00 1.589326000048e+00 -5.000000000000e-03
2.046899497168e+00 5.129116001853e+00 -5.000000000000e-03
4.554140931579e+00 1.205571350322e+00 -5.000000000000e-03
5.012614692186e+00 7.293479180000e-01 -5.000000000000e-03
6.187183216637e+00 6.084456775965e+00 -5.000000000000e-03
4.992701104323e+00 5.408659704299e+00 -5.000000000000e-03
4.793264285541e+00 5.021919517742e+00 -5.000000000000e-03
3.905547573762e+00 1.965087738923e+00 -5.000000000000e-03
4.122548515797e+00 2.579159351897e+00 -5.000000000000e-03
5.155098286320e+00 3.094395047555e+00 -5.000000000000e-03
3.193636352042e-01 5.531316021164e-01 -5.000000000000e-03
3.299654508949e+00 3.182060212544e-01 -5.000000000000e-03
2.647274276427e+00 5.939895409788e+00 -5.000000000000e-03
5.253463330726e+00 2.164831679568e-01 -5.000000000000e-03
2.108541039065e+00 3.729088635760e-01 -5.000000000000e-03
1.273102065856e+00 5.149884382680e+00 -5.000000000000e-03
2.829860757875e-01 2.805930047625e+00 -5.000000000000e-03
6.133161927852e+00 3.692970182780e+00 -5.000000000000e-03
3.433627465383e+00 3.713105775544e+00 -5.000000000000e-03
2.515016732417e+00 2.794156622916e+00 -5.000000000000e-03
6.266526178736e+00 3.432975459425e+00 -5.000000000000e-03
8.763967596011e-01 3.370611841675e-01 -5.000000000000e-03
2.072504618286e+00 4.223190568052e-01 -5.000000000000e-03
5.859435351928e+00 5.935981061138e+00 -5.000000000000e-03
2.121897620872e+00 5.653288318736e+00 -5.000000000000e-03
1.690698741421e+00 2.549126532996e+00 -5.000000000000e-03
4.767312127615e+00 5.005447190142e+00 -5.000000000000e-03
1.533416849740e+00 3.524924485504e+00 -5.000000000000e-03
6.249074551086e+00 6.280589579809e+00 -5.000000000000e-03
6.010942095343e+00 3.417055397616e+00 -5.000000000000e-03
5.703195847968e+00 5.920204044437e+00 -5.000000000000e-03
2.055502843635e+00 6.490908451988e-01 -5.000000000000e-03
5.903328818067e+00 5.942930037624e-01 -5.000000000000e-03
5.476133442428e+00 5.498055366474e+00 -5.000000000000e-03
3.982895342144e+00 3.896359740176e+00 -5.000000000000e-03
3.238908062838e-01 4.317719755346e+00 -5.000000000000e-03
1.127209612001e+00 1.683755763078e+00 -5.000000000000e-03
2.752995250365e-01 4.584323145438e-01 -5.000000000000e-03
4.273351311533e+00 4.780249062631e+00 -5.000000000000e-03
5.991617463381e+00 4.885316523309e+00 -5.000000000000e-03
5.282317518617e+00 2.043451095131e+00 -5.000000000000e-03
4.439609277341e+00 1.389684252040e+00 -5.000000000000e-03
5.672053589030e+00 5.646839647617e+00 -5.000000000000e-03
6.053685336476e+00 2.173943963332e-01 -5.000000000000e-03
2.391105699289e+00 1.564319130613e+00 -5.000000000000e-03
6.145718846709e+00 3.892392281882e+00 -5.000000000000e-03
3.437252002680e+00 1.661593760238e+00 -5.000000000000e-03
5.321976248070e+00 4.393903313795e+00 -5.000000000000e-03
5.526378496003e+00 1.792609505038e+00 -5.000000000000e-03
2.256049459790e+00 3.420356091624e+00 -5.000000000000e-03
2.930459906441e+00 2.879399930411e+00 -5.000000000000e-03
3.579791810670e+00 1.365269925949e+00 -5.000000000000e-03
1.175345556136e-01 5.256866477350e+00 -5.000000000000e-03
4.671869004322e+00 3.063258665476e+00 -5.000000000000e-03
2.327934606201e+00 5.958307190899e+00 -5.000000000000e-03
2.947449472001e+00 5.693532510156e+00 -5.000000000000e-03
3.737898744929e+00 4.473575310921e-01 -5.000000000000e-03
1.883051702812e-01 1.508437671068e+00 -5.000000000000e-03
5.916735904927e+00 1.156607712494e-01 -5.000000000000e-03
7.349831138541e-02 4.678937914287e+00 -5.000000000000e-03
5.982268772825e+00 1.573411813674e+00 -5.000000000000e-03
7.626264714734e-01 1.735799082044e+00 -5.000000000000e-03
4.567604145129e+00 5.445624721473e+00 -5.000000000000e-03
1.979154161026e+00 1.487477975444e+00 -5.000000000000e-03
5.521401662164e+00 3.141762018495e+00 -5.000000000000e-03
1.710789761701e+00 2.267299273334e+00 -5.000000000000e-03
1.540779383117e+00 1.961214501027e+00 -5.000000000000e-03
5.975921335226e+00 4.241633019032e+00 -5.000000000000e-03
1.015679827899e+00 5.317932808860e+00 -5.000000000000e-03
4.378242181599e+00 5.668070698966e+00 -5.000000000000e-03
5.458630481225e+00 3.594920455534e+00 -5.000000000000e-03
3.082569251708e+00 4.429843456080e+00 -5.000000000000e-03
1.318507521506e+00 5.542198265129e+00 -5.000000000000e-03
4.008566283928e+00 5.962890131670e+00 -5.000000000000e-03
2.873145441975e+00 1.768859309506e+00 -5.000000000000e-03
9.151720330710e-01 3.184430053530e+00 -5.000000000000e-03
5.419303728379e+00 4.405875060050e+00 -5.000000000000e-03
3.609191758412e-01 1.085462708426e+00 -5.000000000000e-03
6.699745316619e-01 5.979333899691e+00 -5.000000000000e-03
2.202300606246e+00 3.236518522450e+00 -5.000000000000e-03
5.375522184660e+00 5.158098392416e+00 -5.000000000000e-03
6.225103511776e+00 5.783532843112e+00 -5.000000000000e-03
3.572210342387e+00 5.606922985726e+00 -5.000000000000e-03
4.318094779406e-01 3.115737556767e+00 -5.000000000000e-03
1.191882002121e+00 2.179840409679e+00 -5.000000000000e-03
6.761182449543e-01 5.843467237586e+00 -5.000000000000e-03
