5.326938435329e+00 2.608953343838e+00 5.000000000000e-03
5.582090835484e-01 4.618233016856e+00 5.000000000000e-03
7.217248526524e-01 4.309157404814e+00 5.000000000000e-03
3.010042529460e+00 5.062861026941e+00 5.000000000000e-03
3.693399790671e+00 1.932914236001e+00 5.000000000000e-03
5.360204413035e+00 3.842055043429e+00 5.000000000000e-03
3.053191872458e+00 2.325888563060e+00 5.000000000000e-03
5.909166396835e+00 2.523983105799e+00 5.000000000000e-03
5.381601527652e+00 6.832462950166e-01 5.000000000000e-03
6.533803654147e-01 2.045665958607e+00 5.000000000000e-03
4.860626016228e+00 2.191442125222e+00 5.000000000000e-03
4.733658183883e+00 5.064351572774e-01 5.000000000000e-03
4.119427704818e+00 1.003802085957e+00 5.000000000000e-03
5.309650977582e+00 5.777935127201e+00 5.000000000000e-03
3.360973634845e+00 5.359943012588e+00 5.000000000000e-03
1.105777557450e+00 3.531894614927e-01 5.000000000000e-03
2.752242405407e+00 2.428030928737e+00 5.000000000000e-03
5.443553779001e+00 4.004873736971e+00 5.000000000000e-03
3.606134557371e+00 2.158466874749e+00 5.000000000000e-03
5.702764472412e+00 1.328726840380e-01 5.000000000000e-03
2.889294078325e+00 2.837310153565e+00 5.000000000000e-03
6.156991614368e+00 2.478948289020e-01 5.000000000000e-03
2.056978193329e+00 4.137363871720e+00 5.000000000000e-03
5.213224987295e+00 5.789539653972e+00 5.000000000000e-03
4.931734766619e+00 3.979681393873e+00 5.000000000000e-03
6.120379315281e+00 1.744302299406e+00 5.000000000000e-03
5.952460781959e-01 4.591460139124e-01 5.000000000000e-03
6.166407223545e+00 4.554649634097e+00 5.000000000000e-03
2.882223017080e+00 2.524715155346e-02 5.000000000000e-03
1.274800553259e-01 2.565061890843e+00 5.000000000000e-03
3.365795059523e+00 1.219477256251e+00 5.000000000000e-03
4.212468545381e-01 1.498450147114e+00 5.000000000000e-03
3.651607456689e+00 1.328004378100e+00 5.000000000000e-03
6.237398952469e+00 5.537482600967e+00 5.000000000000e-03
4.851617548152e+00 6.640590616037e-01 5.000000000000e-03
6.578818259517e-01 2.638529276254e+00 5.000000000000e-03
8.772241246602e-01 2.061833821505e+00 5.000000000000e-03
2.945216849523e+00 2.839515008127e+00 5.000000000000e-03
1.056138496951e+00 2.200688496569e+00 5.000000000000e-03
4.206931424552e-01 1.033053554495e+00 5.000000000000e-03
4.803485857353e+00 3.960150949587e+00 5.000000000000e-03
5.495777895525e-02 3.527575013351e-01 5.000000000000e-03
3.723879280924e+00 4.425725058126e+00 5.000000000000e-03
4.390621482425e+00 4.434885697552e+00 5.000000000000e-03
6.151581687731e-01 2.956793290754e+00 5.000000000000e-03
4.823779941031e+00 1.846740572646e+00 5.000000000000e-03
8.701498571015e-01 3.437575230642e+00 5.000000000000e-03
5.100086874670e+00 4.073532457286e+00 5.000000000000e-03
5.482434963688e+00 4.935930503988e+00 5.000000000000e-03
2.645543725497e+00 1.269868693333e+00 5.000000000000e-03
5.336168462180e-01 2.016902769188e+00 5.000000000000e-03
5.241727207947e+00 2.457940951563e-01 5.000000000000e-03
3.065877263564e-01 2.767499758681e+00 5.000000000000e-03
2.983280721454e+00 3.755910142883e+00 5.000000000000e-03
5.864308268847e+00 3.559930235097e-01 5.000000000000e-03
1.188472676465e+00 3.403296686132e+00 5.000000000000e-03
1.930869435897e+00 2.876444989198e+00 5.000000000000e-03
1.089354834817e+00 6.214697269905e+00 5.000000000000e-03
3.145399555675e+00 2.434958394891e+00 5.000000000000e-03
5.341316887167e+00 2.820641814073e+00 5.000000000000e-03
1.756889607737e+00 3.545385475350e+00 5.000000000000e-03
3.729896104787e+00 2.697326339760e+00 5.000000000000e-03
3.563605537701e+00 5.493891003193e+00 5.000000000000e-03
4.065146788835e+00 1.165635316574e+00 5.000000000000e-03
4.582621967520e+00 1.922447556432e+00 5.000000000000e-03
1.973144117251e+00 5.642774380397e+00 5.000000000000e-03
5.209760069060e-01 5.607188566544e+00 5.000000000000e-03
1.449293385389e+00 3.998883679142e+00 5.000000000000e-03
5.701984284601e+00 5.460104660184e+00 5.000000000000e-03
4.221442785207e-01 5.509442682127e+00 5.000000000000e-03
6.772162961352e-01 4.718876449660e+00 5.000000000000e-03
1.939644834296e+00 5.992267873680e+00 5.000000000000e-03
2.928131197612e+00 6.241955639446e+00 5.000000000000e-03
4.398185198279e+00 2.245409167591e+00 5.000000000000e-03
3.656279151745e+00 7.605007515400e-01 5.000000000000e-03
3.639108416114e+00 2.667597127233e+00 5.000000000000e-03
1.645201896124e+00 5.821701225092e+00 5.000000000000e-03
1.127804236336e+00 4.311877417253e+00 5.000000000000e-03
5.705537407633e-01 4.176188129155e+00 5.000000000000e-03
1.610916580214e+00 1.712082049630e+00 5.000000000000e-03
5.623386446647e+00 3.732227798702e+00 5.000000000000e-03
4.822982809537e+00 2.059919620771e-01 5.000000000000e-03
1.848151249086e+00 1.513309974611e+00 5.000000000000e-03
2.385245684440e+00 3.889313241378e-01 5.000000000000e-03
6.387832129538e-02 4.680398039821e+00 5.000000000000e-03
5.148074989956e+00 5.367600611600e+00 5.000000000000e-03
3.854773677465e+00 3.878823122134e+00 5.000000000000e-03
5.022827380909e+00 3.030552427887e+00 5.000000000000e-03
5.818454550314e+00 5.919590697272e+00 5.000000000000e-03
2.805258813429e-01 3.285798386269e-01 5.000000000000e-03
1.089587927131e+00 8.797087327460e-01 5.000000000000e-03
5.354641075110e+00 3.973310744206e+00 5.000000000000e-03
3.056843826044e+00 5.245351505094e+00 5.000000000000e-03
1.517710370878e+00 5.063357803131e+00 5.000000000000e-03
2.676172620049e+00 1.355028331520e+00 5.000000000000e-03
1.187122601772e+00 2.625507294633e+00 5.000000000000e-03
4.194702790153e+00 3.324538692454e+00 5.000000000000e-03
5.976695324987e+00 8.360884597912e-01 5.000000000000e-03
2.043613784520e-01 5.304702728431e+00 5.000000000000e-03
2.738902929450e+00 2.201938696423e+00 5.000000000000e-03
1.773353712224e-01 9.949386351082e-01 -5.000000000000e-03
2.585316636126e+00 2.649742734331e+00 -5.000000000000e-03
2.521453916764e+00 6.078619198197e-01 -5.000000000000e-03
1.785112526238e+00 8.117479669249e-01 -5.000000000000e-03
1.461316131766e-01 2.906316818646e+00 -5.000000000000e-03
6.011271956389e+00 1.365077004344e+00 -5.000000000000e-03
5.700049010327e+00 5.425205316942e+00 -5.000000000000e-03
1.245003913832e+00 3.177075083354e+00 -5.000000000000e-03
1.166168186501e-02 2.960032225165e+00 -5.000000000000e-03
5.458403512992e-01 6.090978316505e+00 -5.000000000000e-03
5.596236735686e+00 1.977012187253e+00 -5.000000000000e-03
6.195132459296e+00 9.690596136787e-01 -5.000000000000e-03
4.517756032936e+00 5.870451708048e+00 -5.000000000000e-03
1.044562045559e+00 1.431407260345e+00 -5.000000000000e-03
4.538768944135e+00 5.043026903727e+00 -5.000000000000e-03
3.821941073059e+00 4.486253579695e+00 -5.000000000000e-03
1.402630257959e+00 1.487701117807e+00 -5.000000000000e-03
1.237498333627e+00 3.271557352577e+00 -5.000000000000e-03
2.270858611775e+00 4.315867214648e+00 -5.000000000000e-03
1.322082157997e+00 5.295762914954e+00 -5.000000000000e-03
1.723837506897e+00 4.983865169792e+00 -5.000000000000e-03
1.880463338625e-01 1.983645882927e+00 -5.000000000000e-03
4.858954706199e+00 5.113755139281e+00 -5.000000000000e-03
4.690692083772e+00 5.183818034961e+00 -5.000000000000e-03
4.673002112523e+00 2.689640890505e+00 -5.000000000000e-03
7.434810368982e-01 4.178279487396e+00 -5.000000000000e-03
3.490374721286e+00 4.289814463082e+00 -5.000000000000e-03
5.104179550509e+00 5.634038730580e+00 -5.000000000000e-03
4.869772895374e+00 5.849328465075e+00 -5.000000000000e-03
4.182116488678e+00 4.402939339991e+00 -5.000000000000e-03
3.520585953161e+00 5.484171043716e+00 -5.000000000000e-03
1.855757199088e+00 1.773057133224e+00 -5.000000000000e-03
1.618957676557e+00 2.637628799765e+00 -5.000000000000e-03
2.809515503412e+00 2.447306896091e+00 -5.000000000000e-03
1.370302176182e+00 4.978936601940e+00 -5.000000000000e-03
1.712149242100e+00 4.421790399854e+00 -5.000000000000e-03
3.146028342079e+00 4.797840716498e-01 -5.000000000000e-03
2.394292868662e+00 2.695733624907e+00 -5.000000000000e-03
2.871553900228e+00 3.125747281322e+00 -5.000000000000e-03
2.418484170790e+00 2.049848628137e+00 -5.000000000000e-03
3.048441697464e+00 3.715824973181e+00 -5.000000000000e-03
5.418595459595e+00 1.880873809604e+00 -5.000000000000e-03
6.184878061763e+00 4.706162224468e+00 -5.000000000000e-03
3.506340736714e+00 6.033098072615e+00 -5.000000000000e-03
4.063781951373e+00 1.488996262548e+00 -5.000000000000e-03
3.306117061169e+00 3.768918358455e-01 -5.000000000000e-03
4.853605700317e+00 4.649111744386e+00 -5.000000000000e-03
5.283537332821e+00 1.802827912826e+00 -5.000000000000e-03
2.419153971684e-01 1.936399569647e+00 -5.000000000000e-03
8.920422273118e-01 1.654311781357e-01 -5.000000000000e-03
3.771236885647e+00 3.898371709923e+00 -5.000000000000e-03
2.573114828952e+00 3.127194463615e+00 -5.000000000000e-03
5.678653000211e+00 1.571888685452e-01 -5.000000000000e-03
6.358280955851e-01 5.254210823637e+00 -5.000000000000e-03
2.938002193865e+00 2.163917961903e+00 -5.000000000000e-03
1.743815271220e+00 5.767742629038e+00 -5.000000000000e-03
9.136570221418e-02 3.786323752563e+00 -5.000000000000e-03
4.787363952281e-01 4.361734058591e+00 -5.000000000000e-03
3.816829716515e+00 4.560684008037e+00 -5.000000000000e-03
2.968533046234e+00 4.206762498188e+00 -5.000000000000e-03
4.184349510414e+00 6.183607025401e+00 -5.000000000000e-03
3.455655902712e+00 1.973621785622e+00 -5.000000000000e-03
6.201685267023e+00 2.789672920153e+00 -5.000000000000e-03
3.287937176297e+00 2.149573541906e+00 -5.000000000000e-03
5.484652245665e+00 3.607724786526e+00 -5.000000000000e-03
2.842222631497e+00 2.368266398234e+00 -5.000000000000e-03
4.993385659962e+00 1.365883092831e+00 -5.000000000000e-03
5.686107377019e+00 5.806398409442e+00 -5.000000000000e-03
1.927064567893e+00 2.426339964431e+00 -5.000000000000e-03
5.641394141164e+00 4.288630036985e+00 -5.000000000000e-03
4.917496839259e+00 2.070333510928e+00 -5.000000000000e-03
2.332569536774e+00 2.726103988634e+00 -5.000000000000e-03
8.307670854306e-01 5.669751611973e+00 -5.000000000000e-03
4.780380028468e+00 5.952912817689e+00 -5.000000000000e-03
3.007436237453e+00 3.675323133809e+00 -5.000000000000e-03
5.925681102357e+00 2.962813282534e+00 -5.000000000000e-03
4.561576916279e+00 2.340211615359e+00 -5.000000000000e-03
2.460507677556e+00 1.794955377540e+00 -5.000000000000e-03
2.006542148888e+00 3.541131288850e+00 -5.000000000000e-03
3.219860347155e+00 4.959777334005e+00 -5.000000000000e-03
3.999726757837e+00 3.471327416764e+00 -5.000000000000e-03
3.460114077976e+00 2.972311432341e+00 -5.000000000000e-03
3.189739860080e-01 4.083156570515e+00 -5.000000000000e-03
3.513313886026e+00 3.039637148832e+00 -5.000000000000e-03
2.454518364395e+00 3.300972190518e+00 -5.000000000000e-03
5.387287782271e+00 6.052798279484e-01 -5.000000000000e-03
4.333896816490e+00 1.016683163086e+00 -5.000000000000e-03
3.090057911394e+00 3.009216625356e+00 -5.000000000000e-03
4.570730911098e+00 5.208218011011e+00 -5.000000000000e-03
5.204902002150e+00 2.503877504714e+00 -5.000000000000e-03
4.498999878175e+00 1.422105903386e+00 -5.000000000000e-03
1.161375327281e+00 4.105512333689e+00 -5.000000000000e-03
3.677484025123e+00 1.836963529978e+00 -5.000000000000e-03
1.284383922303e-01 3.661323791885e+00 -5.000000000000e-03
1.351548986068e+00 3.175994345605e+00 -5.000000000000e-03
2.194607552369e+00 2.025572218200e+00 -5.000000000000e-03
1.470502170116e+00 5.741229344830e-01 -5.000000000000e-03
2.383480102778e+00 5.004161020389e+00 -5.000000000000e-03
6.629260787629e-01 1.454348065523e+00 -5.000000000000e-03
3.073053760363e+00 4.007155806310e+00 -5.000000000000e-03
