1.257619279394e-01 4.783930478376e+00 5.000000000000e-03
4.063473837016e+00 2.933119321289e+00 5.000000000000e-03
3.372105358178e+00 6.251385718261e+00 5.000000000000e-03
1.930773411634e+00 2.847104730543e+00 5.000000000000e-03
2.737106633477e+00 9.382307172747e-01 5.000000000000e-03
1.254274088951e+00 3.362721558562e+00 5.000000000000e-03
5.227647016006e+00 1.245083648326e+00 5.000000000000e-03
9.802817583374e-01 1.535713523568e+00 5.000000000000e-03
5.727550898677e+00 5.923209952042e+00 5.000000000000e-03
3.259111480332e+00 3.576036007304e+00 5.000000000000e-03
2.759259449332e+00 5.286758353935e+00 5.000000000000e-03
1.448728070174e+00 5.801843683157e+00 5.000000000000e-03
4.241490671429e+00 1.413987015125e+00 5.000000000000e-03
2.943576192919e+00 5.749294878102e+00 5.000000000000e-03
2.330075154799e+00 2.294901079115e+00 5.000000000000e-03
2.536719055612e+00 2.093553583633e+00 5.000000000000e-03
4.376311469274e+00 2.150652666860e+00 5.000000000000e-03
3.339520323923e+00 3.221846069939e+00 5.000000000000e-03
8.119894237572e-01 7.013787881032e-01 5.000000000000e-03
2.167964876792e+00 1.959339011868e+00 5.000000000000e-03
3.699160352118e+00 3.201747083458e+00 5.000000000000e-03
1.723875137171e+00 1.177009031183e+00 5.000000000000e-03
1.539899061095e+00 2.547595583907e+00 5.000000000000e-03
3.784146752718e+00 1.791247528217e+00 5.000000000000e-03
1.137601847334e+00 2.385776055134e+00 5.000000000000e-03
5.978079966946e+00 3.349243063396e+00 5.000000000000e-03
3.844022649094e+00 3.448325299592e+00 5.000000000000e-03
5.908182968212e+00 5.446198495946e+00 5.000000000000e-03
5.356223166684e+00 4.355737272407e+00 5.000000000000e-03
1.817155680216e+00 1.330378742823e+00 5.000000000000e-03
1.078589550990e+00 2.381664009311e+00 5.000000000000e-03
5.409122382904e+00 3.984323977789e-01 5.000000000000e-03
5.124050139798e+00 5.758714888443e-01 5.000000000000e-03
6.185676543494e+00 5.779987768307e+00 5.000000000000e-03
5.329621320759e+00 4.128560084378e+00 5.000000000000e-03
2.703657924914e+00 5.701454213561e-01 5.000000000000e-03
2.181500871198e+00 4.445053217441e+00 5.000000000000e-03
5.885805198079e+00 3.377153194746e+00 5.000000000000e-03
1.339660977363e+00 3.893204406837e+00 5.000000000000e-03
3.041838780881e+00 5.904774469988e+00 5.000000000000e-03
2.877234632973e+00 1.360351064292e+00 5.000000000000e-03
3.763817127350e+00 9.159305549426e-01 5.000000000000e-03
2.917627091869e+00 3.885955294061e+00 5.000000000000e-03
1.477588484171e+00 1.647281952775e+00 5.000000000000e-03
1.507332814465e+00 1.943394866560e+00 5.000000000000e-03
7.157179263024e-01 2.515716670886e+00 5.000000000000e-03
3.304076313947e+00 1.580223150233e+00 5.000000000000e-03
2.821115711251e+00 8.649847705864e-01 5.000000000000e-03
5.351529155147e+00 3.867740609130e+00 5.000000000000e-03
4.932356962518e+00 1.441478672033e+00 5.000000000000e-03
4.873218492971e+00 4.786904088512e+00 5.000000000000e-03
5.950757178368e-01 5.368640015156e+00 5.000000000000e-03
5.469103474408e+00 5.038867385757e+00 5.000000000000e-03
4.587075340591e+00 1.760047059349e+00 5.000000000000e-03
5.425531811037e-01 3.423566456099e+00 5.000000000000e-03
5.075463385918e+00 2.122579930534e+00 5.000000000000e-03
5.084862690118e+00 4.863503058733e+00 5.000000000000e-03
4.937556612015e+00 5.415573144707e+00 5.000000000000e-03
7.968225875830e-02 1.939798554402e+00 5.000000000000e-03
2.410692386339e+00 3.135814369305e+00 5.000000000000e-03
3.492033400357e+00 5.181765317748e+00 5.000000000000e-03
4.487896685372e+00 2.657256135035e+00 5.000000000000e-03
4.275871968128e+00 2.373904144175e+00 5.000000000000e-03
5.177507646238e+00 4.310587511853e+00 5.000000000000e-03
7.830682694061e-01 4.905122573146e+00 5.000000000000e-03
3.081147943081e-01 2.666457887836e-01 5.000000000000e-03
3.532599924590e+00 1.453670495812e+00 5.000000000000e-03
3.975345052464e+00 4.224208291529e+00 5.000000000000e-03
2.730805867396e+00 6.182887679786e-01 5.000000000000e-03
7.587774291039e-02 1.078279104157e+00 5.000000000000e-03
2.855859889488e+00 1.224816864823e+00 5.000000000000e-03
5.428319814520e+00 2.577133984488e+00 5.000000000000e-03
5.434540398546e+00 4.386385606963e+00 5.000000000000e-03
6.351796773861e-01 4.560433656446e+00 5.000000000000e-03
1.742106175183e+00 3.759403911662e+00 5.000000000000e-03
5.095183674949e+00 2.980564078210e+00 5.000000000000e-03
1.991563659354e+00 5.072489588905e+00 5.000000000000e-03
3.164248041716e+00 5.196508905174e+00 5.000000000000e-03
5.251910840402e+00 1.164274501367e+00 5.000000000000e-03
9.632580127229e-01 3.387854542005e+00 5.000000000000e-03
4.879721374648e+00 1.387209696889e+00 5.000000000000e-03
6.031303445483e+00 3.744545160334e+00 5.000000000000e-03
1.483635195225e+00 5.129906881605e+00 5.000000000000e-03
1.921857323494e+00 5.194055696511e+00 5.000000000000e-03
4.020839984722e+00 6.029061723299e+00 5.000000000000e-03
4.054356443120e+00 3.559075656844e+00 5.000000000000e-03
3.400198008801e+00 4.838639588600e+00 5.000000000000e-03
3.564991475836e+00 3.268328867936e+00 5.000000000000e-03
2.895865019526e+00 5.540728476060e+00 5.000000000000e-03
4.197177460389e+00 6.087678111934e+00 5.000000000000e-03
5.113222393934e+00 1.169594957200e+00 5.000000000000e-03
1.919177292954e+00 1.145233545409e+00 5.000000000000e-03
4.963399985672e+00 3.412194534734e+00 5.000000000000e-03
4.588518942198e-01 5.740539667120e+00 5.000000000000e-03
5.621578287887e+00 6.148270648183e+00 5.000000000000e-03
2.197055978238e+00 2.396378230376e+00 5.000000000000e-03
2.307364783566e+00 3.228507687102e+00 5.000000000000e-03
6.176071294731e+00 2.589627777436e+00 5.000000000000e-03
1.374909480569e-01 3.314905733389e+00 5.000000000000e-03
6.084764454333e+00 5.289617234536e+00 5.000000000000e-03
6.139244161875e+00 6.196317035462e+00 -5.000000000000e-03
5.827146417764e+00 6.036586399675e+00 -5.000000000000e-03
5.440683490700e+00 9.112778796683e-01 -5.000000000000e-03
2.060956883062e+00 4.061424850197e+00 -5.000000000000e-03
4.080668713369e-01 5.652898709437e-01 -5.000000000000e-03
2.309616887381e-01 1.888487654229e+00 -5.000000000000e-03
2.030056276866e+00 5.198543510990e+00 -5.000000000000e-03
2.204942401873e+00 1.973255607680e-01 -5.000000000000e-03
4.122867311572e+00 6.107854099806e+00 -5.000000000000e-03
5.419218653446e+00 7.241203324109e-01 -5.000000000000e-03
3.509099063481e+00 3.859412278258e+00 -5.000000000000e-03
1.144545439257e-01 2.092045906164e+00 -5.000000000000e-03
4.234844491033e+00 6.105521788860e-01 -5.000000000000e-03
2.158452758496e+00 1.723277132230e+00 -5.000000000000e-03
5.200770520337e+00 3.628250441451e+00 -5.000000000000e-03
4.067074419776e+00 5.667445743606e+00 -5.000000000000e-03
1.614989277538e+00 1.990105562581e+00 -5.000000000000e-03
3.961411843800e+00 4.964255082711e+00 -5.000000000000e-03
8.799625207289e-01 1.516296970807e+00 -5.000000000000e-03
4.095223370319e+00 3.559739238208e+00 -5.000000000000e-03
4.679510527660e+00 4.228348881389e+00 -5.000000000000e-03
4.975566859153e+00 4.014916943339e+00 -5.000000000000e-03
4.750419772214e+00 2.698250827112e+00 -5.000000000000e-03
7.411370879598e-01 5.375382149594e+00 -5.000000000000e-03
5.014193030430e+00 1.380398312526e+00 -5.000000000000e-03
1.993611019171e+00 4.194174994932e+00 -5.000000000000e-03
4.089407489187e+00 1.014376750743e+00 -5.000000000000e-03
4.475874784036e+00 6.061263810123e+00 -5.000000000000e-03
4.115200924970e+00 5.294917801378e+00 -5.000000000000e-03
3.716280636396e-01 1.490511755780e+00 -5.000000000000e-03
6.935600784628e-01 3.541598220727e+00 -5.000000000000e-03
1.689563598021e-01 5.962037831914e+00 -5.000000000000e-03
2.117255352263e+00 5.380216511897e+00 -5.000000000000e-03
1.421434284071e+00 1.558718294882e-01 -5.000000000000e-03
1.838391052700e+00 2.924633960655e+00 -5.000000000000e-03
1.536740147854e+00 1.590417152235e-01 -5.000000000000e-03
3.056049663054e+00 4.988321513355e+00 -5.000000000000e-03
4.937728062911e+00 2.366790737894e+00 -5.000000000000e-03
2.102690954810e+00 1.438009069031e+00 -5.000000000000e-03
5.714934095762e-01 3.873688886193e+00 -5.000000000000e-03
2.435111898781e+00 4.488067691032e+00 -5.000000000000e-03
1.707448938244e+00 1.058732726924e+00 -5.000000000000e-03
1.245214485658e-01 1.084531249380e+00 -5.000000000000e-03
2.239484037593e+00 4.614669742925e+00 -5.000000000000e-03
5.811185225252e-01 5.418939453077e+00 -5.000000000000e-03
1.377028456662e+00 5.016585598491e+00 -5.000000000000e-03
5.384210806574e+00 2.163713942565e+00 -5.000000000000e-03
2.752011052536e+00 1.793967449008e+00 -5.000000000000e-03
4.970876755464e+00 3.952095472819e+00 -5.000000000000e-03
2.564770000201e+00 5.921661949681e+00 -5.000000000000e-03
1.491358316220e+00 4.865943876361e+00 -5.000000000000e-03
2.891305154249e+00 3.085231138343e+00 -5.000000000000e-03
2.997858795418e+00 2.844332595108e+00 -5.000000000000e-03
6.024553341442e+00 5.704278245373e-01 -5.000000000000e-03
3.182896045466e+00 1.251335499932e-01 -5.000000000000e-03
1.067391225353e+00 1.687315954369e+00 -5.000000000000e-03
2.052212165965e+00 4.219820446464e+00 -5.000000000000e-03
5.514080546051e+00 3.218293462424e+00 -5.000000000000e-03
2.664548701434e-01 5.219422675156e+00 -5.000000000000e-03
6.524047803910e-01 5.643309318843e+00 -5.000000000000e-03
3.552340701511e+00 5.642014633793e+00 -5.000000000000e-03
2.657750600313e+00 2.377879561866e+00 -5.000000000000e-03
5.817728059661e+00 4.593759865178e+00 -5.000000000000e-03
3.567726365830e+00 5.462901332632e+00 -5.000000000000e-03
1.272082112392e+00 5.056384286507e+00 -5.000000000000e-03
4.977029002977e+00 2.694056332146e-01 -5.000000000000e-03
4.515089068386e+00 5.691371597552e-01 -5.000000000000e-03
2.475539045786e+00 3.131486150183e+00 -5.000000000000e-03
3.629159197211e+00 4.296731726081e+00 -5.000000000000e-03
4.533559885059e+00 2.921905144476e+00 -5.000000000000e-03
2.867776251902e+00 5.092635177448e+00 -5.000000000000e-03
4.629866569127e+00 4.199373368946e+00 -5.000000000000e-03
4.982376804514e-01 3.571882575435e+00 -5.000000000000e-03
1.318649572007e+00 4.584755268399e-01 -5.000000000000e-03
1.380392245570e+00 8.976278359934e-01 -5.000000000000e-03
3.845727298556e+00 2.810437166866e+00 -5.000000000000e-03
4.602074909284e-01 2.291708568097e+00 -5.000000000000e-03
3.684985276878e+00 3.857414405006e+00 -5.000000000000e-03
5.851532099264e+00 5.561005287749e+00 -5.000000000000e-03
3.775645521553e+00 5.799156785340e-01 -5.000000000000e-03
4.686109461336e+00 3.524950601013e+00 -5.000000000000e-03
4.011965451425e-01 5.658656068079e+00 -5.000000000000e-03
2.833841315044e+00 1.896778713383e+00 -5.000000000000e-03
1.038584454000e+00 5.272818875704e+00 -5.000000000000e-03
2.893606703686e+00 3.808707077238e+00 -5.000000000000e-03
1.189761038672e+00 6.162622408034e+00 -5.000000000000e-03
5.890361599925e+00 4.081198379691e+00 -5.000000000000e-03
4.421015513297e+00 8.380927254874e-01 -5.000000000000e-03
5.767426954704e+00 1.814471785174e+00 -5.000000000000e-03
7.596035020328e-01 3.903420313632e+00 -5.000000000000e-03
4.053469170244e+00 1.021124118965e+00 -5.000000000000e-03
5.160268309874e+00 2.255110351500e+00 -5.000000000000e-03
2.070454035275e+00 4.946340561222e+00 -5.000000000000e-03
3.584024916407e-01 1.420156113744e+00 -5.000000000000e-03
2.295105934202e+00 2.179035817442e-01 -5.000000000000e-03
1.195008081651e+00 5.233561134554e-01 -5.000000000000e-03
4.459295326210e+00 4.292440896927e-01 -5.000000000000e-03
2.782130270617e+00 3.256193623378e+00 -5.000000000000e-03
2.069068731476e+00 2.764124174877e+00 -5.000000000000e-03
4.006497919718e+00 4.489920291076e+00 -5.000000000000e-03
