5.522658011631e+00 9.771566248679e-01 5.000000000000e-03
5.776768567465e+00 2.833294450262e+00 5.000000000000e-03
2.610998565156e+00 2.883091404790e+00 5.000000000000e-03
6.006993069645e+00 2.956302449773e+00 5.000000000000e-03
2.590504106845e+00 5.514062659348e+00 5.000000000000e-03
3.062119401952e+00 2.459983487569e+00 5.000000000000e-03
4.440757750951e-01 5.075556256903e-01 5.000000000000e-03
1.203333805637e+00 5.987444706312e+00 5.000000000000e-03
1.587790875658e+00 3.664311351413e+00 5.000000000000e-03
5.068548374949e+00 9.352847347850e-01 5.000000000000e-03
5.133356186734e+00 3.833185690178e+00 5.000000000000e-03
3.056442371318e+00 4.863630879886e+00 5.000000000000e-03
5.219975911559e-01 3.707994799870e+00 5.000000000000e-03
5.331741972675e+00 1.302914221347e+00 5.000000000000e-03
1.957498635234e+00 2.036034214506e+00 5.000000000000e-03
1.845459510295e-01 3.514745662362e+00 5.000000000000e-03
7.289680644725e-01 1.723269847867e+00 5.000000000000e-03
5.823761263731e+00 5.434864787074e+00 5.000000000000e-03
8.485356209965e-01 3.187658737087e-01 5.000000000000e-03
1.923561876051e+00 2.102539014640e-01 5.000000000000e-03
1.632451123111e+00 6.142474274613e-01 5.000000000000e-03
2.395253936372e+00 5.335710330542e+00 5.000000000000e-03
2.760241197195e+00 2.774960317012e+00 5.000000000000e-03
2.162869712477e+00 6.125740326700e+00 5.000000000000e-03
3.374964814637e+00 3.305879153051e+00 5.000000000000e-03
4.631397727802e-01 5.460453611431e-01 5.000000000000e-03
3.457281988896e-01 5.616660033033e+00 5.000000000000e-03
3.347617578918e+00 3.731458824235e+00 5.000000000000e-03
4.229035771508e+00 4.820114824353e+00 5.000000000000e-03
5.446668254345e+00 3.163060777322e+00 5.000000000000e-03
2.516301977828e+00 5.443985967908e+00 5.000000000000e-03
2.625754156612e+00 5.234907746945e-01 5.000000000000e-03
2.346923593376e+00 4.543070521661e+00 5.000000000000e-03
5.022583658128e+00 4.720793205004e+00 5.000000000000e-03
1.940990170404e+00 4.752926093414e+00 5.000000000000e-03
4.447328128444e+00 6.145582678861e+00 5.000000000000e-03
5.389724953962e+00 5.070752836556e+00 5.000000000000e-03
2.038587407920e-01 1.544637812206e+00 5.000000000000e-03
5.417895482585e+00 4.589860745914e+00 5.000000000000e-03
4.447923831948e+00 9.606402359423e-02 5.000000000000e-03
5.215873180636e+00 1.208574863365e+00 5.000000000000e-03
2.960257105889e+00 5.723383308605e+00 5.000000000000e-03
2.676686082796e+00 2.507455674864e+00 5.000000000000e-03
5.834429309020e+00 4.007390092136e+00 5.000000000000e-03
5.393352301676e+00 5.481274852469e+00 5.000000000000e-03
3.413168452325e+00 3.443643456817e+00 5.000000000000e-03
5.312724995017e+00 2.848045950525e+00 5.000000000000e-03
4.700247798097e-01 4.428389604518e+00 5.000000000000e-03
3.174040835919e+00 4.052467053261e+00 5.000000000000e-03
3.535469942300e+00 1.993304981890e+00 5.000000000000e-03
2.833952051429e-02 1.330330791252e+00 5.000000000000e-03
1.914245441088e+00 1.970182227351e+00 5.000000000000e-03
4.765254437282e+00 4.397173105339e-01 5.000000000000e-03
9.290557588548e-01 5.281630452236e+00 5.000000000000e-03
1.113335119074e-01 1.495734934883e+00 5.000000000000e-03
5.881750891237e-01 5.024589625919e+00 5.000000000000e-03
5.435360586984e+00 4.684386247747e+00 5.000000000000e-03
3.665175239145e+00 1.143434917126e+00 5.000000000000e-03
3.116090582905e+00 1.476171541311e+00 5.000000000000e-03
6.956341946726e-01 4.813136584070e+00 5.000000000000e-03
3.681704080092e+00 4.497203690232e+00 5.000000000000e-03
1.073988034643e+00 4.984995333484e+00 5.000000000000e-03
4.490059156196e-01 2.404565514448e+00 5.000000000000e-03
4.073570092214e+00 3.604193125454e-01 5.000000000000e-03
6.037082707632e+00 1.731870096986e+00 5.000000000000e-03
5.112195352636e+00 6.272021861892e+00 5.000000000000e-03
5.235512851586e+00 3.154324501789e+00 5.000000000000e-03
2.493548689064e+00 5.271802962328e+00 5.000000000000e-03
5.336788976534e+00 1.604232406752e+00 5.000000000000e-03
2.714883313688e+00 5.379986549360e+00 5.000000000000e-03
3.668699109884e+00 2.908895784298e+00 5.000000000000e-03
3.252210818106e+00 1.400840822966e+00 5.000000000000e-03
1.669049233535e+00 2.122149583517e+00 5.000000000000e-03
1.373993504716e+00 1.421231604991e+00 5.000000000000e-03
2.286409262230e+00 4.302276301271e+00 5.000000000000e-03
8.834151432279e-01 4.344256308228e+00 5.000000000000e-03
5.095192548546e+00 5.949800514174e+00 5.000000000000e-03
4.928614073882e+00 5.972105186988e+00 5.000000000000e-03
1.556414802801e+00 2.476410408568e-01 5.000000000000e-03
5.021417461109e+00 5.108137010134e+00 5.000000000000e-03
4.373943956530e+00 4.714926892267e+00 5.000000000000e-03
6.079988863991e+00 5.814204243117e+00 5.000000000000e-03
1.646122951242e+00 5.213096979624e+00 5.000000000000e-03
2.434370529056e+00 5.474700383865e+00 5.000000000000e-03
9.362371242588e-01 1.049571394766e-01 5.000000000000e-03
4.939407179006e+00 4.977149551408e+00 5.000000000000e-03
2.837396425582e+00 5.464533252558e+00 5.000000000000e-03
2.060015086605e+00 3.671482469925e+00 5.000000000000e-03
3.737122755081e+00 3.530518247624e+00 5.000000000000e-03
4.187470170789e+00 4.423149859351e+00 5.000000000000e-03
1.479011273895e+00 3.647727339130e+00 5.000000000000e-03
2.554873885641e+00 9.032719198694e-01 5.000000000000e-03
3.876455267207e+00 2.675628538862e+00 5.000000000000e-03
3.040959857901e+00 3.624123963321e+00 5.000000000000e-03
5.757661420631e-01 3.855755054585e+00 5.000000000000e-03
3.821662519698e+00 3.535678926468e+00 5.000000000000e-03
5.852405767158e+00 1.715609588275e+00 5.000000000000e-03
2.004595590304e+00 2.456412094855e+00 5.000000000000e-03
1.973342539896e+00 4.569372894579e+00 5.000000000000e-03
5.978051800775e+00 2.036053266078e+00 5.000000000000e-03
6.160075967993e+00 1.951963479699e+00 -5.000000000000e-03
5.634235820921e-01 4.516587627166e+00 -5.000000000000e-03
2.014324365300e+00 4.390292868522e+00 -5.000000000000e-03
4.496276359647e+00 1.543452134107e-01 -5.000000000000e-03
6.722304916169e-01 1.155820958119e+00 -5.000000000000e-03
3.062196967954e+00 6.211870325417e+00 -5.000000000000e-03
3.299888141430e+00 6.249720556983e+00 -5.000000000000e-03
5.978302392326e+00 5.667743787875e+00 -5.000000000000e-03
7.277413955637e-02 1.583054640319e+00 -5.000000000000e-03
1.550495821078e+00 1.435102166754e+00 -5.000000000000e-03
2.833984444623e+00 7.138197733640e-01 -5.000000000000e-03
3.551027741331e+00 1.737456765490e+00 -5.000000000000e-03
1.571882664335e+00 5.446687026518e+00 -5.000000000000e-03
3.837241360450e+00 5.607155509174e+00 -5.000000000000e-03
4.781841806767e+00 5.029574224314e+00 -5.000000000000e-03
2.291697826026e-01 8.900951064553e-01 -5.000000000000e-03
1.509465505378e+00 3.268486274207e+00 -5.000000000000e-03
5.304380369433e+00 6.019726289160e+00 -5.000000000000e-03
5.948851021591e+00 4.014126998737e+00 -5.000000000000e-03
2.811633256168e+00 2.001150067424e+00 -5.000000000000e-03
5.068809611133e+00 5.746112672500e-01 -5.000000000000e-03
2.267480216993e+00 1.489079969963e+00 -5.000000000000e-03
4.878035499879e+00 2.821319376816e+00 -5.000000000000e-03
3.930855840901e+00 2.041509791719e+00 -5.000000000000e-03
5.123999453692e+00 1.697585234174e-01 -5.000000000000e-03
3.251131777110e+00 3.802281984212e-01 -5.000000000000e-03
5.963710928906e+00 5.571499577646e+00 -5.000000000000e-03
2.138033116269e+00 4.967849642795e+00 -5.000000000000e-03
1.667986366768e+00 1.638922638323e+00 -5.000000000000e-03
1.500207016572e+00 5.255248781328e+00 -5.000000000000e-03
4.019814488227e+00 1.876069825292e+00 -5.000000000000e-03
5.055956201333e+00 7.523152120331e-01 -5.000000000000e-03
1.489177142181e+00 3.750201933816e-01 -5.000000000000e-03
3.722767311146e+00 2.857045511545e+00 -5.000000000000e-03
3.613857233158e+00 4.627987632340e+00 -5.000000000000e-03
1.749417251774e+00 1.001399235745e+00 -5.000000000000e-03
2.953771518210e+00 4.438551625598e-01 -5.000000000000e-03
4.810533895201e+00 5.915166836187e+00 -5.000000000000e-03
4.697323446802e+00 4.312951595262e+00 -5.000000000000e-03
2.886026708131e+00 3.364603235080e+00 -5.000000000000e-03
5.096221771904e+00 5.598238990607e-01 -5.000000000000e-03
2.959269950457e+00 4.311153730525e+00 -5.000000000000e-03
2.228396691835e+00 3.364218895946e+00 -5.000000000000e-03
4.409596806654e+00 3.168902180270e+00 -5.000000000000e-03
1.645627188321e+00 1.664865450284e+00 -5.000000000000e-03
7.169388406207e-01 1.034921900029e+00 -5.000000000000e-03
6.059073165885e-01 3.368201373721e+00 -5.000000000000e-03
5.734259225602e+00 3.075684016314e+00 -5.000000000000e-03
5.803602819131e+00 1.846428646771e+00 -5.000000000000e-03
6.774785777993e-01 4.774649428437e+00 -5.000000000000e-03
4.127272287996e+00 1.474841295690e+00 -5.000000000000e-03
1.301506132162e-01 5.907795505177e+00 -5.000000000000e-03
1.280587365009e+00 5.236863349730e+00 -5.000000000000e-03
1.519536671902e+00 1.812187045706e+00 -5.000000000000e-03
2.130046159449e+00 4.128857409615e+00 -5.000000000000e-03
2.363466746768e+00 1.058336292192e+00 -5.000000000000e-03
5.140165161263e+00 5.273793417948e+00 -5.000000000000e-03
2.205450044383e+00 5.601945961029e+00 -5.000000000000e-03
4.654940244763e+00 5.254275224758e+00 -5.000000000000e-03
3.402821138439e+00 5.433134968049e+00 -5.000000000000e-03
1.722086947298e-01 1.728988400463e+00 -5.000000000000e-03
1.001991380645e+00 3.839270335161e+00 -5.000000000000e-03
5.494171618304e+00 3.073905202538e+00 -5.000000000000e-03
7.594243888332e-01 6.046301427758e+00 -5.000000000000e-03
4.529861908978e+00 6.648976366410e-02 -5.000000000000e-03
2.545859017611e-01 3.806944005664e+00 -5.000000000000e-03
4.668853630338e-01 1.588424183193e+00 -5.000000000000e-03
1.854462368246e-03 7.673981711277e-01 -5.000000000000e-03
5.416287160721e+00 6.522467352807e-01 -5.000000000000e-03
1.397509557183e+00 5.304817483493e-01 -5.000000000000e-03
3.479151786106e+00 2.625649276574e+00 -5.000000000000e-03
3.118989026727e+00 6.809435266009e-01 -5.000000000000e-03
5.010640297440e+00 2.829884169755e+00 -5.000000000000e-03
8.306309303387e-01 1.266149708141e+00 -5.000000000000e-03
5.542978537383e+00 1.936171007857e+00 -5.000000000000e-03
3.085855883522e+00 5.590022100122e+00 -5.000000000000e-03
2.162334572099e+00 5.900751077216e+00 -5.000000000000e-03
4.257629495163e+00 5.610985225275e+00 -5.000000000000e-03
2.465247194826e+00 3.367182304486e-01 -5.000000000000e-03
1.397165614313e+00 4.767554667116e+00 -5.000000000000e-03
8.768083567989e-01 2.133956575158e+00 -5.000000000000e-03
5.756551057410e+00 3.956413776974e+00 -5.000000000000e-03
1.979535333142e+00 2.382569678241e+00 -5.000000000000e-03
1.866354501120e+00 2.767467103064e+00 -5.000000000000e-03
5.544642126223e+00 6.757857920062e-01 -5.000000000000e-03
5.864717823635e+00 2.244039673393e+00 -5.000000000000e-03
5.136210173169e+00 3.070746872995e+00 -5.000000000000e-03
4.691054437611e-01 4.171876932856e+00 -5.000000000000e-03
3.560893569792e+00 5.069455169059e+00 -5.000000000000e-03
1.170668643442e+00 2.978570925570e+00 -5.000000000000e-03
4.454838901785e-01 2.158437492451e+00 -5.000000000000e-03
4.557544162909e+00 1.923170744872e+00 -5.000000000000e-03
1.531852843597e+00 4.232828896421e+00 -5.000000000000e-03
1.778749340635e+00 9.305479729213e-01 -5.000000000000e-03
4.500193038255e+00 3.297881458161e+00 -5.000000000000e-03
4.758160392605e-01 1.526556406210e+00 -5.000000000000e-03
3.008276329801e+00 3.064217644593e+00 -5.000000000000e-03
4.150588276132e+00 1.646149183130e+00 -5.000000000000e-03
2.594609286276e+00 1.132802799150e+00 -5.000000000000e-03
7.696149730274e-01 7.201617982485e-01 -5.000000000000e-03
