4.847636594778e+00 2.993250237316e+00 5.000000000000e-03
1.186972851508e-01 4.030018302633e+00 5.000000000000e-03
5.388874901891e+00 4.046002399581e+00 5.000000000000e-03
5.767079939013e+00 2.193220383780e+00 5.000000000000e-03
1.178658046079e+00 5.574959136535e+00 5.000000000000e-03
1.430882580346e-01 5.786917749189e+00 5.000000000000e-03
5.357617644304e+00 2.801581924230e+00 5.000000000000e-03
5.446802529799e+00 4.269670126700e+00 5.000000000000e-03
3.418235207577e+00 1.279352365790e+00 5.000000000000e-03
5.410070269665e+00 5.362211065429e+00 5.000000000000e-03
4.056523699234e+00 3.086862262601e+00 5.000000000000e-03
1.256337285473e+00 2.232734571186e+00 5.000000000000e-03
4.726589318845e+00 1.927328307847e+00 5.000000000000e-03
5.664017230748e+00 3.388367561344e-01 5.000000000000e-03
2.779033536374e+00 5.442404203445e+00 5.000000000000e-03
1.617659963779e+00 2.006450691290e+00 5.000000000000e-03
5.957118993016e+00 2.929281993130e+00 5.000000000000e-03
2.234827966376e+00 1.001812722435e+00 5.000000000000e-03
5.161013470785e+00 3.499652920368e+00 5.000000000000e-03
3.919022106989e+00 2.540006236285e+00 5.000000000000e-03
5.402961497818e+00 5.092640408412e+00 5.000000000000e-03
2.571114249408e+00 4.100966911039e-01 5.000000000000e-03
4.442477146222e+00 3.711517709579e+00 5.000000000000e-03
9.212946748128e-01 3.264354123632e-01 5.000000000000e-03
2.946465803248e+00 3.204900824998e+00 5.000000000000e-03
1.827612558529e-01 5.253702461812e+00 5.000000000000e-03
1.171848346330e+00 2.040695496627e+00 5.000000000000e-03
6.875733699409e-01 3.751433730372e-01 5.000000000000e-03
2.836666552026e+00 4.798777575462e+00 5.000000000000e-03
4.824559301938e+00 5.582775492804e+00 5.000000000000e-03
5.934731716932e+00 3.123893587441e+00 5.000000000000e-03
2.962492559782e+00 3.652637076189e+00 5.000000000000e-03
3.189778249760e+00 3.839358584707e+00 5.000000000000e-03
3.415348572796e+00 4.009339509035e-01 5.000000000000e-03
5.769618144675e+00 3.462476320186e+00 5.000000000000e-03
4.654892835124e+00 2.128976626507e+00 5.000000000000e-03
2.786973420449e+00 3.075390044311e+00 5.000000000000e-03
3.661003658593e-01 1.040661364861e+00 5.000000000000e-03
5.838350312896e+00 5.006387795833e+00 5.000000000000e-03
4.049400499889e+00 2.517051083297e+00 5.000000000000e-03
5.971350749550e+00 4.969575324825e+00 5.000000000000e-03
3.675762658121e+00 4.777549772457e+00 5.000000000000e-03
3.207880139042e+00 5.975150587590e+00 5.000000000000e-03
1.338138355863e+00 3.419307600372e-01 5.000000000000e-03
2.491036811440e+00 6.203903118989e+00 5.000000000000e-03
1.451009407676e+00 2.513898027030e+00 5.000000000000e-03
2.476842827288e-01 4.940269908526e-01 5.000000000000e-03
5.346632853970e+00 3.877473101853e+00 5.000000000000e-03
2.908493827307e+00 5.126303885467e+00 5.000000000000e-03
2.165192999308e+00 5.782889290456e+00 5.000000000000e-03
1.859588139383e-01 2.889684804035e-01 5.000000000000e-03
1.475680001515e+00 4.155470175833e+00 5.000000000000e-03
4.649758068610e+00 4.364524662103e+00 5.000000000000e-03
1.081405648200e+00 2.718231303799e+00 5.000000000000e-03
2.055170793312e+00 4.847906981941e+00 5.000000000000e-03
1.582786848548e+00 4.986643319092e+00 5.000000000000e-03
5.075311191649e+00 1.201456773746e+00 5.000000000000e-03
2.061043527553e+00 4.669537614751e+00 5.000000000000e-03
2.288729183849e+00 4.100292742091e+00 5.000000000000e-03
1.467672628841e+00 3.577403222561e+00 5.000000000000e-03
3.076374633704e+00 3.630543304945e+00 5.000000000000e-03
3.195750310365e+00 2.133437896666e+00 5.000000000000e-03
3.817885762938e+00 3.535497448926e+00 5.000000000000e-03
3.187842167386e+00 5.903296559489e+00 5.000000000000e-03
9.356124451221e-01 3.246253607361e+00 5.000000000000e-03
1.884957069704e+00 3.818022226671e+00 5.000000000000e-03
3.143058205116e+00 1.699732316153e+00 5.000000000000e-03
1.293860069680e+00 4.475663988150e+00 5.000000000000e-03
6.163752473561e+00 4.355100746799e+00 5.000000000000e-03
3.631146471287e+00 1.785410809695e+00 5.000000000000e-03
2.799787997279e-01 2.066225025352e+00 5.000000000000e-03
4.585680095224e+00 4.458018764490e+00 5.000000000000e-03
4.356146899304e+00 1.674956249697e-01 5.000000000000e-03
3.915273578627e+00 5.012628525046e+00 5.000000000000e-03
5.590461797187e+00 3.034136036004e+00 5.000000000000e-03
3.305761252290e+00 2.926240415907e+00 5.000000000000e-03
5.173417511179e+00 1.270721762667e+00 5.000000000000e-03
2.340370656252e+00 6.430634354870e-01 5.000000000000e-03
6.109809512062e+00 1.715571980350e+00 5.000000000000e-03
6.119197295239e+00 2.612506832688e-03 5.000000000000e-03
5.224470312744e+00 2.236253911762e+00 5.000000000000e-03
1.935834155379e+00 6.117115911294e+00 5.000000000000e-03
2.090678480680e+00 1.196205016235e+00 5.000000000000e-03
4.022105268953e+00 1.586979014777e+00 5.000000000000e-03
2.042282099747e+00 3.773756891710e+00 5.000000000000e-03
4.077477995917e+00 2.168554795991e+00 5.000000000000e-03
1.856858974373e+00 6.990587067234e-01 5.000000000000e-03
3.033138184372e+00 4.502743503312e+00 5.000000000000e-03
1.753570654662e+00 4.317582599667e-01 5.000000000000e-03
5.467815556680e+00 4.535504407307e+00 5.000000000000e-03
3.456629963312e+00 5.499071091864e+00 5.000000000000e-03
1.624451768575e+00 5.434587416938e+00 5.000000000000e-03
4.571336808332e-01 1.364007852341e+00 5.000000000000e-03
4.214031680335e+00 3.821855499729e+00 5.000000000000e-03
2.957497609334e+00 5.290388166055e+00 5.000000000000e-03
5.217286541074e+00 3.487267155638e+00 5.000000000000e-03
2.899989359578e+00 4.514539347786e+00 5.000000000000e-03
9.015380226534e-01 1.294835799715e+00 5.000000000000e-03
6.209244900342e-01 5.967790617195e+00 5.000000000000e-03
1.346345617061e+00 4.699022752746e+00 5.000000000000e-03
2.157824090220e+00 2.651588593993e+00 -5.000000000000e-03
5.332504515815e+00 1.148355214041e+00 -5.000000000000e-03
2.291106672553e+00 8.845040675767e-01 -5.000000000000e-03
5.631389445886e+00 1.702293939417e+00 -5.000000000000e-03
1.602920227021e+00 4.151508049084e+00 -5.000000000000e-03
9.210566037141e-01 4.609549712211e+00 -5.000000000000e-03
2.101281733144e+00 2.494170237269e+00 -5.000000000000e-03
4.059122171307e+00 5.368009880728e+00 -5.000000000000e-03
3.111608299864e+00 5.466617229158e+00 -5.000000000000e-03
5.796507295929e+00 4.773499120503e+00 -5.000000000000e-03
1.175077420136e+00 2.433967478424e+00 -5.000000000000e-03
3.802029177179e+00 8.330578389075e-01 -5.000000000000e-03
2.993740186424e+00 3.473323170329e+00 -5.000000000000e-03
4.872013422242e+00 2.039378362576e+00 -5.000000000000e-03
2.352437935856e+00 1.792335104638e+00 -5.000000000000e-03
1.964815923427e+00 2.715770093247e+00 -5.000000000000e-03
5.300036296397e+00 6.476540283819e-01 -5.000000000000e-03
6.132390691173e+00 4.256823799947e+00 -5.000000000000e-03
2.285756538967e+00 8.201098063538e-01 -5.000000000000e-03
6.186437665811e+00 4.462827708258e-01 -5.000000000000e-03
2.439440886594e+00 4.516928326913e+00 -5.000000000000e-03
2.210015224361e+00 3.589312315708e+00 -5.000000000000e-03
1.607276328806e+00 2.404726499419e+00 -5.000000000000e-03
4.336770091951e+00 2.905050742080e+00 -5.000000000000e-03
8.132117064834e-02 3.413915606322e+00 -5.000000000000e-03
1.728792592917e+00 4.142685641956e+00 -5.000000000000e-03
5.073239938686e+00 5.798016028053e+00 -5.000000000000e-03
5.372268487760e+00 3.913758100102e+00 -5.000000000000e-03
1.939078500151e+00 2.309072012974e+00 -5.000000000000e-03
2.619505216245e+00 3.994126644622e+00 -5.000000000000e-03
4.323306834069e+00 6.372646394612e-01 -5.000000000000e-03
4.676552360816e+00 3.328921657629e+00 -5.000000000000e-03
5.812119205800e+00 4.906152811778e+00 -5.000000000000e-03
3.386585546241e+00 6.199562441643e+00 -5.000000000000e-03
3.804031570743e-01 3.393380308966e+00 -5.000000000000e-03
3.783164434678e+00 6.242905132570e+00 -5.000000000000e-03
2.096762521363e+00 3.477740855677e+00 -5.000000000000e-03
1.474428316923e+00 5.675801025311e+00 -5.000000000000e-03
5.241316057001e+00 2.075841872813e+00 -5.000000000000e-03
5.148653750266e-01 4.947352296762e+00 -5.000000000000e-03
2.440115234353e+00 4.484770277281e+00 -5.000000000000e-03
8.713503261178e-01 2.248199849227e+00 -5.000000000000e-03
3.312579095174e+00 4.400078157040e+00 -5.000000000000e-03
1.196143959076e+00 1.285184518342e+00 -5.000000000000e-03
4.775024419352e+00 1.756710499960e+00 -5.000000000000e-03
3.253689019300e+00 5.767165436747e+00 -5.000000000000e-03
8.983236268904e-01 4.069457085994e-01 -5.000000000000e-03
5.632056321040e+00 1.464470510081e+00 -5.000000000000e-03
4.657904811993e+00 3.184374486387e+00 -5.000000000000e-03
1.313918260556e-01 2.150979731319e+00 -5.000000000000e-03
6.523722074102e-01 1.464140127557e+00 -5.000000000000e-03
7.906584246872e-01 2.984006277977e+00 -5.000000000000e-03
1.236774263616e+00 1.348380259030e+00 -5.000000000000e-03
3.956860822949e+00 2.764479430886e+00 -5.000000000000e-03
2.511780255068e+00 4.358989311241e+00 -5.000000000000e-03
5.714164582324e+00 5.951852414958e+00 -5.000000000000e-03
3.805966729101e+00 2.378334087573e+00 -5.000000000000e-03
5.856167376976e+00 5.133555320370e+00 -5.000000000000e-03
2.277850792256e-01 2.198558569396e+00 -5.000000000000e-03
6.558861854431e-01 4.790457758299e+00 -5.000000000000e-03
4.529255383819e+00 3.438351734769e+00 -5.000000000000e-03
3.952517354205e+00 3.061049458437e-01 -5.000000000000e-03
9.288979861067e-01 5.844734275906e+00 -5.000000000000e-03
4.211724524952e+00 6.110230522908e+00 -5.000000000000e-03
4.460199388797e+00 2.037761020782e+00 -5.000000000000e-03
3.490431063884e+00 3.400731335911e+00 -5.000000000000e-03
4.430454803134e+00 5.166268957103e+00 -5.000000000000e-03
4.613841246575e+00 4.783639426578e+00 -5.000000000000e-03
1.060553315785e+00 3.162390530618e+00 -5.000000000000e-03
5.499967144858e+00 6.040504250820e+00 -5.000000000000e-03
7.108526212910e-01 1.451451694840e+00 -5.000000000000e-03
1.653970456773e+00 3.530628122406e+00 -5.000000000000e-03
3.617175998478e+00 5.896865454246e+00 -5.000000000000e-03
3.346295356201e+00 5.920434723638e+00 -5.000000000000e-03
1.771374145444e+00 5.684823988207e+00 -5.000000000000e-03
3.540159349041e+00 4.260774960460e+00 -5.000000000000e-03
1.971573689344e+00 9.367411231516e-01 -5.000000000000e-03
1.343865948752e+00 2.915569084207e+00 -5.000000000000e-03
1.639402862762e+00 2.784060155143e+00 -5.000000000000e-03
3.823746864512e+00 5.914246385134e-01 -5.000000000000e-03
1.286109788562e+00 1.008400383716e+00 -5.000000000000e-03
3.014440235455e+00 1.427910224665e+00 -5.000000000000e-03
4.460029843766e+00 4.967559110068e+00 -5.000000000000e-03
5.342143746039e+00 4.995765280380e+00 -5.000000000000e-03
5.006541572858e+00 6.229867399205e+00 -5.000000000000e-03
7.960041405770e-01 6.853793959001e-01 -5.000000000000e-03
5.222042832840e+00 4.820262244001e+00 -5.000000000000e-03
2.574975608763e+00 2.291272219694e+00 -5.000000000000e-03
4.508268199511e+00 1.329275932813e-01 -5.000000000000e-03
4.940356820268e+00 2.703716214398e+00 -5.000000000000e-03
2.489546853834e+00 1.011707244889e+00 -5.000000000000e-03
4.990094562277e+00 6.087453726730e+00 -5.000000000000e-03
2.257643527323e+00 1.582210481506e+00 -5.000000000000e-03
4.155812461965e+00 1.304697410772e+00 -5.000000000000e-03
5.018819191980e+00 3.777384036901e+00 -5.000000000000e-03
1.251213793779e+00 1.057572903571e+00 -5.000000000000e-03
4.063840305412e+00 8.270458747325e-01 -5.000000000000e-03
4.893045796577e+00 5.334399851125e+00 -5.000000000000e-03
3.822813814641e+00 4.361519356642e+00 -5.000000000000e-03
2.854187887034e+00 2.101395378814e+00 -5.000000000000e-03
