5.618396309305e+00 3.274781315197e+00 5.000000000000e-03
7.523424944506e-01 1.905680533285e+00 5.000000000000e-03
2.487666585165e+00 4.102693632765e+00 5.000000000000e-03
1.907049571084e+00 2.602541200067e+00 5.000000000000e-03
5.613431456830e+00 4.053322020955e+00 5.000000000000e-03
6.018887549833e+00 2.837776412941e+00 5.000000000000e-03
7.480103495859e-01 1.862832270435e+00 5.000000000000e-03
4.524393088403e+00 6.131907333877e+00 5.000000000000e-03
6.135673300828e-01 3.362225727761e+00 5.000000000000e-03
5.013299794091e+00 1.213628968945e+00 5.000000000000e-03
1.614451078756e+00 3.211510108643e+00 5.000000000000e-03
4.119479287538e+00 3.489536879524e+00 5.000000000000e-03
4.422594492605e+00 4.134026623069e+00 5.000000000000e-03
4.989352872330e+00 5.271119074424e+00 5.000000000000e-03
5.053462340996e+00 5.542217390242e+00 5.000000000000e-03
2.132055620749e+00 2.613269350184e+00 5.000000000000e-03
2.526854845587e-01 1.155812615925e+00 5.000000000000e-03
3.475460908016e+00 1.985945083254e+00 5.000000000000e-03
4.956193577881e+00 5.688995749030e-01 5.000000000000e-03
7.394067089463e-01 5.384289391500e+00 5.000000000000e-03
1.660497910755e+00 3.428781052136e-01 5.000000000000e-03
5.636842092533e+00 4.131432121210e+00 5.000000000000e-03
4.284225205974e+00 2.437468890005e+00 5.000000000000e-03
3.878989019750e+00 8.963910136916e-01 5.000000000000e-03
3.835510835641e+00 4.798922694194e+00 5.000000000000e-03
1.236619073504e+00 1.823571931572e+00 5.000000000000e-03
1.836662890107e-01 5.751155736417e+00 5.000000000000e-03
4.477183417238e+00 3.766520211749e+00 5.000000000000e-03
4.008176985371e+00 5.064958091471e+00 5.000000000000e-03
6.128120361293e+00 4.084969721571e+00 5.000000000000e-03
1.767322700946e+00 5.130303569842e+00 5.000000000000e-03
9.634680499430e-01 5.842909738176e+00 5.000000000000e-03
4.564649174423e+00 6.272246660124e+00 5.000000000000e-03
5.583704908495e+00 1.268684190179e+00 5.000000000000e-03
1.143491462310e+00 3.238904681825e-01 5.000000000000e-03
2.610780566163e+00 5.180119671684e+00 5.000000000000e-03
3.735593642279e+00 5.451785760406e+00 5.000000000000e-03
7.711529431216e-01 4.397381965408e+00 5.000000000000e-03
8.206300415918e-01 6.096420703246e-01 5.000000000000e-03
2.685189625209e+00 3.222755625896e-01 5.000000000000e-03
2.971307218375e-01 2.821443858788e+00 5.000000000000e-03
1.517536321098e+00 4.758316175353e-01 5.000000000000e-03
4.631464986193e+00 2.252899843664e+00 5.000000000000e-03
4.420382304761e-01 8.408365505059e-01 5.000000000000e-03
5.919748045483e+00 2.656429764140e+00 5.000000000000e-03
2.031764981725e+00 5.755967734375e+00 5.000000000000e-03
3.768210236212e+00 3.525298477578e+00 5.000000000000e-03
5.932661704950e-01 4.046314272352e+00 5.000000000000e-03
2.910701459916e+00 5.379737609768e+00 5.000000000000e-03
3.728834800976e+00 2.660900842272e+00 5.000000000000e-03
1.302717438887e+00 2.167416539777e+00 5.000000000000e-03
4.977020252069e+00 5.569531121508e+00 5.000000000000e-03
5.165898606499e+00 3.910171747011e+00 5.000000000000e-03
2.203658192041e-01 2.508732727446e+00 5.000000000000e-03
4.627369890847e+00 3.557660227062e+00 5.000000000000e-03
3.653026466939e+00 1.253754195831e+00 5.000000000000e-03
2.336777162280e+00 6.224389969457e+00 5.000000000000e-03
9.549727683962e-02 1.685398646295e+00 5.000000000000e-03
4.115102044964e+00 1.592939442399e+00 5.000000000000e-03
3.490764395747e+00 2.121429510060e+00 5.000000000000e-03
4.873094233721e+00 2.014965259283e-01 5.000000000000e-03
6.168555568765e+00 1.698985824437e+00 5.000000000000e-03
2.004834628657e+00 1.689100485142e+00 5.000000000000e-03
4.418811348603e+00 3.854196856454e+00 5.000000000000e-03
2.928765267482e+00 1.205691263044e+00 5.000000000000e-03
6.766585720962e-03 8.540734705247e-01 5.000000000000e-03
2.865870437084e+00 5.689559855126e+00 5.000000000000e-03
5.505141585555e+00 4.078550502350e+00 5.000000000000e-03
1.752952658949e+00 8.794270092759e-01 5.000000000000e-03
5.438755128482e+00 3.946473852320e+00 5.000000000000e-03
3.837104851833e+00 3.036274831890e+00 5.000000000000e-03
4.048594306540e+00 3.726682721614e-02 5.000000000000e-03
4.824430699626e+00 5.655887844291e+00 5.000000000000e-03
5.299009078892e+00 3.148960179038e+00 5.000000000000e-03
3.118025615250e+00 1.928528403215e+00 5.000000000000e-03
6.109532145856e+00 3.546863067803e+00 5.000000000000e-03
4.567101411079e+00 4.840516371304e+00 5.000000000000e-03
4.209302593826e+00 4.039557099739e+00 5.000000000000e-03
1.419305194378e+00 5.271141766361e+00 5.000000000000e-03
4.330498352667e+00 3.291355749243e+00 5.000000000000e-03
3.193569706573e+00 5.232176688759e+00 5.000000000000e-03
1.556473489985e+00 1.212408193224e+00 5.000000000000e-03
5.463280074616e+00 4.469616071018e+00 5.000000000000e-03
6.118227946442e+00 3.976326439736e+00 5.000000000000e-03
5.434347800089e+00 7.132896786164e-01 5.000000000000e-03
3.169451974069e+00 5.419903640529e+00 5.000000000000e-03
3.187271105882e+00 5.141073419777e+00 5.000000000000e-03
6.018899235461e+00 2.951928818664e+00 5.000000000000e-03
2.800340524215e-03 4.019827377578e+00 5.000000000000e-03
6.470934287364e-01 8.747132428428e-01 5.000000000000e-03
6.188978003031e+00 2.775754101734e+00 5.000000000000e-03
5.602076225828e+00 2.362635367439e+00 5.000000000000e-03
3.293503474048e+00 3.990298822708e-01 5.000000000000e-03
1.483276789866e+00 4.018706422540e+00 5.000000000000e-03
4.861091809564e+00 1.238928210166e+00 5.000000000000e-03
5.716685822786e+00 3.957844431825e+00 5.000000000000e-03
1.966586771028e+00 5.424736213503e-01 5.000000000000e-03
3.160585515994e+00 4.056752751466e+00 5.000000000000e-03
4.498607087481e+00 5.338269032219e+00 5.000000000000e-03
5.654422483857e+00 2.899226686787e-01 5.000000000000e-03
2.779585316901e+00 1.348039019435e+00 -5.000000000000e-03
7.062436390502e-01 2.390645742779e+00 -5.000000000000e-03
2.586277479722e+00 8.339650273861e-01 -5.000000000000e-03
5.865393089029e+00 6.272708744359e+00 -5.000000000000e-03
3.899108750982e+00 2.804937604788e+00 -5.000000000000e-03
3.298172844933e+00 5.213060304101e+00 -5.000000000000e-03
1.233128529407e+00 4.328944006233e-01 -5.000000000000e-03
9.908072867831e-01 4.992527800118e+00 -5.000000000000e-03
3.177844511417e+00 1.372774630972e+00 -5.000000000000e-03
1.095182730781e+00 6.161498699040e+00 -5.000000000000e-03
4.219325470350e+00 2.740754015170e+00 -5.000000000000e-03
3.810871310163e-01 5.839414251137e+00 -5.000000000000e-03
6.269129715871e+00 5.682110285468e+00 -5.000000000000e-03
9.958621283292e-01 6.108624031620e+00 -5.000000000000e-03
5.999627334419e+00 1.743845338748e+00 -5.000000000000e-03
2.857211666646e+00 9.411050247335e-01 -5.000000000000e-03
2.431700564452e-01 6.281752525567e-01 -5.000000000000e-03
3.198516226119e+00 2.501158992640e+00 -5.000000000000e-03
3.656176398439e+00 5.608894697059e+00 -5.000000000000e-03
8.068231946230e-01 6.088672693975e+00 -5.000000000000e-03
4.560605111234e-01 3.138249133489e+00 -5.000000000000e-03
3.688569874841e+00 3.461420962490e+00 -5.000000000000e-03
1.100269808807e+00 2.277889492168e+00 -5.000000000000e-03
2.198488633128e+00 2.060018882673e+00 -5.000000000000e-03
3.464093449462e+00 6.398722178045e-01 -5.000000000000e-03
1.238342116747e+00 6.806447052847e-01 -5.000000000000e-03
4.082016205395e+00 5.857137141441e+00 -5.000000000000e-03
1.200084364708e+00 1.323147746273e+00 -5.000000000000e-03
5.734539589042e+00 4.667189604782e+00 -5.000000000000e-03
1.776050386697e+00 5.088802836526e+00 -5.000000000000e-03
3.602608178838e+00 2.369969638158e+00 -5.000000000000e-03
5.323073253451e+00 3.336486333050e+00 -5.000000000000e-03
4.784137226674e+00 8.713849974159e-01 -5.000000000000e-03
4.541829269040e+00 2.430048724910e+00 -5.000000000000e-03
5.489392298617e+00 5.170508755400e+00 -5.000000000000e-03
5.468781689149e+00 4.952022262026e+00 -5.000000000000e-03
4.339876276466e+00 3.245340921236e+00 -5.000000000000e-03
5.361778754972e+00 3.418872166471e+00 -5.000000000000e-03
1.027342267338e+00 2.901027897086e+00 -5.000000000000e-03
8.787436327766e-01 6.806948087654e-01 -5.000000000000e-03
4.772894490051e-01 3.164079597574e+00 -5.000000000000e-03
1.997500153034e+00 5.729943828872e+00 -5.000000000000e-03
3.227046497425e+00 1.141338170704e+00 -5.000000000000e-03
6.138675103418e+00 4.707966376543e+00 -5.000000000000e-03
5.708057043478e+00 4.646081515685e+00 -5.000000000000e-03
5.238300832605e+00 1.211398249595e+00 -5.000000000000e-03
3.579042262608e+00 2.916487482878e+00 -5.000000000000e-03
2.826247769107e+00 3.839840478849e+00 -5.000000000000e-03
2.816690605030e+00 3.500240217923e+00 -5.000000000000e-03
5.633645640758e+00 1.009494241492e+00 -5.000000000000e-03
5.866926083336e+00 1.245900564148e+00 -5.000000000000e-03
1.682713504360e+00 1.681360905340e+00 -5.000000000000e-03
5.753564386399e+00 2.898720831514e+00 -5.000000000000e-03
5.782334636151e+00 5.299714914514e+00 -5.000000000000e-03
1.343615125420e+00 5.326684218032e+00 -5.000000000000e-03
4.556164468868e+00 1.704217625699e+00 -5.000000000000e-03
4.708448701212e+00 4.063021754463e+00 -5.000000000000e-03
5.874584541744e+00 3.380356121049e-01 -5.000000000000e-03
2.931647724639e+00 5.781523860820e+00 -5.000000000000e-03
1.780019174218e+00 3.496044417455e+00 -5.000000000000e-03
1.627870893495e-01 1.546682086051e+00 -5.000000000000e-03
2.661001827832e+00 2.509128115987e+00 -5.000000000000e-03
6.772399266443e-01 2.820111843134e+00 -5.000000000000e-03
1.293256783191e+00 1.968649080797e+00 -5.000000000000e-03
3.186350014054e-01 1.809671607763e-02 -5.000000000000e-03
3.115440659693e+00 4.779263133145e+00 -5.000000000000e-03
6.203568023620e-01 1.821206827026e+00 -5.000000000000e-03
2.735200812961e+00 2.055276098984e+00 -5.000000000000e-03
5.950389839980e+00 2.633032460947e+00 -5.000000000000e-03
4.970237987889e+00 1.438276796081e+00 -5.000000000000e-03
5.400568965257e+00 5.839993935096e+00 -5.000000000000e-03
5.704042988491e+00 3.310488247646e+00 -5.000000000000e-03
3.729030708066e+00 3.782394616792e+00 -5.000000000000e-03
5.179046357414e+00 1.228428337863e+00 -5.000000000000e-03
6.142184762066e-01 1.391619733135e+00 -5.000000000000e-03
1.037851921796e+00 5.466442235072e+00 -5.000000000000e-03
4.354483356476e+00 7.675404261439e-01 -5.000000000000e-03
5.895323326509e-01 6.064389218115e+00 -5.000000000000e-03
3.994822087036e+00 4.183793888503e+00 -5.000000000000e-03
2.744375367436e+00 4.486463276451e+00 -5.000000000000e-03
5.463158890333e+00 1.500349820255e+00 -5.000000000000e-03
3.528348558815e+00 1.636414866778e+00 -5.000000000000e-03
5.583370971308e+00 5.326726700053e+00 -5.000000000000e-03
2.025747209416e+00 5.921786312176e+00 -5.000000000000e-03
1.655970569796e+00 5.785937166309e+00 -5.000000000000e-03
1.898501976061e-01 2.048469974434e+00 -5.000000000000e-03
6.431200112248e-01 1.231679786285e+00 -5.000000000000e-03
6.271799727303e+00 4.944223254860e+00 -5.000000000000e-03
4.384483641930e+00 2.416202875492e+00 -5.000000000000e-03
4.606061430063e+00 4.434252422271e+00 -5.000000000000e-03
3.091964619999e+00 9.577534374152e-01 -5.000000000000e-03
1.996665464282e+00 2.162491171221e+00 -5.000000000000e-03
1.042268124283e+00 2.287935099858e-01 -5.000000000000e-03
5.053178563927e+00 3.741147818720e+00 -5.000000000000e-03
3.905916091135e+00 6.160950049935e+00 -5.000000000000e-03
2.607580526532e+00 4.879351289222e-01 -5.000000000000e-03
4.985338231930e+00 3.153844173315e+00 -5.000000000000e-03
8.962754735921e-01 1.303152037819e+00 -5.000000000000e-03
4.969560288792e+00 1.581237128452e+00 -5.000000000000e-03
4.391148081697e+00 3.114275559908e-01 -5.000000000000e-03
