3.879319827695e+00 4.018295569030e-01 5.000000000000e-03
5.532634674186e-01 5.549200149541e+00 5.000000000000e-03
4.306065970225e+00 2.920618538990e+00 5.000000000000e-03
2.428187312609e+00 4.675237171576e+00 5.000000000000e-03
2.696806417012e+00 3.641913458491e+00 5.000000000000e-03
3.650109484342e+00 5.786970263502e+00 5.000000000000e-03
4.233049090921e+00 3.787816942611e+00 5.000000000000e-03
5.593761162696e+00 4.430415756884e+00 5.000000000000e-03
8.297590900243e-01 4.616555391256e+00 5.000000000000e-03
4.885907772572e+00 5.200423802524e+00 5.000000000000e-03
3.629787532615e+00 4.910079984770e+00 5.000000000000e-03
9.435973417604e-02 3.896951737781e+00 5.000000000000e-03
5.499267946682e+00 4.667805748939e+00 5.000000000000e-03
6.210040063909e+00 3.230328544352e-01 5.000000000000e-03
1.098978930025e+00 1.621437247772e+00 5.000000000000e-03
4.209085212385e+00 1.299191509433e+00 5.000000000000e-03
3.718328575596e+00 2.713337851111e+00 5.000000000000e-03
2.210720380733e+00 4.128458989641e+00 5.000000000000e-03
3.651584311078e+00 3.228792396844e+00 5.000000000000e-03
5.305929268089e+00 2.803417437754e+00 5.000000000000e-03
4.055330977383e+00 2.615338167865e+00 5.000000000000e-03
6.646950940412e-01 4.401768527890e+00 5.000000000000e-03
6.028773580739e+00 4.419465351657e+00 5.000000000000e-03
2.729066530379e+00 1.664975183761e+00 5.000000000000e-03
3.896023566959e+00 7.752539175902e-01 5.000000000000e-03
3.809561684212e+00 4.160076051505e+00 5.000000000000e-03
4.359447728064e+00 2.770808666031e+00 5.000000000000e-03
1.087175806157e+00 4.532941238124e+00 5.000000000000e-03
2.353520876246e+00 2.839197221885e+00 5.000000000000e-03
2.892298364024e+00 3.011884490360e+00 5.000000000000e-03
1.072260049745e-01 3.474789580043e+00 5.000000000000e-03
5.714191440519e+00 4.540528195942e+00 5.000000000000e-03
2.905028486823e+00 3.681177981179e+00 5.000000000000e-03
3.356592001266e+00 2.947857589186e+00 5.000000000000e-03
2.679274943251e+00 3.738887022399e-02 5.000000000000e-03
5.634373741874e+00 5.791899535881e+00 5.000000000000e-03
6.363356146576e-01 1.494885289933e-01 5.000000000000e-03
5.489725651454e+00 1.832378384936e+00 5.000000000000e-03
5.664489146252e+00 6.115429724968e+00 5.000000000000e-03
2.987687033895e-01 3.963158054950e+00 5.000000000000e-03
5.501772356007e-01 1.606635491021e+00 5.000000000000e-03
2.326727697738e+00 5.467154592646e-01 5.000000000000e-03
8.652638965231e-01 4.774050608417e+00 5.000000000000e-03
6.793120211179e-01 1.260437511769e+00 5.000000000000e-03
5.811965188071e+00 4.899351090884e+00 5.000000000000e-03
5.838908396185e-01 1.289547509292e-01 5.000000000000e-03
4.607959710876e+00 4.718129179562e+00 5.000000000000e-03
2.851175610977e+00 4.394787013287e+00 5.000000000000e-03
1.888461858816e+00 3.271440587601e+00 5.000000000000e-03
2.593639999866e+00 2.735395938702e+00 5.000000000000e-03
5.806094142775e+00 4.550990591443e+00 5.000000000000e-03
5.417701142158e-01 3.543595925357e-01 5.000000000000e-03
2.969053798554e+00 1.327558455899e+00 5.000000000000e-03
3.356503271570e+00 1.379153353557e+00 5.000000000000e-03
3.399754015845e+00 4.611634614353e+00 5.000000000000e-03
5.688703708527e+00 5.030794776005e+00 5.000000000000e-03
5.901409560365e+00 1.403572185077e-01 5.000000000000e-03
3.857744192618e+00 5.459971760618e+00 5.000000000000e-03
4.691739966346e+00 6.317435706364e-01 5.000000000000e-03
5.210004703217e+00 1.276947457950e+00 5.000000000000e-03
6.124391431454e+00 5.211374935994e+00 5.000000000000e-03
5.100906926045e+00 4.750170767467e+00 5.000000000000e-03
4.441712025588e-01 1.711597792977e+00 5.000000000000e-03
6.558586449507e-01 6.125926850329e+00 5.000000000000e-03
2.519279936615e+00 6.239990392834e+00 5.000000000000e-03
5.019510677266e+00 2.279529214109e+00 5.000000000000e-03
5.657768547971e+00 6.044571205984e+00 5.000000000000e-03
5.805585461294e+00 4.221405809807e+00 5.000000000000e-03
3.295685417087e+00 2.899278141835e+00 5.000000000000e-03
4.173943840715e+00 2.941992921749e-01 5.000000000000e-03
7.413181242102e-01 5.254137456332e+00 5.000000000000e-03
4.709693512508e+00 4.534019082723e+00 5.000000000000e-03
5.442507598618e+00 1.976031668872e+00 5.000000000000e-03
1.303819733588e+00 4.171323402615e+00 5.000000000000e-03
1.970276186742e-02 5.240033288303e+00 5.000000000000e-03
1.036500658450e+00 3.850014260018e+00 5.000000000000e-03
7.477019427150e-01 6.087280377026e+00 5.000000000000e-03
1.751339661594e+00 2.207612010528e+00 5.000000000000e-03
2.515236036654e+00 5.159065916646e+00 5.000000000000e-03
2.456238563146e+00 1.241047464547e+00 5.000000000000e-03
5.661474905162e-01 5.411537235986e-01 5.000000000000e-03
2.978206598168e+00 1.234794317464e+00 5.000000000000e-03
4.105420370998e+00 2.761037127488e+00 5.000000000000e-03
1.844035570675e+00 3.034229478573e+00 5.000000000000e-03
4.822508669083e+00 1.543853248885e+00 5.000000000000e-03
2.517085388911e+00 4.105814080913e+00 5.000000000000e-03
5.494045790723e+00 4.206200143265e-01 5.000000000000e-03
4.069615959735e+00 4.444822142702e-01 5.000000000000e-03
1.171395981285e+00 4.493812870198e+00 5.000000000000e-03
2.368661910887e+00 2.220730906932e+00 5.000000000000e-03
3.102522533797e+00 5.207544587808e-01 5.000000000000e-03
5.514895579839e+00 1.496735179149e+00 5.000000000000e-03
3.935375042618e+00 6.119574246788e+00 5.000000000000e-03
1.516221255577e+00 6.226040190073e+00 5.000000000000e-03
3.102920055974e+00 2.262989176772e-01 5.000000000000e-03
7.912547427021e-01 5.428300055912e+00 5.000000000000e-03
4.365027408529e+00 2.102924973721e+00 5.000000000000e-03
2.944179188395e+00 5.755791619973e+00 5.000000000000e-03
5.114033465132e+00 5.574907306029e+00 5.000000000000e-03
5.607096412590e+00 4.847018479991e+00 5.000000000000e-03
1.460216774257e+00 4.677951337258e+00 -5.000000000000e-03
1.032832148082e+00 5.472696225713e-01 -5.000000000000e-03
3.316163386141e+00 3.541455903045e+00 -5.000000000000e-03
1.497541960226e+00 5.027025869923e+00 -5.000000000000e-03
1.796966026644e+00 1.625125176258e+00 -5.000000000000e-03
6.208826577703e-01 5.208435995257e+00 -5.000000000000e-03
2.654094223831e+00 3.947965754911e+00 -5.000000000000e-03
5.292274471410e+00 5.248709061661e-01 -5.000000000000e-03
5.517356737047e+00 2.658610777849e+00 -5.000000000000e-03
4.433656712214e+00 3.495195585604e+00 -5.000000000000e-03
3.685763261304e+00 4.725068645584e+00 -5.000000000000e-03
3.620214301883e+00 5.622234705905e+00 -5.000000000000e-03
4.672257602681e+00 2.621771853638e+00 -5.000000000000e-03
1.204186369960e+00 1.252411049634e+00 -5.000000000000e-03
2.241375364802e-01 3.187030042690e+00 -5.000000000000e-03
2.420991198380e+00 8.777479131534e-01 -5.000000000000e-03
3.567283707749e+00 4.401863702124e+00 -5.000000000000e-03
4.080616105897e+00 4.669043935843e+00 -5.000000000000e-03
2.830107110419e+00 2.230100834889e+00 -5.000000000000e-03
1.962512515395e+00 5.088193881402e+00 -5.000000000000e-03
5.386808875886e+00 5.285796881368e-01 -5.000000000000e-03
1.529316387884e-01 6.091843248645e+00 -5.000000000000e-03
1.936297937312e-01 5.207960018920e+00 -5.000000000000e-03
1.771807262652e-02 3.874336194748e+00 -5.000000000000e-03
2.007390793024e+00 5.631471167792e+00 -5.000000000000e-03
4.561813450265e+00 1.833971167608e+00 -5.000000000000e-03
3.989458583137e-01 5.745159342176e+00 -5.000000000000e-03
4.530630425833e+00 5.071933037086e+00 -5.000000000000e-03
4.130119749038e-01 5.772317758998e+00 -5.000000000000e-03
4.948835467813e+00 3.823466354875e+00 -5.000000000000e-03
5.446379613414e+00 3.967933584150e-01 -5.000000000000e-03
1.090540402362e+00 1.099715475390e+00 -5.000000000000e-03
1.610310434796e+00 9.652675878804e-01 -5.000000000000e-03
5.100763478792e+00 5.985003788873e+00 -5.000000000000e-03
2.718645343441e+00 3.537952339833e-01 -5.000000000000e-03
2.635086926126e-01 1.859782681006e+00 -5.000000000000e-03
1.941884099270e+00 1.585937393526e+00 -5.000000000000e-03
2.176876076413e+00 4.367124005556e+00 -5.000000000000e-03
1.266507572755e+00 3.281993606874e+00 -5.000000000000e-03
4.364731717460e+00 4.143679796258e+00 -5.000000000000e-03
4.963681081049e+00 3.138870614998e+00 -5.000000000000e-03
1.538743619961e+00 1.764012277337e+00 -5.000000000000e-03
1.339927135942e+00 6.047374363571e+00 -5.000000000000e-03
4.115569140146e+00 3.461111754293e-01 -5.000000000000e-03
4.852955347209e+00 2.079034906317e+00 -5.000000000000e-03
3.460044990965e-01 2.560922597736e+00 -5.000000000000e-03
3.149247382356e+00 2.703730139836e+00 -5.000000000000e-03
5.925227922828e+00 5.631038117295e+00 -5.000000000000e-03
4.147133067143e+00 6.163625756270e+00 -5.000000000000e-03
1.620510751283e-01 6.027788819784e+00 -5.000000000000e-03
2.622318484042e+00 2.132370751936e+00 -5.000000000000e-03
3.017140162222e+00 4.825638811048e+00 -5.000000000000e-03
1.688954193054e+00 5.968589403054e+00 -5.000000000000e-03
4.582517793766e+00 3.604989860474e+00 -5.000000000000e-03
6.064901963444e+00 1.079700950293e+00 -5.000000000000e-03
5.249180612470e+00 4.412517481713e+00 -5.000000000000e-03
6.281047095581e+00 1.995080203042e+00 -5.000000000000e-03
4.707257488701e+00 9.983981298480e-01 -5.000000000000e-03
3.047720508450e+00 5.584495353027e-01 -5.000000000000e-03
4.652436347461e+00 4.215723363886e+00 -5.000000000000e-03
5.479662442335e+00 2.469926502436e+00 -5.000000000000e-03
3.120311849874e+00 1.139467045993e-01 -5.000000000000e-03
5.158962185724e+00 5.053010846343e+00 -5.000000000000e-03
5.549431476926e+00 4.678334208325e+00 -5.000000000000e-03
3.404397422653e-01 1.937180923317e+00 -5.000000000000e-03
1.245084338508e+00 3.430389837277e+00 -5.000000000000e-03
5.949902990610e+00 4.078064489135e+00 -5.000000000000e-03
4.099073173506e+00 4.967263939013e+00 -5.000000000000e-03
1.035421709890e-01 5.529545506112e+00 -5.000000000000e-03
1.980907614290e+00 5.689342591141e-01 -5.000000000000e-03
2.835288760110e-01 7.337664540498e-01 -5.000000000000e-03
2.863642658058e+00 1.308753419368e+00 -5.000000000000e-03
3.094482534172e+00 4.636170288264e+00 -5.000000000000e-03
5.263938145501e+00 1.594945663435e+00 -5.000000000000e-03
3.875218028745e+00 3.649546882793e+00 -5.000000000000e-03
1.720148123695e+00 5.676199684252e+00 -5.000000000000e-03
4.326107794905e+00 2.464552162172e-01 -5.000000000000e-03
5.252583936611e+00 5.692472315437e-01 -5.000000000000e-03
5.153499282373e+00 5.405447482513e+00 -5.000000000000e-03
1.208535642585e+00 4.639769084351e+00 -5.000000000000e-03
3.765444714198e+00 5.202734331484e+00 -5.000000000000e-03
1.520632649231e+00 1.352429743519e+00 -5.000000000000e-03
5.544176298214e+00 1.338377438841e+00 -5.000000000000e-03
6.604099743017e-01 2.697721777084e+00 -5.000000000000e-03
1.968447581866e+00 3.127656830551e+00 -5.000000000000e-03
5.017169864702e+00 3.728441846090e+00 -5.000000000000e-03
1.985870917104e-01 3.369974393622e+00 -5.000000000000e-03
1.313941621032e+00 2.094258567958e+00 -5.000000000000e-03
2.499367262413e+00 1.730709315709e+00 -5.000000000000e-03
5.031587398499e+00 2.851873357364e+00 -5.000000000000e-03
4.157732741880e+00 3.784973416469e+00 -5.000000000000e-03
2.703449904969e+00 9.179546433450e-01 -5.000000000000e-03
6.164583647013e+00 3.838946946646e+00 -5.000000000000e-03
3.991420372293e+00 5.769101451665e+00 -5.000000000000e-03
3.237755071795e+00 5.373633718838e+00 -5.000000000000e-03
6.176430394836e+00 4.459840525722e+00 -5.000000000000e-03
2.452054298501e+00 2.134976387943e+00 -5.000000000000e-03
4.048831929385e+00 3.801865589089e+00 -5.000000000000e-03
3.317705857743e+00 5.117588672458e+00 -5.000000000000e-03
1.189381592800e+00 2.456526576523e+00 -5.000000000000e-03
