4.001068163795e-01 3.254360991536e+00 5.000000000000e-03
7.350001634238e-01 4.991471418904e-02 5.000000000000e-03
2.976203903209e+00 5.016018750417e-01 5.000000000000e-03
3.486541905360e-01 5.777532979100e+00 5.000000000000e-03
3.778840237657e+00 4.271223129942e+00 5.000000000000e-03
1.607266197082e-02 2.913783498175e-01 5.000000000000e-03
2.679170077771e+00 3.967871604340e+00 5.000000000000e-03
1.863998622306e+00 9.263210550138e-02 5.000000000000e-03
4.661266762164e+00 3.942308373043e+00 5.000000000000e-03
3.782828461686e+00 2.185510164544e+00 5.000000000000e-03
1.249195550766e+00 4.695538460166e+00 5.000000000000e-03
5.081432648634e+00 5.193355425738e+00 5.000000000000e-03
5.986836148236e+00 5.267843786350e+00 5.000000000000e-03
1.990432290276e+00 5.992832249931e+00 5.000000000000e-03
2.495457229648e+00 1.464569912895e+00 5.000000000000e-03
4.286342851808e+00 6.575096425101e-01 5.000000000000e-03
1.542283262195e+00 3.727583844180e+00 5.000000000000e-03
4.632365266801e-01 1.529017628950e+00 5.000000000000e-03
5.238663549007e+00 2.950540647732e+00 5.000000000000e-03
6.087971297231e+00 5.110976102284e+00 5.000000000000e-03
4.411779519754e+00 4.314361853449e+00 5.000000000000e-03
5.804357233930e+00 5.330804438197e+00 5.000000000000e-03
5.350070247159e+00 2.406909037901e+00 5.000000000000e-03
3.977708241328e+00 5.398562686398e+00 5.000000000000e-03
4.408642263704e+00 3.415382226254e+00 5.000000000000e-03
1.329169937328e+00 7.298527445651e-01 5.000000000000e-03
4.702726337826e+00 2.100535017680e+00 5.000000000000e-03
2.607349165889e-02 3.368778751113e+00 5.000000000000e-03
8.864035957264e-01 1.206052630432e+00 5.000000000000e-03
2.794032659009e+00 2.252945587959e+00 5.000000000000e-03
3.472923825260e+00 4.596292585655e+00 5.000000000000e-03
3.567920805247e+00 3.429057425582e+00 5.000000000000e-03
3.955777809333e+00 1.784653428027e+00 5.000000000000e-03
7.216516349729e-01 3.740751591512e+00 5.000000000000e-03
4.532140840000e+00 3.246486444206e+00 5.000000000000e-03
1.056409188173e+00 3.352623688283e+00 5.000000000000e-03
8.727776879189e-02 9.280243126432e-01 5.000000000000e-03
2.077265948033e+00 3.089438672469e+00 5.000000000000e-03
3.256012687133e+00 2.778966076948e+00 5.000000000000e-03
5.718833785663e+00 3.919410968897e+00 5.000000000000e-03
1.306438686715e+00 5.881243948585e+00 5.000000000000e-03
6.243624602177e+00 1.067973939639e+00 5.000000000000e-03
5.854867605234e+00 2.688485343629e+00 5.000000000000e-03
3.807115706110e+00 4.785878257222e+00 5.000000000000e-03
5.103290713806e-01 5.348465012099e+00 5.000000000000e-03
3.257878936331e+00 3.183912014113e+00 5.000000000000e-03
1.839434602055e+00 7.934310686756e-01 5.000000000000e-03
1.978451834665e+00 1.598538687349e+00 5.000000000000e-03
5.530318629313e+00 1.171486006691e-01 5.000000000000e-03
3.419155873792e+00 5.738250148570e+00 5.000000000000e-03
8.837883923789e-01 5.041736357109e+00 5.000000000000e-03
4.764573658008e+00 4.230358977450e+00 5.000000000000e-03
4.187585582597e+00 2.366166636312e+00 5.000000000000e-03
3.961918487654e+00 5.183895872651e-01 5.000000000000e-03
1.528979067198e+00 2.187526103778e+00 5.000000000000e-03
5.533038829772e+00 2.161850652332e+00 5.000000000000e-03
4.177009257699e+00 2.867135597613e+00 5.000000000000e-03
1.790157631492e-01 4.402098476484e+00 5.000000000000e-03
3.188324533650e+00 4.043034442179e-01 5.000000000000e-03
4.296310676846e+00 5.129547207352e-02 5.000000000000e-03
3.653428753563e+00 3.469562038012e+00 5.000000000000e-03
1.140582045232e+00 2.891678482673e+00 5.000000000000e-03
1.718469504544e+00 3.615666398017e+00 5.000000000000e-03
5.224056116773e+00 1.463662174856e+00 5.000000000000e-03
1.681801348757e+00 1.838991850871e-02 5.000000000000e-03
6.280606098661e+00 3.526064211584e+00 5.000000000000e-03
5.591841755845e-01 3.803089229246e+00 5.000000000000e-03
2.899671916326e-01 4.708689461842e+00 5.000000000000e-03
3.098841049531e+00 1.617913880280e-01 5.000000000000e-03
6.114661951090e+00 2.550303055685e+00 5.000000000000e-03
5.314269803644e-02 5.854277257534e-01 5.000000000000e-03
4.131560511050e+00 2.243519996377e+00 5.000000000000e-03
2.843988559495e-01 1.587946354652e+00 5.000000000000e-03
1.935939535508e-01 3.952147677997e+00 5.000000000000e-03
5.863929428883e+00 3.270179955313e+00 5.000000000000e-03
5.468105509142e+00 1.215102503788e+00 5.000000000000e-03
5.939962325724e+00 2.064180242395e+00 5.000000000000e-03
3.289105137865e+00 4.194376289823e+00 5.000000000000e-03
2.332603343745e+00 2.299771102623e+00 5.000000000000e-03
7.255721233974e-01 5.949275556321e-01 5.000000000000e-03
4.921626943325e+00 2.667368307762e+00 5.000000000000e-03
6.142302039884e+00 5.823837535964e+00 5.000000000000e-03
2.637099445641e-01 6.016759721538e+00 5.000000000000e-03
5.574459530741e+00 3.280302206074e+00 5.000000000000e-03
1.434421297285e+00 5.602925037967e+00 5.000000000000e-03
5.106751651749e+00 3.408613728376e+00 5.000000000000e-03
3.799304788675e+00 4.526083626423e+00 5.000000000000e-03
5.921638581448e+00 2.773551453636e+00 5.000000000000e-03
1.307968149894e-01 6.214196026179e+00 5.000000000000e-03
3.920818788553e+00 3.979597178209e+00 5.000000000000e-03
5.199459836154e+00 5.110108281517e-01 5.000000000000e-03
2.938171955297e+00 1.897951137411e+00 5.000000000000e-03
4.522728515379e+00 2.360119804489e+00 5.000000000000e-03
1.611269826437e+00 4.541503254430e+00 5.000000000000e-03
4.253190831651e+00 5.286933274034e+00 5.000000000000e-03
4.274119446958e+00 2.876416748073e+00 5.000000000000e-03
5.759025726734e+00 4.215660833753e+00 5.000000000000e-03
1.425279714869e-03 4.930908660679e+00 5.000000000000e-03
5.410882806522e+00 4.469246572937e-01 5.000000000000e-03
6.859195017164e-01 5.624680009971e+00 5.000000000000e-03
3.968079204396e+00 1.732327990410e+00 -5.000000000000e-03
5.120516426864e+00 3.039961924747e+00 -5.000000000000e-03
5.109680917927e+00 4.274661551682e+00 -5.000000000000e-03
5.932285016528e+00 3.345905320117e+00 -5.000000000000e-03
4.536340158887e+00 4.684473436912e+00 -5.000000000000e-03
2.284400261235e+00 3.778249386489e+00 -5.000000000000e-03
3.402681592444e+00 1.717131949005e+00 -5.000000000000e-03
3.144282149309e-01 2.794189091724e+00 -5.000000000000e-03
3.953779026337e+00 6.114904200672e+00 -5.000000000000e-03
1.689547298545e+00 1.858750434969e-01 -5.000000000000e-03
3.610640748768e+00 1.309217496028e+00 -5.000000000000e-03
3.978394144049e+00 3.607987756606e+00 -5.000000000000e-03
1.595044718726e+00 6.070041040869e+00 -5.000000000000e-03
6.205228156618e+00 5.343302912145e+00 -5.000000000000e-03
4.288867966650e+00 3.097352536256e-01 -5.000000000000e-03
4.805433987179e+00 1.402971610457e+00 -5.000000000000e-03
3.041226507521e+00 5.578872636247e-01 -5.000000000000e-03
9.578046470826e-01 5.927039704511e+00 -5.000000000000e-03
5.138419061017e+00 4.340537812178e+00 -5.000000000000e-03
4.524651016567e+00 5.249884756598e+00 -5.000000000000e-03
4.779593025945e+00 4.174616299034e+00 -5.000000000000e-03
8.196435523524e-01 2.951784925174e+00 -5.000000000000e-03
5.987526085646e+00 1.493862573538e+00 -5.000000000000e-03
1.277738600591e+00 3.712872577367e+00 -5.000000000000e-03
3.006694353046e-01 5.282714855909e-01 -5.000000000000e-03
3.446584550357e+00 3.157827981332e-01 -5.000000000000e-03
3.138703802775e+00 4.199875273447e+00 -5.000000000000e-03
2.686913257305e+00 1.982386164813e-01 -5.000000000000e-03
5.516815122149e+00 2.665356214816e+00 -5.000000000000e-03
4.792046399703e+00 4.612502557543e+00 -5.000000000000e-03
2.984063437199e-01 4.290238286892e+00 -5.000000000000e-03
1.169970986396e+00 3.606265524964e+00 -5.000000000000e-03
3.969516762212e+00 3.245951161936e+00 -5.000000000000e-03
9.235990916232e-03 4.034909257076e+00 -5.000000000000e-03
2.831149442174e+00 7.664898791419e-02 -5.000000000000e-03
9.332698825197e-01 2.134177958224e+00 -5.000000000000e-03
5.917420286671e-01 9.195873099687e-01 -5.000000000000e-03
5.282897913111e+00 3.934744047794e+00 -5.000000000000e-03
9.374008891390e-02 2.272498810246e+00 -5.000000000000e-03
2.007705937667e+00 9.550943540502e-01 -5.000000000000e-03
4.816764816636e+00 4.176461014182e+00 -5.000000000000e-03
5.558184946135e+00 1.672594833216e+00 -5.000000000000e-03
5.937751717203e+00 5.928380934895e+00 -5.000000000000e-03
5.371322175553e+00 2.954094800446e+00 -5.000000000000e-03
4.173145831020e+00 4.231988761226e+00 -5.000000000000e-03
3.330457368640e+00 6.153240770644e+00 -5.000000000000e-03
7.145813533477e-01 2.433274609242e+00 -5.000000000000e-03
1.709881466956e+00 2.136454151691e+00 -5.000000000000e-03
5.694000777301e+00 3.399487672155e+00 -5.000000000000e-03
3.682899281668e-01 6.099537912023e-01 -5.000000000000e-03
1.923455589385e+00 2.062386061018e+00 -5.000000000000e-03
9.967839033033e-01 6.067889554722e+00 -5.000000000000e-03
4.868686043611e+00 5.721904716596e+00 -5.000000000000e-03
4.972302081093e+00 4.696730570648e+00 -5.000000000000e-03
4.880132962417e+00 4.135166810395e+00 -5.000000000000e-03
2.105469063853e+00 1.649384711652e-01 -5.000000000000e-03
4.526982674954e+00 4.188351775841e+00 -5.000000000000e-03
2.655857109126e+00 3.773083300353e+00 -5.000000000000e-03
1.808832406448e+00 3.255147208545e-01 -5.000000000000e-03
8.522005431693e-01 6.255203238257e+00 -5.000000000000e-03
4.051309011307e+00 3.711126873783e+00 -5.000000000000e-03
6.073122699954e+00 4.212025960125e+00 -5.000000000000e-03
5.068199110338e+00 7.853897797348e-01 -5.000000000000e-03
5.961873271287e+00 1.733869187725e+00 -5.000000000000e-03
5.016519366497e+00 1.854969369022e+00 -5.000000000000e-03
3.695802746228e+00 1.833822686965e+00 -5.000000000000e-03
4.784640760551e+00 4.072308830273e+00 -5.000000000000e-03
6.124327914036e+00 2.388279978999e+00 -5.000000000000e-03
5.881703534270e+00 1.918896693244e+00 -5.000000000000e-03
2.493659430394e+00 3.761885408077e+00 -5.000000000000e-03
1.885877107623e+00 2.017117113025e+00 -5.000000000000e-03
4.221378732447e+00 5.326709325331e+00 -5.000000000000e-03
3.906973641788e+00 1.011957727866e+00 -5.000000000000e-03
2.141405883008e+00 2.969756634664e+00 -5.000000000000e-03
5.080064360252e+00 5.654189220493e+00 -5.000000000000e-03
3.611174719124e+00 2.119008084426e+00 -5.000000000000e-03
3.571101696034e+00 3.841514968481e+00 -5.000000000000e-03
6.067697981671e+00 3.134785930147e+00 -5.000000000000e-03
5.210217242496e+00 1.816949240444e+00 -5.000000000000e-03
1.396228274783e+00 2.869787680287e+00 -5.000000000000e-03
9.074121638564e-01 2.842308177262e+00 -5.000000000000e-03
4.349417141726e+00 3.755550773557e+00 -5.000000000000e-03
3.334468860628e+00 5.415754313689e+00 -5.000000000000e-03
2.387076927924e+00 5.690324539729e+00 -5.000000000000e-03
5.546704541278e+00 2.114551149985e+00 -5.000000000000e-03
3.272182204688e+00 3.609908981606e+00 -5.000000000000e-03
4.624501734221e+00 5.431930591465e+00 -5.000000000000e-03
4.052557841916e-01 3.058664058628e+00 -5.000000000000e-03
3.072047367130e+00 5.622483705859e+00 -5.000000000000e-03
1.977119143204e+00 3.889253338158e+00 -5.000000000000e-03
3.612925212022e+00 1.969994321859e+00 -5.000000000000e-03
2.207465705191e+00 5.815408065180e+00 -5.000000000000e-03
4.780028237657e+00 2.475276307135e+00 -5.000000000000e-03
5.244012846336e+00 4.982469079211e+00 -5.000000000000e-03
1.360591434509e+00 3.946576180445e+00 -5.000000000000e-03
9.515699395157e-01 2.798124362658e+00 -5.000000000000e-03
3.849383411742e+00 5.129373770961e+00 -5.000000000000e-03
3.717827290819e+00 6.163233297983e+00 -5.000000000000e-03
3.789957263445e+00 1.365577579153e+00 -5.000000000000e-03
6.142272179100e+00 1.705549821856e+00 -5.000000000000e-03
