5.739787763042e+00 1.950840928876e+00 5.000000000000e-03
9.699821957108e-01 6.146208067094e+00 5.000000000000e-03
2.183119237781e+00 5.924153994955e+00 5.000000000000e-03
4.430368931897e+00 5.504768486984e+00 5.000000000000e-03
2.014660975668e+00 1.498007945502e+00 5.000000000000e-03
2.872279736379e+00 2.928620765108e+00 5.000000000000e-03
8.633690498961e-01 1.286611596107e+00 5.000000000000e-03
4.578237288289e+00 3.147447466634e+00 5.000000000000e-03
2.012404576340e-02 2.697118858135e-01 5.000000000000e-03
1.546302614208e+00 4.962353584294e+00 5.000000000000e-03
2.933359044255e+00 2.886295016462e+00 5.000000000000e-03
5.413768097435e+00 5.640145934318e+00 5.000000000000e-03
2.445266969926e+00 1.327437695475e+00 5.000000000000e-03
4.001575535037e+00 2.727933693274e+00 5.000000000000e-03
4.880528754914e+00 4.646001972951e+00 5.000000000000e-03
3.163643489252e-01 1.340555254316e+00 5.000000000000e-03
1.009714629143e+00 1.266542241124e+00 5.000000000000e-03
3.956337937657e+00 2.408959289012e+00 5.000000000000e-03
2.370210284524e+00 8.890792413612e-01 5.000000000000e-03
4.007016365253e+00 2.798808714431e+00 5.000000000000e-03
1.096224988882e+00 4.254040302099e+00 5.000000000000e-03
5.879862543613e+00 6.235268182998e+00 5.000000000000e-03
3.804150951467e+00 5.270178258345e+00 5.000000000000e-03
4.125770373509e+00 2.405581282333e+00 5.000000000000e-03
4.822489703806e+00 2.882571428004e+00 5.000000000000e-03
5.095008452330e+00 3.006408182249e-01 5.000000000000e-03
6.227538488375e+00 1.632301018682e+00 5.000000000000e-03
5.894228781233e+00 4.089186862974e+00 5.000000000000e-03
2.753610209551e+00 1.021102923991e+00 5.000000000000e-03
5.178691402116e-01 2.476437867867e+00 5.000000000000e-03
3.124900869806e+00 1.672640159728e+00 5.000000000000e-03
4.587276486371e+00 1.037177820334e+00 5.000000000000e-03
2.226550094643e+00 6.241278466142e+00 5.000000000000e-03
1.276794162423e+00 5.639905075393e+00 5.000000000000e-03
4.884302302964e+00 5.835465042032e+00 5.000000000000e-03
4.020785355158e-01 3.632434790786e+00 5.000000000000e-03
6.276476763860e+00 3.709895369615e+00 5.000000000000e-03
1.246886603394e+00 4.389064829976e+00 5.000000000000e-03
7.975766646478e-01 3.385167556857e+00 5.000000000000e-03
5.759923049979e+00 1.493483191527e-01 5.000000000000e-03
4.517587566374e+00 2.697950402128e+00 5.000000000000e-03
3.872137655595e-01 5.430695148534e+00 5.000000000000e-03
2.901561722054e+00 3.369282369324e+00 5.000000000000e-03
3.035383602026e+00 2.519421676471e+00 5.000000000000e-03
3.660853003162e-01 2.542603975326e+00 5.000000000000e-03
4.316259938435e+00 1.493463084430e+00 5.000000000000e-03
2.995895597913e-01 2.184591641070e+00 5.000000000000e-03
4.764765896555e+00 2.806283924617e+00 5.000000000000e-03
6.257496985170e+00 5.759937094273e-02 5.000000000000e-03
1.375125478708e+00 1.261959810451e+00 5.000000000000e-03
1.253591380161e+00 4.536672409792e+00 5.000000000000e-03
5.932563940435e-01 5.617947169494e+00 5.000000000000e-03
7.093104824466e-01 3.790477687498e+00 5.000000000000e-03
2.037217613623e+00 3.015095018112e+00 5.000000000000e-03
5.918766259552e+00 6.107635661510e+00 5.000000000000e-03
1.722686647904e+00 3.490462102435e+00 5.000000000000e-03
3.361524914534e+00 4.222416186813e+00 5.000000000000e-03
1.574835499328e+00 3.690428249267e-01 5.000000000000e-03
1.514857080760e+00 2.812793485523e+00 5.000000000000e-03
3.720095444196e+00 2.852909248864e+00 5.000000000000e-03
3.155299666481e+00 4.705385102130e+00 5.000000000000e-03
1.621696755860e+00 1.896581350206e+00 5.000000000000e-03
1.200683748354e+00 4.349519690428e+00 5.000000000000e-03
2.242591396595e+00 2.030344610039e+00 5.000000000000e-03
5.289197648405e+00 2.033618411656e+00 5.000000000000e-03
3.812194150501e+00 5.804667317799e+00 5.000000000000e-03
5.397799936064e+00 9.092924487113e-01 5.000000000000e-03
2.118110429004e+00 3.930843941648e+00 5.000000000000e-03
1.018864868248e+00 8.020234275814e-01 5.000000000000e-03
5.530045471928e+00 9.191628107589e-01 5.000000000000e-03
8.067689723940e-01 6.065745826654e+00 5.000000000000e-03
1.662347102962e+00 5.976721392297e-01 5.000000000000e-03
2.817660503535e+00 9.695775538677e-01 5.000000000000e-03
2.919086065397e+00 1.846940437056e+00 5.000000000000e-03
3.828915535851e+00 3.854923143115e-01 5.000000000000e-03
8.895862270712e-01 1.342118656424e+00 5.000000000000e-03
2.830023585474e+00 6.269285398154e+00 5.000000000000e-03
3.540750718787e+00 5.644055498050e+00 5.000000000000e-03
2.107131132869e+00 5.541189431379e+00 5.000000000000e-03
7.136647530963e-03 3.418719652438e+00 5.000000000000e-03
1.493718238005e+00 5.468799941781e+00 5.000000000000e-03
2.603669774528e-01 5.824437049256e+00 5.000000000000e-03
1.196722632013e+00 2.548810211663e+00 5.000000000000e-03
9.365265887389e-01 1.775879418354e+00 5.000000000000e-03
1.661054865170e+00 5.584726956366e+00 5.000000000000e-03
4.997217245417e+00 1.921754361767e+00 5.000000000000e-03
3.513221206511e+00 3.810063205788e+00 5.000000000000e-03
5.935587165301e+00 3.232060191081e+00 5.000000000000e-03
2.287296091201e+00 4.984059384880e+00 5.000000000000e-03
6.195516625697e+00 5.933329159568e+00 5.000000000000e-03
5.648254039700e+00 2.332305462376e+00 5.000000000000e-03
3.015600927760e+00 3.165151537558e+00 5.000000000000e-03
4.918394789587e+00 4.818364801436e+00 5.000000000000e-03
3.336053584456e+00 5.515313742021e+00 5.000000000000e-03
1.325010874677e+00 1.192694528025e+00 5.000000000000e-03
4.548395731632e-01 3.463957823130e+00 5.000000000000e-03
2.318399157932e+00 1.827288041120e+00 5.000000000000e-03
3.944564279978e+00 9.913918316955e-01 5.000000000000e-03
7.191471588286e-01 2.667069530793e-01 5.000000000000e-03
1.294599233330e+00 3.624815992108e+00 5.000000000000e-03
5.501871903671e+00 5.815649039142e+00 -5.000000000000e-03
5.718727055651e-01 1.572797333378e+00 -5.000000000000e-03
1.214211100157e+00 1.841125770561e+00 -5.000000000000e-03
7.178238328330e-01 6.207265354818e-01 -5.000000000000e-03
5.537659530675e+00 3.604074861578e+00 -5.000000000000e-03
5.956512527288e+00 5.756517009293e+00 -5.000000000000e-03
1.736364865760e+00 3.170257404674e-01 -5.000000000000e-03
2.414598966435e+00 3.993152899128e+00 -5.000000000000e-03
5.949120068768e+00 2.997673380616e+00 -5.000000000000e-03
2.349084427340e-01 1.154146792882e+00 -5.000000000000e-03
1.037961127025e+00 4.387128161427e+00 -5.000000000000e-03
4.381530305009e+00 7.874085691981e-01 -5.000000000000e-03
6.126628975933e+00 4.764585745457e+00 -5.000000000000e-03
9.728672548659e-01 2.924857570641e+00 -5.000000000000e-03
3.890944335994e+00 3.157155367469e+00 -5.000000000000e-03
4.280734908403e+00 3.517421498689e+00 -5.000000000000e-03
1.201773418252e+00 2.360417696280e+00 -5.000000000000e-03
2.360306326412e+00 4.138458629078e+00 -5.000000000000e-03
3.948123504561e+00 4.759217196820e+00 -5.000000000000e-03
3.618457547349e+00 5.316964201934e+00 -5.000000000000e-03
3.708034939102e+00 5.628093365872e+00 -5.000000000000e-03
6.032418454734e+00 2.305560859236e+00 -5.000000000000e-03
3.303153731396e+00 3.429038667309e+00 -5.000000000000e-03
4.006370141010e+00 3.209159053457e+00 -5.000000000000e-03
4.261554071471e+00 1.693336821362e+00 -5.000000000000e-03
3.390675748590e+00 5.199920785861e+00 -5.000000000000e-03
4.300668593923e+00 3.484210176878e+00 -5.000000000000e-03
4.199562328966e+00 3.346694699413e+00 -5.000000000000e-03
3.833233139177e+00 3.481660415845e+00 -5.000000000000e-03
1.918215180247e+00 1.658149880442e+00 -5.000000000000e-03
2.834694175385e+00 3.117649158934e+00 -5.000000000000e-03
9.350379591794e-02 4.233392137013e+00 -5.000000000000e-03
1.661658204146e+00 3.973641895554e+00 -5.000000000000e-03
8.890654275045e-01 1.425716008497e+00 -5.000000000000e-03
1.179053192388e+00 8.880516927673e-01 -5.000000000000e-03
2.357116320774e+00 6.047926317717e+00 -5.000000000000e-03
3.174648159745e+00 1.172203522489e+00 -5.000000000000e-03
1.892748710940e+00 4.680688430201e+00 -5.000000000000e-03
1.686558868375e+00 4.141622138192e+00 -5.000000000000e-03
1.342051546496e+00 2.659750129933e+00 -5.000000000000e-03
1.942895863688e+00 3.018415191970e+00 -5.000000000000e-03
5.048574932771e+00 1.642902435789e+00 -5.000000000000e-03
7.308975624702e-01 2.194924839332e-01 -5.000000000000e-03
4.053539883395e+00 6.014476466522e+00 -5.000000000000e-03
2.111903378634e+00 2.617410388091e-02 -5.000000000000e-03
3.069533446103e+00 1.319233392113e+00 -5.000000000000e-03
3.124626397249e+00 2.860455784691e+00 -5.000000000000e-03
4.914262074797e+00 1.331160617919e+00 -5.000000000000e-03
5.976913966077e+00 2.350600702089e+00 -5.000000000000e-03
6.195219371962e+00 9.971609440406e-01 -5.000000000000e-03
1.727866799874e+00 2.094207025061e+00 -5.000000000000e-03
2.914824069097e+00 3.742019629762e+00 -5.000000000000e-03
3.396105180457e+00 3.141041204439e+00 -5.000000000000e-03
6.243192486917e+00 1.390074130014e+00 -5.000000000000e-03
1.689187708175e+00 1.641164332745e+00 -5.000000000000e-03
1.978098503631e+00 7.565405875529e-01 -5.000000000000e-03
8.236510249389e-01 4.273153665405e+00 -5.000000000000e-03
1.641935048400e+00 5.857717517919e+00 -5.000000000000e-03
5.272938461361e+00 1.397808182410e+00 -5.000000000000e-03
3.527270093037e+00 3.775357481880e+00 -5.000000000000e-03
4.487927719176e-01 5.112523467719e+00 -5.000000000000e-03
1.602506247546e+00 2.903899551689e+00 -5.000000000000e-03
6.062458098194e+00 2.859946982819e+00 -5.000000000000e-03
1.293817979266e+00 1.532550700837e+00 -5.000000000000e-03
6.043102900070e+00 3.561769820142e+00 -5.000000000000e-03
1.541842330507e+00 5.476672286774e+00 -5.000000000000e-03
3.927599756629e+00 1.477476485200e+00 -5.000000000000e-03
2.031074880154e+00 4.968466002733e+00 -5.000000000000e-03
1.769873538507e+00 3.862466497919e+00 -5.000000000000e-03
4.079284125618e+00 2.449852174575e+00 -5.000000000000e-03
2.706178240101e+00 2.827682562631e+00 -5.000000000000e-03
1.950436470512e+00 4.643376539630e+00 -5.000000000000e-03
6.314966300395e-01 6.275085342217e+00 -5.000000000000e-03
3.645917883026e+00 3.525460647756e+00 -5.000000000000e-03
1.984547923302e+00 3.045283349446e+00 -5.000000000000e-03
1.776517806651e-01 2.117870597851e+00 -5.000000000000e-03
3.697927654276e+00 2.255869219343e+00 -5.000000000000e-03
1.954552737296e+00 4.307147252024e+00 -5.000000000000e-03
3.949173832184e+00 5.051593394380e+00 -5.000000000000e-03
4.643914781799e+00 5.341731387260e+00 -5.000000000000e-03
2.575107039438e+00 3.256075506511e+00 -5.000000000000e-03
8.516709470609e-01 1.937711955805e+00 -5.000000000000e-03
1.332209041582e-01 2.835198145598e+00 -5.000000000000e-03
9.394384192241e-01 1.947385513009e+00 -5.000000000000e-03
3.476445632362e+00 4.157665136578e+00 -5.000000000000e-03
6.218671400291e+00 1.231085726111e-01 -5.000000000000e-03
2.717452706846e+00 1.900167635112e+00 -5.000000000000e-03
1.635680600054e+00 3.522827701763e+00 -5.000000000000e-03
4.711459384363e+00 1.907745541730e+00 -5.000000000000e-03
5.102832268251e+00 1.541888170850e+00 -5.000000000000e-03
4.041672262681e+00 1.182415384682e+00 -5.000000000000e-03
2.961696911217e+00 4.842880414719e+00 -5.000000000000e-03
2.757153264414e+00 2.039970855552e+00 -5.000000000000e-03
8.721994353149e-01 4.130682131410e+00 -5.000000000000e-03
2.455707945655e+00 4.064164261199e+00 -5.000000000000e-03
1.756890080003e+00 4.795175901686e+00 -5.000000000000e-03
2.620477577712e-02 1.885579171379e+00 -5.000000000000e-03
4.666860167027e+00 4.204549100737e+00 -5.000000000000e-03
1.021710973771e+00 3.682076507682e+00 -5.000000000000e-03
3.194397596293e+00 3.698088738554e+00 -5.000000000000e-03
