2.475199453262e+00 1.134191576058e+00 5.000000000000e-03
2.448581895952e+00 4.185759944214e+00 5.000000000000e-03
1.464162891422e+00 5.391389493679e+00 5.000000000000e-03
2.977560165722e+00 2.948949314336e-01 5.000000000000e-03
3.275430636770e+00 5.323865244624e+00 5.000000000000e-03
1.326013168298e+00 6.221898441902e-01 5.000000000000e-03
5.503043779587e+00 5.047060087656e+00 5.000000000000e-03
2.078089767866e-01 2.751444331610e+00 5.000000000000e-03
4.580797181239e-01 5.517971461545e+00 5.000000000000e-03
3.241925281166e-01 4.328509969410e+00 5.000000000000e-03
1.393323845887e+00 4.352225189613e+00 5.000000000000e-03
1.268159535245e+00 2.607428027770e+00 5.000000000000e-03
8.742152194058e-01 1.334011071981e+00 5.000000000000e-03
2.707138175983e+00 3.062965016141e+00 5.000000000000e-03
4.260413567486e+00 2.186709397662e+00 5.000000000000e-03
6.216389394349e-01 3.029979521840e+00 5.000000000000e-03
5.028258000961e+00 4.902452501135e+00 5.000000000000e-03
1.882060543701e+00 2.676026713918e+00 5.000000000000e-03
9.755967485566e-01 5.177601024756e+00 5.000000000000e-03
4.314324027303e+00 1.224957162067e-01 5.000000000000e-03
3.192511010193e-01 2.006784665192e+00 5.000000000000e-03
2.729450617185e+00 4.883487630959e+00 5.000000000000e-03
4.935478173306e+00 3.163365989871e+00 5.000000000000e-03
1.157947403297e+00 5.639383457454e+00 5.000000000000e-03
1.402108574100e+00 5.844065608268e+00 5.000000000000e-03
5.573329613575e+00 6.021843320102e+00 5.000000000000e-03
1.438650433375e+00 3.032573565318e+00 5.000000000000e-03
1.211866238208e+00 4.054438302611e+00 5.000000000000e-03
5.080410719124e+00 4.032293393687e+00 5.000000000000e-03
5.496703376326e+00 3.799603574136e-01 5.000000000000e-03
1.071574128543e+00 6.204957932675e+00 5.000000000000e-03
3.872570873699e+00 3.992675163846e-01 5.000000000000e-03
2.713499815262e+00 2.081426385279e+00 5.000000000000e-03
4.718943141778e+00 5.064478794944e+00 5.000000000000e-03
1.732065179378e+00 2.689007644589e+00 5.000000000000e-03
4.798543610546e+00 1.732849402432e+00 5.000000000000e-03
2.867765076718e+00 3.546309258797e+00 5.000000000000e-03
3.602559106342e+00 2.036386196791e+00 5.000000000000e-03
3.050720588732e+00 3.251331972327e+00 5.000000000000e-03
1.037823285315e+00 8.767084129712e-01 5.000000000000e-03
1.640121473405e+00 4.405571359107e+00 5.000000000000e-03
1.468322795191e+00 5.749084442756e+00 5.000000000000e-03
4.422619146335e-01 6.163457922502e+00 5.000000000000e-03
6.153184880637e+00 6.006650281102e+00 5.000000000000e-03
1.327283351229e+00 4.291161665866e+00 5.000000000000e-03
5.711003694466e+00 1.265797045173e-01 5.000000000000e-03
2.275226145587e+00 3.154751373409e+00 5.000000000000e-03
5.636948700396e+00 5.579617502325e+00 5.000000000000e-03
5.807869013000e+00 2.538747703968e+00 5.000000000000e-03
1.541926624733e+00 5.260921090597e+00 5.000000000000e-03
1.582204015561e+00 5.253306759674e+00 5.000000000000e-03
1.020451009879e+00 4.174634128893e+00 5.000000000000e-03
4.898153977316e+00 2.593429110140e+00 5.000000000000e-03
8.751824890958e-01 1.895440691959e+00 5.000000000000e-03
3.635324095575e+00 5.024247135781e+00 5.000000000000e-03
4.163339596392e+00 3.868063796695e+00 5.000000000000e-03
1.998686444627e+00 6.090750554533e+00 5.000000000000e-03
2.644716675072e+00 2.630819686756e-01 5.000000000000e-03
5.448269656158e+00 9.664139633461e-01 5.000000000000e-03
4.423081922442e+00 1.691437154733e+00 5.000000000000e-03
5.346040654347e-01 3.860799430061e+00 5.000000000000e-03
5.940498083397e-01 3.890287683816e+00 5.000000000000e-03
6.029946728598e+00 2.225874753292e+00 5.000000000000e-03
3.967616452409e+00 2.162526201864e+00 5.000000000000e-03
3.112166208985e+00 3.475094564903e+00 5.000000000000e-03
4.760895912483e+00 5.602247613312e+00 5.000000000000e-03
2.750402436885e+00 1.307663002349e+00 5.000000000000e-03
2.568684247793e+00 3.626738255514e+00 5.000000000000e-03
5.271307421788e+00 3.101450306579e+00 5.000000000000e-03
4.355462457006e+00 5.462237643039e+00 5.000000000000e-03
1.573790381131e+00 5.117072632089e+00 5.000000000000e-03
9.778900629656e-01 2.426858610303e+00 5.000000000000e-03
6.188486222158e+00 2.486079976068e+00 5.000000000000e-03
3.790755731174e+00 4.436021704254e+00 5.000000000000e-03
4.984096551547e+00 5.324892970194e+00 5.000000000000e-03
6.984961283438e-01 1.164212008915e+00 5.000000000000e-03
3.564858102491e+00 4.012205945072e+00 5.000000000000e-03
4.711354108089e+00 3.713716674450e+00 5.000000000000e-03
3.680620993734e+00 2.267985536339e+00 5.000000000000e-03
3.341733213758e-01 2.068653260067e+00 5.000000000000e-03
4.220836746048e+00 4.186413128321e+00 5.000000000000e-03
3.416842017542e+00 5.605255283345e+00 5.000000000000e-03
9.682108239201e-01 4.387497222396e+00 5.000000000000e-03
3.918816913407e+00 2.410622001863e+00 5.000000000000e-03
1.491108153795e+00 3.992287289205e+00 5.000000000000e-03
2.920422149199e+00 3.725235558084e+00 5.000000000000e-03
1.550863699771e+00 5.683350504986e+00 5.000000000000e-03
5.822095445474e+00 1.622217134935e+00 5.000000000000e-03
1.194815333327e+00 1.350999659206e-01 5.000000000000e-03
2.928836069268e+00 3.109834475553e+00 5.000000000000e-03
8.961528462918e-01 3.508477304945e+00 5.000000000000e-03
1.136458010336e-01 1.324953187015e+00 5.000000000000e-03
2.598887474119e+00 1.658430853094e+00 5.000000000000e-03
1.174346947042e-01 2.525685184917e+00 5.000000000000e-03
1.341532565179e+00 8.300746179038e-01 5.000000000000e-03
1.629780301667e+00 3.411358251187e+00 5.000000000000e-03
2.085631632774e+00 3.016339874817e-01 5.000000000000e-03
2.562527687773e+00 5.507216977356e+00 5.000000000000e-03
1.974429988758e+00 2.968030613223e+00 5.000000000000e-03
4.404308940831e-01 9.377975833711e-01 5.000000000000e-03
5.452291548101e+00 5.439321626023e+00 -5.000000000000e-03
1.136708274119e+00 1.303094361917e+00 -5.000000000000e-03
5.030971515035e+00 4.827920225818e+00 -5.000000000000e-03
2.301313463417e+00 5.910966448923e+00 -5.000000000000e-03
1.015254312677e+00 6.227553012848e+00 -5.000000000000e-03
5.191517714808e+00 2.198393465535e-01 -5.000000000000e-03
2.441250935220e+00 5.428556623811e+00 -5.000000000000e-03
1.768452747915e+00 1.509758440922e+00 -5.000000000000e-03
6.857529713327e-01 6.049481626633e+00 -5.000000000000e-03
1.822346137018e-01 4.033820063124e-01 -5.000000000000e-03
5.968227597530e+00 9.232785529310e-01 -5.000000000000e-03
4.983896812972e+00 3.665231507543e+00 -5.000000000000e-03
5.685414963446e+00 2.990594668734e+00 -5.000000000000e-03
5.620030536488e+00 4.158178283791e+00 -5.000000000000e-03
5.343348477571e+00 1.941004523279e+00 -5.000000000000e-03
5.001989734418e+00 5.753342929398e+00 -5.000000000000e-03
5.600790336406e+00 8.074397836233e-01 -5.000000000000e-03
4.330015551652e+00 2.962569290458e+00 -5.000000000000e-03
3.512948232382e+00 3.157441470174e-01 -5.000000000000e-03
2.191080390769e+00 3.494899434422e-02 -5.000000000000e-03
6.219789523037e+00 5.613136066183e+00 -5.000000000000e-03
2.232072950691e+00 5.452853350723e+00 -5.000000000000e-03
2.145234230842e+00 2.328107665743e-01 -5.000000000000e-03
4.194411873204e+00 4.260806572629e-01 -5.000000000000e-03
6.109981708546e-01 2.151096234773e+00 -5.000000000000e-03
3.274326955175e+00 5.844977806460e+00 -5.000000000000e-03
5.386695967960e-03 3.961504182995e+00 -5.000000000000e-03
2.273087675377e+00 2.680692846447e+00 -5.000000000000e-03
2.048804745299e+00 7.686788059093e-01 -5.000000000000e-03
5.687305815150e+00 4.398381302430e+00 -5.000000000000e-03
1.365759407395e+00 3.801451857400e+00 -5.000000000000e-03
2.384935607683e+00 6.982393893135e-01 -5.000000000000e-03
4.784816487353e+00 1.807324801137e+00 -5.000000000000e-03
5.207268395243e+00 4.156785216682e+00 -5.000000000000e-03
3.664359259618e+00 6.132087844706e-01 -5.000000000000e-03
1.422340758626e+00 5.485417689134e+00 -5.000000000000e-03
4.268464939845e+00 1.877483302641e+00 -5.000000000000e-03
3.429219406718e-01 1.976889544171e+00 -5.000000000000e-03
4.698118596854e+00 3.348736002207e+00 -5.000000000000e-03
5.094547367622e+00 3.563275237280e+00 -5.000000000000e-03
2.457020284804e+00 4.293066095123e-02 -5.000000000000e-03
5.076257543422e+00 1.967189414615e+00 -5.000000000000e-03
4.344812604507e+00 1.498548557252e+00 -5.000000000000e-03
5.886706483032e+00 9.456188196439e-01 -5.000000000000e-03
4.495533530971e+00 4.102576881607e+00 -5.000000000000e-03
4.274960679811e+00 2.241811845649e+00 -5.000000000000e-03
6.517754807890e-01 5.663566297355e+00 -5.000000000000e-03
1.371971445305e+00 1.154262677272e+00 -5.000000000000e-03
6.251871724564e+00 5.674344889835e+00 -5.000000000000e-03
6.269654636558e+00 2.853024556165e+00 -5.000000000000e-03
3.236017548543e+00 5.108016064378e+00 -5.000000000000e-03
7.525999461028e-01 5.294648424958e+00 -5.000000000000e-03
1.963953217349e+00 3.684440472457e+00 -5.000000000000e-03
4.583445532678e+00 3.960125393297e+00 -5.000000000000e-03
3.268978449971e+00 3.340518572570e+00 -5.000000000000e-03
1.462616156662e+00 6.109990830768e-01 -5.000000000000e-03
1.729081616780e+00 2.185090833798e+00 -5.000000000000e-03
2.229719450791e+00 3.400286381413e+00 -5.000000000000e-03
5.463435646351e+00 5.335666970758e-03 -5.000000000000e-03
2.119903957899e+00 3.545311784871e+00 -5.000000000000e-03
6.210089490300e+00 2.434605864161e+00 -5.000000000000e-03
6.164510559233e+00 1.389510727783e+00 -5.000000000000e-03
4.336069478788e+00 3.842840624789e+00 -5.000000000000e-03
2.973730465085e+00 5.333802489249e-01 -5.000000000000e-03
5.541798268666e+00 6.180270048236e-01 -5.000000000000e-03
4.631836009681e+00 6.197285736068e+00 -5.000000000000e-03
7.456402269626e-02 5.094099691477e-01 -5.000000000000e-03
4.279667294482e+00 3.813171826059e+00 -5.000000000000e-03
3.369702955985e+00 6.050966637502e+00 -5.000000000000e-03
9.913441824310e-01 5.146228887623e+00 -5.000000000000e-03
2.770573315377e+00 4.886914401953e+00 -5.000000000000e-03
5.985800196556e+00 1.204474031116e+00 -5.000000000000e-03
3.579110406524e+00 2.744556396826e+00 -5.000000000000e-03
1.666013601545e+00 5.984334439845e+00 -5.000000000000e-03
1.593865939179e+00 1.719090925392e+00 -5.000000000000e-03
3.737781236781e+00 2.201912356875e+00 -5.000000000000e-03
1.428106979577e+00 3.706540098267e+00 -5.000000000000e-03
4.563673265844e+00 3.064323887987e+00 -5.000000000000e-03
4.970605257255e+00 4.977938070540e+00 -5.000000000000e-03
2.568740244527e-01 3.392999105583e+00 -5.000000000000e-03
2.835474818777e+00 1.837638608715e+00 -5.000000000000e-03
3.321900900491e+00 1.272938151517e+00 -5.000000000000e-03
3.082065429933e-01 4.865329781958e+00 -5.000000000000e-03
3.484291806667e+00 7.578911467722e-01 -5.000000000000e-03
6.951904303737e-01 3.817142635280e+00 -5.000000000000e-03
1.616387659024e+00 4.549772899385e+00 -5.000000000000e-03
3.438973668006e+00 5.568013795616e+00 -5.000000000000e-03
3.941123456605e-03 1.032026432670e+00 -5.000000000000e-03
5.472053418096e+00 2.030173621540e+00 -5.000000000000e-03
6.820654810266e-01 3.658930903049e+00 -5.000000000000e-03
3.455954292309e+00 1.374695640757e-01 -5.000000000000e-03
4.207922016848e-01 5.158936161755e+00 -5.000000000000e-03
4.423940182830e+00 5.158059303793e+00 -5.000000000000e-03
2.532137246109e+00 2.144780529492e+00 -5.000000000000e-03
5.438472393184e+00 3.725060463468e+00 -5.000000000000e-03
3.877809591943e+00 5.074404005988e+00 -5.000000000000e-03
1.741469888609e-01 2.743047520256e+00 -5.000000000000e-03
2.333581866303e+00 5.458789413734e+00 -5.000000000000e-03
3.492949957827e+00 3.349016428540e+00 -5.000000000000e-03
5.939946388535e+00 2.964749715312e+00 -5.000000000000e-03
