1.132881528885e+00 2.810551578187e+00 5.000000000000e-03
5.878968273198e+00 5.888120428127e+00 5.000000000000e-03
2.714260249928e+00 1.211423610721e+00 5.000000000000e-03
2.644036703542e+00 3.426998528489e+00 5.000000000000e-03
4.979511010111e+00 2.241836763521e+00 5.000000000000e-03
1.464829746507e+00 2.078954103042e+00 5.000000000000e-03
4.219579844536e-01 1.717561200572e+00 5.000000000000e-03
4.950348752331e+00 4.507925002696e+00 5.000000000000e-03
3.125681928213e+00 8.239887824375e-01 5.000000000000e-03
1.935881178833e+00 4.924310688763e+00 5.000000000000e-03
4.768133545835e+00 1.468557132842e+00 5.000000000000e-03
1.680156462108e+00 8.608885496913e-01 5.000000000000e-03
6.218191673413e+00 6.125825089013e+00 5.000000000000e-03
5.818501710936e+00 1.782163978638e+00 5.000000000000e-03
4.025451699660e+00 6.248268467674e+00 5.000000000000e-03
3.560027062172e+00 4.929268510541e-01 5.000000000000e-03
1.893767978171e-01 2.941115510590e+00 5.000000000000e-03
3.949652802856e+00 2.608297666586e+00 5.000000000000e-03
6.005727618814e-02 4.625825849965e+00 5.000000000000e-03
3.901447133004e+00 3.772933625415e+00 5.000000000000e-03
4.478963785214e+00 4.582675502474e+00 5.000000000000e-03
2.024754585663e+00 3.126674446037e+00 5.000000000000e-03
9.656968795318e-01 9.145285476060e-01 5.000000000000e-03
4.838942937163e+00 1.368062354276e+00 5.000000000000e-03
2.662003415445e+00 5.958945728531e+00 5.000000000000e-03
4.097214431330e+00 3.241816405336e+00 5.000000000000e-03
5.446287778003e+00 3.693278390470e+00 5.000000000000e-03
4.903937879898e+00 1.321086339825e+00 5.000000000000e-03
5.193237455883e+00 3.594383046409e+00 5.000000000000e-03
4.578320983604e+00 4.179899511036e+00 5.000000000000e-03
2.625526290266e+00 3.645062904530e+00 5.000000000000e-03
4.741010140610e+00 1.247753367041e+00 5.000000000000e-03
5.168925911254e+00 5.437466175505e+00 5.000000000000e-03
5.517662502783e+00 3.926183229675e+00 5.000000000000e-03
3.492960038680e+00 1.922627655305e+00 5.000000000000e-03
4.120663348419e+00 2.608278998631e+00 5.000000000000e-03
3.362010156156e-01 2.382802072909e+00 5.000000000000e-03
2.591494674379e+00 3.310825558671e+00 5.000000000000e-03
2.208662655528e-01 4.378734185967e+00 5.000000000000e-03
9.606772219864e-01 1.720683310288e+00 5.000000000000e-03
3.902878294379e-01 5.808323342323e+00 5.000000000000e-03
3.015233388824e+00 1.231205734998e+00 5.000000000000e-03
5.963401562215e+00 1.436003375232e+00 5.000000000000e-03
4.823782972110e+00 5.902977823771e+00 5.000000000000e-03
5.102642239343e+00 5.251634054371e+00 5.000000000000e-03
3.088998816054e+00 4.221231412006e+00 5.000000000000e-03
6.231054444553e+00 3.756089547949e+00 5.000000000000e-03
1.158565081580e+00 4.604776650362e+00 5.000000000000e-03
5.174674289002e+00 6.179998891983e+00 5.000000000000e-03
1.848560648991e+00 1.614099317308e+00 5.000000000000e-03
5.438862545618e-01 5.436250499363e+00 5.000000000000e-03
5.383089004833e+00 4.793283770424e+00 5.000000000000e-03
1.843336000709e+00 1.031652244195e+00 5.000000000000e-03
1.039325553222e-01 5.943153777081e-01 5.000000000000e-03
6.210040074844e+00 4.680873335403e+00 5.000000000000e-03
3.339613727756e+00 3.688693653956e+00 5.000000000000e-03
1.654834484224e+00 3.093932563262e+00 5.000000000000e-03
5.067721622716e+00 3.114640416518e+00 5.000000000000e-03
5.444078916143e+00 4.286035037899e+00 5.000000000000e-03
3.560935460227e+00 4.027143267754e+00 5.000000000000e-03
5.905443344674e+00 1.505807517390e+00 5.000000000000e-03
5.432784693583e+00 9.076832513498e-01 5.000000000000e-03
5.018772988584e+00 4.802898253690e+00 5.000000000000e-03
3.761177601258e-01 3.284088337420e+00 5.000000000000e-03
5.296661177516e-02 4.552332250066e+00 5.000000000000e-03
3.779355762184e+00 4.052233202872e+00 5.000000000000e-03
4.775284925382e+00 3.503457949310e+00 5.000000000000e-03
2.956576863582e+00 1.266474781154e+00 5.000000000000e-03
4.460463353719e+00 3.869387254234e+00 5.000000000000e-03
1.955976207528e+00 5.655199339360e+00 5.000000000000e-03
5.070204397853e+00 4.290403664074e+00 5.000000000000e-03
5.440888228488e+00 6.049025600233e+00 5.000000000000e-03
4.931944513785e+00 1.149993051065e+00 5.000000000000e-03
6.004255097551e+00 3.143665681632e+00 5.000000000000e-03
4.138861305822e+00 6.023968520023e+00 5.000000000000e-03
6.275933521813e+00 5.309361090853e+00 5.000000000000e-03
5.670765367262e+00 5.467576925049e+00 5.000000000000e-03
2.848364657074e-01 4.488003028039e+00 5.000000000000e-03
2.042582580670e+00 5.116465319658e+00 5.000000000000e-03
2.525397520502e+00 6.223762674854e+00 5.000000000000e-03
4.930695422617e+00 5.172929328204e+00 5.000000000000e-03
1.513269826245e-01 5.392419201136e+00 5.000000000000e-03
2.684967164656e+00 2.764507935770e+00 5.000000000000e-03
4.616515956533e+00 9.017977651675e-01 5.000000000000e-03
3.069271730380e-01 2.231354641186e+00 5.000000000000e-03
2.699483233457e+00 3.791560648898e+00 5.000000000000e-03
2.440222962230e+00 7.209128958966e-01 5.000000000000e-03
3.693604061298e+00 3.208444805605e-01 5.000000000000e-03
3.105359132742e+00 4.798520881347e+00 5.000000000000e-03
5.399388931087e+00 4.840564600108e+00 5.000000000000e-03
3.220553105710e+00 7.427104331664e-01 5.000000000000e-03
9.465469751485e-01 3.270183732817e+00 5.000000000000e-03
8.874439629030e-01 4.981616861726e+00 5.000000000000e-03
2.849093197159e+00 1.597269282135e-01 5.000000000000e-03
5.107117699242e+00 4.793792556402e+00 5.000000000000e-03
5.782464233908e+00 2.878974210663e+00 5.000000000000e-03
5.198903419635e+00 4.592463727603e+00 5.000000000000e-03
1.913609465688e+00 4.199552672347e+00 5.000000000000e-03
1.044352520781e+00 3.109669975137e+00 5.000000000000e-03
4.589809814884e+00 8.628164815809e-01 5.000000000000e-03
4.639045002851e+00 5.820980508447e+00 -5.000000000000e-03
2.056513279004e+00 4.691272495038e+00 -5.000000000000e-03
1.419788287888e+00 1.620291650677e+00 -5.000000000000e-03
4.137492986961e+00 4.807318170235e+00 -5.000000000000e-03
5.785083202756e+00 3.283582788452e+00 -5.000000000000e-03
2.326490702176e+00 3.746028702205e+00 -5.000000000000e-03
1.396014648685e+00 2.877216028063e+00 -5.000000000000e-03
1.828584767087e+00 2.275466403622e+00 -5.000000000000e-03
1.452725401499e+00 4.002094602044e+00 -5.000000000000e-03
4.236873072159e+00 5.116088704922e+00 -5.000000000000e-03
2.073562269110e+00 3.617799017955e+00 -5.000000000000e-03
5.480864008371e+00 6.159481457655e+00 -5.000000000000e-03
1.031312173104e+00 1.704999152193e+00 -5.000000000000e-03
3.055799750584e+00 2.219090286272e+00 -5.000000000000e-03
3.921058524390e+00 4.239732196599e+00 -5.000000000000e-03
4.961632576040e+00 4.678409891917e+00 -5.000000000000e-03
4.970617790253e+00 6.097533411629e+00 -5.000000000000e-03
5.334362658239e+00 6.354339991619e-01 -5.000000000000e-03
1.257299861626e+00 2.194063376484e+00 -5.000000000000e-03
4.060387673392e+00 5.557005515243e+00 -5.000000000000e-03
9.334681567689e-01 3.878686694413e+00 -5.000000000000e-03
4.430092189137e+00 7.940316761085e-01 -5.000000000000e-03
8.841343543275e-01 6.087215609038e+00 -5.000000000000e-03
6.082196186808e-01 3.620939997750e+00 -5.000000000000e-03
4.319383460474e+00 4.933906022973e+00 -5.000000000000e-03
3.501981245048e+00 5.009195458401e-01 -5.000000000000e-03
2.732230929414e+00 1.929664017294e+00 -5.000000000000e-03
4.469806763296e+00 2.012987930855e+00 -5.000000000000e-03
5.314297837054e+00 5.078084345800e+00 -5.000000000000e-03
5.601417131729e+00 5.700538283714e+00 -5.000000000000e-03
4.076708388602e+00 9.957376106654e-01 -5.000000000000e-03
2.745519204751e+00 2.153400799863e+00 -5.000000000000e-03
3.043662719488e+00 2.560259476291e+00 -5.000000000000e-03
1.357189337928e+00 9.300095467364e-01 -5.000000000000e-03
5.747315840795e+00 1.083763470937e+00 -5.000000000000e-03
2.243560275481e+00 1.252529599225e+00 -5.000000000000e-03
3.171633245149e+00 1.031039208583e+00 -5.000000000000e-03
2.674249708785e+00 2.144935695603e+00 -5.000000000000e-03
1.906629539085e+00 8.983034444760e-01 -5.000000000000e-03
1.238597576729e-01 4.395899917863e+00 -5.000000000000e-03
9.558028926254e-01 3.904030165175e+00 -5.000000000000e-03
3.477968016862e+00 3.863732825564e+00 -5.000000000000e-03
2.359073011149e+00 5.365811750654e+00 -5.000000000000e-03
4.931994221296e+00 3.612448793714e+00 -5.000000000000e-03
5.341749180626e+00 5.098939759071e+00 -5.000000000000e-03
7.757786773487e-01 4.937425420378e+00 -5.000000000000e-03
1.470434622630e+00 1.743316497296e+00 -5.000000000000e-03
4.655401581932e+00 5.521893856968e-01 -5.000000000000e-03
6.420415996811e-01 2.126580309478e+00 -5.000000000000e-03
5.800705040962e-01 4.419699806378e+00 -5.000000000000e-03
1.246656696363e+00 1.763770849041e+00 -5.000000000000e-03
3.257281476806e+00 3.677201358827e+00 -5.000000000000e-03
4.243877636144e+00 1.204596248217e+00 -5.000000000000e-03
3.118684320257e+00 4.030685370614e+00 -5.000000000000e-03
2.314536535684e+00 2.501462996862e-01 -5.000000000000e-03
6.244743275558e+00 4.360768751900e+00 -5.000000000000e-03
4.104456896909e+00 3.039783608804e+00 -5.000000000000e-03
3.016143647719e+00 7.023490373989e-01 -5.000000000000e-03
1.132794784552e+00 3.459119779103e+00 -5.000000000000e-03
5.180772046564e+00 2.860903715411e+00 -5.000000000000e-03
8.562636347853e-01 2.912520941003e+00 -5.000000000000e-03
5.266099186687e-01 2.104696200468e+00 -5.000000000000e-03
1.044699645672e+00 3.278844025217e+00 -5.000000000000e-03
1.461412784877e+00 5.187213316928e+00 -5.000000000000e-03
3.495934562620e-01 4.932014883356e+00 -5.000000000000e-03
4.607025645933e+00 1.633400242097e+00 -5.000000000000e-03
3.296433092193e+00 3.355377119180e+00 -5.000000000000e-03
1.500173631026e+00 4.058485565009e+00 -5.000000000000e-03
1.962257544581e+00 5.637914939708e+00 -5.000000000000e-03
5.205317186368e+00 8.516290869742e-01 -5.000000000000e-03
3.939398454393e+00 4.707507900586e+00 -5.000000000000e-03
1.348179191029e+00 5.775124277773e+00 -5.000000000000e-03
5.379848919939e+00 2.716180990952e+00 -5.000000000000e-03
6.170645650790e+00 4.525195233724e+00 -5.000000000000e-03
3.597416567814e-01 3.443184979327e+00 -5.000000000000e-03
2.654572362004e+00 3.009078425534e+00 -5.000000000000e-03
1.489587305071e+00 5.870015116185e+00 -5.000000000000e-03
4.384935889343e+00 3.972055443558e+00 -5.000000000000e-03
2.049974259909e+00 1.417875688908e+00 -5.000000000000e-03
4.259790354796e+00 5.320982023554e+00 -5.000000000000e-03
3.307256670514e-01 5.846048927714e-01 -5.000000000000e-03
1.390816917737e+00 4.176353903996e+00 -5.000000000000e-03
1.926057459277e+00 2.550550955254e+00 -5.000000000000e-03
1.054644386373e+00 1.303790768093e+00 -5.000000000000e-03
2.356118355947e+00 5.499947430874e+00 -5.000000000000e-03
7.734752793369e-01 4.871690753016e+00 -5.000000000000e-03
5.515394406366e+00 2.610533738707e-01 -5.000000000000e-03
4.945937538610e+00 2.295134835930e+00 -5.000000000000e-03
4.476041172132e+00 3.982576346436e-01 -5.000000000000e-03
6.058118473738e-02 6.016243370883e+00 -5.000000000000e-03
2.091637569470e+00 2.549636642164e-01 -5.000000000000e-03
5.688367107351e-03 3.055910211587e+00 -5.000000000000e-03
5.603260218553e+00 1.886310618100e+00 -5.000000000000e-03
4.531401781231e+00 3.841435469894e+00 -5.000000000000e-03
6.323447083543e-02 5.566361303859e+00 -5.000000000000e-03
1.801059467322e+00 3.924488931446e+00 -5.000000000000e-03
2.376922143256e+00 9.345760496330e-01 -5.000000000000e-03
4.536954781744e+00 4.953601154953e+00 -5.000000000000e-03
2.134841672961e+00 1.759891581419e+00 -5.000000000000e-03
5.404345791634e+00 3.281620888742e+00 -5.000000000000e-03
