1.229783634703e+00 5.980636729575e+00 5.000000000000e-03
4.410532212694e+00 4.095615939302e+00 5.000000000000e-03
4.328780432427e+00 1.024011822145e+00 5.000000000000e-03
6.018372126014e+00 5.977268509607e+00 5.000000000000e-03
1.837730613560e+00 5.948617257997e+00 5.000000000000e-03
5.185387128324e+00 1.456341989326e+00 5.000000000000e-03
2.674717703038e+00 2.358114816156e+00 5.000000000000e-03
5.496340850858e-01 2.027095231984e+00 5.000000000000e-03
5.738491431963e+00 3.399800257360e+00 5.000000000000e-03
1.603165062472e+00 1.740942738459e+00 5.000000000000e-03
2.664676517880e+00 5.684585470255e+00 5.000000000000e-03
2.596468224792e+00 3.039645312550e+00 5.000000000000e-03
5.024378019816e+00 2.109777607780e+00 5.000000000000e-03
4.872242657986e+00 3.257236862306e+00 5.000000000000e-03
2.766812408116e+00 4.522745529285e+00 5.000000000000e-03
4.567872255175e+00 2.214994958947e+00 5.000000000000e-03
4.954390775518e+00 5.930436163825e-01 5.000000000000e-03
1.604171310825e+00 1.357022403810e+00 5.000000000000e-03
2.655530619375e-01 3.812812352349e+00 5.000000000000e-03
2.328503336424e-01 8.864598027974e-01 5.000000000000e-03
1.723819451535e+00 2.015022226802e+00 5.000000000000e-03
1.560181377014e+00 1.280810677922e+00 5.000000000000e-03
3.825011073897e+00 2.674924169385e+00 5.000000000000e-03
2.970011878751e-01 2.083180769581e+00 5.000000000000e-03
1.647559674859e+00 1.903337660792e+00 5.000000000000e-03
2.977681446423e+00 5.278976163735e+00 5.000000000000e-03
2.161612042930e+00 1.671330641336e+00 5.000000000000e-03
2.769106388901e+00 5.872856864966e+00 5.000000000000e-03
3.757367422413e+00 1.046925994486e+00 5.000000000000e-03
2.149553175175e-01 5.094749518452e+00 5.000000000000e-03
6.048733864415e+00 4.265438580729e+00 5.000000000000e-03
1.278780721357e+00 5.426320548764e+00 5.000000000000e-03
3.348399189996e+00 4.348444270273e+00 5.000000000000e-03
2.042174467503e+00 4.197764386368e+00 5.000000000000e-03
3.891642600989e+00 4.582751766890e+00 5.000000000000e-03
2.136664361003e+00 2.662166828573e+00 5.000000000000e-03
3.404191148295e+00 5.981586198862e+00 5.000000000000e-03
4.340285429483e+00 5.605630230101e+00 5.000000000000e-03
5.723317337428e+00 2.417301462546e-01 5.000000000000e-03
6.245792054808e+00 4.018510233369e+00 5.000000000000e-03
2.547573279413e+00 3.338748916901e+00 5.000000000000e-03
3.548920292308e+00 5.605095087831e+00 5.000000000000e-03
2.506923993830e+00 6.238604294416e+00 5.000000000000e-03
2.603229526206e+00 4.253869678312e+00 5.000000000000e-03
1.574920443377e+00 6.558074720007e-01 5.000000000000e-03
4.253143543639e+00 2.536433341461e+00 5.000000000000e-03
5.809912561060e+00 2.614837413351e+00 5.000000000000e-03
1.115792397079e+00 5.123732044961e+00 5.000000000000e-03
9.517355772652e-01 4.833610061983e+00 5.000000000000e-03
1.999568235562e+00 1.041378065643e+00 5.000000000000e-03
4.883673795898e+00 4.155488371566e+00 5.000000000000e-03
3.710915387381e-01 5.504249266083e+00 5.000000000000e-03
4.480645885399e+00 1.666478430703e+00 5.000000000000e-03
3.657788877209e+00 3.211204119755e+00 5.000000000000e-03
2.779278351934e+00 5.818728104214e-01 5.000000000000e-03
2.285325923351e+00 5.660583866157e+00 5.000000000000e-03
3.397871458862e+00 5.005893748573e+00 5.000000000000e-03
1.018555004947e+00 1.986837711692e+00 5.000000000000e-03
5.923385111687e+00 5.029998895087e+00 5.000000000000e-03
5.009215670980e+00 2.631261060296e+00 5.000000000000e-03
6.152843949445e+00 3.292876341465e+00 5.000000000000e-03
1.691894808148e+00 3.605326307332e+00 5.000000000000e-03
3.202497691945e+00 1.541275246766e+00 5.000000000000e-03
3.184230201438e+00 1.321057816686e+00 5.000000000000e-03
3.857634626142e-01 3.055467321962e-01 5.000000000000e-03
1.401721140611e+00 1.556100954372e+00 5.000000000000e-03
1.763210131311e+00 3.679767701216e+00 5.000000000000e-03
2.663896212044e+00 2.167193225686e+00 5.000000000000e-03
4.662673192423e+00 2.774715579049e+00 5.000000000000e-03
2.608747730131e+00 1.967781383004e+00 5.000000000000e-03
1.544228827923e+00 1.386304393253e+00 5.000000000000e-03
2.104867894493e-01 6.095202020371e+00 5.000000000000e-03
5.843244716751e+00 5.490514592642e+00 5.000000000000e-03
2.197729142422e+00 1.905760263976e+00 5.000000000000e-03
2.970772339788e+00 5.470941150917e+00 5.000000000000e-03
4.742032414304e+00 6.765010829521e-01 5.000000000000e-03
3.464986094165e+00 1.221674235131e-01 5.000000000000e-03
2.165685417417e+00 1.581467080906e+00 5.000000000000e-03
3.167041804543e+00 6.219683929025e+00 5.000000000000e-03
8.367040293200e-01 3.208781333510e+00 5.000000000000e-03
7.616771845308e-01 2.468925953811e+00 5.000000000000e-03
4.375486466838e+00 4.317818585951e+00 5.000000000000e-03
3.310055945922e+00 1.594755812047e+00 5.000000000000e-03
1.668742903915e+00 5.659343466094e+00 5.000000000000e-03
3.567405310413e+00 3.184069052456e+00 5.000000000000e-03
2.241923216242e+00 9.551536539077e-01 5.000000000000e-03
3.563271344060e-01 2.512288930722e+00 5.000000000000e-03
2.438095958776e-01 2.912268170797e+00 5.000000000000e-03
4.283614767939e+00 4.227915064958e+00 5.000000000000e-03
2.507389406021e-01 2.256271259522e+00 5.000000000000e-03
1.833826637757e+00 4.389693114275e+00 5.000000000000e-03
9.083289794094e-02 5.316306248195e+00 5.000000000000e-03
3.870588254384e-01 4.109291671641e+00 5.000000000000e-03
2.410468271080e+00 7.460885169760e-01 5.000000000000e-03
4.036339979410e+00 2.876302963198e-01 5.000000000000e-03
2.806809346384e+00 8.803731031048e-02 5.000000000000e-03
1.535720125871e+00 5.448731606553e+00 5.000000000000e-03
4.312235311820e+00 2.385883756576e-01 5.000000000000e-03
3.146189040643e+00 2.061903027728e-01 5.000000000000e-03
5.238344924969e-01 5.617347253512e+00 5.000000000000e-03
4.099682187780e+00 7.424659169498e-01 -5.000000000000e-03
1.216683911054e+00 1.453267137324e+00 -5.000000000000e-03
4.921315539039e+00 5.786707520577e-01 -5.000000000000e-03
3.020284988166e+00 4.941626633421e+00 -5.000000000000e-03
2.877114046071e+00 4.527696184430e-02 -5.000000000000e-03
4.346403383676e+00 7.349855687874e-01 -5.000000000000e-03
5.478028612559e+00 1.284669208218e+00 -5.000000000000e-03
5.983861983471e+00 1.917433353586e+00 -5.000000000000e-03
3.439573917533e+00 1.557972617894e+00 -5.000000000000e-03
1.143794286148e+00 8.868908188623e-01 -5.000000000000e-03
5.286386663282e+00 5.547100601749e+00 -5.000000000000e-03
3.633336624088e+00 3.581602239255e-01 -5.000000000000e-03
3.534665797096e+00 3.877118702621e+00 -5.000000000000e-03
1.117545810885e+00 4.261347556034e+00 -5.000000000000e-03
3.369522262016e+00 3.802703548639e+00 -5.000000000000e-03
6.271239776589e+00 8.716324029904e-01 -5.000000000000e-03
2.520651190651e+00 6.073742044728e+00 -5.000000000000e-03
8.544616261474e-01 6.910574296894e-02 -5.000000000000e-03
4.525325182877e+00 3.237527112407e+00 -5.000000000000e-03
3.631147510703e+00 5.652106311942e+00 -5.000000000000e-03
5.701496155317e+00 4.260206316234e+00 -5.000000000000e-03
4.071681844533e+00 4.079163828147e+00 -5.000000000000e-03
6.998560007660e-02 7.683809199663e-01 -5.000000000000e-03
6.115626254972e-01 2.785377771205e+00 -5.000000000000e-03
4.977122612070e-01 1.135608754650e+00 -5.000000000000e-03
3.896601562089e+00 8.310500198813e-02 -5.000000000000e-03
1.198874898863e+00 4.605418024536e+00 -5.000000000000e-03
2.528041053033e+00 1.472541450785e+00 -5.000000000000e-03
3.814974972428e+00 4.504008116644e+00 -5.000000000000e-03
2.890481433542e+00 5.657720392087e+00 -5.000000000000e-03
4.986126411309e+00 8.922209938279e-01 -5.000000000000e-03
2.967570621393e+00 6.058962950097e+00 -5.000000000000e-03
3.603780994716e+00 3.101121387467e-01 -5.000000000000e-03
4.623510913121e-02 3.148554209690e+00 -5.000000000000e-03
1.315944896872e+00 1.229290991321e+00 -5.000000000000e-03
1.283240157724e+00 5.047068007535e+00 -5.000000000000e-03
2.536307943035e+00 1.108396173812e+00 -5.000000000000e-03
4.814482006739e+00 2.318584713085e+00 -5.000000000000e-03
3.313904394497e+00 4.350840952626e-01 -5.000000000000e-03
5.507569052447e+00 4.439702602513e+00 -5.000000000000e-03
5.709391687940e+00 4.308323075100e+00 -5.000000000000e-03
1.247029215703e+00 1.155033848791e+00 -5.000000000000e-03
2.971193418961e-01 1.466295463696e+00 -5.000000000000e-03
3.908625180682e+00 1.432302883656e+00 -5.000000000000e-03
1.344511200639e+00 6.301726299155e-02 -5.000000000000e-03
2.161726148950e+00 3.377377572984e+00 -5.000000000000e-03
1.533397379212e+00 3.304225070673e+00 -5.000000000000e-03
2.757157319164e+00 4.348998750447e-01 -5.000000000000e-03
4.192544733664e+00 1.806729127637e+00 -5.000000000000e-03
4.492894510730e+00 3.703446917990e+00 -5.000000000000e-03
3.406963368985e+00 1.195588498957e+00 -5.000000000000e-03
5.379041991043e+00 7.254490710250e-01 -5.000000000000e-03
4.526787915583e+00 2.208987199074e+00 -5.000000000000e-03
4.280814696992e+00 4.692321895746e+00 -5.000000000000e-03
2.447272796344e+00 3.732805392769e+00 -5.000000000000e-03
5.565448510364e+00 3.170603872394e+00 -5.000000000000e-03
1.440314710151e+00 3.055609686533e+00 -5.000000000000e-03
2.253872731288e+00 1.916091256431e+00 -5.000000000000e-03
5.258206072388e+00 4.913784029273e+00 -5.000000000000e-03
5.050648759660e+00 4.214939525289e+00 -5.000000000000e-03
3.570484814558e+00 2.807300890119e+00 -5.000000000000e-03
9.968957225326e-01 2.730794862364e+00 -5.000000000000e-03
2.124286486344e+00 2.760831775543e+00 -5.000000000000e-03
5.492833184740e-01 1.545371734882e+00 -5.000000000000e-03
4.967984897984e+00 4.730728691569e+00 -5.000000000000e-03
4.213845249714e+00 3.537108388289e+00 -5.000000000000e-03
4.840015055052e+00 2.091253133053e+00 -5.000000000000e-03
1.426035260457e+00 4.194020740614e+00 -5.000000000000e-03
4.728708140748e+00 5.378111164941e+00 -5.000000000000e-03
2.208798193728e+00 3.587039869378e+00 -5.000000000000e-03
4.624839913772e+00 2.237134456805e+00 -5.000000000000e-03
4.482200504090e-02 3.849225153373e+00 -5.000000000000e-03
1.581571815994e+00 5.338618186203e-03 -5.000000000000e-03
3.921124964498e+00 4.145661076468e+00 -5.000000000000e-03
5.701265319710e+00 6.690583446461e-01 -5.000000000000e-03
4.972891187180e+00 3.167584558904e+00 -5.000000000000e-03
2.844620552998e+00 6.033452388500e+00 -5.000000000000e-03
5.916426231779e+00 5.445046999378e+00 -5.000000000000e-03
1.049708573656e+00 5.668824420526e+00 -5.000000000000e-03
3.299613665302e+00 3.898052462019e+00 -5.000000000000e-03
3.390192685431e+00 6.149812038722e-01 -5.000000000000e-03
6.175155522950e+00 5.227465431118e+00 -5.000000000000e-03
5.544076483003e+00 2.893884898070e+00 -5.000000000000e-03
1.442613525515e+00 1.004148540017e+00 -5.000000000000e-03
3.641943579840e+00 2.585318089875e+00 -5.000000000000e-03
6.257579648739e+00 1.580829061322e+00 -5.000000000000e-03
9.231089248839e-01 1.149673424912e+00 -5.000000000000e-03
1.192379870210e+00 6.021021152242e+00 -5.000000000000e-03
4.809941225640e+00 3.510293905069e-02 -5.000000000000e-03
1.486131843178e-01 2.941953662917e-01 -5.000000000000e-03
6.140582271660e+00 4.616300528571e+00 -5.000000000000e-03
4.566512474932e+00 4.379736056073e+00 -5.000000000000e-03
2.488638128508e-01 1.689947068536e+00 -5.000000000000e-03
2.765464931988e+00 1.551610628849e+00 -5.000000000000e-03
4.832071146576e+00 4.077164973668e+00 -5.000000000000e-03
3.564838030838e+00 4.133299716495e-01 -5.000000000000e-03
5.289265470967e+00 3.698631007361e+00 -5.000000000000e-03
3.441129173645e+00 3.122686534210e+00 -5.000000000000e-03
2.581640264674e+00 5.990819831052e+00 -5.000000000000e-03
3.638290086247e+00 4.295622468433e+00 -5.000000000000e-03
