1.549178514435e+00 4.350412931544e+00 5.000000000000e-03
2.284774958419e+00 2.107315125556e-01 5.000000000000e-03
4.520819321704e+00 1.356541568502e+00 5.000000000000e-03
2.980511492064e+00 2.132230347019e+00 5.000000000000e-03
2.620784069715e+00 7.321680582695e-01 5.000000000000e-03
5.469477614521e-01 3.783419949135e+00 5.000000000000e-03
4.884718475692e+00 3.060445595164e+00 5.000000000000e-03
2.694102683707e+00 1.916767559627e+00 5.000000000000e-03
1.293021877439e-01 4.584327027609e+00 5.000000000000e-03
2.824927014341e+00 6.021708727323e+00 5.000000000000e-03
5.203740169809e+00 6.117761153236e+00 5.000000000000e-03
3.159063418890e+00 2.156397007964e+00 5.000000000000e-03
1.171679298196e+00 2.819566536670e+00 5.000000000000e-03
5.412996780437e+00 3.638665814281e+00 5.000000000000e-03
4.917278490702e+00 5.997150418294e+00 5.000000000000e-03
7.556817413621e-01 5.717118003768e+00 5.000000000000e-03
4.542510451758e+00 2.847563380052e+00 5.000000000000e-03
1.209052298608e+00 5.268948378973e+00 5.000000000000e-03
2.148388317607e+00 4.899875746518e+00 5.000000000000e-03
4.143433763648e-01 2.414268295769e+00 5.000000000000e-03
7.346998801028e-01 2.354554284932e+00 5.000000000000e-03
3.051646323852e+00 1.630565419637e+00 5.000000000000e-03
4.485051543855e+00 6.435479532537e-02 5.000000000000e-03
1.247997827553e+00 3.879853236472e-01 5.000000000000e-03
4.248863869989e+00 3.357566142882e+00 5.000000000000e-03
1.037205242237e+00 3.461301541413e+00 5.000000000000e-03
6.197655361605e+00 6.264178696570e+00 5.000000000000e-03
2.059882643601e+00 6.036166965660e+00 5.000000000000e-03
2.924403117527e+00 3.561035235867e+00 5.000000000000e-03
3.332116318682e-01 1.408938558618e+00 5.000000000000e-03
2.411824138850e+00 8.816087146553e-01 5.000000000000e-03
3.307022670220e+00 5.885337843949e+00 5.000000000000e-03
5.923759628554e+00 3.047238211444e-01 5.000000000000e-03
1.101532113032e+00 5.549055682134e+00 5.000000000000e-03
6.558222045357e-02 1.083779527398e+00 5.000000000000e-03
4.134644607452e+00 5.571139864178e+00 5.000000000000e-03
6.487434679505e-01 3.763503861617e+00 5.000000000000e-03
4.490543117664e+00 3.847315698478e+00 5.000000000000e-03
9.202987950108e-01 2.442216382102e+00 5.000000000000e-03
6.182313061870e+00 5.853565008834e+00 5.000000000000e-03
3.699084602269e+00 1.510108496884e+00 5.000000000000e-03
4.280749792141e+00 1.966290953984e+00 5.000000000000e-03
2.820729782761e+00 1.900438925871e+00 5.000000000000e-03
2.073100650197e-01 3.818431557695e+00 5.000000000000e-03
8.448343164338e-01 4.550532401836e+00 5.000000000000e-03
1.179813824848e+00 5.022519384707e+00 5.000000000000e-03
1.059190934445e+00 1.676566465291e+00 5.000000000000e-03
2.800274825606e+00 2.835746317156e+00 5.000000000000e-03
3.848194841346e+00 5.432736966477e+00 5.000000000000e-03
1.373931255815e+00 1.288379367322e+00 5.000000000000e-03
2.295850221269e+00 3.886728245092e+00 5.000000000000e-03
4.715948732286e+00 3.014392631633e+00 5.000000000000e-03
1.107151472660e+00 4.730749072408e+00 5.000000000000e-03
3.800077127956e+00 2.869867136562e+00 5.000000000000e-03
5.177454618878e-01 4.093565307346e+00 5.000000000000e-03
4.114179403852e+00 3.824353922710e+00 5.000000000000e-03
9.242974178824e-01 2.505207108354e+00 5.000000000000e-03
1.703088424891e+00 3.957207384088e-01 5.000000000000e-03
1.453725633589e+00 4.204100718474e+00 5.000000000000e-03
2.729812247718e+00 6.197122607217e+00 5.000000000000e-03
1.166472342811e+00 5.730351233322e+00 5.000000000000e-03
2.377920339227e-01 3.544819900761e+00 5.000000000000e-03
3.051126719214e+00 6.137259884819e+00 5.000000000000e-03
2.149867268171e+00 3.437537296278e+00 5.000000000000e-03
4.373576114121e+00 3.938038746058e+00 5.000000000000e-03
2.432911161805e+00 4.413113278286e+00 5.000000000000e-03
3.038242935146e+00 5.227364527262e+00 5.000000000000e-03
3.742810443072e+00 1.668304378238e+00 5.000000000000e-03
1.792661020346e+00 5.390484619514e+00 5.000000000000e-03
2.397575873845e+00 3.086399538657e+00 5.000000000000e-03
3.753599076890e-01 3.909662169964e+00 5.000000000000e-03
2.509624755300e+00 3.081309541595e+00 5.000000000000e-03
3.203452200938e+00 8.966473602531e-01 5.000000000000e-03
5.224359501416e+00 1.365407989740e-01 5.000000000000e-03
5.506609928072e+00 1.839784046044e+00 5.000000000000e-03
3.353938937302e+00 5.918484175145e+00 5.000000000000e-03
4.952742710870e+00 4.278397237360e+00 5.000000000000e-03
5.381821602770e+00 3.029178508720e+00 5.000000000000e-03
1.782310508800e+00 3.606216232203e-01 5.000000000000e-03
3.205346497770e+00 4.800670350200e+00 5.000000000000e-03
5.882942556946e+00 1.712302158052e+00 5.000000000000e-03
5.601361168488e-01 2.595077896794e+00 5.000000000000e-03
5.760574610061e+00 3.987085733634e-01 5.000000000000e-03
1.918408313298e+00 5.227128072179e+00 5.000000000000e-03
2.576311730986e+00 4.543847253029e+00 5.000000000000e-03
3.492449724238e+00 2.187252761847e+00 5.000000000000e-03
4.362142143183e+00 5.596783437111e+00 5.000000000000e-03
8.520428459138e-01 2.424196256017e+00 5.000000000000e-03
5.357797809675e-01 3.338050824833e+00 5.000000000000e-03
3.111375078745e+00 3.966000760153e+00 5.000000000000e-03
1.162078031889e+00 5.325524391064e+00 5.000000000000e-03
1.165457052531e+00 4.974677166766e+00 5.000000000000e-03
4.219263909371e+00 5.944796435639e+00 5.000000000000e-03
4.975065660192e+00 3.552088585092e+00 5.000000000000e-03
1.090514438380e+00 2.460498351149e+00 5.000000000000e-03
1.481492835770e+00 1.367024607276e+00 5.000000000000e-03
3.418818632904e+00 5.616845141391e+00 5.000000000000e-03
2.113642056481e+00 2.520212218624e+00 5.000000000000e-03
3.032117551758e-02 2.253640911149e+00 5.000000000000e-03
2.952274532623e+00 4.369445362144e+00 5.000000000000e-03
2.800936072868e+00 3.147500702841e+00 -5.000000000000e-03
3.471579661285e+00 6.280731039122e+00 -5.000000000000e-03
1.131683272041e+00 1.718343731229e+00 -5.000000000000e-03
3.203011694870e+00 6.133207239583e+00 -5.000000000000e-03
2.817082458232e+00 5.734106532699e+00 -5.000000000000e-03
5.012780274753e+00 4.542567989043e+00 -5.000000000000e-03
6.202958901731e+00 2.713889836013e+00 -5.000000000000e-03
4.181447073421e+00 4.869905179057e+00 -5.000000000000e-03
4.550513765804e+00 6.139929749948e+00 -5.000000000000e-03
2.924196367309e+00 3.798920154455e+00 -5.000000000000e-03
1.138528737348e+00 9.017863635915e-01 -5.000000000000e-03
2.642388657480e+00 3.527886328439e+00 -5.000000000000e-03
3.498786806053e+00 4.300183841953e+00 -5.000000000000e-03
1.989138136618e+00 3.577448385947e+00 -5.000000000000e-03
2.065396786860e+00 9.252088788388e-01 -5.000000000000e-03
5.611419574813e+00 4.302484668230e+00 -5.000000000000e-03
3.966259906129e+00 5.438921047504e+00 -5.000000000000e-03
2.213265717692e+00 2.509234661213e+00 -5.000000000000e-03
1.880859539949e+00 3.834326324021e+00 -5.000000000000e-03
2.317761941660e+00 3.464533636931e+00 -5.000000000000e-03
1.215285855014e+00 2.720446049418e+00 -5.000000000000e-03
4.476863691048e+00 3.310813616223e+00 -5.000000000000e-03
4.471723292232e+00 1.198450698686e+00 -5.000000000000e-03
4.884038918484e+00 1.474243951405e+00 -5.000000000000e-03
5.971033083319e+00 1.025287365339e-01 -5.000000000000e-03
3.155294289463e+00 9.114117481790e-01 -5.000000000000e-03
1.124192060222e+00 1.219425162099e+00 -5.000000000000e-03
2.947394287547e-01 1.112476144225e-01 -5.000000000000e-03
2.400527275204e+00 1.253937274743e+00 -5.000000000000e-03
6.229646127236e+00 5.266514805512e+00 -5.000000000000e-03
4.612481692657e+00 1.245640931335e+00 -5.000000000000e-03
7.698273299286e-01 3.803396434628e+00 -5.000000000000e-03
5.472323065492e+00 2.393048139215e+00 -5.000000000000e-03
1.832161539332e+00 3.617324501650e+00 -5.000000000000e-03
4.930576625358e+00 4.790610802519e+00 -5.000000000000e-03
1.192658837579e+00 1.768251673488e+00 -5.000000000000e-03
2.416194665049e+00 1.195554829131e+00 -5.000000000000e-03
3.207817209648e+00 3.311921900285e+00 -5.000000000000e-03
2.029550183930e+00 6.082706944988e+00 -5.000000000000e-03
1.291338766328e+00 6.225171981819e+00 -5.000000000000e-03
1.231223104272e+00 2.692662745168e+00 -5.000000000000e-03
5.139687428708e+00 5.838400989519e+00 -5.000000000000e-03
1.382597341712e+00 5.841347292452e+00 -5.000000000000e-03
6.060769436031e+00 4.317988180866e+00 -5.000000000000e-03
2.503631155472e+00 1.772430340186e+00 -5.000000000000e-03
4.464735396950e+00 4.470757908280e+00 -5.000000000000e-03
3.808174340546e+00 2.076804775059e+00 -5.000000000000e-03
3.526926270766e+00 5.371087717196e-02 -5.000000000000e-03
5.630184042935e+00 9.815536268651e-01 -5.000000000000e-03
6.254726443396e+00 4.886581191926e+00 -5.000000000000e-03
5.280977752904e+00 2.343205091876e+00 -5.000000000000e-03
3.691059854149e+00 1.122103354706e+00 -5.000000000000e-03
4.409036596775e+00 3.175331140175e+00 -5.000000000000e-03
5.531200940073e+00 2.504172508617e+00 -5.000000000000e-03
5.371561750941e+00 3.705457404539e+00 -5.000000000000e-03
3.877903431882e+00 6.180368888642e+00 -5.000000000000e-03
1.487099697059e+00 9.177904313913e-01 -5.000000000000e-03
1.077009923502e+00 4.903225187792e+00 -5.000000000000e-03
4.109386607850e+00 3.634606301690e+00 -5.000000000000e-03
5.731573452911e+00 3.366325591027e+00 -5.000000000000e-03
2.508788183863e+00 2.506686601713e-01 -5.000000000000e-03
6.162421591708e+00 5.687468978028e+00 -5.000000000000e-03
4.290467529334e-01 3.033283748170e+00 -5.000000000000e-03
7.313396173592e-01 6.758733303092e-01 -5.000000000000e-03
1.941465508239e+00 4.561158179275e-01 -5.000000000000e-03
1.259220898180e+00 5.838229199725e+00 -5.000000000000e-03
4.804392873058e+00 5.936585536671e+00 -5.000000000000e-03
6.949821451627e-01 5.497178810290e+00 -5.000000000000e-03
5.761401079678e+00 4.197656190416e+00 -5.000000000000e-03
9.354804592807e-01 4.245789460905e+00 -5.000000000000e-03
5.790951272089e+00 4.032036212567e+00 -5.000000000000e-03
4.356726331013e-01 4.484111485557e-01 -5.000000000000e-03
2.146417797725e-01 1.825241733831e+00 -5.000000000000e-03
4.945873848179e+00 3.731141949376e+00 -5.000000000000e-03
5.395317738016e-01 5.999162439069e+00 -5.000000000000e-03
2.310074245533e+00 5.799115519279e+00 -5.000000000000e-03
5.692650616641e+00 2.203030901040e+00 -5.000000000000e-03
6.069778164436e+00 4.867407732825e+00 -5.000000000000e-03
5.455661959641e+00 4.204020309228e+00 -5.000000000000e-03
3.864481280016e+00 2.959870134696e+00 -5.000000000000e-03
2.309971564876e+00 6.779725752471e-02 -5.000000000000e-03
5.300964183299e+00 5.758184642536e+00 -5.000000000000e-03
4.386473275537e+00 5.515045700350e+00 -5.000000000000e-03
1.767438532059e+00 5.533173130368e+00 -5.000000000000e-03
2.850817374093e+00 6.528467467961e-01 -5.000000000000e-03
3.698534729265e+00 4.892722350736e+00 -5.000000000000e-03
2.821817954073e+00 4.070835461466e+00 -5.000000000000e-03
5.626026897761e+00 2.228129004033e+00 -5.000000000000e-03
2.075946489434e+00 4.927769884249e+00 -5.000000000000e-03
3.639714397956e+00 5.700008258487e+00 -5.000000000000e-03
5.513407141004e+00 3.029873799950e-01 -5.000000000000e-03
6.219818929081e+00 3.633523999713e+00 -5.000000000000e-03
1.024740934292e-01 3.080593464333e+00 -5.000000000000e-03
3.884685989968e+00 2.753841546904e+00 -5.000000000000e-03
1.150339663315e+00 2.431086917848e+00 -5.000000000000e-03
3.444921761494e+00 5.842733868343e+00 -5.000000000000e-03
4.317550246793e+00 4.595232414370e+00 -5.000000000000e-03
5.171477297258e+00 3.819705876516e+00 -5.000000000000e-03
5.381738046270e+00 5.227308163439e+00 -5.000000000000e-03
3.362924623198e+00 3.300960283532e+00 -5.000000000000e-03
