5.928630201612e+00 2.080189969813e+00 5.000000000000e-03
1.110000147498e+00 5.388692124116e+00 5.000000000000e-03
1.860803325438e+00 5.482438117294e+00 5.000000000000e-03
3.758528604652e+00 5.699755057479e+00 5.000000000000e-03
3.748217910401e+00 1.368695757863e+00 5.000000000000e-03
4.508323994770e+00 3.702811123823e+00 5.000000000000e-03
2.376170100839e+00 1.926616433686e+00 5.000000000000e-03
5.576350499497e+00 3.503801117303e+00 5.000000000000e-03
5.957098991454e+00 2.423008602133e-01 5.000000000000e-03
1.017754361845e+00 2.738736656012e+00 5.000000000000e-03
4.799345567648e+00 3.437510648828e+00 5.000000000000e-03
5.140887234882e+00 6.038135500913e+00 5.000000000000e-03
3.086208539634e+00 1.146278998960e+00 5.000000000000e-03
5.317446068207e+00 4.131789620310e+00 5.000000000000e-03
3.916020454518e+00 5.392551737096e+00 5.000000000000e-03
7.655267703197e-01 1.152564375471e+00 5.000000000000e-03
2.351363345884e+00 2.304166932561e+00 5.000000000000e-03
4.386906051888e+00 3.482225354863e+00 5.000000000000e-03
2.990400406793e+00 1.427413317045e+00 5.000000000000e-03
4.203321915014e+00 4.411220637809e+00 5.000000000000e-03
1.782930477053e+00 2.633042830819e+00 5.000000000000e-03
6.132755574118e+00 3.420298458273e-01 5.000000000000e-03
2.535649138525e+00 5.036316873650e+00 5.000000000000e-03
5.319984180467e+00 4.008159455990e+00 5.000000000000e-03
4.977899290429e+00 2.997566182476e+00 5.000000000000e-03
5.693307889688e+00 1.062384795070e+00 5.000000000000e-03
2.232714727599e-01 1.135697923713e+00 5.000000000000e-03
5.743117135933e+00 4.313464854951e+00 5.000000000000e-03
2.937287294249e+00 4.457777401297e-01 5.000000000000e-03
2.931138114029e-01 2.452141843842e+00 5.000000000000e-03
3.483743458542e+00 1.172289301325e+00 5.000000000000e-03
5.776152867377e+00 1.460879060393e+00 5.000000000000e-03
2.969894145287e+00 1.034868340857e+00 5.000000000000e-03
4.645352128448e-01 5.386767930531e+00 5.000000000000e-03
4.640682605616e+00 6.897504075173e-02 5.000000000000e-03
4.933720189613e-01 2.802913606545e+00 5.000000000000e-03
6.141829906823e-01 3.362595957298e+00 5.000000000000e-03
1.824814447264e+00 2.669424807776e+00 5.000000000000e-03
4.899287890907e-01 3.034363153074e+00 5.000000000000e-03
5.912571440329e+00 4.046756886337e-01 5.000000000000e-03
4.765701379135e+00 3.132628163744e+00 5.000000000000e-03
5.764051069711e+00 6.102511221882e+00 5.000000000000e-03
3.906337593777e+00 3.953851515201e+00 5.000000000000e-03
3.838736244071e+00 2.674537957948e+00 5.000000000000e-03
4.553146459529e-02 2.373800987533e+00 5.000000000000e-03
4.596631426460e+00 1.892631690986e+00 5.000000000000e-03
2.684332268370e-01 3.516918153873e+00 5.000000000000e-03
4.869882184094e+00 3.125041906312e+00 5.000000000000e-03
5.818928374262e+00 4.632770925634e+00 5.000000000000e-03
2.032868680689e+00 1.161947899121e+00 5.000000000000e-03
1.108685011796e+00 2.813771853742e+00 5.000000000000e-03
5.503862854455e+00 5.919042127872e+00 5.000000000000e-03
4.009934630340e-01 2.187759897719e+00 5.000000000000e-03
2.642835213468e+00 3.212604041287e+00 5.000000000000e-03
6.003815507512e+00 6.243547878039e+00 5.000000000000e-03
1.461468361124e+00 3.982569467616e+00 5.000000000000e-03
2.422142088334e+00 3.593423412908e+00 5.000000000000e-03
1.203945614776e+00 5.603262903375e-02 5.000000000000e-03
2.584830601346e+00 1.999457915408e+00 5.000000000000e-03
5.284768485345e+00 3.304440906275e+00 5.000000000000e-03
2.431123330793e+00 4.633915331762e+00 5.000000000000e-03
2.264358462955e+00 1.794578375686e+00 5.000000000000e-03
4.785762572893e+00 5.924533242078e+00 5.000000000000e-03
3.456816073222e+00 1.627639200599e+00 5.000000000000e-03
4.858472192669e+00 2.015561705008e+00 5.000000000000e-03
2.905609904012e+00 5.812426739464e+00 5.000000000000e-03
2.633410501493e-01 5.036228445281e-01 5.000000000000e-03
2.098293667546e+00 4.251956906335e+00 5.000000000000e-03
1.415223760629e+00 8.625083598755e-02 5.000000000000e-03
2.765096815924e-01 3.712889428096e-01 5.000000000000e-03
1.067232901307e+00 5.556612373889e+00 5.000000000000e-03
1.877110579452e+00 3.185651555145e-01 5.000000000000e-03
2.902409417195e+00 3.724330131603e-01 5.000000000000e-03
3.711969991841e+00 2.387802814127e+00 5.000000000000e-03
3.913402439225e+00 4.996356303175e-01 5.000000000000e-03
2.295131485325e+00 1.717060324509e+00 5.000000000000e-03
2.294604957307e+00 6.170776638677e+00 5.000000000000e-03
1.979762022332e+00 5.165664341135e+00 5.000000000000e-03
1.215106700345e+00 4.636366706895e+00 5.000000000000e-03
8.635525094028e-01 3.428897955622e+00 5.000000000000e-03
2.249971256712e-01 4.250169113512e+00 5.000000000000e-03
5.920017986324e+00 5.699941786834e+00 5.000000000000e-03
1.319168410939e+00 2.101354096117e+00 5.000000000000e-03
1.908196467036e+00 5.624078878437e-01 5.000000000000e-03
9.190776187022e-01 4.903468078002e+00 5.000000000000e-03
4.405440144218e+00 3.294452754246e+00 5.000000000000e-03
3.285343923745e+00 2.854176720541e+00 5.000000000000e-03
5.560177949951e+00 2.941344285390e+00 5.000000000000e-03
5.734359458765e-01 4.942401844420e+00 5.000000000000e-03
5.969202153661e+00 6.823987793240e-01 5.000000000000e-03
3.419498742738e-01 1.613463992155e+00 5.000000000000e-03
4.445058051368e+00 3.641681477590e+00 5.000000000000e-03
4.136213050932e+00 5.351010898800e+00 5.000000000000e-03
1.851247152573e+00 5.307968037344e+00 5.000000000000e-03
2.004455658784e+00 1.075233353340e+00 5.000000000000e-03
5.304294708467e-01 3.686727024554e+00 5.000000000000e-03
3.452706309839e+00 2.276893813811e+00 5.000000000000e-03
4.857541602686e+00 8.645854765394e-01 5.000000000000e-03
4.481871732322e-01 5.936196824222e+00 5.000000000000e-03
1.509573428705e+00 2.388467790567e+00 5.000000000000e-03
5.550786421704e+00 1.676523263658e-01 -5.000000000000e-03
2.231942344501e+00 2.191126206653e+00 -5.000000000000e-03
2.182098810837e+00 7.300206018704e-01 -5.000000000000e-03
1.293421056462e+00 8.689371362296e-01 -5.000000000000e-03
5.754937233113e+00 3.569310379147e+00 -5.000000000000e-03
5.472140130219e+00 6.178474255315e-01 -5.000000000000e-03
1.423365448299e+00 5.733220016367e+00 -5.000000000000e-03
1.796604224562e+00 4.066566157240e+00 -5.000000000000e-03
5.747258302558e+00 2.654847705500e+00 -5.000000000000e-03
3.155449290411e-01 8.074367650295e-01 -5.000000000000e-03
5.132141765793e+00 1.596205571328e+00 -5.000000000000e-03
5.108874150348e+00 1.009225408308e+00 -5.000000000000e-03
5.534586415388e+00 5.042725138317e+00 -5.000000000000e-03
1.185213189675e+00 2.216035367160e+00 -5.000000000000e-03
5.077927667718e+00 4.559852604555e+00 -5.000000000000e-03
4.065222727346e+00 4.203827330889e+00 -5.000000000000e-03
1.088115755116e+00 1.835295350810e+00 -5.000000000000e-03
1.862041545221e+00 3.912093808079e+00 -5.000000000000e-03
2.909656767772e+00 5.039628122311e+00 -5.000000000000e-03
1.666668869268e+00 5.360976565989e+00 -5.000000000000e-03
2.642922230204e+00 5.465759526385e+00 -5.000000000000e-03
1.740814329692e-01 1.854916278456e+00 -5.000000000000e-03
4.558794093840e+00 4.255649997018e+00 -5.000000000000e-03
5.034832851619e+00 4.442753074134e+00 -5.000000000000e-03
4.595552769790e+00 2.228951851868e+00 -5.000000000000e-03
2.171268292030e+00 4.903796157586e+00 -5.000000000000e-03
4.035284294805e+00 4.178255755442e+00 -5.000000000000e-03
4.340737236165e+00 4.159307508172e+00 -5.000000000000e-03
4.980474937418e+00 4.029477365476e+00 -5.000000000000e-03
3.595618559600e+00 2.647180799761e+00 -5.000000000000e-03
3.274508322767e+00 3.760375012360e+00 -5.000000000000e-03
8.850428133085e-01 3.618691029109e+00 -5.000000000000e-03
1.371389602489e+00 4.051863961577e+00 -5.000000000000e-03
1.986215485022e+00 2.277417106799e+00 -5.000000000000e-03
1.468335579278e+00 8.573437024868e-02 -5.000000000000e-03
2.095409764530e+00 5.545668272632e+00 -5.000000000000e-03
3.446395290980e+00 7.019922749838e-01 -5.000000000000e-03
1.963900702104e+00 3.015807273220e+00 -5.000000000000e-03
1.922392668863e+00 3.268106767657e+00 -5.000000000000e-03
1.529418812221e+00 2.081200964258e+00 -5.000000000000e-03
2.641391844063e+00 3.116347984172e+00 -5.000000000000e-03
5.490775459469e+00 1.902724409000e+00 -5.000000000000e-03
5.871225940560e+00 4.596830996375e+00 -5.000000000000e-03
3.725268796667e+00 6.127819054354e+00 -5.000000000000e-03
2.970874961194e+00 1.190845591427e+00 -5.000000000000e-03
3.409710131004e+00 5.236103500363e-01 -5.000000000000e-03
3.880053782340e+00 3.482179218317e+00 -5.000000000000e-03
5.425267788626e+00 1.779713384570e+00 -5.000000000000e-03
1.173068616834e-01 1.897688083942e+00 -5.000000000000e-03
8.377645784008e-01 5.605182236722e-01 -5.000000000000e-03
2.934904964560e+00 2.408430806036e+00 -5.000000000000e-03
2.728688320327e+00 3.506647091715e+00 -5.000000000000e-03
4.177681847828e+00 4.449064988753e+00 -5.000000000000e-03
5.643370225090e-01 4.689987686723e-01 -5.000000000000e-03
2.255112776368e+00 1.496846035602e+00 -5.000000000000e-03
1.973325024578e+00 4.091569316089e-01 -5.000000000000e-03
4.541489286120e-01 4.143902071049e+00 -5.000000000000e-03
1.349227752414e+00 5.026829615481e+00 -5.000000000000e-03
4.798604091574e+00 5.924204755865e+00 -5.000000000000e-03
3.513633616275e+00 3.726614784274e+00 -5.000000000000e-03
5.252491032744e+00 5.597262940466e+00 -5.000000000000e-03
2.742699811361e+00 1.998582009259e+00 -5.000000000000e-03
5.920417716396e+00 2.737787774176e+00 -5.000000000000e-03
2.777246960771e+00 1.607581271115e+00 -5.000000000000e-03
6.198269192642e+00 3.960448498314e+00 -5.000000000000e-03
1.683486804842e+00 2.477626990297e+00 -5.000000000000e-03
4.377198606296e+00 1.270123247683e+00 -5.000000000000e-03
4.165680675606e-01 4.835064073116e+00 -5.000000000000e-03
2.019718454957e+00 3.449414657847e+00 -5.000000000000e-03
4.641312359692e+00 4.033797594198e+00 -5.000000000000e-03
4.827137944215e+00 3.491457509216e+00 -5.000000000000e-03
1.894990755013e+00 3.018144732557e+00 -5.000000000000e-03
1.100801347754e+00 6.191813733933e+00 -5.000000000000e-03
4.826580438883e+00 4.018356999652e+00 -5.000000000000e-03
2.644982948715e+00 3.160061990377e+00 -5.000000000000e-03
6.017947752134e+00 3.090117742593e+00 -5.000000000000e-03
3.950212612559e+00 2.470961211394e+00 -5.000000000000e-03
1.383756243962e+00 2.662807872263e+00 -5.000000000000e-03
2.678995113889e+00 4.715311500469e+00 -5.000000000000e-03
4.122382533377e+00 5.661542218579e+00 -5.000000000000e-03
3.352508994358e+00 2.838518600728e+00 -5.000000000000e-03
2.006499854278e+00 2.018378271605e+00 -5.000000000000e-03
1.976381409093e-01 3.599437919527e+00 -5.000000000000e-03
2.081760119981e+00 2.058154650575e+00 -5.000000000000e-03
2.793674416281e+00 3.678597168459e+00 -5.000000000000e-03
5.949928389709e+00 1.644601772203e-01 -5.000000000000e-03
3.711691614628e+00 1.567579918599e+00 -5.000000000000e-03
1.726862379031e+00 2.915317328306e+00 -5.000000000000e-03
4.271181187652e+00 3.250638933627e+00 -5.000000000000e-03
5.775840794098e+00 1.740326268512e+00 -5.000000000000e-03
4.604044058003e+00 1.458196674066e+00 -5.000000000000e-03
1.816024177219e+00 4.590457124332e+00 -5.000000000000e-03
3.761654044054e+00 1.485113326229e+00 -5.000000000000e-03
3.493417852062e-01 4.026704051702e+00 -5.000000000000e-03
1.779712062404e+00 3.972484681395e+00 -5.000000000000e-03
1.540672510933e+00 2.993001850868e+00 -5.000000000000e-03
7.924249571630e-01 1.476927469711e+00 -5.000000000000e-03
3.447920896492e+00 4.931125671011e+00 -5.000000000000e-03
7.360859283438e-01 2.138179487418e+00 -5.000000000000e-03
3.542299370057e+00 4.061837921003e+00 -5.000000000000e-03
