2.503809034287e+00 2.723440641687e+00 5.000000000000e-03
4.506780262673e+00 6.240678013000e+00 5.000000000000e-03
6.080227118018e+00 4.617055551275e+00 5.000000000000e-03
3.029533110346e+00 3.756714266467e+00 5.000000000000e-03
2.483788076551e+00 4.242165795058e+00 5.000000000000e-03
4.739545250508e+00 6.093920873492e+00 5.000000000000e-03
9.609801417666e-01 2.435415624868e-01 5.000000000000e-03
3.890772173792e+00 1.061079960894e+00 5.000000000000e-03
3.852620231179e+00 3.429208766428e+00 5.000000000000e-03
5.834062418363e-01 4.134405559487e+00 5.000000000000e-03
6.224335491457e+00 5.342599893885e+00 5.000000000000e-03
8.890040516126e-01 1.480702155074e+00 5.000000000000e-03
4.359504660109e+00 3.522542211343e+00 5.000000000000e-03
2.779440494596e+00 3.936846019906e+00 5.000000000000e-03
4.275884098936e+00 4.089171468952e+00 5.000000000000e-03
2.617552194716e+00 3.488294421721e-02 5.000000000000e-03
1.794994340242e+00 2.949195878080e+00 5.000000000000e-03
5.300370972175e+00 4.289593118250e+00 5.000000000000e-03
5.096828794970e-01 4.890700193295e+00 5.000000000000e-03
7.320135017906e-01 5.211118057948e+00 5.000000000000e-03
1.312246333895e+00 7.095023077988e-01 5.000000000000e-03
1.418800060001e+00 5.305571219438e+00 5.000000000000e-03
4.259125624721e+00 4.954882639596e+00 5.000000000000e-03
4.160907856485e+00 2.813015137293e+00 5.000000000000e-03
4.645866176573e+00 4.760656006328e+00 5.000000000000e-03
2.406472707877e+00 3.728987481358e+00 5.000000000000e-03
3.651957106295e+00 1.270942182799e+00 5.000000000000e-03
3.732492938878e+00 7.186538699554e-01 5.000000000000e-03
2.719027226632e+00 3.170058813659e+00 5.000000000000e-03
2.402805656874e+00 5.962022098513e+00 5.000000000000e-03
1.066303798145e+00 4.582353862476e+00 5.000000000000e-03
3.299820711948e+00 5.496896858484e+00 5.000000000000e-03
5.909897145445e+00 3.751762019161e+00 5.000000000000e-03
2.381136939094e+00 3.211718202158e+00 5.000000000000e-03
2.778899214494e+00 3.600165881445e+00 5.000000000000e-03
1.963280070018e+00 5.095342402406e+00 5.000000000000e-03
3.530846840716e+00 4.055281724903e+00 5.000000000000e-03
4.642568600735e+00 5.271506179928e+00 5.000000000000e-03
2.720104362483e-01 2.935698993634e+00 5.000000000000e-03
2.545260360346e+00 3.485427020446e+00 5.000000000000e-03
5.363207444224e+00 1.454367758815e+00 5.000000000000e-03
3.369802045113e-01 5.614637112213e+00 5.000000000000e-03
3.347950706630e+00 1.319065131315e+00 5.000000000000e-03
1.523089595815e+00 6.074216934705e+00 5.000000000000e-03
3.647504677824e+00 2.774700216388e-01 5.000000000000e-03
3.565075432591e+00 4.009880109358e+00 5.000000000000e-03
5.264980621116e+00 3.773229250835e+00 5.000000000000e-03
1.808364517910e+00 5.166454703868e+00 5.000000000000e-03
8.103564031458e-01 3.471293300321e+00 5.000000000000e-03
3.906920814690e+00 2.057227152878e+00 5.000000000000e-03
4.288368466060e+00 2.123861540388e+00 5.000000000000e-03
5.260861204673e+00 3.066554341529e+00 5.000000000000e-03
1.550283527192e+00 5.148670599364e+00 5.000000000000e-03
3.030796138191e+00 3.883247088226e+00 5.000000000000e-03
9.691827125233e-01 3.374393803083e+00 5.000000000000e-03
1.938178027481e+00 4.995464898436e-03 5.000000000000e-03
3.763287937158e+00 3.259850408912e+00 5.000000000000e-03
1.659486255301e+00 1.637829997544e+00 5.000000000000e-03
2.176677089218e+00 4.694120927646e-01 5.000000000000e-03
8.602754194868e-01 2.387615864450e+00 5.000000000000e-03
5.163836488831e+00 4.037934771462e-01 5.000000000000e-03
3.116907235068e+00 1.137569857264e+00 5.000000000000e-03
5.216212892469e+00 6.090558810162e+00 5.000000000000e-03
3.102106069281e+00 1.903274006007e+00 5.000000000000e-03
3.153405789570e+00 3.549516932889e-01 5.000000000000e-03
4.633562034526e+00 3.763477464860e+00 5.000000000000e-03
4.927122406493e+00 2.615390225419e-01 5.000000000000e-03
5.319935925245e+00 4.786376976374e+00 5.000000000000e-03
2.597528436193e+00 5.709664184580e+00 5.000000000000e-03
5.971808263782e+00 4.299939349044e+00 5.000000000000e-03
2.604209198857e+00 1.791575716785e+00 5.000000000000e-03
3.699101733828e+00 6.072246903008e+00 5.000000000000e-03
4.034238299527e+00 5.610488380163e-01 5.000000000000e-03
4.349211250492e+00 2.031398237802e+00 5.000000000000e-03
1.050787568910e+00 1.147775875163e+00 5.000000000000e-03
4.665642806526e+00 5.099714910762e+00 5.000000000000e-03
1.569156161308e+00 5.077431878287e+00 5.000000000000e-03
1.692078572103e+00 5.458494507151e+00 5.000000000000e-03
2.816689832405e+00 4.611973251199e+00 5.000000000000e-03
3.408613357309e-01 1.214215252904e+00 5.000000000000e-03
5.001121449499e+00 9.575491693575e-01 5.000000000000e-03
1.522503861950e+00 1.022993101580e-01 5.000000000000e-03
3.735369722074e+00 9.761737472827e-01 5.000000000000e-03
5.719322561603e+00 1.623254152922e-01 5.000000000000e-03
8.643017218168e-01 3.698472443302e+00 5.000000000000e-03
4.846582943151e+00 4.438113375296e+00 5.000000000000e-03
1.764345824700e+00 4.128515962011e+00 5.000000000000e-03
2.350996319336e+00 1.586268581322e+00 5.000000000000e-03
3.700165718355e+00 8.271676185750e-01 5.000000000000e-03
2.156634477242e+00 4.891711029325e+00 5.000000000000e-03
5.806415124661e+00 4.097002471030e+00 5.000000000000e-03
5.357256875823e+00 4.528668598285e+00 5.000000000000e-03
4.429945162993e+00 2.094855776435e+00 5.000000000000e-03
7.494291639906e-01 1.049341275293e+00 5.000000000000e-03
1.363333398508e+00 5.710432271326e+00 5.000000000000e-03
2.864730870974e+00 4.929906128665e+00 5.000000000000e-03
9.396164720353e-01 1.845696349828e+00 5.000000000000e-03
4.841995161203e+00 3.694083423090e+00 5.000000000000e-03
2.972921797988e-01 2.831212206530e+00 5.000000000000e-03
5.613529598099e-01 5.718433394589e+00 5.000000000000e-03
2.043210370962e+00 3.586399464161e+00 -5.000000000000e-03
4.019472754079e+00 5.257135814267e+00 -5.000000000000e-03
3.944095773160e+00 3.523328523374e+00 -5.000000000000e-03
2.398812148930e+00 3.618737556978e+00 -5.000000000000e-03
2.462716615683e+00 3.130612518209e+00 -5.000000000000e-03
6.111697979561e+00 4.897529238386e+00 -5.000000000000e-03
3.145273100882e-01 4.269707275428e+00 -5.000000000000e-03
2.710954027891e-01 3.713407621135e+00 -5.000000000000e-03
4.801366658842e-01 3.194533378464e+00 -5.000000000000e-03
3.412244930802e+00 1.312557240047e+00 -5.000000000000e-03
1.608613832457e+00 2.072079904673e+00 -5.000000000000e-03
3.597502858326e+00 2.546848640435e+00 -5.000000000000e-03
5.086271291421e+00 1.197839776094e+00 -5.000000000000e-03
4.753946127057e+00 4.028279581949e+00 -5.000000000000e-03
2.016922550442e+00 2.016255442412e+00 -5.000000000000e-03
3.687133032004e+00 5.368829511852e+00 -5.000000000000e-03
1.241699621322e+00 4.094765863649e+00 -5.000000000000e-03
5.271303770550e+00 5.569725562125e+00 -5.000000000000e-03
1.499016951649e+00 4.864542980503e+00 -5.000000000000e-03
1.611723103890e+00 3.735959742818e+00 -5.000000000000e-03
6.797467097783e-01 3.612180537253e+00 -5.000000000000e-03
2.350711085187e+00 2.094151193208e+00 -5.000000000000e-03
3.275400433989e+00 2.101748329466e+00 -5.000000000000e-03
3.134960454735e+00 1.897056137833e+00 -5.000000000000e-03
2.930773460946e+00 6.104070835003e-01 -5.000000000000e-03
2.368431775322e+00 4.385635762190e+00 -5.000000000000e-03
2.503401542659e+00 5.172962968800e+00 -5.000000000000e-03
6.007060705253e+00 3.124536798765e+00 -5.000000000000e-03
2.523576719601e+00 5.150047115970e+00 -5.000000000000e-03
4.940610755703e+00 3.086031980852e+00 -5.000000000000e-03
4.045792499585e+00 2.442406995386e+00 -5.000000000000e-03
1.715762868234e+00 2.337696574457e+00 -5.000000000000e-03
6.199053098025e+00 1.546989610404e-01 -5.000000000000e-03
4.132373547311e+00 4.832675535557e+00 -5.000000000000e-03
6.745327816257e-01 2.702359450074e+00 -5.000000000000e-03
1.731193201818e+00 3.855198204736e+00 -5.000000000000e-03
5.722622555379e+00 5.373156889305e+00 -5.000000000000e-03
2.173930996842e+00 1.709643823992e+00 -5.000000000000e-03
2.720716695043e+00 1.265805840348e+00 -5.000000000000e-03
1.350487784271e+00 1.417255786182e+00 -5.000000000000e-03
1.209368180027e+00 4.443518220960e+00 -5.000000000000e-03
4.790037340045e+00 2.222038092027e+00 -5.000000000000e-03
6.062075128038e+00 2.074168302921e+00 -5.000000000000e-03
4.354718010802e+00 9.777637927690e-02 -5.000000000000e-03
5.556042763118e+00 2.286828060244e+00 -5.000000000000e-03
4.357327192495e+00 1.379814949116e+00 -5.000000000000e-03
1.451362800883e+00 3.968847688827e+00 -5.000000000000e-03
5.798021983510e+00 2.753019462015e+00 -5.000000000000e-03
9.424655002438e-01 4.630706912123e+00 -5.000000000000e-03
7.735509130200e-01 3.425335399755e+00 -5.000000000000e-03
5.113710220646e-01 5.524282352609e+00 -5.000000000000e-03
5.597408758722e+00 6.033501921358e+00 -5.000000000000e-03
3.086293627895e+00 1.552792303527e+00 -5.000000000000e-03
1.711905372741e+00 4.063171839868e+00 -5.000000000000e-03
3.005725531966e+00 7.963690037217e-01 -5.000000000000e-03
1.646576078002e+00 4.897712456848e+00 -5.000000000000e-03
1.230164166091e+00 4.790012694740e+00 -5.000000000000e-03
3.564046337210e+00 5.533229282855e+00 -5.000000000000e-03
3.862435531225e+00 2.191164960918e+00 -5.000000000000e-03
1.375514324838e+00 5.204197067717e+00 -5.000000000000e-03
3.210524277575e+00 1.781914126389e+00 -5.000000000000e-03
3.118909209986e+00 7.994914746524e-01 -5.000000000000e-03
5.267866965327e+00 1.528829771655e+00 -5.000000000000e-03
4.759873889582e+00 5.407570758246e+00 -5.000000000000e-03
4.928670136231e+00 3.330472217221e+00 -5.000000000000e-03
5.922921708230e+00 9.442370780847e-01 -5.000000000000e-03
4.686708851771e+00 5.958787452462e+00 -5.000000000000e-03
3.466792209591e+00 4.327315436242e+00 -5.000000000000e-03
2.673222247250e+00 5.555727363437e+00 -5.000000000000e-03
4.970128193338e+00 3.731782663218e+00 -5.000000000000e-03
1.583515917893e+00 4.238275545598e+00 -5.000000000000e-03
5.878117196013e-01 1.126435154440e+00 -5.000000000000e-03
4.185617089176e+00 2.700184198134e+00 -5.000000000000e-03
8.246934787131e-01 4.677930873302e+00 -5.000000000000e-03
3.893672717548e+00 6.003156739655e+00 -5.000000000000e-03
5.903678787602e+00 5.877295363859e+00 -5.000000000000e-03
4.816540322887e-01 4.320067756650e+00 -5.000000000000e-03
1.077070432791e+00 5.084228274078e+00 -5.000000000000e-03
3.944055275044e+00 1.059731690699e+00 -5.000000000000e-03
4.996223487157e+00 7.179958809375e-01 -5.000000000000e-03
1.154001809009e+00 2.411928376870e+00 -5.000000000000e-03
4.595332858716e+00 8.941687961637e-01 -5.000000000000e-03
4.463584760641e+00 1.413921948047e+00 -5.000000000000e-03
5.023913871971e+00 3.244944084804e-01 -5.000000000000e-03
5.021726120698e-01 3.114481642724e+00 -5.000000000000e-03
1.778794204593e+00 1.098095995583e+00 -5.000000000000e-03
1.138940603288e+00 5.841509011832e+00 -5.000000000000e-03
3.402706545706e+00 4.855491312846e+00 -5.000000000000e-03
5.659228176014e+00 3.992981488200e+00 -5.000000000000e-03
1.225257491509e-01 1.573419022620e+00 -5.000000000000e-03
3.888952047268e+00 1.523189406236e+00 -5.000000000000e-03
4.319169375142e+00 2.578333110479e+00 -5.000000000000e-03
4.939438939294e+00 3.808134134189e+00 -5.000000000000e-03
4.961915854710e+00 1.459491772214e+00 -5.000000000000e-03
4.905929836750e+00 5.622813129948e+00 -5.000000000000e-03
7.307982949431e-01 4.593547111049e+00 -5.000000000000e-03
2.041334147514e+00 2.836733665514e+00 -5.000000000000e-03
4.058169261491e+00 5.948893088014e+00 -5.000000000000e-03
4.636171832432e+00 4.859475431726e+00 -5.000000000000e-03
4.893941757179e+00 8.875496349293e-01 -5.000000000000e-03
