6.872089178059e-01 3.449164639458e+00 5.000000000000e-03
4.959386004079e+00 5.872679608771e+00 5.000000000000e-03
4.411706812593e+00 6.191886256260e+00 5.000000000000e-03
3.887416682887e-02 7.769317984749e-01 5.000000000000e-03
1.601924509306e+00 1.093676129037e+00 5.000000000000e-03
4.999766605846e-01 4.406182973457e+00 5.000000000000e-03
4.917441149618e+00 3.108648734667e+00 5.000000000000e-03
2.944049026665e+00 4.444577515972e+00 5.000000000000e-03
4.719069524383e-01 3.874405669370e+00 5.000000000000e-03
4.404848928878e+00 4.753373998129e+00 5.000000000000e-03
3.352502038945e-01 2.499478799656e+00 5.000000000000e-03
4.662238555226e-03 5.817744596985e+00 5.000000000000e-03
5.378520842126e+00 5.124624903277e+00 5.000000000000e-03
4.827446935525e+00 3.623666667242e+00 5.000000000000e-03
2.789058935997e+00 5.833612520813e+00 5.000000000000e-03
2.963030827325e+00 3.379252844234e+00 5.000000000000e-03
2.350719016412e+00 5.760456526792e-01 5.000000000000e-03
5.940355800026e+00 3.540407450841e+00 5.000000000000e-03
4.255363024677e+00 1.285965707712e-01 5.000000000000e-03
2.286157043581e+00 2.982051804981e-01 5.000000000000e-03
3.485869052196e+00 2.193982841654e+00 5.000000000000e-03
4.972586520527e+00 5.442574334448e+00 5.000000000000e-03
4.095374104795e+00 1.154027988148e+00 5.000000000000e-03
8.808060225167e-01 6.133798653432e+00 5.000000000000e-03
2.418052520791e+00 3.889601919381e+00 5.000000000000e-03
4.874741855669e+00 3.103116314959e+00 5.000000000000e-03
1.828883051036e+00 5.712975326011e+00 5.000000000000e-03
1.662934033380e+00 9.167889942210e-01 5.000000000000e-03
4.206652473976e+00 6.052329882684e+00 5.000000000000e-03
6.120582382108e+00 5.893244043073e+00 5.000000000000e-03
1.873829823963e+00 5.845517203776e+00 5.000000000000e-03
3.159271222938e+00 4.258335842540e+00 5.000000000000e-03
6.250525277443e+00 5.174748017068e+00 5.000000000000e-03
3.139420688398e+00 4.198440445809e+00 5.000000000000e-03
4.475636567901e-01 5.767093133445e+00 5.000000000000e-03
6.215562711838e+00 4.151530749314e+00 5.000000000000e-03
4.954251468456e-01 2.778177410608e+00 5.000000000000e-03
4.602132727022e+00 1.607815251410e-01 5.000000000000e-03
3.458876318471e+00 6.204940698543e+00 5.000000000000e-03
3.593707081645e+00 5.933111710962e-01 5.000000000000e-03
2.377118960640e+00 7.246052718906e-01 5.000000000000e-03
4.307811522460e+00 5.335627121362e+00 5.000000000000e-03
3.131585735389e+00 5.184962286712e-01 5.000000000000e-03
2.448213859697e+00 1.795953542086e+00 5.000000000000e-03
4.404721218295e+00 3.035967051555e-01 5.000000000000e-03
2.718912303544e+00 6.736132902149e-01 5.000000000000e-03
3.046169352198e+00 1.880124473980e+00 5.000000000000e-03
4.332878340964e+00 8.894814688197e-01 5.000000000000e-03
4.682207593382e+00 7.159143472783e-01 5.000000000000e-03
9.322253306855e-01 2.508401792589e+00 5.000000000000e-03
5.298009922064e+00 4.158187160452e+00 5.000000000000e-03
3.702040353613e+00 5.547698344579e+00 5.000000000000e-03
4.865088064443e+00 5.351668567973e-01 5.000000000000e-03
6.192295522785e+00 4.992748904372e+00 5.000000000000e-03
1.883433889286e+00 3.160254716661e+00 5.000000000000e-03
2.380545857194e-01 2.951012590451e+00 5.000000000000e-03
4.806454533824e-01 4.480299456070e+00 5.000000000000e-03
5.890705770754e+00 2.141589589816e+00 5.000000000000e-03
4.850895485299e+00 4.705286394465e+00 5.000000000000e-03
4.552376735865e+00 2.958009600355e+00 5.000000000000e-03
7.049603440398e-01 3.163006904087e+00 5.000000000000e-03
1.417128090905e+00 4.162363251630e+00 5.000000000000e-03
1.963310257277e+00 5.667266000363e+00 5.000000000000e-03
4.874189170163e+00 4.983705401801e+00 5.000000000000e-03
3.163070159056e+00 1.689248074720e+00 5.000000000000e-03
1.075159059440e+00 2.138363051609e+00 5.000000000000e-03
6.106317013059e+00 4.700534423761e-01 5.000000000000e-03
4.605438255623e+00 5.518191086791e+00 5.000000000000e-03
4.223120438617e+00 3.383525505145e+00 5.000000000000e-03
4.626590088298e+00 1.282769979192e+00 5.000000000000e-03
1.450726032280e+00 2.192322639423e-02 5.000000000000e-03
3.844428734840e+00 1.976774728803e+00 5.000000000000e-03
4.321447778575e+00 1.576481474307e+00 5.000000000000e-03
4.694519426899e+00 1.798305519459e+00 5.000000000000e-03
6.031555538702e+00 6.129164956847e-01 5.000000000000e-03
1.831345497512e+00 4.856863873450e+00 5.000000000000e-03
4.492202122146e+00 3.516529810960e+00 5.000000000000e-03
6.091883250129e-01 4.676495091805e+00 5.000000000000e-03
1.385880737577e+00 2.238132343942e+00 5.000000000000e-03
5.161502947363e-01 4.647641632767e+00 5.000000000000e-03
1.787246909613e+00 1.904155345547e-01 5.000000000000e-03
6.021573327402e+00 5.327328866898e+00 5.000000000000e-03
2.360466405820e+00 2.057185613825e+00 5.000000000000e-03
1.705025944074e-02 5.884612156658e+00 5.000000000000e-03
4.926155771343e+00 7.568681511891e-01 5.000000000000e-03
1.983694221018e+00 8.824809917934e-01 5.000000000000e-03
1.891227803054e+00 5.904243802164e+00 5.000000000000e-03
4.413202261456e+00 5.706509705609e+00 5.000000000000e-03
4.206911938959e+00 1.208963867943e+00 5.000000000000e-03
5.457776840036e+00 2.799604611777e+00 5.000000000000e-03
3.441294889969e+00 2.184461276740e+00 5.000000000000e-03
3.398653102944e+00 2.426305664743e+00 5.000000000000e-03
1.974089837140e+00 2.151804871035e+00 5.000000000000e-03
5.609050081616e+00 7.615815709256e-01 5.000000000000e-03
2.556682097161e+00 3.969630725166e+00 5.000000000000e-03
4.552233431604e+00 1.286747823118e+00 5.000000000000e-03
3.756103659878e+00 3.500015054712e+00 5.000000000000e-03
5.455343280138e-01 5.133100959144e+00 5.000000000000e-03
2.948199165316e+00 4.632530545096e+00 5.000000000000e-03
1.524825835432e+00 1.942157665316e+00 5.000000000000e-03
3.134870208942e+00 1.096327805391e+00 -5.000000000000e-03
7.429478546514e-01 1.084402484099e+00 -5.000000000000e-03
3.357964238114e+00 3.796652946730e+00 -5.000000000000e-03
3.550493732427e+00 6.027356634033e+00 -5.000000000000e-03
5.464964689964e+00 5.923840486455e-01 -5.000000000000e-03
4.024541038938e+00 4.313547632021e+00 -5.000000000000e-03
2.362411105552e+00 2.010513395979e+00 -5.000000000000e-03
5.330687048663e+00 4.292302066279e+00 -5.000000000000e-03
5.599216411836e+00 5.591361462479e+00 -5.000000000000e-03
1.246573219382e+00 9.710183900085e-01 -5.000000000000e-03
5.859501022409e+00 4.788002399274e+00 -5.000000000000e-03
4.307928234300e+00 2.825944234811e+00 -5.000000000000e-03
2.440585423408e+00 3.357344660631e+00 -5.000000000000e-03
4.422745100720e+00 1.922647496209e+00 -5.000000000000e-03
8.753111513373e-01 3.323855085815e+00 -5.000000000000e-03
8.128888043420e-02 5.643844406916e+00 -5.000000000000e-03
2.291929796765e+00 1.538484787713e+00 -5.000000000000e-03
1.702256308265e+00 4.624527236921e+00 -5.000000000000e-03
4.611605640821e+00 1.447877019679e+00 -5.000000000000e-03
1.858760105357e+00 6.226274577697e+00 -5.000000000000e-03
4.873727257803e+00 1.352675851001e+00 -5.000000000000e-03
5.219308931932e+00 3.371983210780e+00 -5.000000000000e-03
1.695421672108e+00 2.681539327685e+00 -5.000000000000e-03
2.689532658903e+00 2.346735400503e+00 -5.000000000000e-03
5.608069861546e+00 1.790066796840e+00 -5.000000000000e-03
3.423174096020e+00 2.508669652563e+00 -5.000000000000e-03
2.934858204209e+00 6.746963711108e-01 -5.000000000000e-03
4.015340799268e+00 5.586859656281e+00 -5.000000000000e-03
5.228152858738e+00 4.099211566138e+00 -5.000000000000e-03
3.142144070414e+00 2.289896213153e+00 -5.000000000000e-03
1.991345898418e+00 6.436676520907e-01 -5.000000000000e-03
3.359929685909e+00 4.357306076845e+00 -5.000000000000e-03
2.728513432507e+00 1.528697558731e+00 -5.000000000000e-03
2.264992777518e+00 5.973610482305e+00 -5.000000000000e-03
7.331954308146e-01 2.465758307386e+00 -5.000000000000e-03
3.517869806730e+00 5.077775833433e+00 -5.000000000000e-03
3.242678204041e+00 1.920836224560e+00 -5.000000000000e-03
5.518663642688e+00 6.755341410019e-01 -5.000000000000e-03
3.410646229874e-01 9.829060902381e-04 -5.000000000000e-03
3.313895201362e+00 2.139284936741e+00 -5.000000000000e-03
4.865931163439e+00 1.322585325193e+00 -5.000000000000e-03
1.217324640668e+00 3.900014621307e+00 -5.000000000000e-03
3.837717282070e+00 1.577156281232e+00 -5.000000000000e-03
7.967586455296e-01 9.843092660477e-01 -5.000000000000e-03
5.255553732652e+00 4.117475896561e+00 -5.000000000000e-03
5.583769535179e+00 5.980686158941e+00 -5.000000000000e-03
8.893559682873e-01 6.070361654697e+00 -5.000000000000e-03
5.472448387388e-01 8.871769936042e-01 -5.000000000000e-03
3.320595919431e+00 4.922701786145e-01 -5.000000000000e-03
4.358718064326e+00 2.144628401704e+00 -5.000000000000e-03
5.665738884320e+00 5.525858449194e+00 -5.000000000000e-03
7.224650523474e-01 1.794887016227e+00 -5.000000000000e-03
4.202225149578e-03 4.191282903113e+00 -5.000000000000e-03
9.903826072724e-01 6.229377643216e+00 -5.000000000000e-03
8.894580045614e-01 1.885024201764e+00 -5.000000000000e-03
6.027782884843e+00 4.052129239730e+00 -5.000000000000e-03
5.522006444953e+00 1.599957219675e-01 -5.000000000000e-03
4.250283069027e+00 6.057373236239e+00 -5.000000000000e-03
3.131689314437e+00 2.171709566344e+00 -5.000000000000e-03
5.164698674438e+00 3.538846154526e+00 -5.000000000000e-03
3.582329015484e+00 4.303740308823e+00 -5.000000000000e-03
3.179914117641e+00 4.900383548340e+00 -5.000000000000e-03
5.478419387521e-01 3.928212089986e+00 -5.000000000000e-03
2.486168171694e+00 8.299430786164e-02 -5.000000000000e-03
2.381084005995e+00 1.730756129096e+00 -5.000000000000e-03
2.717804892572e-01 6.049327038965e-02 -5.000000000000e-03
2.600915359119e+00 3.785532888667e+00 -5.000000000000e-03
2.313625815905e+00 3.698358214042e+00 -5.000000000000e-03
4.681070144361e+00 5.727895406044e-01 -5.000000000000e-03
3.262337562821e+00 4.041837203875e+00 -5.000000000000e-03
3.829409272776e+00 4.115681676558e+00 -5.000000000000e-03
1.832186316422e+00 4.927093381268e+00 -5.000000000000e-03
1.479441054391e+00 5.482418447300e+00 -5.000000000000e-03
5.737584490378e+00 4.405298768886e-01 -5.000000000000e-03
1.817658254864e+00 5.524305242888e+00 -5.000000000000e-03
1.808691666727e+00 2.389296483452e+00 -5.000000000000e-03
3.612507754668e+00 3.006406627157e+00 -5.000000000000e-03
1.710980333289e+00 7.347045884481e-01 -5.000000000000e-03
1.421057422560e+00 1.455037929343e+00 -5.000000000000e-03
3.056518757827e+00 6.275388037836e+00 -5.000000000000e-03
3.531739398041e+00 5.832815696765e+00 -5.000000000000e-03
2.326693530120e+00 2.765819551762e+00 -5.000000000000e-03
9.304302584122e-01 3.830750274639e+00 -5.000000000000e-03
1.484082675518e+00 2.401769692890e+00 -5.000000000000e-03
3.326402690408e+00 1.245892028649e+00 -5.000000000000e-03
1.916030631907e+00 1.464477839247e+00 -5.000000000000e-03
1.152842515501e+00 5.104604936451e+00 -5.000000000000e-03
3.954215558676e+00 1.870694419554e+00 -5.000000000000e-03
2.460813148030e+00 3.494830578665e+00 -5.000000000000e-03
3.539079697805e+00 3.962080196153e+00 -5.000000000000e-03
1.630709070281e+00 2.186839793575e+00 -5.000000000000e-03
9.786896229769e-01 1.783565818818e+00 -5.000000000000e-03
4.795296521472e+00 4.074559356751e-01 -5.000000000000e-03
3.587961093581e+00 5.047578798534e+00 -5.000000000000e-03
4.637847511148e+00 3.910405230732e+00 -5.000000000000e-03
1.247744934149e+00 4.736104143298e+00 -5.000000000000e-03
5.071170825551e+00 1.589339352733e+00 -5.000000000000e-03
6.217454585393e+00 1.427823887728e+00 -5.000000000000e-03
8.344703495493e-01 2.454152030960e+00 -5.000000000000e-03
1.109348716383e+00 8.293034421388e-01 -5.000000000000e-03
