4.258413596837e+00 3.501554647630e-01 5.000000000000e-03
1.690978342689e+00 2.297663135707e+00 5.000000000000e-03
3.187970437235e+00 3.261895523342e+00 5.000000000000e-03
6.028165234389e+00 3.465032902723e+00 5.000000000000e-03
5.934370417635e+00 3.840028941871e+00 5.000000000000e-03
5.730423920275e+00 3.926139461387e+00 5.000000000000e-03
2.656702514755e+00 1.320348428739e+00 5.000000000000e-03
6.941272043483e-01 4.071225791471e+00 5.000000000000e-03
2.795869053633e+00 6.597849079140e-01 5.000000000000e-03
3.323677187844e+00 4.741335513691e+00 5.000000000000e-03
1.875268166301e+00 1.001077203860e+00 5.000000000000e-03
4.094674512600e+00 5.465381355035e+00 5.000000000000e-03
3.793014108994e-01 6.009295726801e+00 5.000000000000e-03
2.248532702910e+00 5.391975237561e+00 5.000000000000e-03
3.548048060333e+00 5.365161518112e+00 5.000000000000e-03
6.599867083443e-01 2.196391012724e+00 5.000000000000e-03
8.427787109528e-01 5.052352803676e-01 5.000000000000e-03
1.789576672426e+00 5.598049580179e+00 5.000000000000e-03
4.014602792483e+00 1.974567917105e+00 5.000000000000e-03
1.346357624700e+00 1.505259098824e+00 5.000000000000e-03
3.013654996380e+00 4.579729218400e+00 5.000000000000e-03
3.643076450155e+00 4.921604492249e+00 5.000000000000e-03
2.030763247747e+00 2.114534373675e+00 5.000000000000e-03
4.033429076100e+00 3.341046419549e+00 5.000000000000e-03
2.040351784828e-01 5.872126215883e+00 5.000000000000e-03
1.359736711680e+00 3.170653698481e+00 5.000000000000e-03
2.658337742055e+00 1.523198980732e+00 5.000000000000e-03
1.226080656862e+00 3.327160653023e+00 5.000000000000e-03
1.569869248354e-01 6.063394103041e+00 5.000000000000e-03
4.283904223312e+00 4.427667656538e+00 5.000000000000e-03
5.752826842037e+00 3.849276331239e+00 5.000000000000e-03
4.548814256540e+00 3.924371001501e+00 5.000000000000e-03
1.617904805992e+00 4.473394419783e+00 5.000000000000e-03
4.249974366371e+00 1.334229088867e-01 5.000000000000e-03
1.085158104017e+00 6.096991899315e+00 5.000000000000e-03
5.976195005241e+00 3.422584416980e+00 5.000000000000e-03
4.938760023700e+00 3.052184481105e+00 5.000000000000e-03
3.046642053916e+00 4.737777221011e+00 5.000000000000e-03
2.524550178452e+00 2.961707726311e+00 5.000000000000e-03
5.137094661253e+00 1.004075713260e+00 5.000000000000e-03
7.058429596512e-01 7.248982091064e-01 5.000000000000e-03
8.461362847355e-01 6.280517286068e+00 5.000000000000e-03
5.173550875246e+00 4.676639889903e+00 5.000000000000e-03
2.746990349066e+00 2.817742018778e+00 5.000000000000e-03
6.088964909910e-01 4.831161195923e+00 5.000000000000e-03
5.573089562394e+00 5.864246403643e+00 5.000000000000e-03
4.837765255166e+00 4.422452153209e+00 5.000000000000e-03
5.648031578952e+00 1.038639407906e+00 5.000000000000e-03
9.368508014066e-01 2.194622715551e+00 5.000000000000e-03
3.303547880744e+00 8.857937454288e-01 5.000000000000e-03
2.447704056923e+00 1.150300902014e+00 5.000000000000e-03
6.094761262292e+00 5.534398996193e+00 5.000000000000e-03
8.603137252937e-01 2.676773174148e+00 5.000000000000e-03
4.056581597530e+00 1.283382313553e+00 5.000000000000e-03
3.853251473955e+00 2.549094133626e+00 5.000000000000e-03
1.380273789178e-01 3.170230718026e+00 5.000000000000e-03
2.576016130687e+00 2.943155791876e+00 5.000000000000e-03
4.604702467413e+00 4.610871468739e+00 5.000000000000e-03
3.904613454484e+00 3.870919719946e-01 5.000000000000e-03
5.401092624675e+00 5.798472470521e+00 5.000000000000e-03
2.895714827002e-01 4.569085912471e+00 5.000000000000e-03
4.397341426702e+00 4.152408154885e+00 5.000000000000e-03
3.119595232580e+00 5.058665302122e+00 5.000000000000e-03
1.490399425490e+00 4.115085253554e+00 5.000000000000e-03
4.324137571398e+00 5.924876170305e+00 5.000000000000e-03
2.449519035317e-01 1.803169085379e+00 5.000000000000e-03
5.264788096483e+00 3.846620682733e+00 5.000000000000e-03
4.243096855728e+00 5.081799137375e+00 5.000000000000e-03
2.691097986742e+00 1.635875482495e+00 5.000000000000e-03
2.152509873387e+00 3.403663517214e+00 5.000000000000e-03
2.059484372481e+00 4.885827963801e+00 5.000000000000e-03
1.040652816763e+00 2.848245841240e+00 5.000000000000e-03
1.031939743932e+00 3.756838753270e+00 5.000000000000e-03
4.097182231421e+00 2.533925301705e+00 5.000000000000e-03
4.831612592290e+00 6.106132523399e-01 5.000000000000e-03
3.451041980481e+00 3.299065298803e+00 5.000000000000e-03
5.558281272900e+00 2.980738554719e+00 5.000000000000e-03
3.732654020433e+00 1.957707837761e+00 5.000000000000e-03
2.104471203595e+00 2.508024736848e+00 5.000000000000e-03
5.298039029241e+00 3.920416155228e+00 5.000000000000e-03
1.987134798925e+00 3.830985648228e+00 5.000000000000e-03
3.490284810095e+00 6.540533999148e-01 5.000000000000e-03
1.650755459782e+00 2.585174151601e-01 5.000000000000e-03
5.415631432764e-01 1.100402005752e+00 5.000000000000e-03
6.199928582087e+00 1.653815268789e+00 5.000000000000e-03
1.661245507618e+00 4.378308943362e-01 5.000000000000e-03
5.147706702516e+00 1.105718176533e+00 5.000000000000e-03
2.600256533742e+00 3.009423053534e+00 5.000000000000e-03
6.338171405522e-01 2.047904071901e+00 5.000000000000e-03
3.846647320948e+00 4.692752470683e+00 5.000000000000e-03
1.692686620849e+00 5.682970168683e+00 5.000000000000e-03
1.208514370787e+00 2.448259013337e+00 5.000000000000e-03
6.153494144764e+00 5.449703266684e+00 5.000000000000e-03
4.184239196884e+00 2.068103962592e+00 5.000000000000e-03
2.806906697549e+00 5.314385833741e+00 5.000000000000e-03
4.422055615881e+00 3.381758050549e+00 5.000000000000e-03
1.950076230484e+00 1.127555100216e+00 5.000000000000e-03
1.512120175452e+00 2.345874217107e+00 5.000000000000e-03
5.123906497497e+00 5.054043818534e+00 5.000000000000e-03
4.621590348004e+00 4.550770465818e+00 5.000000000000e-03
2.144978786523e+00 4.805756262863e+00 -5.000000000000e-03
2.872808592280e+00 2.343580127938e+00 -5.000000000000e-03
5.329628078667e+00 3.158561997009e+00 -5.000000000000e-03
5.144801669590e+00 2.119609608561e+00 -5.000000000000e-03
6.223040328324e+00 1.868518318739e+00 -5.000000000000e-03
4.819464584477e+00 3.239503855774e+00 -5.000000000000e-03
1.527281684919e+00 3.593525280882e+00 -5.000000000000e-03
6.092510102445e+00 6.830230240104e-01 -5.000000000000e-03
1.578085718028e+00 2.030175104993e+00 -5.000000000000e-03
1.139427212857e-01 4.492947927040e+00 -5.000000000000e-03
1.003832201415e+00 4.314852107236e+00 -5.000000000000e-03
4.107283021387e+00 3.584998288185e+00 -5.000000000000e-03
7.261711977344e-01 3.301451319770e+00 -5.000000000000e-03
8.889561883686e-01 4.600619027193e+00 -5.000000000000e-03
6.644256401322e-03 3.981493737568e+00 -5.000000000000e-03
1.406652199131e+00 5.520373017241e+00 -5.000000000000e-03
5.576603951560e+00 3.976541925313e+00 -5.000000000000e-03
4.765479021893e+00 1.941607588277e+00 -5.000000000000e-03
6.079923826117e+00 2.982993311546e+00 -5.000000000000e-03
3.414512256228e+00 7.988789569601e-01 -5.000000000000e-03
2.622915314553e+00 6.268708118827e+00 -5.000000000000e-03
2.063357128867e+00 5.707991630675e+00 -5.000000000000e-03
5.294378460459e+00 2.345298627895e+00 -5.000000000000e-03
5.083202011784e-01 2.443294770559e-01 -5.000000000000e-03
1.717340403436e+00 7.441012476770e-01 -5.000000000000e-03
1.560222544343e+00 8.620914908974e-01 -5.000000000000e-03
5.416133184148e+00 3.173463852863e+00 -5.000000000000e-03
5.282122715071e+00 2.725563587949e+00 -5.000000000000e-03
6.515713272255e-01 3.946348482536e+00 -5.000000000000e-03
4.915997710578e+00 4.933574763992e+00 -5.000000000000e-03
1.375492586652e+00 3.639608162782e+00 -5.000000000000e-03
3.385464866503e+00 1.379602997625e+00 -5.000000000000e-03
1.679040285678e+00 6.150215941000e+00 -5.000000000000e-03
5.672289934228e+00 4.339830672004e+00 -5.000000000000e-03
2.708483246901e-01 4.329715558718e+00 -5.000000000000e-03
6.116923590705e+00 4.930659072004e+00 -5.000000000000e-03
2.872877385162e+00 2.652505808887e+00 -5.000000000000e-03
5.387792212940e+00 2.471441236486e-01 -5.000000000000e-03
2.338969198371e+00 2.832035752292e+00 -5.000000000000e-03
8.666274200879e-02 8.517565288089e-01 -5.000000000000e-03
2.590838262795e+00 6.263740957977e+00 -5.000000000000e-03
3.935312891082e+00 4.675959269645e+00 -5.000000000000e-03
3.963306328070e+00 3.554548468661e+00 -5.000000000000e-03
6.274745635977e-01 9.557955477144e-01 -5.000000000000e-03
1.561227690290e-01 2.561061724378e+00 -5.000000000000e-03
4.280735970123e+00 1.531397828309e+00 -5.000000000000e-03
3.679124394075e+00 1.114223241996e+00 -5.000000000000e-03
2.254042682937e+00 5.974934499438e+00 -5.000000000000e-03
4.737812628883e+00 1.690826010013e+00 -5.000000000000e-03
5.130712329073e-01 4.657733106387e+00 -5.000000000000e-03
8.423377923585e-01 2.042244167606e+00 -5.000000000000e-03
5.257033217812e+00 2.100293518261e+00 -5.000000000000e-03
3.351097697084e+00 1.832293666977e+00 -5.000000000000e-03
5.024658425462e+00 3.263879456278e+00 -5.000000000000e-03
4.085955883137e-01 1.015557115353e+00 -5.000000000000e-03
5.157409425521e+00 3.983252613365e+00 -5.000000000000e-03
2.440102773133e+00 3.867728816092e+00 -5.000000000000e-03
3.172624577593e+00 2.870891140350e+00 -5.000000000000e-03
4.178532524722e+00 3.237730871947e+00 -5.000000000000e-03
1.041338514817e+00 4.048215361614e-01 -5.000000000000e-03
4.572360718909e+00 5.215314933579e+00 -5.000000000000e-03
5.459853747157e+00 5.963915849280e+00 -5.000000000000e-03
2.774268551801e+00 4.761094368245e+00 -5.000000000000e-03
2.890186856708e+00 6.006415458070e+00 -5.000000000000e-03
3.309967848624e+00 1.634778016229e+00 -5.000000000000e-03
4.152947599497e+00 3.466375459644e+00 -5.000000000000e-03
4.703649691194e-01 4.330543712592e+00 -5.000000000000e-03
4.676389765126e+00 3.143387821911e+00 -5.000000000000e-03
1.147959123171e+00 2.247123221211e+00 -5.000000000000e-03
8.206860691504e-01 4.285667632935e+00 -5.000000000000e-03
3.838310444326e+00 3.099540256708e+00 -5.000000000000e-03
4.596770911104e+00 7.021306198501e-01 -5.000000000000e-03
7.053604839205e-01 3.951981194589e+00 -5.000000000000e-03
5.248271430836e+00 5.234769359147e+00 -5.000000000000e-03
2.023505585376e+00 5.809759842781e+00 -5.000000000000e-03
1.461416860491e+00 2.445390019178e-02 -5.000000000000e-03
7.111118295611e-01 3.805547582728e+00 -5.000000000000e-03
5.284153582276e+00 4.484455696245e+00 -5.000000000000e-03
7.861740571156e-01 1.989365205635e+00 -5.000000000000e-03
8.679765681589e-01 2.504772644963e+00 -5.000000000000e-03
1.491589126993e-01 4.489631640848e-01 -5.000000000000e-03
3.693565636400e+00 3.837425338951e+00 -5.000000000000e-03
1.792512224723e+00 5.792726729361e+00 -5.000000000000e-03
1.829005622907e+00 1.900198527086e+00 -5.000000000000e-03
3.812568119944e+00 1.043741244205e+00 -5.000000000000e-03
2.916831673962e+00 4.593135896314e+00 -5.000000000000e-03
5.943301069743e+00 1.996596351599e+00 -5.000000000000e-03
1.635249464987e+00 3.509301379958e+00 -5.000000000000e-03
9.990537252952e-01 6.105230248140e+00 -5.000000000000e-03
3.019138417644e+00 5.189970449160e+00 -5.000000000000e-03
5.288191898996e-01 5.656696994139e+00 -5.000000000000e-03
4.505197005660e+00 2.718020139540e+00 -5.000000000000e-03
4.812378358183e+00 5.580136708573e-01 -5.000000000000e-03
3.453410366309e+00 4.291549747413e+00 -5.000000000000e-03
6.123076922684e+00 1.119220051019e+00 -5.000000000000e-03
6.151609197937e+00 4.353840272255e+00 -5.000000000000e-03
2.994790540825e+00 6.071671824656e+00 -5.000000000000e-03
3.888599842748e+00 1.700008049488e+00 -5.000000000000e-03
2.453972301927e+00 1.004277645263e+00 -5.000000000000e-03
1.779866127909e-01 1.027005540743e+00 -5.000000000000e-03
