4.647228954755e+00 5.753408237289e+00 5.000000000000e-03
5.721530940071e+00 9.524576949057e-02 5.000000000000e-03
5.972698541173e+00 5.596584348067e+00 5.000000000000e-03
2.902673821901e+00 4.126075924582e-01 5.000000000000e-03
5.192221126143e+00 2.945921642044e+00 5.000000000000e-03
2.493902825941e-01 6.145007230979e+00 5.000000000000e-03
5.463923370817e+00 4.926020513617e+00 5.000000000000e-03
2.994081555140e+00 3.390178333420e-01 5.000000000000e-03
5.927406252130e+00 4.860056723771e+00 5.000000000000e-03
2.850789333952e+00 5.737786818960e+00 5.000000000000e-03
5.496024998048e+00 5.619631348006e+00 5.000000000000e-03
6.619039787669e-01 2.330566098399e-01 5.000000000000e-03
5.726789666344e+00 1.624132703205e+00 5.000000000000e-03
1.768412430826e-01 6.211892003674e-01 5.000000000000e-03
4.038545826224e+00 7.197268930271e-01 5.000000000000e-03
1.127568071069e+00 6.049317589624e+00 5.000000000000e-03
5.436027800729e+00 5.579284553375e-01 5.000000000000e-03
8.107431027081e-02 2.732411690392e+00 5.000000000000e-03
4.379305577912e+00 5.179526473463e+00 5.000000000000e-03
2.490798590104e+00 5.965236329213e+00 5.000000000000e-03
3.144426312984e+00 5.370460975740e+00 5.000000000000e-03
5.311190978471e+00 6.207401912415e+00 5.000000000000e-03
4.819148485147e+00 2.259057254565e+00 5.000000000000e-03
8.141788044499e-02 3.970507075806e-01 5.000000000000e-03
5.466573444620e+00 5.535362804385e+00 5.000000000000e-03
2.194362005803e+00 4.521712400269e+00 5.000000000000e-03
2.713855962583e+00 3.452229139853e+00 5.000000000000e-03
6.258321355006e-03 4.035733323957e+00 5.000000000000e-03
3.759022085404e+00 3.072856087514e+00 5.000000000000e-03
5.922523346137e+00 1.644692706657e+00 5.000000000000e-03
1.731575005939e+00 6.106025322990e-01 5.000000000000e-03
3.529894721630e+00 4.969323054972e+00 5.000000000000e-03
2.162707380226e+00 5.825106743472e-01 5.000000000000e-03
2.214417927279e+00 3.032966247417e+00 5.000000000000e-03
4.510804889062e+00 1.136400345564e+00 5.000000000000e-03
2.258663161427e+00 1.278192989462e+00 5.000000000000e-03
3.990058325227e+00 6.175387828111e+00 5.000000000000e-03
4.666254161979e+00 5.553264258412e+00 5.000000000000e-03
4.985098633014e+00 4.272295571616e+00 5.000000000000e-03
5.298364751435e+00 1.542686186569e+00 5.000000000000e-03
2.725398097231e+00 2.822001677833e+00 5.000000000000e-03
4.957061367049e+00 2.886901412305e+00 5.000000000000e-03
7.595374127863e-01 1.817079523611e+00 5.000000000000e-03
1.776757651869e+00 5.643379658973e+00 5.000000000000e-03
1.118084094605e+00 1.574882621912e+00 5.000000000000e-03
6.067039052580e+00 1.911705854958e+00 5.000000000000e-03
2.455003757770e+00 4.025471491147e+00 5.000000000000e-03
4.374100388468e+00 5.501676654903e+00 5.000000000000e-03
5.322128298738e+00 2.678426539348e+00 5.000000000000e-03
5.112258058032e+00 2.516720652792e+00 5.000000000000e-03
3.370089234892e+00 8.358060957150e-01 5.000000000000e-03
5.809388439979e+00 2.090163149909e-01 5.000000000000e-03
4.309938539246e+00 5.229570788662e-01 5.000000000000e-03
5.582559313851e+00 4.371965782035e+00 5.000000000000e-03
5.663944948192e+00 1.471312111277e+00 5.000000000000e-03
3.382428024753e-01 5.233126796565e+00 5.000000000000e-03
2.025899508310e+00 1.657574396149e+00 5.000000000000e-03
3.238162118751e-02 1.616738796367e+00 5.000000000000e-03
3.757931923894e+00 2.375650618161e+00 5.000000000000e-03
5.095383924518e+00 1.316160022943e+00 5.000000000000e-03
4.817620100979e+00 5.782169391959e+00 5.000000000000e-03
3.737573303886e+00 2.650011151326e+00 5.000000000000e-03
3.610690201598e-02 2.615292940632e+00 5.000000000000e-03
5.544282087415e+00 5.961530235331e+00 5.000000000000e-03
3.989347290681e+00 3.968112431616e+00 5.000000000000e-03
1.709361484193e+00 7.278605194933e-01 5.000000000000e-03
4.382536017699e+00 1.743533727533e+00 5.000000000000e-03
4.804974207686e+00 4.820353768278e+00 5.000000000000e-03
5.108815517447e+00 1.046357736791e+00 5.000000000000e-03
5.771690018501e+00 5.576064101543e+00 5.000000000000e-03
4.289661488593e-02 3.474045219994e+00 5.000000000000e-03
3.677955060970e+00 1.436153830042e-01 5.000000000000e-03
3.433792802975e+00 7.570095538442e-01 5.000000000000e-03
2.432598683000e+00 5.182613115881e+00 5.000000000000e-03
2.521476477284e+00 4.580459759917e+00 5.000000000000e-03
2.894164869126e+00 3.078076991852e+00 5.000000000000e-03
1.546893816038e+00 2.543397030317e+00 5.000000000000e-03
4.608965979001e+00 3.250891965415e-01 5.000000000000e-03
2.576315476442e+00 3.074710627454e+00 5.000000000000e-03
5.596574118161e+00 4.280916376107e+00 5.000000000000e-03
4.718667739507e+00 4.230175571018e+00 5.000000000000e-03
4.532195772850e+00 9.446334889646e-01 5.000000000000e-03
1.024874450728e+00 1.718380692195e+00 5.000000000000e-03
1.810148776204e+00 3.658851481308e+00 5.000000000000e-03
1.106726243237e+00 2.610154567118e+00 5.000000000000e-03
9.862917814608e-01 3.713695192082e+00 5.000000000000e-03
1.290758494922e+00 5.452562314384e+00 5.000000000000e-03
1.157929801719e+00 3.178381164124e+00 5.000000000000e-03
1.026011564718e+00 1.559798368933e+00 5.000000000000e-03
4.247680128696e+00 5.517198226103e+00 5.000000000000e-03
2.687020048948e+00 5.862366248533e+00 5.000000000000e-03
5.369539842544e+00 1.234372033211e+00 5.000000000000e-03
1.282450126633e+00 1.787844611404e+00 5.000000000000e-03
1.408142653433e+00 4.725791851068e+00 5.000000000000e-03
5.207107178336e+00 2.026413224169e-02 5.000000000000e-03
1.882780046624e+00 1.297015087088e+00 5.000000000000e-03
4.179239576647e+00 5.312973651373e+00 5.000000000000e-03
3.367019002739e+00 3.685630668675e+00 5.000000000000e-03
1.874280168217e+00 3.023327294077e+00 5.000000000000e-03
2.606933379935e+00 4.737031595690e+00 5.000000000000e-03
4.819783071774e+00 1.507620761531e+00 -5.000000000000e-03
3.022150607684e+00 5.216425661046e+00 -5.000000000000e-03
5.785334060395e+00 4.933378785932e+00 -5.000000000000e-03
3.368704454405e+00 3.372610317451e+00 -5.000000000000e-03
1.638813405522e+00 2.366355705009e+00 -5.000000000000e-03
2.506038859095e+00 5.119220200567e+00 -5.000000000000e-03
2.580747862291e+00 5.028687203865e+00 -5.000000000000e-03
2.504520513352e+00 1.982314177221e+00 -5.000000000000e-03
7.398572204669e-01 1.346571639015e+00 -5.000000000000e-03
3.064763784603e+00 4.558127526759e+00 -5.000000000000e-03
2.390988293214e+00 3.738120229889e+00 -5.000000000000e-03
2.777454561537e+00 5.547130914644e+00 -5.000000000000e-03
2.140634994662e+00 9.217601971652e-01 -5.000000000000e-03
4.963897088525e+00 6.581399726120e-01 -5.000000000000e-03
1.677711044392e+00 3.204913398293e+00 -5.000000000000e-03
3.263118878324e+00 7.033912590833e-01 -5.000000000000e-03
3.663778683971e+00 3.458606648141e+00 -5.000000000000e-03
5.775761498843e-01 4.185927741083e+00 -5.000000000000e-03
4.441252493104e+00 5.829613332751e+00 -5.000000000000e-03
6.100012777524e+00 4.215220644837e+00 -5.000000000000e-03
5.962302209887e+00 4.281941932626e+00 -5.000000000000e-03
5.561690647199e+00 3.508880878809e+00 -5.000000000000e-03
5.858370874060e+00 4.731879818516e+00 -5.000000000000e-03
2.192970089565e+00 5.115967704313e+00 -5.000000000000e-03
2.932256078135e+00 3.033817948951e+00 -5.000000000000e-03
3.945314641581e+00 4.702043983053e+00 -5.000000000000e-03
2.053592806037e+00 4.012433590018e+00 -5.000000000000e-03
4.233312730323e+00 1.540419218052e+00 -5.000000000000e-03
4.125295264117e+00 6.130410404681e+00 -5.000000000000e-03
1.380657618010e-02 9.759108476406e-02 -5.000000000000e-03
2.774367117460e+00 2.300880593535e+00 -5.000000000000e-03
4.711279622823e-01 1.568342540979e+00 -5.000000000000e-03
1.132192928949e+00 5.931949467355e+00 -5.000000000000e-03
1.178883911368e+00 2.145324666786e+00 -5.000000000000e-03
2.335324642926e+00 2.345657045272e+00 -5.000000000000e-03
6.172868263181e+00 2.801152940451e+00 -5.000000000000e-03
2.412221197882e+00 2.506492639965e+00 -5.000000000000e-03
2.856553101865e+00 4.249400266956e+00 -5.000000000000e-03
5.594904867321e+00 5.303031135159e+00 -5.000000000000e-03
4.984332451251e+00 4.572742983154e+00 -5.000000000000e-03
4.428876517154e+00 2.222511859315e+00 -5.000000000000e-03
3.623226282045e+00 3.675886094346e+00 -5.000000000000e-03
4.232017431872e+00 4.257233433701e+00 -5.000000000000e-03
5.960330653888e+00 5.399244400789e+00 -5.000000000000e-03
4.770614310541e+00 2.119952768416e+00 -5.000000000000e-03
6.411355627191e-01 1.901460004034e+00 -5.000000000000e-03
6.229991997130e+00 2.022363712185e-01 -5.000000000000e-03
1.482412872132e+00 1.370232602112e+00 -5.000000000000e-03
5.498713200904e+00 3.543063696244e+00 -5.000000000000e-03
4.515749344114e+00 1.740126942008e+00 -5.000000000000e-03
4.500250759230e+00 4.966857831078e-01 -5.000000000000e-03
6.151981468201e+00 4.325848459799e+00 -5.000000000000e-03
3.790983467365e+00 2.410167719025e+00 -5.000000000000e-03
2.533568541998e+00 9.585748553843e-01 -5.000000000000e-03
4.346202208506e+00 5.966290650996e+00 -5.000000000000e-03
2.006027129924e+00 2.902209091807e-01 -5.000000000000e-03
1.839219997360e+00 5.932251935454e+00 -5.000000000000e-03
4.615784034382e+00 9.630214592913e-02 -5.000000000000e-03
4.469485321682e+00 3.076026162410e-01 -5.000000000000e-03
1.583679959566e+00 1.924420241585e+00 -5.000000000000e-03
5.784814010563e+00 1.005105280072e+00 -5.000000000000e-03
4.194954151822e+00 6.146759389255e+00 -5.000000000000e-03
4.360388321577e+00 3.457392672123e+00 -5.000000000000e-03
8.106308597156e-01 4.588105510869e-01 -5.000000000000e-03
3.212631527289e+00 2.636880298653e-01 -5.000000000000e-03
3.916569934565e+00 3.222733228459e+00 -5.000000000000e-03
2.348944089502e+00 7.408322964361e-02 -5.000000000000e-03
8.187763300332e-01 6.241955123448e+00 -5.000000000000e-03
1.770019845543e+00 5.528372345476e+00 -5.000000000000e-03
5.477483220158e+00 1.556398488952e+00 -5.000000000000e-03
2.381158064390e+00 5.930633514622e+00 -5.000000000000e-03
2.800613737326e+00 4.224995985043e+00 -5.000000000000e-03
4.108347989153e+00 3.723511009640e+00 -5.000000000000e-03
2.931964535228e+00 2.749948867117e+00 -5.000000000000e-03
3.411127919951e+00 3.015644872782e+00 -5.000000000000e-03
2.275294334892e+00 2.251273330474e+00 -5.000000000000e-03
2.550606536475e+00 1.883387229804e+00 -5.000000000000e-03
1.626927659002e+00 4.843004998040e+00 -5.000000000000e-03
3.903617000081e-01 2.009880615597e+00 -5.000000000000e-03
4.302161003451e+00 2.190984517337e+00 -5.000000000000e-03
5.077785800257e+00 2.131684257868e-02 -5.000000000000e-03
6.055471333944e+00 4.198607284442e-01 -5.000000000000e-03
1.247941299261e+00 3.776387843443e+00 -5.000000000000e-03
6.047070786987e+00 3.392783786855e-01 -5.000000000000e-03
4.020966028440e+00 1.848840329955e+00 -5.000000000000e-03
3.379512845222e+00 3.764632170643e+00 -5.000000000000e-03
4.209688445711e+00 2.302669724433e+00 -5.000000000000e-03
9.156463742915e-01 2.486983777003e+00 -5.000000000000e-03
1.744908420162e+00 1.858580188041e+00 -5.000000000000e-03
3.284586055696e+00 2.466827671922e+00 -5.000000000000e-03
1.447941551899e+00 5.229656377925e+00 -5.000000000000e-03
4.629526342108e+00 3.304581380988e+00 -5.000000000000e-03
8.197094397852e-01 5.240763465424e+00 -5.000000000000e-03
1.547021826177e+00 3.297387216256e+00 -5.000000000000e-03
2.079594300872e+00 3.806552779859e+00 -5.000000000000e-03
5.092234320403e+00 5.858760747261e+00 -5.000000000000e-03
2.184052523631e+00 2.735466451336e+00 -5.000000000000e-03
2.806450607441e-01 3.978829540956e+00 -5.000000000000e-03
6.031919071943e+00 3.055046240110e+00 -5.000000000000e-03
4.198276515959e+00 5.082198815223e+00 -5.000000000000e-03
