2.804004292536e+00 6.001574938993e+00 5.000000000000e-03
1.550053872229e+00 4.886634695909e+00 5.000000000000e-03
3.246938116945e+00 5.011005531803e+00 5.000000000000e-03
2.241217356389e+00 3.313248630999e+00 5.000000000000e-03
2.883517069766e-01 1.328237915878e+00 5.000000000000e-03
1.556300546245e+00 2.535738868310e+00 5.000000000000e-03
2.440539941861e+00 6.446216989688e-02 5.000000000000e-03
5.145880284485e-01 6.122234738182e+00 5.000000000000e-03
3.599879709466e+00 1.018976556976e+00 5.000000000000e-03
1.815047909879e+00 6.124786202116e+00 5.000000000000e-03
3.671479337227e+00 4.831641111022e-01 5.000000000000e-03
2.988359340842e+00 2.490217400704e+00 5.000000000000e-03
4.746888748581e+00 4.024764954518e+00 5.000000000000e-03
1.368060648988e+00 2.148116945443e-01 5.000000000000e-03
5.557381057398e+00 6.140103948632e+00 5.000000000000e-03
1.166177119992e-01 2.849904196024e+00 5.000000000000e-03
1.978678380043e+00 9.397008912266e-01 5.000000000000e-03
3.261474381796e+00 4.746922508314e+00 5.000000000000e-03
5.622396624443e+00 1.187230780558e+00 5.000000000000e-03
5.119581089282e+00 4.325739645437e+00 5.000000000000e-03
4.816972121420e-01 3.098981155014e+00 5.000000000000e-03
3.509630253146e-01 8.836829416039e-01 5.000000000000e-03
1.077545068524e+00 5.896453333138e+00 5.000000000000e-03
5.962609658272e+00 1.813433785747e+00 5.000000000000e-03
2.863330974011e+00 2.130801996060e+00 5.000000000000e-03
4.275229219707e+00 7.367490691238e-01 5.000000000000e-03
3.934304620011e+00 5.901165901976e+00 5.000000000000e-03
3.492650273443e+00 2.384336291873e+00 5.000000000000e-03
5.769620044462e+00 5.752566337547e+00 5.000000000000e-03
6.013587172795e+00 5.638092937021e+00 5.000000000000e-03
2.089218663807e+00 4.566355604465e+00 5.000000000000e-03
4.414473683644e+00 2.130086089019e+00 5.000000000000e-03
6.290182256111e-01 5.209411755329e-02 5.000000000000e-03
4.933495107703e+00 4.691716469519e+00 5.000000000000e-03
4.361729270095e+00 4.320160754351e+00 5.000000000000e-03
2.926334644385e+00 4.805632822078e+00 5.000000000000e-03
2.843029619711e-01 5.251047894972e+00 5.000000000000e-03
2.005560393030e+00 4.690853388558e+00 5.000000000000e-03
5.564038880543e+00 1.621005846341e+00 5.000000000000e-03
1.605723116065e+00 5.974512949778e+00 5.000000000000e-03
5.352246946690e+00 3.272842947821e+00 5.000000000000e-03
3.792856340044e+00 4.575239354581e+00 5.000000000000e-03
4.820085231711e+00 1.677234651629e+00 5.000000000000e-03
6.917891176873e-01 3.425244022539e+00 5.000000000000e-03
3.983986886295e+00 1.241913134974e+00 5.000000000000e-03
3.108643510560e+00 5.635591219996e+00 5.000000000000e-03
6.254305634545e+00 1.339355012067e+00 5.000000000000e-03
5.434753322747e+00 2.183753473710e+00 5.000000000000e-03
3.015286879838e+00 4.603495059695e+00 5.000000000000e-03
2.086402151795e+00 2.556527964791e+00 5.000000000000e-03
4.741144432222e+00 3.687084099372e+00 5.000000000000e-03
3.411487871410e+00 4.013978972160e+00 5.000000000000e-03
3.085713095548e+00 2.600066615960e+00 5.000000000000e-03
5.258947360040e+00 3.612772341089e+00 5.000000000000e-03
3.037432696661e+00 3.860559304672e+00 5.000000000000e-03
1.720752711342e+00 4.746908284918e+00 5.000000000000e-03
1.016631031068e+00 3.319733246413e+00 5.000000000000e-03
4.423314230876e+00 2.319899266807e+00 5.000000000000e-03
4.987677299169e+00 3.850038061729e+00 5.000000000000e-03
4.605042483866e+00 5.856838491858e+00 5.000000000000e-03
4.746609654232e+00 1.672587005769e+00 5.000000000000e-03
5.769761615545e+00 1.682928411714e+00 5.000000000000e-03
6.055462437419e+00 5.904377916821e+00 5.000000000000e-03
4.648812053882e+00 1.190683891632e+00 5.000000000000e-03
4.189069852769e+00 4.246756806957e+00 5.000000000000e-03
5.561725085006e+00 4.132291423401e+00 5.000000000000e-03
3.232899472506e+00 3.910484454293e+00 5.000000000000e-03
3.798130337927e+00 4.643682501909e+00 5.000000000000e-03
4.429894145678e+00 5.504382038846e+00 5.000000000000e-03
5.903821614799e+00 2.755321162842e+00 5.000000000000e-03
5.765736718653e+00 5.829670158633e+00 5.000000000000e-03
6.746672738814e-02 4.200847065087e+00 5.000000000000e-03
4.546834074228e+00 3.479383590676e+00 5.000000000000e-03
4.143492600002e+00 2.730209806154e+00 5.000000000000e-03
5.815506771770e+00 2.164398673282e-01 5.000000000000e-03
5.524157077786e+00 1.230034589535e+00 5.000000000000e-03
5.562957923928e+00 3.617686404933e+00 5.000000000000e-03
6.529005962599e-01 1.353986313954e+00 5.000000000000e-03
3.160254076726e+00 5.850235826590e+00 5.000000000000e-03
3.825076344890e+00 2.645316937528e+00 5.000000000000e-03
1.196618644998e-01 5.677565488169e+00 5.000000000000e-03
4.683267129979e+00 3.325012624567e+00 5.000000000000e-03
1.636747407200e+00 3.053998730737e+00 5.000000000000e-03
5.759992124183e+00 1.846776853895e+00 5.000000000000e-03
2.263081810581e-01 5.413134715303e+00 5.000000000000e-03
2.079456823304e+00 3.160415120356e+00 5.000000000000e-03
3.526854897277e+00 5.016039547576e+00 5.000000000000e-03
5.076617149880e+00 5.121544459838e+00 5.000000000000e-03
2.585378261113e+00 5.139711655071e+00 5.000000000000e-03
3.451564559454e+00 4.045826688341e+00 5.000000000000e-03
3.673020132541e+00 3.029314760353e-01 5.000000000000e-03
1.863013249229e-01 2.649313965414e+00 5.000000000000e-03
5.425497962680e+00 3.054376316514e+00 5.000000000000e-03
3.231253423764e+00 1.798528082191e+00 5.000000000000e-03
2.619666599962e+00 3.294598173177e+00 5.000000000000e-03
5.714236556491e+00 3.141660586375e+00 5.000000000000e-03
6.156349251307e+00 4.831067612314e+00 5.000000000000e-03
4.596773459127e-01 1.285167572822e+00 5.000000000000e-03
1.308275471301e-01 2.723974968289e+00 5.000000000000e-03
5.773576769701e+00 1.892120096537e+00 5.000000000000e-03
5.033066667445e+00 3.300364199520e-01 -5.000000000000e-03
1.087685863551e+00 5.521237104349e+00 -5.000000000000e-03
2.022781458514e+00 1.917494791714e+00 -5.000000000000e-03
5.206389107023e+00 7.298094032768e-01 -5.000000000000e-03
5.246205546078e+00 3.484286828547e+00 -5.000000000000e-03
3.366173196874e+00 5.896865075490e+00 -5.000000000000e-03
1.059748432405e+00 2.000920675358e+00 -5.000000000000e-03
1.379605971320e+00 2.758078542674e+00 -5.000000000000e-03
1.325829882438e-01 2.136385273640e+00 -5.000000000000e-03
5.128388836005e+00 5.005574927599e-01 -5.000000000000e-03
3.266628603558e+00 5.316212151908e+00 -5.000000000000e-03
2.159583734748e+00 5.038506092824e+00 -5.000000000000e-03
2.269250281995e+00 5.815309517874e+00 -5.000000000000e-03
1.423897006851e+00 4.325774649617e+00 -5.000000000000e-03
3.944897961732e-01 2.052699080535e-01 -5.000000000000e-03
3.170465361381e+00 4.951873211021e+00 -5.000000000000e-03
7.959965538168e-01 3.545061071909e+00 -5.000000000000e-03
3.731301519511e+00 3.282040177012e-01 -5.000000000000e-03
1.949469466174e+00 1.360741038286e+00 -5.000000000000e-03
5.575583047987e+00 4.878927931264e+00 -5.000000000000e-03
6.412141358415e-01 1.677817959893e+00 -5.000000000000e-03
4.705379725795e+00 2.561301949413e+00 -5.000000000000e-03
2.115955162266e+00 4.817862136971e+00 -5.000000000000e-03
6.012617992878e+00 2.641243722653e+00 -5.000000000000e-03
5.363439352203e+00 2.591924728175e-01 -5.000000000000e-03
3.622009376428e+00 1.807694732698e+00 -5.000000000000e-03
1.822353094071e+00 3.932897146722e+00 -5.000000000000e-03
6.131057353688e+00 1.801928361869e+00 -5.000000000000e-03
4.245280352362e+00 3.563602601055e+00 -5.000000000000e-03
6.123146120020e+00 4.584498425695e+00 -5.000000000000e-03
4.138634925533e+00 2.593722229010e+00 -5.000000000000e-03
1.599185686724e+00 4.068437323868e+00 -5.000000000000e-03
2.471223629393e+00 3.804478491337e+00 -5.000000000000e-03
1.708362054808e+00 2.573644451540e+00 -5.000000000000e-03
3.871446893569e+00 1.088241897101e+00 -5.000000000000e-03
1.844765707399e+00 2.910230918701e+00 -5.000000000000e-03
5.538965181142e+00 1.358883027498e-01 -5.000000000000e-03
1.528522823808e+00 4.093756584907e+00 -5.000000000000e-03
2.416892666187e+00 1.089064422255e+00 -5.000000000000e-03
3.716669273644e+00 3.343045111450e+00 -5.000000000000e-03
6.673165719489e-01 1.698998203927e+00 -5.000000000000e-03
3.557237539354e+00 5.433473440172e+00 -5.000000000000e-03
2.974456222434e+00 6.262104994004e+00 -5.000000000000e-03
5.620796639132e+00 5.411756181997e+00 -5.000000000000e-03
4.272859821217e+00 3.584047050335e+00 -5.000000000000e-03
5.172607671615e+00 1.955914691628e+00 -5.000000000000e-03
3.067111985683e+00 6.105308142831e+00 -5.000000000000e-03
4.786611735861e+00 6.740528082025e-01 -5.000000000000e-03
5.734937803723e-01 5.241336233375e+00 -5.000000000000e-03
5.582598509046e+00 2.416121824322e+00 -5.000000000000e-03
2.186334284497e+00 1.904359118036e+00 -5.000000000000e-03
3.814266632259e+00 5.512190523084e+00 -5.000000000000e-03
5.625875252537e+00 2.580896885559e+00 -5.000000000000e-03
2.251831588484e+00 3.879518432131e+00 -5.000000000000e-03
3.115784900433e+00 2.275827961804e+00 -5.000000000000e-03
3.189901895128e+00 4.260689748404e+00 -5.000000000000e-03
2.549517944642e+00 4.890069349236e+00 -5.000000000000e-03
2.905526630301e+00 2.820205561957e+00 -5.000000000000e-03
8.276327637831e-01 1.245259516683e+00 -5.000000000000e-03
2.637383680776e+00 3.059336245048e+00 -5.000000000000e-03
2.408535011645e+00 1.288176268827e+00 -5.000000000000e-03
4.709270904697e-01 5.256111828623e+00 -5.000000000000e-03
1.406669249671e+00 1.033879988680e+00 -5.000000000000e-03
8.054425404340e-01 5.427035108618e+00 -5.000000000000e-03
5.364159037480e+00 2.914760637299e+00 -5.000000000000e-03
3.826504554652e+00 1.462964607002e+00 -5.000000000000e-03
2.129536214319e+00 4.100175978708e+00 -5.000000000000e-03
4.887746904006e-01 8.021307688082e-01 -5.000000000000e-03
6.285266483094e-01 5.815328605930e-01 -5.000000000000e-03
4.660094466961e-02 2.879236753806e+00 -5.000000000000e-03
4.685731112401e+00 3.469296996319e-01 -5.000000000000e-03
1.005013502677e+00 4.706182235217e+00 -5.000000000000e-03
2.976498909234e+00 3.772581388747e+00 -5.000000000000e-03
4.567039733787e+00 4.426737842054e+00 -5.000000000000e-03
2.785442410241e-01 2.229309958933e+00 -5.000000000000e-03
8.956747678181e-01 2.782303943211e+00 -5.000000000000e-03
1.071982200469e+00 4.521438772728e+00 -5.000000000000e-03
5.312541545594e+00 5.027490823872e+00 -5.000000000000e-03
3.060331563469e+00 2.483977429518e+00 -5.000000000000e-03
5.207509030345e+00 5.263123051485e+00 -5.000000000000e-03
5.733060289145e+00 3.271422864299e+00 -5.000000000000e-03
9.108617532154e-01 1.635611133958e+00 -5.000000000000e-03
3.009883993678e+00 3.022343658110e+00 -5.000000000000e-03
1.765257887967e+00 1.661580609279e+00 -5.000000000000e-03
2.917397167208e+00 1.316080773689e-01 -5.000000000000e-03
1.971714756353e-01 1.327736560113e+00 -5.000000000000e-03
8.901062812253e-01 3.349701367801e+00 -5.000000000000e-03
4.696163731429e+00 3.705938137339e+00 -5.000000000000e-03
5.010865869054e+00 9.010210103771e-01 -5.000000000000e-03
4.883083171893e+00 2.910017240066e+00 -5.000000000000e-03
3.097006110447e+00 3.210546217212e+00 -5.000000000000e-03
9.836540504875e-01 7.099383418786e-01 -5.000000000000e-03
4.855175291839e+00 1.764838873989e+00 -5.000000000000e-03
4.197874922061e+00 8.080598363095e-01 -5.000000000000e-03
6.190312962804e+00 2.793854147480e+00 -5.000000000000e-03
5.723894549599e+00 2.709940385908e+00 -5.000000000000e-03
4.185825117881e+00 5.410934108265e+00 -5.000000000000e-03
5.327785030066e+00 7.446218422112e-01 -5.000000000000e-03
3.302301643754e+00 5.072703693781e+00 -5.000000000000e-03
4.793927601435e+00 2.280745939177e+00 -5.000000000000e-03
