4.457709264945e+00 2.205657477462e+00 5.000000000000e-03
4.650280930182e+00 2.674789674051e+00 5.000000000000e-03
3.650562209918e-01 3.399959366452e+00 5.000000000000e-03
3.917758737787e+00 2.254984954573e+00 5.000000000000e-03
5.897491414428e+00 3.088613033991e+00 5.000000000000e-03
2.798568603503e+00 3.418027236914e+00 5.000000000000e-03
4.631969100380e+00 2.713266265351e+00 5.000000000000e-03
8.678593822863e-01 3.818501065835e+00 5.000000000000e-03
3.566514048089e+00 3.795344600477e+00 5.000000000000e-03
1.052820546797e+00 1.872006122800e+00 5.000000000000e-03
3.812563130719e+00 1.206142583926e+00 5.000000000000e-03
4.282957460223e+00 5.643770162903e+00 5.000000000000e-03
2.888167457142e+00 5.912909994152e+00 5.000000000000e-03
5.490915403891e+00 5.674280270197e+00 5.000000000000e-03
5.001344564054e+00 4.629155015793e+00 5.000000000000e-03
5.796043683049e+00 3.680790395775e+00 5.000000000000e-03
1.121491852274e-01 2.980013134664e+00 5.000000000000e-03
2.648770928094e+00 4.155804086848e+00 5.000000000000e-03
7.918775370959e-01 1.400463352710e-01 5.000000000000e-03
1.884825468012e+00 5.863560945874e+00 5.000000000000e-03
3.686378591382e+00 1.078027009654e+00 5.000000000000e-03
5.198101732304e+00 3.287806927889e+00 5.000000000000e-03
4.722564896288e+00 1.184655844896e+00 5.000000000000e-03
4.319104561775e+00 6.119609649390e+00 5.000000000000e-03
5.524840993987e+00 6.212895895313e+00 5.000000000000e-03
1.526227775264e+00 1.356281356088e+00 5.000000000000e-03
2.758926542771e+00 2.338429987154e-03 5.000000000000e-03
2.880760587296e+00 5.812924897710e+00 5.000000000000e-03
5.911106527101e+00 3.915517425104e+00 5.000000000000e-03
2.358977743057e+00 1.108025247042e+00 5.000000000000e-03
2.944675344181e+00 5.546631577890e+00 5.000000000000e-03
7.646953482152e-01 4.859338542885e-01 5.000000000000e-03
5.590586700003e-01 3.181524016376e+00 5.000000000000e-03
5.769430903971e+00 2.553919212463e+00 5.000000000000e-03
1.125403638972e+00 1.174219113255e+00 5.000000000000e-03
5.005297597458e-01 3.605752889592e+00 5.000000000000e-03
5.802541001239e-01 3.916365945359e+00 5.000000000000e-03
2.066593106876e+00 4.950362675966e+00 5.000000000000e-03
4.310316283617e+00 3.804135229953e+00 5.000000000000e-03
1.383586024225e+00 5.105523478135e+00 5.000000000000e-03
3.870947480255e+00 2.724463367054e+00 5.000000000000e-03
2.123957232885e+00 3.097408059751e+00 5.000000000000e-03
4.452412867203e+00 2.675876937270e+00 5.000000000000e-03
6.141076680297e+00 1.869850673037e+00 5.000000000000e-03
4.174004491092e+00 4.821822555194e+00 5.000000000000e-03
1.534314718646e+00 2.027541549319e+00 5.000000000000e-03
2.807507261011e+00 5.364552024223e+00 5.000000000000e-03
1.064086458747e+00 1.674445938135e+00 5.000000000000e-03
4.487163262060e+00 6.238448850134e+00 5.000000000000e-03
2.456676539904e+00 3.707488109400e+00 5.000000000000e-03
1.603251425152e+00 1.805702099885e+00 5.000000000000e-03
4.961960629081e+00 4.699616884020e+00 5.000000000000e-03
5.539280757201e+00 5.431456311820e+00 5.000000000000e-03
5.750641262697e+00 4.116137477935e-01 5.000000000000e-03
2.841763908087e+00 5.277056919095e+00 5.000000000000e-03
2.258858335477e+00 1.998057790185e+00 5.000000000000e-03
5.976207720952e+00 5.816555991741e+00 5.000000000000e-03
5.861804415097e+00 1.092488782351e+00 5.000000000000e-03
2.850264138245e+00 4.573139778563e+00 5.000000000000e-03
3.150041028614e+00 4.866921034861e+00 5.000000000000e-03
5.198361172996e-01 2.616725839148e+00 5.000000000000e-03
4.623813837413e-01 5.198350536565e+00 5.000000000000e-03
2.974734688770e+00 1.509235133092e+00 5.000000000000e-03
2.601685217334e+00 5.550779771044e+00 5.000000000000e-03
4.987259109095e+00 7.160971252323e-02 5.000000000000e-03
5.986829096669e+00 1.472848426180e+00 5.000000000000e-03
4.689899195263e+00 4.817898280217e+00 5.000000000000e-03
8.342255744092e-01 1.933401344780e+00 5.000000000000e-03
5.565647989341e+00 3.648973377268e+00 5.000000000000e-03
4.782305273343e-01 2.323660851238e+00 5.000000000000e-03
2.525644653159e+00 2.716696157023e+00 5.000000000000e-03
5.164108327776e+00 1.849729699034e+00 5.000000000000e-03
4.554354592878e+00 4.737736852575e+00 5.000000000000e-03
4.342420437661e+00 2.012823953103e+00 5.000000000000e-03
1.175898917636e+00 7.538881695905e-01 5.000000000000e-03
2.190745045752e+00 9.083963671310e-01 5.000000000000e-03
5.451130392344e+00 4.500142411467e+00 5.000000000000e-03
2.930313372801e+00 5.352108000299e+00 5.000000000000e-03
6.376271581778e-01 2.173258534889e+00 5.000000000000e-03
3.010942250802e+00 1.998432430992e+00 5.000000000000e-03
3.199435394119e+00 1.341324193240e+00 5.000000000000e-03
3.074088527870e+00 1.275808581762e+00 5.000000000000e-03
6.206836594723e+00 2.171561918494e+00 5.000000000000e-03
5.861688154172e+00 3.013150385670e+00 5.000000000000e-03
6.267080390297e+00 4.396850025335e+00 5.000000000000e-03
4.179663173264e+00 1.209913019640e-01 5.000000000000e-03
3.590548936453e+00 1.770618253754e+00 5.000000000000e-03
3.102753964205e+00 3.940779119558e+00 5.000000000000e-03
2.506050262355e+00 9.114560394299e-01 5.000000000000e-03
2.466457250428e+00 2.270649154225e+00 5.000000000000e-03
3.473879754561e+00 3.726631287685e+00 5.000000000000e-03
2.766906068237e+00 5.304578532199e-01 5.000000000000e-03
8.749858716416e-01 5.582293498272e+00 5.000000000000e-03
6.058301256344e+00 3.224512566660e+00 5.000000000000e-03
4.038594415850e+00 2.762945198738e+00 5.000000000000e-03
5.726439762155e+00 3.605554963424e+00 5.000000000000e-03
4.837396464554e+00 3.816093702522e+00 5.000000000000e-03
2.387916223016e+00 5.016960408007e+00 5.000000000000e-03
4.977109019056e+00 5.267383293905e+00 5.000000000000e-03
5.826638827353e+00 3.072980079678e+00 5.000000000000e-03
5.498956884648e+00 2.756250815115e-01 -5.000000000000e-03
4.519444008182e+00 3.260999597071e+00 -5.000000000000e-03
5.238660805761e+00 2.960985925302e-01 -5.000000000000e-03
4.217815640817e+00 1.985504657931e+00 -5.000000000000e-03
3.952545824463e+00 5.274800410928e+00 -5.000000000000e-03
3.495241191290e+00 1.850518750360e+00 -5.000000000000e-03
4.726445214104e+00 1.898170808314e+00 -5.000000000000e-03
2.248989992779e+00 5.056661914751e+00 -5.000000000000e-03
2.891789745059e+00 9.355502478831e-01 -5.000000000000e-03
7.290520593325e-01 3.681780347391e+00 -5.000000000000e-03
1.638618809152e+00 4.670000643847e+00 -5.000000000000e-03
4.295100969691e+00 6.188883566492e+00 -5.000000000000e-03
1.926797508337e+00 2.136575578005e+00 -5.000000000000e-03
8.853557638285e-01 3.497014102423e+00 -5.000000000000e-03
2.372412447454e+00 1.999717876500e+00 -5.000000000000e-03
5.691555457289e+00 5.025299600722e-01 -5.000000000000e-03
5.430951410069e+00 2.646745506257e+00 -5.000000000000e-03
2.593828311031e+00 5.718104197958e+00 -5.000000000000e-03
1.139447080415e+00 6.195691147601e+00 -5.000000000000e-03
1.027941538885e+00 3.534203253737e+00 -5.000000000000e-03
3.787386555287e+00 2.303657437349e+00 -5.000000000000e-03
2.534744541373e+00 5.065259785635e+00 -5.000000000000e-03
4.745428780806e+00 3.456675598128e+00 -5.000000000000e-03
2.644245846815e+00 1.731225244842e+00 -5.000000000000e-03
2.384181695197e+00 1.539200373696e-01 -5.000000000000e-03
4.814466595028e+00 2.846992324706e+00 -5.000000000000e-03
7.511519108167e-01 2.171536253692e-01 -5.000000000000e-03
5.649290372194e+00 3.138714339689e+00 -5.000000000000e-03
4.888193917133e-01 2.587313799804e+00 -5.000000000000e-03
2.170289738872e+00 1.580153955674e+00 -5.000000000000e-03
4.927772192515e+00 1.739495994412e+00 -5.000000000000e-03
4.699206515886e+00 5.830812151156e+00 -5.000000000000e-03
4.182231195861e+00 1.873970624483e+00 -5.000000000000e-03
4.558174519786e+00 2.426038191315e+00 -5.000000000000e-03
1.014336876143e+00 2.594464133565e+00 -5.000000000000e-03
1.597996859953e+00 2.898603737952e+00 -5.000000000000e-03
1.472870058610e+00 3.938415855900e+00 -5.000000000000e-03
4.742009946722e+00 5.896385167002e+00 -5.000000000000e-03
4.256356495883e+00 2.854127641466e+00 -5.000000000000e-03
1.715380275633e+00 3.379963366356e+00 -5.000000000000e-03
3.755518426984e+00 2.291191202085e+00 -5.000000000000e-03
3.560805667664e-01 7.747706419568e-01 -5.000000000000e-03
4.031477982203e+00 8.859001804949e-01 -5.000000000000e-03
2.529144938509e+00 2.460183579315e+00 -5.000000000000e-03
4.579438782445e-01 2.581845388693e+00 -5.000000000000e-03
4.075329087578e-01 6.089582891252e+00 -5.000000000000e-03
2.998143331107e+00 5.283633655549e+00 -5.000000000000e-03
2.947207600944e+00 4.970412712622e+00 -5.000000000000e-03
1.291069364324e+00 2.951071969413e+00 -5.000000000000e-03
4.710402495025e-01 6.077610821497e+00 -5.000000000000e-03
1.148868249320e+00 5.380386973526e+00 -5.000000000000e-03
2.111934893906e+00 1.473331995978e+00 -5.000000000000e-03
2.675400394156e+00 3.592853306673e+00 -5.000000000000e-03
2.034383666972e+00 4.125518096117e+00 -5.000000000000e-03
4.582392070603e+00 3.676645986746e+00 -5.000000000000e-03
1.419848289773e+00 5.333596904617e+00 -5.000000000000e-03
2.861401004403e+00 1.893694439593e+00 -5.000000000000e-03
5.545751766069e+00 3.346410850967e+00 -5.000000000000e-03
5.584564998651e+00 4.188231451977e+00 -5.000000000000e-03
4.874592937501e+00 3.731307194225e+00 -5.000000000000e-03
5.214903684415e+00 3.073304706779e+00 -5.000000000000e-03
2.646836266034e+00 1.290843714475e+00 -5.000000000000e-03
1.452542189350e+00 2.324883562818e+00 -5.000000000000e-03
3.101448462207e+00 1.721569526686e+00 -5.000000000000e-03
1.429686280446e+00 3.330839975574e+00 -5.000000000000e-03
1.725301761124e+00 4.609264215943e-01 -5.000000000000e-03
5.092934978669e+00 2.263808854332e+00 -5.000000000000e-03
2.707965864593e+00 1.401962665981e+00 -5.000000000000e-03
4.502338276444e-01 2.491995510687e+00 -5.000000000000e-03
6.147148116433e+00 2.020978040042e+00 -5.000000000000e-03
2.573747465149e+00 4.626138560588e+00 -5.000000000000e-03
3.858185178192e+00 3.367359789269e+00 -5.000000000000e-03
3.448828762141e+00 5.801277470082e+00 -5.000000000000e-03
5.538836264973e-01 6.111929327055e+00 -5.000000000000e-03
5.720662286788e+00 3.895948835877e+00 -5.000000000000e-03
2.058478663035e+00 3.771355165095e-01 -5.000000000000e-03
2.031327803438e-01 5.765580925438e+00 -5.000000000000e-03
2.275508494708e+00 3.868797667948e-01 -5.000000000000e-03
2.912748213755e+00 4.831099516075e+00 -5.000000000000e-03
2.987863657667e+00 3.350789711825e-01 -5.000000000000e-03
2.973640888431e+00 2.611533266509e+00 -5.000000000000e-03
2.871643956897e+00 1.141689617224e+00 -5.000000000000e-03
1.703634339080e+00 2.719080617218e+00 -5.000000000000e-03
3.242707306876e+00 2.197845783627e+00 -5.000000000000e-03
4.210935834096e-01 4.896794360195e-01 -5.000000000000e-03
1.954288132218e+00 3.752172049038e+00 -5.000000000000e-03
5.158984622104e+00 2.629067422301e+00 -5.000000000000e-03
2.418641755056e-01 3.089419172639e+00 -5.000000000000e-03
2.592752661919e+00 2.858471955786e+00 -5.000000000000e-03
2.826482848912e+00 6.030465923652e+00 -5.000000000000e-03
2.799307340043e+00 2.055090439958e+00 -5.000000000000e-03
5.532924033694e+00 2.283606246627e+00 -5.000000000000e-03
2.691239567350e+00 1.059570782728e+00 -5.000000000000e-03
3.922017737431e+00 4.812246346101e+00 -5.000000000000e-03
5.085043536586e+00 1.005445845833e+00 -5.000000000000e-03
5.329539066484e+00 7.147862387417e-01 -5.000000000000e-03
3.384941592246e+00 4.958649303003e+00 -5.000000000000e-03
6.251184761025e+00 1.079553266879e+00 -5.000000000000e-03
4.341127896468e+00 2.064210555072e+00 -5.000000000000e-03
7.439664518725e-01 9.248381904769e-02 -5.000000000000e-03
