1.171798629206e+00 1.140145903173e+00 5.000000000000e-03
3.646210243942e+00 1.691076697367e+00 5.000000000000e-03
5.064486830775e+00 2.963614238402e+00 5.000000000000e-03
3.198210081116e+00 5.975899711750e+00 5.000000000000e-03
4.612127066477e+00 4.454703926837e+00 5.000000000000e-03
1.752741230875e+00 2.081453838678e+00 5.000000000000e-03
2.780800139124e+00 5.364990784501e-01 5.000000000000e-03
4.109060758877e+00 5.565580524528e+00 5.000000000000e-03
3.277911992783e+00 2.133215954659e+00 5.000000000000e-03
9.669308851650e-01 5.223887295951e+00 5.000000000000e-03
4.467017495280e+00 1.613665690604e+00 5.000000000000e-03
5.814014473566e+00 5.433049224836e+00 5.000000000000e-03
5.215224400478e+00 3.018157091956e+00 5.000000000000e-03
1.499325298179e+00 4.470775378427e+00 5.000000000000e-03
1.817183056035e+00 4.675224377455e+00 5.000000000000e-03
1.762856381238e+00 4.346578390172e+00 5.000000000000e-03
1.315013283153e+00 1.274933642234e+00 5.000000000000e-03
5.214079254113e-01 5.480200032116e-01 5.000000000000e-03
2.571152091803e+00 2.108387306138e+00 5.000000000000e-03
4.004023412885e+00 2.472595520527e+00 5.000000000000e-03
2.849304561308e+00 5.034157426554e+00 5.000000000000e-03
2.636203926032e+00 2.790634839481e+00 5.000000000000e-03
3.035392799234e+00 2.269200556454e+00 5.000000000000e-03
4.576725001318e+00 2.722316110912e+00 5.000000000000e-03
5.077615201095e+00 5.595975129347e+00 5.000000000000e-03
5.852118987431e+00 4.010772176103e+00 5.000000000000e-03
3.103072552918e+00 1.399868909738e+00 5.000000000000e-03
3.706818434347e-01 5.382181002273e+00 5.000000000000e-03
1.507636413616e+00 3.243098543080e+00 5.000000000000e-03
2.535159655814e+00 3.873513870363e-01 5.000000000000e-03
2.566087183094e+00 4.714917621586e+00 5.000000000000e-03
2.539259291863e+00 4.624785198662e+00 5.000000000000e-03
4.871778438843e-01 4.438008984058e-01 5.000000000000e-03
6.208973308297e+00 4.561849211830e+00 5.000000000000e-03
5.436148123867e+00 1.557777049753e+00 5.000000000000e-03
5.306539480294e+00 1.838846900395e+00 5.000000000000e-03
1.759407028109e+00 4.772444492815e+00 5.000000000000e-03
6.252874720230e+00 5.137658428161e+00 5.000000000000e-03
4.557768510275e-01 4.805487358196e+00 5.000000000000e-03
2.640222542966e+00 3.698771154206e-02 5.000000000000e-03
5.346060380615e+00 4.156768838088e+00 5.000000000000e-03
3.661282583696e+00 5.131764039317e+00 5.000000000000e-03
1.148589625087e+00 9.058132860735e-01 5.000000000000e-03
1.507348326888e-01 4.602370592835e-01 5.000000000000e-03
5.373166640685e+00 5.869135985110e+00 5.000000000000e-03
1.402915344210e+00 3.539540279524e+00 5.000000000000e-03
6.203311063190e+00 4.345489517213e+00 5.000000000000e-03
2.646155537640e+00 1.645299848867e-01 5.000000000000e-03
1.643584298575e+00 6.150008184800e+00 5.000000000000e-03
1.280724747329e+00 6.069186935915e+00 5.000000000000e-03
5.120777773418e+00 1.878211111283e+00 5.000000000000e-03
9.646663635805e-01 1.213497256906e+00 5.000000000000e-03
1.599146739225e+00 1.079611290286e+00 5.000000000000e-03
3.032209417875e-01 1.239801504908e+00 5.000000000000e-03
3.568297047778e+00 3.295001096123e+00 5.000000000000e-03
3.115613197491e+00 3.636776627708e+00 5.000000000000e-03
5.888851657042e+00 5.481496167803e+00 5.000000000000e-03
2.829845895468e+00 2.564076228998e+00 5.000000000000e-03
3.488046871944e+00 1.255693935371e+00 5.000000000000e-03
4.169871250050e+00 5.161270195300e+00 5.000000000000e-03
4.640517134649e+00 4.097561881955e-01 5.000000000000e-03
5.779615438532e-01 4.316514149537e+00 5.000000000000e-03
2.035235743988e+00 1.457024989681e+00 5.000000000000e-03
1.691210540534e+00 4.082889260255e+00 5.000000000000e-03
2.428168681502e+00 2.604385752164e+00 5.000000000000e-03
5.276737658662e+00 8.702752916490e-01 5.000000000000e-03
6.017931240584e+00 4.047651593004e+00 5.000000000000e-03
5.654014091310e+00 1.827586393814e+00 5.000000000000e-03
2.069341570372e+00 1.050115911915e+00 5.000000000000e-03
5.964700574463e+00 5.932696787792e+00 5.000000000000e-03
6.227794263874e+00 2.007818690621e+00 5.000000000000e-03
3.103979719377e+00 2.866653577115e+00 5.000000000000e-03
4.515764456042e+00 5.680603890082e+00 5.000000000000e-03
9.272046647080e-01 5.995653184648e+00 5.000000000000e-03
2.300144832563e+00 1.255906573277e+00 5.000000000000e-03
2.906102199330e+00 2.601686850141e+00 5.000000000000e-03
5.091745037621e+00 4.854155840501e+00 5.000000000000e-03
4.388324899972e+00 1.359955684553e+00 5.000000000000e-03
3.409782595849e-01 5.245163281123e+00 5.000000000000e-03
3.844404760331e+00 6.139168785214e+00 5.000000000000e-03
1.982516991210e+00 6.087832984130e+00 5.000000000000e-03
5.302010900934e+00 5.981775054617e+00 5.000000000000e-03
3.356616560107e+00 4.434146616279e-01 5.000000000000e-03
2.770676660138e+00 5.897350403239e+00 5.000000000000e-03
3.808151181684e+00 4.496239634074e+00 5.000000000000e-03
5.621445701286e+00 1.566413049699e+00 5.000000000000e-03
1.715106624260e+00 1.581039885596e+00 5.000000000000e-03
9.895897293808e-01 5.291927506862e+00 5.000000000000e-03
4.130657520270e+00 1.258040454015e+00 5.000000000000e-03
1.523925627606e-01 2.299644315938e-02 5.000000000000e-03
1.321741525905e+00 1.862730779017e+00 5.000000000000e-03
2.895804370383e-01 1.959815205736e+00 5.000000000000e-03
4.159442928988e-01 2.803096983003e+00 5.000000000000e-03
3.094394398993e+00 2.158934119784e+00 5.000000000000e-03
3.033371950543e+00 2.570932088887e+00 5.000000000000e-03
4.632488747766e+00 4.772946603627e+00 5.000000000000e-03
5.424784918843e-01 3.822048580351e+00 5.000000000000e-03
3.532433121220e+00 5.622924624700e+00 5.000000000000e-03
5.193749568819e+00 2.753073458053e+00 5.000000000000e-03
7.594900620842e-01 6.214753238979e+00 5.000000000000e-03
3.937264284961e+00 1.742735720120e+00 -5.000000000000e-03
6.164972695480e+00 5.944331408102e+00 -5.000000000000e-03
4.504382745676e+00 6.190717381551e+00 -5.000000000000e-03
3.256493796132e+00 4.836064531630e+00 -5.000000000000e-03
8.782000140036e-01 3.309094646003e+00 -5.000000000000e-03
5.783466844071e+00 2.935505479319e+00 -5.000000000000e-03
5.441946937245e+00 2.917615125236e+00 -5.000000000000e-03
4.639246504232e+00 3.859775990317e+00 -5.000000000000e-03
3.065282907568e+00 6.141109378438e+00 -5.000000000000e-03
2.423087498499e+00 4.597474222584e+00 -5.000000000000e-03
2.486397393789e+00 2.677766288123e+00 -5.000000000000e-03
5.276369826964e+00 3.449671375567e+00 -5.000000000000e-03
6.239814723499e+00 3.425547735589e+00 -5.000000000000e-03
6.194736744496e+00 1.379826661201e+00 -5.000000000000e-03
4.577392287046e+00 2.771644112493e+00 -5.000000000000e-03
6.029808786238e+00 3.389927009363e+00 -5.000000000000e-03
4.395205398704e+00 2.125415565416e+00 -5.000000000000e-03
1.418407598562e-01 4.945329836009e+00 -5.000000000000e-03
3.609933703751e+00 1.766467002594e+00 -5.000000000000e-03
5.332061849042e+00 4.782853000034e-01 -5.000000000000e-03
2.709789051404e+00 3.990868825730e+00 -5.000000000000e-03
1.089242804060e+00 1.418336966015e+00 -5.000000000000e-03
4.775182258102e+00 3.704485884115e+00 -5.000000000000e-03
9.719095371079e-01 9.675469440623e-01 -5.000000000000e-03
1.696174429772e+00 5.554036582476e+00 -5.000000000000e-03
1.119095328108e-01 4.572705733378e+00 -5.000000000000e-03
4.496844897501e+00 6.273908197227e+00 -5.000000000000e-03
1.438452521847e+00 1.372814173703e+00 -5.000000000000e-03
3.355546692650e+00 1.598021903802e+00 -5.000000000000e-03
5.927927263153e+00 1.917677631063e+00 -5.000000000000e-03
5.235354103967e+00 1.201110918507e+00 -5.000000000000e-03
2.411814409318e+00 2.783545866146e+00 -5.000000000000e-03
4.415627175515e+00 2.740314398826e+00 -5.000000000000e-03
4.303408276964e+00 1.713592551220e+00 -5.000000000000e-03
2.445720672557e+00 2.233510544637e+00 -5.000000000000e-03
1.515974593174e+00 3.738406597114e-01 -5.000000000000e-03
4.197107246541e+00 6.086178368482e+00 -5.000000000000e-03
2.212739370155e+00 1.054478058516e+00 -5.000000000000e-03
5.068092681211e+00 3.828548654317e+00 -5.000000000000e-03
3.526678105855e+00 1.066939996231e+00 -5.000000000000e-03
2.727320977688e+00 3.963558661710e+00 -5.000000000000e-03
2.567059297356e+00 3.278255104224e+00 -5.000000000000e-03
1.699660587369e+00 2.482120399328e+00 -5.000000000000e-03
4.828530179023e+00 1.197174187626e+00 -5.000000000000e-03
4.965100665081e+00 5.766676276119e+00 -5.000000000000e-03
7.120502236601e-01 1.712495267277e+00 -5.000000000000e-03
7.162339665019e-01 5.831851717501e+00 -5.000000000000e-03
1.230269258865e+00 2.715650417338e+00 -5.000000000000e-03
3.398579337848e+00 5.063975204910e+00 -5.000000000000e-03
3.143690934981e+00 1.214729716677e+00 -5.000000000000e-03
5.537747766344e+00 6.127992523406e-01 -5.000000000000e-03
3.361675054127e+00 1.871028187424e+00 -5.000000000000e-03
2.390976535558e+00 1.563733089397e+00 -5.000000000000e-03
4.373376708487e-01 1.051057333569e+00 -5.000000000000e-03
3.103090524863e+00 3.845124136366e+00 -5.000000000000e-03
5.155562205232e+00 5.780769824475e+00 -5.000000000000e-03
1.517874517341e+00 2.721579954227e+00 -5.000000000000e-03
6.213091463607e+00 7.208172555139e-01 -5.000000000000e-03
6.278866397894e+00 4.643381750979e+00 -5.000000000000e-03
1.152390622092e+00 1.441876095041e+00 -5.000000000000e-03
4.416969302372e+00 5.022769856139e+00 -5.000000000000e-03
6.231672186495e-01 6.478471979380e-02 -5.000000000000e-03
1.443130289988e+00 6.129078494628e+00 -5.000000000000e-03
1.782194075613e+00 4.967940827802e+00 -5.000000000000e-03
1.065361561688e+00 5.448695682193e+00 -5.000000000000e-03
2.749520874887e+00 3.676766091123e+00 -5.000000000000e-03
4.261820257412e+00 4.430842620311e+00 -5.000000000000e-03
6.012778665934e+00 2.277867550734e+00 -5.000000000000e-03
3.600590908505e+00 4.018690701597e+00 -5.000000000000e-03
3.077647491655e+00 3.543758431786e+00 -5.000000000000e-03
2.929069234103e+00 5.436004265690e+00 -5.000000000000e-03
1.366802409249e+00 1.867251742693e+00 -5.000000000000e-03
3.383395821002e+00 1.638249639201e+00 -5.000000000000e-03
9.219991672400e-01 3.513228685353e+00 -5.000000000000e-03
6.236488491512e+00 3.788730467373e+00 -5.000000000000e-03
4.349246500567e+00 4.285711497460e+00 -5.000000000000e-03
2.541436812291e+00 1.386448262706e+00 -5.000000000000e-03
2.492225435302e+00 4.439887853979e+00 -5.000000000000e-03
5.603584429281e+00 5.843403042547e-01 -5.000000000000e-03
1.850332280819e+00 2.212003911771e+00 -5.000000000000e-03
7.660890054243e-01 3.091822583143e+00 -5.000000000000e-03
8.471484222098e-02 5.114230493508e+00 -5.000000000000e-03
1.302950230022e+00 3.702369714717e+00 -5.000000000000e-03
2.329316302381e+00 4.194092009414e+00 -5.000000000000e-03
8.931189355708e-01 5.720757686109e+00 -5.000000000000e-03
1.965662761460e+00 2.475950866698e+00 -5.000000000000e-03
3.823253886844e+00 2.777465614866e+00 -5.000000000000e-03
5.644197372690e+00 1.332535986028e+00 -5.000000000000e-03
1.770073090902e-01 5.654651319781e+00 -5.000000000000e-03
2.114546684832e+00 3.666946630855e+00 -5.000000000000e-03
3.988829486907e-01 6.250527069569e+00 -5.000000000000e-03
6.147872947708e+00 3.490212965354e+00 -5.000000000000e-03
2.861867423239e+00 3.940556708829e+00 -5.000000000000e-03
2.957345358371e+00 5.258946749261e+00 -5.000000000000e-03
2.229058283739e+00 3.090974947573e+00 -5.000000000000e-03
6.224785675393e-01 3.178921112325e+00 -5.000000000000e-03
4.157392473356e+00 4.237339083213e+00 -5.000000000000e-03
4.077490350425e+00 2.317417468692e+00 -5.000000000000e-03
1.709090502331e+00 3.783023386866e+00 -5.000000000000e-03
5.342642652910e+00 6.099174545351e+00 -5.000000000000e-03
