2.441026475698e+00 1.658670595619e+00 5.000000000000e-03
4.742965714507e+00 5.841627484522e+00 5.000000000000e-03
6.233058097027e+00 3.822703729770e+00 5.000000000000e-03
1.122772178720e+00 1.556855925653e+00 5.000000000000e-03
2.016288179838e+00 5.595603735620e-01 5.000000000000e-03
3.140244198910e+00 6.994643865406e-01 5.000000000000e-03
2.316795783492e+00 4.359959729695e-01 5.000000000000e-03
3.759434834373e+00 1.281030221644e+00 5.000000000000e-03
1.725439084218e-02 3.101258065646e-01 5.000000000000e-03
1.464161989080e+00 6.068895151274e+00 5.000000000000e-03
1.581267528438e+00 4.833633097463e-01 5.000000000000e-03
6.269213487527e+00 2.458097767010e+00 5.000000000000e-03
6.020505111604e+00 4.834636787000e+00 5.000000000000e-03
2.984415704010e+00 2.849550624395e+00 5.000000000000e-03
2.028857187947e+00 9.229049982060e-01 5.000000000000e-03
3.167038955438e+00 2.332947961005e-01 5.000000000000e-03
4.040734486285e+00 5.600854014659e+00 5.000000000000e-03
2.333102896582e-01 5.132043256856e+00 5.000000000000e-03
1.571371259528e+00 4.116975345140e+00 5.000000000000e-03
4.641345122800e+00 4.376834294207e+00 5.000000000000e-03
3.351715276978e+00 5.888480777652e+00 5.000000000000e-03
5.358260360083e+00 2.855249144581e+00 5.000000000000e-03
2.274725143552e+00 5.264847937587e+00 5.000000000000e-03
3.135168129653e+00 5.628407715869e+00 5.000000000000e-03
3.053154820563e+00 1.224026456747e+00 5.000000000000e-03
4.447310821721e-02 2.329473960729e+00 5.000000000000e-03
1.020110286243e+00 4.362890847380e+00 5.000000000000e-03
4.576687097429e+00 2.542498100380e+00 5.000000000000e-03
4.275004585894e+00 3.876303262731e+00 5.000000000000e-03
5.996382155620e+00 4.266924025830e+00 5.000000000000e-03
4.793091331647e-01 3.693888737613e+00 5.000000000000e-03
9.863724209311e-01 1.090171555076e+00 5.000000000000e-03
3.770565245275e+00 2.869629130229e+00 5.000000000000e-03
6.365348339285e-01 4.756418785577e+00 5.000000000000e-03
1.858061842016e+00 4.587950658402e+00 5.000000000000e-03
3.905822047223e+00 5.913443755941e+00 5.000000000000e-03
2.510198805626e+00 6.125342788324e+00 5.000000000000e-03
3.961767100224e+00 9.712407284264e-01 5.000000000000e-03
7.735607015277e-01 2.448494489990e+00 5.000000000000e-03
2.105086960832e+00 4.348721097585e+00 5.000000000000e-03
3.916789219168e+00 5.453018189151e-01 5.000000000000e-03
2.388836472019e+00 9.027725677798e-01 5.000000000000e-03
5.523009704923e+00 3.146667302840e+00 5.000000000000e-03
4.637018944202e+00 9.860442621239e-01 5.000000000000e-03
2.738747458116e+00 1.836498754574e+00 5.000000000000e-03
6.153593776599e+00 4.103313208750e-01 5.000000000000e-03
5.597387542015e+00 1.198913110791e+00 5.000000000000e-03
1.042510355280e+00 1.307008814379e+00 5.000000000000e-03
5.395124772705e+00 5.923992681217e+00 5.000000000000e-03
2.349878883260e+00 1.650030892643e+00 5.000000000000e-03
4.460318731953e+00 4.465756083541e+00 5.000000000000e-03
2.779533546376e+00 1.680856756353e+00 5.000000000000e-03
3.664524835280e+00 2.714401880713e+00 5.000000000000e-03
9.081645281328e-01 2.024854081171e+00 5.000000000000e-03
3.082990633903e-01 6.007902179713e-01 5.000000000000e-03
1.381328423459e+00 2.775174970673e+00 5.000000000000e-03
5.701769956602e+00 1.687175148961e+00 5.000000000000e-03
2.300999768801e+00 1.585710009665e+00 5.000000000000e-03
3.038166238386e+00 3.585547383684e+00 5.000000000000e-03
2.665399555671e+00 1.788204849428e+00 5.000000000000e-03
4.766747956629e+00 3.788602922645e+00 5.000000000000e-03
4.995653607118e+00 3.616944260078e-01 5.000000000000e-03
2.548277173674e+00 2.659075341118e+00 5.000000000000e-03
5.176837077915e+00 1.375417487630e+00 5.000000000000e-03
5.404551737794e+00 3.854899129007e+00 5.000000000000e-03
2.609087438174e+00 1.894035228545e+00 5.000000000000e-03
4.316943194295e+00 2.725967960835e+00 5.000000000000e-03
2.877145722674e+00 6.882933175862e-01 5.000000000000e-03
1.662732735246e+00 1.284848694749e+00 5.000000000000e-03
2.665960131622e+00 1.205250788035e+00 5.000000000000e-03
6.282633313258e+00 5.220591293508e+00 5.000000000000e-03
7.861184034807e-01 4.052102559368e+00 5.000000000000e-03
6.709644333157e-01 3.640635723316e+00 5.000000000000e-03
5.051868765679e+00 5.183074270845e+00 5.000000000000e-03
2.378091347265e+00 5.267413549717e+00 5.000000000000e-03
5.916952432207e+00 6.100334489060e+00 5.000000000000e-03
5.087524194821e+00 6.066052962867e+00 5.000000000000e-03
1.191122202875e+00 8.467992443316e-01 5.000000000000e-03
1.810386138506e+00 4.986886158153e+00 5.000000000000e-03
2.333487054121e+00 5.357681794805e-01 5.000000000000e-03
1.672338910270e+00 2.305501576709e+00 5.000000000000e-03
9.667352052728e-01 4.795237424954e+00 5.000000000000e-03
3.542918751859e+00 1.251253450495e-01 5.000000000000e-03
2.136004743865e+00 2.212717818697e-01 5.000000000000e-03
4.379331320794e+00 3.683492926490e+00 5.000000000000e-03
9.100450319919e-01 2.176632682801e+00 5.000000000000e-03
1.385618533607e-01 1.090985067558e+00 5.000000000000e-03
9.989491530586e-01 4.716595163632e+00 5.000000000000e-03
4.688280643574e+00 5.730136722575e+00 5.000000000000e-03
3.183396122889e+00 2.296419442187e+00 5.000000000000e-03
4.218708417476e+00 1.975329185385e+00 5.000000000000e-03
2.722221201682e+00 2.962279615273e+00 5.000000000000e-03
4.668981365263e+00 5.380370622814e+00 5.000000000000e-03
1.923053380499e+00 6.041480560216e+00 5.000000000000e-03
5.106539753564e+00 3.886419374419e+00 5.000000000000e-03
1.425577093149e-01 3.053478712151e+00 5.000000000000e-03
1.515158179428e+00 4.804282091920e+00 5.000000000000e-03
4.379198669700e+00 2.249801713138e+00 5.000000000000e-03
3.051391872164e+00 5.429437161088e+00 5.000000000000e-03
3.947308488544e+00 6.278251399040e+00 5.000000000000e-03
5.904927861829e+00 2.923122844026e+00 -5.000000000000e-03
3.206782925049e+00 1.953376201399e+00 -5.000000000000e-03
5.445808280066e+00 5.344551103880e+00 -5.000000000000e-03
3.769282759914e+00 5.362206763952e+00 -5.000000000000e-03
3.638381850800e+00 3.938159986212e+00 -5.000000000000e-03
2.601883616972e+00 1.692269155926e+00 -5.000000000000e-03
4.624755144138e+00 4.176225559033e+00 -5.000000000000e-03
2.742820573837e-01 3.193809907195e+00 -5.000000000000e-03
8.163195883961e-01 7.040573721836e-01 -5.000000000000e-03
1.052925281058e+00 3.365134400377e+00 -5.000000000000e-03
3.428953042908e+00 9.546955682892e-01 -5.000000000000e-03
5.139427890466e+00 4.752411443472e+00 -5.000000000000e-03
2.864589327097e+00 9.156413476237e-01 -5.000000000000e-03
6.259928474630e+00 9.474537337439e-01 -5.000000000000e-03
1.161344648006e+00 3.542616018274e+00 -5.000000000000e-03
4.113622535955e+00 3.800288707502e+00 -5.000000000000e-03
3.762151885805e+00 4.403036117502e+00 -5.000000000000e-03
5.928435351968e+00 4.063772659304e+00 -5.000000000000e-03
4.148294026087e+00 2.747476393663e+00 -5.000000000000e-03
4.264449703269e+00 1.577121699163e+00 -5.000000000000e-03
1.299651405572e+00 5.965961782725e+00 -5.000000000000e-03
5.323380933241e+00 5.063798271603e+00 -5.000000000000e-03
2.783532869288e+00 2.377467513305e+00 -5.000000000000e-03
5.997622394050e+00 1.413104403186e+00 -5.000000000000e-03
6.008688943131e+00 4.735031299493e+00 -5.000000000000e-03
3.015852924655e+00 2.035655901482e-01 -5.000000000000e-03
4.433334487590e+00 5.296162173441e+00 -5.000000000000e-03
9.870123246409e-01 5.956450225217e+00 -5.000000000000e-03
5.119903427203e+00 5.826570332890e+00 -5.000000000000e-03
8.972742565944e-02 5.023766275211e+00 -5.000000000000e-03
4.007505893452e+00 5.968088664624e+00 -5.000000000000e-03
1.565770818545e+00 4.545378845216e+00 -5.000000000000e-03
5.996385122118e+00 3.060963486330e+00 -5.000000000000e-03
3.547888064955e+00 5.257829120643e+00 -5.000000000000e-03
1.538710804721e+00 5.635376689488e-02 -5.000000000000e-03
4.705914656045e+00 5.390284994770e+00 -5.000000000000e-03
3.968250325580e+00 4.294464454185e+00 -5.000000000000e-03
5.370992538536e+00 3.908669569817e+00 -5.000000000000e-03
4.552929211921e+00 5.328115861632e+00 -5.000000000000e-03
1.141301736905e+00 2.462192558132e+00 -5.000000000000e-03
1.326229377139e+00 5.946913468692e+00 -5.000000000000e-03
2.929988368391e+00 5.360298761814e+00 -5.000000000000e-03
8.185733468804e-01 2.821826407457e+00 -5.000000000000e-03
2.880560952731e+00 4.983003963426e+00 -5.000000000000e-03
2.315846208677e+00 3.344737688126e+00 -5.000000000000e-03
4.284024501700e+00 3.926207581010e-01 -5.000000000000e-03
2.717202040202e+00 2.812665744120e+00 -5.000000000000e-03
2.159905372213e+00 5.226528668165e+00 -5.000000000000e-03
2.715036696971e+00 5.299772524371e+00 -5.000000000000e-03
5.187721306230e-01 5.836928118291e+00 -5.000000000000e-03
1.685515212269e+00 5.794457509585e+00 -5.000000000000e-03
4.812710091935e+00 5.328966744580e+00 -5.000000000000e-03
3.981952107002e+00 2.773718513704e+00 -5.000000000000e-03
5.417406622258e+00 1.676380842323e+00 -5.000000000000e-03
5.411737932528e+00 3.593988060053e-01 -5.000000000000e-03
2.936241340666e+00 1.660034897184e+00 -5.000000000000e-03
2.724991436584e+00 4.776325435070e+00 -5.000000000000e-03
3.700121465459e+00 2.606276056472e+00 -5.000000000000e-03
8.150754563085e-01 5.977380573052e+00 -5.000000000000e-03
5.345149505380e+00 4.990569445204e+00 -5.000000000000e-03
4.936307246574e-01 4.337937458362e+00 -5.000000000000e-03
2.653187731688e+00 4.653301342505e+00 -5.000000000000e-03
2.434321859258e+00 4.356445318766e-01 -5.000000000000e-03
1.410583625919e+00 4.780718559433e+00 -5.000000000000e-03
5.131014641412e+00 5.338362321581e-01 -5.000000000000e-03
5.720784948964e+00 6.166700847667e+00 -5.000000000000e-03
3.385582907219e+00 3.473457759084e+00 -5.000000000000e-03
4.021985480099e+00 5.772713368359e+00 -5.000000000000e-03
3.633816840219e-01 1.786625949491e+00 -5.000000000000e-03
1.135482767893e+00 4.327428807943e+00 -5.000000000000e-03
5.766245308267e+00 9.220932393547e-01 -5.000000000000e-03
1.646910845923e+00 5.869072502482e+00 -5.000000000000e-03
4.123444911984e+00 2.707285099226e+00 -5.000000000000e-03
1.052176124619e+00 7.937348226077e-01 -5.000000000000e-03
7.496518736573e-01 2.475684857188e+00 -5.000000000000e-03
3.697209423158e+00 3.565221953725e+00 -5.000000000000e-03
1.091273183631e+00 5.611968172872e+00 -5.000000000000e-03
5.359427868557e+00 4.202523932844e+00 -5.000000000000e-03
3.138571138639e-01 3.689655414740e+00 -5.000000000000e-03
4.657617560785e+00 1.336015756532e+00 -5.000000000000e-03
3.083848066226e+00 1.914937092932e+00 -5.000000000000e-03
4.078679253754e-02 1.409589374956e+00 -5.000000000000e-03
4.060553823480e-01 1.291959145978e+00 -5.000000000000e-03
5.087668948460e+00 5.481484565559e+00 -5.000000000000e-03
4.388314587262e-01 4.744412735021e+00 -5.000000000000e-03
6.013383119375e+00 2.896672913686e+00 -5.000000000000e-03
3.417107789844e+00 5.121568333655e+00 -5.000000000000e-03
2.073795950785e-03 5.264397497212e-01 -5.000000000000e-03
3.504477663558e+00 7.025583214694e-01 -5.000000000000e-03
7.918453080557e-01 6.235189744808e+00 -5.000000000000e-03
4.988381155956e+00 4.872073499174e+00 -5.000000000000e-03
3.328080711201e+00 9.019639928564e-01 -5.000000000000e-03
2.977236069158e+00 1.193543600567e+00 -5.000000000000e-03
4.823550402475e+00 1.902420525307e+00 -5.000000000000e-03
1.388923271472e+00 1.075398957021e-01 -5.000000000000e-03
2.541415556576e+00 5.870414181235e+00 -5.000000000000e-03
3.508218678044e+00 3.991138181306e+00 -5.000000000000e-03
1.994304867355e+00 2.122095585864e+00 -5.000000000000e-03
8.356471945954e-01 1.887489114544e+00 -5.000000000000e-03
3.786868401035e-02 3.164700886424e+00 -5.000000000000e-03
