3.587697971139e+00 1.855589629603e+00 5.000000000000e-03
5.954873777375e+00 4.620271957561e+00 5.000000000000e-03
5.878442156154e+00 2.081739839002e+00 5.000000000000e-03
2.276104715156e+00 4.340995239162e+00 5.000000000000e-03
3.059332265229e+00 6.795783651241e-01 5.000000000000e-03
2.958162485978e+00 5.631470236866e+00 5.000000000000e-03
4.316709471032e+00 4.949378833792e+00 5.000000000000e-03
3.208861566072e+00 1.284451004289e-01 5.000000000000e-03
1.795715322908e+00 2.261419645786e+00 5.000000000000e-03
4.029933471428e-01 5.397389464822e+00 5.000000000000e-03
1.147050384045e+00 1.548160020099e+00 5.000000000000e-03
3.800230598424e+00 4.692872073026e+00 5.000000000000e-03
2.824662677193e+00 3.875349680329e+00 5.000000000000e-03
3.963894524502e+00 5.540284073371e+00 5.000000000000e-03
7.909873431111e-02 1.622836227552e+00 5.000000000000e-03
1.111161651255e+00 1.855550017282e+00 5.000000000000e-03
6.041829945497e+00 5.030540124267e+00 5.000000000000e-03
4.006555350133e+00 2.739169600228e+00 5.000000000000e-03
4.429995751798e+00 2.230423393689e+00 5.000000000000e-03
2.005866960240e+00 5.879442964326e+00 5.000000000000e-03
5.447190596015e+00 5.311650497780e+00 5.000000000000e-03
2.156347917470e+00 3.618547856123e+00 5.000000000000e-03
5.103403183683e+00 5.825155611479e+00 5.000000000000e-03
9.718693208463e-01 5.263446104725e+00 5.000000000000e-03
4.860897456001e+00 3.359565307180e+00 5.000000000000e-03
2.570922336265e+00 5.305504283674e+00 5.000000000000e-03
1.268916148117e+00 4.861284561459e+00 5.000000000000e-03
1.732864870548e-01 5.491145945124e+00 5.000000000000e-03
4.140525247860e+00 3.165424548364e+00 5.000000000000e-03
2.579694788913e+00 4.325564389695e-02 5.000000000000e-03
3.480747739827e+00 3.258977845599e+00 5.000000000000e-03
3.534001906871e+00 5.164339951528e+00 5.000000000000e-03
1.265519128249e+00 5.055445475028e+00 5.000000000000e-03
1.902060803598e+00 4.201142634070e-01 5.000000000000e-03
2.173270510762e+00 4.521663836593e+00 5.000000000000e-03
6.022202156792e-01 3.033842375686e+00 5.000000000000e-03
1.193141800397e+00 7.326386256183e-01 5.000000000000e-03
2.611359663185e+00 3.690044701324e+00 5.000000000000e-03
2.324196236969e+00 4.951442296641e+00 5.000000000000e-03
1.861333572027e+00 4.363501504657e+00 5.000000000000e-03
4.167791042430e+00 3.849357711602e+00 5.000000000000e-03
5.937912126575e+00 5.306939084842e+00 5.000000000000e-03
4.829202437835e+00 6.278743060105e-01 5.000000000000e-03
5.199500432690e+00 2.150919019450e+00 5.000000000000e-03
2.691722161127e-01 4.888607449166e+00 5.000000000000e-03
1.183693662532e+00 6.769220117849e-01 5.000000000000e-03
2.383013761382e+00 4.039271400746e+00 5.000000000000e-03
3.216513664837e-01 2.768190005519e+00 5.000000000000e-03
4.240235378286e+00 2.020161299616e+00 5.000000000000e-03
3.785245269362e+00 2.182466632663e+00 5.000000000000e-03
5.410014834619e-01 4.636347116413e+00 5.000000000000e-03
2.751392192022e-02 1.136977386526e+00 5.000000000000e-03
2.264101649112e+00 1.421456057970e+00 5.000000000000e-03
2.694540517441e+00 4.756705838483e+00 5.000000000000e-03
2.828548789574e+00 4.076390998789e+00 5.000000000000e-03
1.917663189679e+00 8.786036550397e-01 5.000000000000e-03
6.026491337664e+00 2.467415671615e+00 5.000000000000e-03
6.158541939176e+00 4.693992777270e+00 5.000000000000e-03
5.605673630693e+00 2.122990987046e+00 5.000000000000e-03
9.418627199784e-01 2.860543498958e+00 5.000000000000e-03
4.462601073697e+00 3.716663771259e+00 5.000000000000e-03
2.795558666979e-01 5.246358483646e+00 5.000000000000e-03
5.801923230091e+00 3.573999166724e+00 5.000000000000e-03
5.780036240927e-01 5.890796897036e+00 5.000000000000e-03
6.249272188502e+00 1.239797285694e+00 5.000000000000e-03
4.623385860636e+00 2.788518778164e+00 5.000000000000e-03
4.931126370364e+00 5.196302404393e+00 5.000000000000e-03
4.947526088533e+00 2.146786501931e+00 5.000000000000e-03
1.893308447631e+00 4.935969713323e-01 5.000000000000e-03
4.746381943503e+00 3.649825897295e+00 5.000000000000e-03
4.737865865270e+00 1.851712029228e-01 5.000000000000e-03
2.277643116782e-01 1.432877370310e+00 5.000000000000e-03
2.723007779546e+00 4.276101996172e+00 5.000000000000e-03
5.688935470660e+00 9.753690299463e-01 5.000000000000e-03
5.008137504372e+00 5.222373153122e+00 5.000000000000e-03
3.742250753444e+00 2.957674206102e+00 5.000000000000e-03
6.168500451504e+00 1.136890336893e+00 5.000000000000e-03
1.609559841403e+00 3.613261455477e+00 5.000000000000e-03
3.349661397195e+00 6.258951369353e+00 5.000000000000e-03
7.136324458314e-01 2.654952681050e+00 5.000000000000e-03
9.411480002545e-01 5.048393676816e+00 5.000000000000e-03
7.773652018544e-01 1.561651030430e+00 5.000000000000e-03
6.122441586214e+00 4.892613691090e+00 5.000000000000e-03
4.672894376921e-01 3.574230633057e+00 5.000000000000e-03
3.531859728905e+00 1.328640321599e+00 5.000000000000e-03
2.864546404344e+00 3.096441251319e+00 5.000000000000e-03
1.315649527806e+00 3.184523945561e+00 5.000000000000e-03
4.580029629610e+00 5.375250036290e+00 5.000000000000e-03
6.539153636941e-01 5.158721129008e+00 5.000000000000e-03
1.821219098598e-02 4.802010891772e+00 5.000000000000e-03
4.624602126043e+00 3.648864885910e+00 5.000000000000e-03
4.888173363285e+00 2.741723583338e+00 5.000000000000e-03
8.915796990708e-01 8.414593741059e-01 5.000000000000e-03
4.697062993255e+00 5.481049135871e-01 5.000000000000e-03
3.583220898548e+00 2.556408436416e+00 5.000000000000e-03
3.223711927210e+00 5.692808075779e+00 5.000000000000e-03
4.067815008939e+00 4.689284456051e+00 5.000000000000e-03
3.736285802011e+00 5.359401247005e+00 5.000000000000e-03
2.272077776232e+00 4.903756092690e+00 5.000000000000e-03
1.159998336836e+00 6.026922160671e+00 5.000000000000e-03
5.854636291760e+00 2.305816244790e+00 -5.000000000000e-03
5.865787827830e+00 5.574259493732e+00 -5.000000000000e-03
5.642808109080e-01 6.241201474273e+00 -5.000000000000e-03
3.693283592023e+00 6.224764600912e+00 -5.000000000000e-03
1.047305120230e+00 2.138057590902e+00 -5.000000000000e-03
1.593724493488e+00 4.658282540444e+00 -5.000000000000e-03
4.909125147290e+00 8.686927838158e-01 -5.000000000000e-03
3.830249510870e+00 3.914560152010e+00 -5.000000000000e-03
5.524648601724e+00 2.184405749465e+00 -5.000000000000e-03
1.496388403414e+00 2.558142931750e+00 -5.000000000000e-03
6.220357898995e-01 4.970244312796e+00 -5.000000000000e-03
1.974979587152e+00 1.262435072904e-01 -5.000000000000e-03
1.395779788863e+00 5.492318030862e+00 -5.000000000000e-03
4.527640306442e+00 4.742344223698e+00 -5.000000000000e-03
2.448631057745e+00 9.001526299358e-01 -5.000000000000e-03
1.478502129545e+00 3.888521638804e+00 -5.000000000000e-03
2.505895573375e+00 1.078089893249e-01 -5.000000000000e-03
5.682558681451e+00 2.942481887241e+00 -5.000000000000e-03
6.535008078900e-01 2.336730879229e+00 -5.000000000000e-03
2.696942453379e+00 5.634156240660e+00 -5.000000000000e-03
4.164925019609e+00 3.499160858822e+00 -5.000000000000e-03
2.876213865235e+00 1.950581834672e+00 -5.000000000000e-03
6.142764457659e+00 8.151003976485e-01 -5.000000000000e-03
5.991138998462e+00 4.640310329077e+00 -5.000000000000e-03
6.026178951417e+00 5.755628984464e+00 -5.000000000000e-03
4.474641879490e+00 4.196534230819e+00 -5.000000000000e-03
3.011870302998e+00 5.995863181698e+00 -5.000000000000e-03
3.897322995214e+00 3.387051554247e+00 -5.000000000000e-03
2.994286160717e+00 6.021393649229e+00 -5.000000000000e-03
2.646752434801e+00 2.094840821041e+00 -5.000000000000e-03
2.461571161961e+00 2.161259380761e+00 -5.000000000000e-03
5.007014858799e-03 4.610623583184e+00 -5.000000000000e-03
2.095472211471e+00 1.748561081013e+00 -5.000000000000e-03
4.234162175639e+00 3.523941489560e+00 -5.000000000000e-03
3.083687741306e+00 5.897276613944e+00 -5.000000000000e-03
4.654167185282e+00 4.029424330487e+00 -5.000000000000e-03
1.082646588253e+00 2.591731003889e+00 -5.000000000000e-03
5.121995902750e+00 9.435482362789e-01 -5.000000000000e-03
3.335502480110e-01 2.129040538083e-01 -5.000000000000e-03
5.174005509284e+00 5.188366719105e+00 -5.000000000000e-03
1.009943310049e+00 5.595641675563e+00 -5.000000000000e-03
5.850295502150e+00 5.018270542736e-01 -5.000000000000e-03
4.664658527611e+00 1.306063951046e+00 -5.000000000000e-03
5.857471197409e+00 2.161524460608e+00 -5.000000000000e-03
4.502715484465e+00 3.509783013550e+00 -5.000000000000e-03
5.353824033591e+00 1.853549382926e+00 -5.000000000000e-03
1.195433678325e+00 5.801736240169e+00 -5.000000000000e-03
6.074472740198e+00 1.019964312787e+00 -5.000000000000e-03
5.807243997985e+00 4.375521967504e+00 -5.000000000000e-03
4.507629895185e+00 3.973424253051e+00 -5.000000000000e-03
1.121208405433e+00 4.272427392911e-01 -5.000000000000e-03
1.817010080837e+00 5.931665093830e+00 -5.000000000000e-03
4.336470348209e+00 3.136255467705e+00 -5.000000000000e-03
4.530556916444e+00 4.027003738234e+00 -5.000000000000e-03
6.235718950302e+00 5.778996074063e+00 -5.000000000000e-03
2.306597767203e+00 5.784398410766e+00 -5.000000000000e-03
1.359137648836e+00 5.730399904511e+00 -5.000000000000e-03
3.831476963551e+00 5.786934086905e+00 -5.000000000000e-03
5.236252056197e+00 6.075781441833e+00 -5.000000000000e-03
1.908216131915e+00 1.102481668060e+00 -5.000000000000e-03
3.157344703874e+00 3.344955945511e+00 -5.000000000000e-03
2.652416201046e+00 6.204734031720e+00 -5.000000000000e-03
2.567523756082e+00 3.745313266776e+00 -5.000000000000e-03
1.178175809814e-01 6.236633521701e+00 -5.000000000000e-03
1.329492464486e+00 2.772091788715e+00 -5.000000000000e-03
7.502660632938e-01 3.815540897788e+00 -5.000000000000e-03
3.767347591309e+00 5.978113553336e+00 -5.000000000000e-03
6.082604448517e+00 2.726285687866e+00 -5.000000000000e-03
2.544469788851e+00 5.964085246504e+00 -5.000000000000e-03
6.014652990454e+00 5.457725813798e+00 -5.000000000000e-03
5.775425085266e+00 3.506524742964e+00 -5.000000000000e-03
1.929357023937e+00 1.432468905690e+00 -5.000000000000e-03
4.310117720276e-01 2.328409720736e+00 -5.000000000000e-03
3.953081727390e+00 4.238532790388e+00 -5.000000000000e-03
2.423188521978e+00 1.253565480404e+00 -5.000000000000e-03
1.472008719114e+00 5.083301067344e+00 -5.000000000000e-03
6.257984050862e+00 3.462054465042e+00 -5.000000000000e-03
4.254890382912e+00 3.432243829615e+00 -5.000000000000e-03
2.340502660102e+00 3.971166484289e+00 -5.000000000000e-03
2.821835482267e+00 2.846468842917e+00 -5.000000000000e-03
5.229649760384e+00 5.739090474794e+00 -5.000000000000e-03
8.424252882452e-01 2.971393189050e+00 -5.000000000000e-03
1.712728020686e+00 5.258837355728e+00 -5.000000000000e-03
4.466928839602e+00 1.087478904663e+00 -5.000000000000e-03
4.255295184360e+00 2.829614028275e+00 -5.000000000000e-03
1.973673778107e+00 3.872894797435e+00 -5.000000000000e-03
3.374120584764e+00 1.848114340227e+00 -5.000000000000e-03
2.387567318663e+00 6.196705309614e-01 -5.000000000000e-03
1.277276469875e+00 4.004398900710e+00 -5.000000000000e-03
6.022486152581e+00 5.991986071772e+00 -5.000000000000e-03
1.457652158421e+00 2.696519196769e+00 -5.000000000000e-03
3.262155856343e+00 2.521660725069e+00 -5.000000000000e-03
2.241456709090e+00 2.219938212625e+00 -5.000000000000e-03
4.914181691032e+00 5.313397859999e+00 -5.000000000000e-03
6.123604217445e+00 3.939700997537e+00 -5.000000000000e-03
4.064468814790e-01 5.873903926771e+00 -5.000000000000e-03
2.770399277459e+00 8.439854875527e-01 -5.000000000000e-03
1.845743854441e+00 2.400862250653e-02 -5.000000000000e-03
5.919127110355e+00 3.424332775231e+00 -5.000000000000e-03
3.089127335024e+00 2.593026378718e+00 -5.000000000000e-03
