5.922821809362e-01 1.849243713759e+00 5.000000000000e-03
2.779872541333e+00 1.058735027074e+00 5.000000000000e-03
6.268976328115e+00 1.951634254767e+00 5.000000000000e-03
6.009364997210e+00 5.021799120524e+00 5.000000000000e-03
6.279598151562e+00 5.275676206693e+00 5.000000000000e-03
2.720399804181e-01 5.294794523519e+00 5.000000000000e-03
4.197048501876e-01 2.812332198212e+00 5.000000000000e-03
2.148776516991e+00 4.877487068295e+00 5.000000000000e-03
2.425953036957e+00 5.970102960896e+00 5.000000000000e-03
6.048018418920e+00 2.039861367431e-01 5.000000000000e-03
3.381140251405e+00 4.538533647870e+00 5.000000000000e-03
2.771988831319e+00 7.279654677883e-01 5.000000000000e-03
3.836730000980e+00 2.834299257526e+00 5.000000000000e-03
3.816067016015e+00 4.722264623157e-01 5.000000000000e-03
8.771536856963e-01 4.759533602726e-01 5.000000000000e-03
4.543841080916e+00 3.893290468973e+00 5.000000000000e-03
1.068757180988e+00 9.472469672432e-02 5.000000000000e-03
5.754527455230e-01 3.063008060799e+00 5.000000000000e-03
3.541959544985e+00 5.262726682149e+00 5.000000000000e-03
2.724892086229e+00 1.340669526284e+00 5.000000000000e-03
5.762010328843e+00 1.198168960334e+00 5.000000000000e-03
1.907560762704e+00 3.983347061713e+00 5.000000000000e-03
1.622023077793e+00 1.461461970166e+00 5.000000000000e-03
8.710088255673e-01 3.587284194405e+00 5.000000000000e-03
1.726864140575e+00 4.967844528647e+00 5.000000000000e-03
1.812249829863e-01 1.186625222691e-01 5.000000000000e-03
5.154383187790e+00 3.591325066564e+00 5.000000000000e-03
2.953173952452e+00 7.341789879948e-01 5.000000000000e-03
9.564072447613e-01 5.565879119418e+00 5.000000000000e-03
5.712436549705e+00 3.467726589217e+00 5.000000000000e-03
4.127234587464e+00 6.028348997606e+00 5.000000000000e-03
1.614623538274e+00 4.788809940512e+00 5.000000000000e-03
2.489002117852e+00 1.414352519757e-01 5.000000000000e-03
5.451061137436e+00 1.635099026956e+00 5.000000000000e-03
2.467863654779e+00 2.949231418552e+00 5.000000000000e-03
4.267277275705e+00 1.932361479030e+00 5.000000000000e-03
1.405084691763e+00 2.465759738558e+00 5.000000000000e-03
9.643079403647e-01 5.059213792390e-01 5.000000000000e-03
1.508501508361e+00 1.092529116198e+00 5.000000000000e-03
1.831175277732e-01 5.429640943714e+00 5.000000000000e-03
4.704823232967e+00 4.825320213850e+00 5.000000000000e-03
1.597123744053e+00 5.900761843296e+00 5.000000000000e-03
1.618889371461e+00 6.050687254061e+00 5.000000000000e-03
1.125195807031e+00 3.660894072209e+00 5.000000000000e-03
3.770829649127e+00 1.570888800374e+00 5.000000000000e-03
5.447988055527e+00 4.647630539128e+00 5.000000000000e-03
4.647129060031e+00 3.081463472416e+00 5.000000000000e-03
1.846278532573e+00 4.888787255846e+00 5.000000000000e-03
2.549843656876e+00 4.063465861962e+00 5.000000000000e-03
3.929450901905e+00 4.618519896094e+00 5.000000000000e-03
3.961010125349e+00 4.585071838651e+00 5.000000000000e-03
9.501398446341e-01 4.060287570135e+00 5.000000000000e-03
6.001040792521e+00 7.595814827177e-01 5.000000000000e-03
2.670203469463e+00 2.011399577089e+00 5.000000000000e-03
6.281167365370e+00 2.430487280049e+00 5.000000000000e-03
4.536418292343e+00 4.578466551464e-01 5.000000000000e-03
5.227566043171e+00 3.175834377465e+00 5.000000000000e-03
6.093460761482e-01 6.260108260626e+00 5.000000000000e-03
3.449834782363e+00 1.411088162521e+00 5.000000000000e-03
4.709558449570e+00 1.214905568076e+00 5.000000000000e-03
2.192726462476e+00 6.033918805504e+00 5.000000000000e-03
6.164347796491e+00 2.459127407539e+00 5.000000000000e-03
4.915143892668e+00 3.950485733480e+00 5.000000000000e-03
8.461173581599e-01 1.792161978607e+00 5.000000000000e-03
2.030059694111e+00 2.358061413897e+00 5.000000000000e-03
5.871171095449e+00 3.852131579086e+00 5.000000000000e-03
3.143273814257e+00 5.011110361977e+00 5.000000000000e-03
2.242162000515e+00 4.973690954866e+00 5.000000000000e-03
2.172424673826e+00 5.163168403502e+00 5.000000000000e-03
6.213200228521e+00 6.126649355614e+00 5.000000000000e-03
1.794205853319e+00 4.741861440005e+00 5.000000000000e-03
1.687723796135e+00 1.578319401794e+00 5.000000000000e-03
5.564550962669e+00 5.657451650577e+00 5.000000000000e-03
3.727860277446e+00 4.815299959383e+00 5.000000000000e-03
2.723931181550e+00 1.044669060371e+00 5.000000000000e-03
3.745281851484e+00 3.624994833963e+00 5.000000000000e-03
1.195388661482e+00 4.431196405863e+00 5.000000000000e-03
5.249627813797e+00 3.344626257073e+00 5.000000000000e-03
2.781139499109e+00 5.716335108056e+00 5.000000000000e-03
1.575313194093e+00 2.635452629591e-01 5.000000000000e-03
2.179397054929e+00 5.294664923077e+00 5.000000000000e-03
4.463524255529e+00 3.267522266130e-01 5.000000000000e-03
3.833794771107e+00 2.261728583047e+00 5.000000000000e-03
1.859664322199e-01 4.495549571916e+00 5.000000000000e-03
2.790368842453e+00 6.042132655192e+00 5.000000000000e-03
1.316369146519e+00 1.903520385046e+00 5.000000000000e-03
6.077629188656e+00 1.314134127807e-01 5.000000000000e-03
5.666740955453e+00 3.755652266027e+00 5.000000000000e-03
4.056320771440e+00 3.769725000893e+00 5.000000000000e-03
9.167350554950e-01 2.200060322794e-01 5.000000000000e-03
2.713030399348e+00 1.604607611934e+00 5.000000000000e-03
5.434993857760e+00 1.852275122497e+00 5.000000000000e-03
1.775382902623e+00 6.261002005343e-02 5.000000000000e-03
5.120189620802e-01 2.272894834425e+00 5.000000000000e-03
7.757908927449e-01 4.634092412818e+00 5.000000000000e-03
1.800266328811e+00 4.361402471004e+00 5.000000000000e-03
4.901651265720e-01 1.037800483482e+00 5.000000000000e-03
1.250006197897e+00 1.926599981109e+00 5.000000000000e-03
3.298583238818e+00 6.191170643831e+00 5.000000000000e-03
5.098091076029e+00 1.150333029666e+00 5.000000000000e-03
4.292481393911e+00 6.966375792758e-02 -5.000000000000e-03
3.293974351725e-01 2.080842896375e+00 -5.000000000000e-03
3.585585712254e+00 1.924399961465e-01 -5.000000000000e-03
1.264172031493e+00 7.881633894748e-01 -5.000000000000e-03
3.426913902760e+00 4.612455258507e+00 -5.000000000000e-03
3.584398620954e+00 2.704393150418e+00 -5.000000000000e-03
4.160957837151e-01 1.343578341538e+00 -5.000000000000e-03
6.090992287805e+00 1.995133548934e+00 -5.000000000000e-03
1.907162622080e+00 1.639682150470e+00 -5.000000000000e-03
3.721707845890e+00 5.862646160019e+00 -5.000000000000e-03
4.310394229165e+00 5.234801486868e+00 -5.000000000000e-03
8.896788664090e-01 4.511607765696e+00 -5.000000000000e-03
2.978323991886e+00 1.372543335834e+00 -5.000000000000e-03
5.611130464998e+00 3.268810613947e+00 -5.000000000000e-03
3.822632385459e+00 5.082731254501e+00 -5.000000000000e-03
5.430317642454e+00 4.632033513886e+00 -5.000000000000e-03
4.906353499830e+00 5.761092437098e+00 -5.000000000000e-03
5.848724269237e+00 4.510386503708e+00 -5.000000000000e-03
1.137235973366e+00 1.198921883570e+00 -5.000000000000e-03
1.974026442117e+00 9.309754075426e-01 -5.000000000000e-03
2.885492509400e+00 2.623212714090e-01 -5.000000000000e-03
2.016648760809e+00 2.894483494281e-01 -5.000000000000e-03
5.857321951148e+00 2.331620644186e+00 -5.000000000000e-03
3.524237730288e+00 6.140007455057e+00 -5.000000000000e-03
5.352349006774e+00 6.148902910909e+00 -5.000000000000e-03
1.057602140377e-01 4.764784159170e-01 -5.000000000000e-03
3.564386258396e+00 4.970583698934e+00 -5.000000000000e-03
3.602490502839e+00 2.150118701675e+00 -5.000000000000e-03
3.866481380480e+00 1.803032426145e+00 -5.000000000000e-03
3.412391324831e+00 5.196877966567e+00 -5.000000000000e-03
4.689399305653e+00 4.864322928601e+00 -5.000000000000e-03
3.185689039257e+00 4.869024197991e+00 -5.000000000000e-03
4.883251044909e+00 1.622267616946e-01 -5.000000000000e-03
4.696048885798e-01 1.924691538264e+00 -5.000000000000e-03
4.960757161034e+00 2.784425341265e+00 -5.000000000000e-03
5.719508209454e+00 4.237459125377e-01 -5.000000000000e-03
1.165972790272e+00 1.023294385904e+00 -5.000000000000e-03
7.854993901499e-01 4.350992706885e+00 -5.000000000000e-03
7.437818975682e-01 1.762034706692e+00 -5.000000000000e-03
2.533452844727e+00 1.451452391570e-01 -5.000000000000e-03
3.083826196935e+00 2.230002890680e+00 -5.000000000000e-03
5.658098946602e+00 2.948491098048e-01 -5.000000000000e-03
3.680682819863e+00 5.485137773560e+00 -5.000000000000e-03
5.091328437628e-01 4.445280484154e+00 -5.000000000000e-03
4.530919159298e+00 5.706840961369e-01 -5.000000000000e-03
1.175873283965e+00 2.185271833277e+00 -5.000000000000e-03
3.454410205844e-02 1.743645887421e+00 -5.000000000000e-03
2.736295909160e+00 1.170605176884e+00 -5.000000000000e-03
2.068402023361e+00 2.294928176944e-01 -5.000000000000e-03
5.115043098118e+00 1.141627448242e-01 -5.000000000000e-03
1.668187978860e+00 4.149260451670e+00 -5.000000000000e-03
5.487183619972e+00 2.454785172331e+00 -5.000000000000e-03
4.203466474066e+00 2.720535567912e+00 -5.000000000000e-03
3.934294147334e+00 5.638492287100e+00 -5.000000000000e-03
5.782296716100e+00 6.108470343534e+00 -5.000000000000e-03
3.957305591585e+00 4.956530562391e+00 -5.000000000000e-03
4.508104541507e+00 1.590720746054e+00 -5.000000000000e-03
3.885778890658e+00 6.108598949319e+00 -5.000000000000e-03
3.692476778708e+00 2.363509843382e+00 -5.000000000000e-03
2.820151186788e+00 1.888945271538e+00 -5.000000000000e-03
1.576906289830e+00 1.863551663695e+00 -5.000000000000e-03
2.348640576325e+00 5.260002571982e+00 -5.000000000000e-03
2.765882494313e-01 5.697293627015e+00 -5.000000000000e-03
6.635504955210e-01 3.387377191168e-01 -5.000000000000e-03
2.151084955969e+00 2.134409699487e+00 -5.000000000000e-03
1.603648178751e+00 2.383236222107e+00 -5.000000000000e-03
2.661418107007e+00 5.771459369883e+00 -5.000000000000e-03
4.621073504717e+00 5.617909641376e-01 -5.000000000000e-03
6.160546801407e+00 2.096812962657e+00 -5.000000000000e-03
3.992898746374e-01 1.417681643303e+00 -5.000000000000e-03
3.745655830234e-01 2.287133607586e-01 -5.000000000000e-03
3.114712261060e+00 5.215319363985e+00 -5.000000000000e-03
8.528550051939e-01 3.296225251443e+00 -5.000000000000e-03
5.827457356353e+00 1.092089866314e-01 -5.000000000000e-03
3.257078275680e+00 1.622091610910e+00 -5.000000000000e-03
6.107636882293e+00 2.727172547705e-01 -5.000000000000e-03
2.660117492768e+00 1.420490469316e+00 -5.000000000000e-03
2.553417313159e+00 5.962346096578e+00 -5.000000000000e-03
1.086872946685e-01 4.044285426409e+00 -5.000000000000e-03
2.153183795079e+00 4.059361804150e+00 -5.000000000000e-03
2.558383187918e+00 3.436021440837e+00 -5.000000000000e-03
5.780635785339e+00 5.618868522305e+00 -5.000000000000e-03
3.198983781801e+00 4.739278280338e+00 -5.000000000000e-03
4.772404795620e+00 1.921374515401e+00 -5.000000000000e-03
3.036357389623e+00 5.788303337591e+00 -5.000000000000e-03
1.117590971596e+00 2.333220067860e+00 -5.000000000000e-03
1.939753249633e+00 6.074512754156e-01 -5.000000000000e-03
5.680359729078e+00 4.916644774994e+00 -5.000000000000e-03
4.369826556661e+00 5.390958419850e+00 -5.000000000000e-03
2.176303082581e+00 4.638490065587e+00 -5.000000000000e-03
4.244385053757e+00 2.433158524235e+00 -5.000000000000e-03
4.640800518268e+00 4.860545750103e+00 -5.000000000000e-03
3.621250968428e+00 3.464893828124e+00 -5.000000000000e-03
2.028392719150e+00 3.449457210767e+00 -5.000000000000e-03
5.999232354546e+00 3.407449675000e+00 -5.000000000000e-03
2.005092416990e+00 2.019893820996e+00 -5.000000000000e-03
2.180238438687e+00 6.068432162899e+00 -5.000000000000e-03
1.933513583902e+00 5.342968934435e+00 -5.000000000000e-03
5.492262328532e+00 3.576581426858e+00 -5.000000000000e-03
4.880508350035e+00 6.129465014574e+00 -5.000000000000e-03
