1.768350724353e+00 1.311445460221e+00 5.000000000000e-03
3.958225968027e+00 1.852764931878e+00 5.000000000000e-03
5.557707561386e+00 3.162985075629e+00 5.000000000000e-03
3.131205274820e+00 6.072395906700e+00 5.000000000000e-03
4.088449854982e+00 4.804672642437e+00 5.000000000000e-03
2.397248686445e+00 2.172127138476e+00 5.000000000000e-03
2.953549156756e+00 2.732700461098e-01 5.000000000000e-03
4.041170474913e+00 5.467735792982e+00 5.000000000000e-03
2.941966415519e+00 1.916622350976e+00 5.000000000000e-03
1.034382039051e+00 5.067211193172e+00 5.000000000000e-03
4.827092396742e+00 1.861385238399e+00 5.000000000000e-03
5.852862214131e+00 5.456855894694e+00 5.000000000000e-03
5.277380307607e+00 2.606714702955e+00 5.000000000000e-03
1.315774485933e+00 4.443975617254e+00 5.000000000000e-03
1.692054449110e+00 4.288356378929e+00 5.000000000000e-03
1.293253144567e+00 3.997552006509e+00 5.000000000000e-03
2.030903963408e+00 1.324050426192e+00 5.000000000000e-03
5.269836418197e-01 6.203752153843e-01 5.000000000000e-03
3.048323333377e+00 2.749451218968e+00 5.000000000000e-03
3.895792054008e+00 2.229058216707e+00 5.000000000000e-03
2.626181170395e+00 4.827754632958e+00 5.000000000000e-03
3.074963257801e+00 3.545677689738e+00 5.000000000000e-03
2.989571392136e+00 2.305821377350e+00 5.000000000000e-03
5.402481588814e+00 2.871687315607e+00 5.000000000000e-03
5.502207552091e+00 5.944578836877e+00 5.000000000000e-03
5.541829264600e+00 4.047233842793e+00 5.000000000000e-03
3.226210863394e+00 1.212815411860e+00 5.000000000000e-03
4.333991922854e-01 5.297628031614e+00 5.000000000000e-03
1.303783823856e+00 3.195068849507e+00 5.000000000000e-03
2.828096415162e+00 4.352615659341e-01 5.000000000000e-03
2.073756658009e+00 4.598224489161e+00 5.000000000000e-03
2.003020388150e+00 4.664548146141e+00 5.000000000000e-03
5.453904159808e-01 5.070840468211e-01 5.000000000000e-03
1.886904737137e-01 4.410993097875e+00 5.000000000000e-03
5.263635796457e+00 1.701610123316e+00 5.000000000000e-03
5.421290403633e+00 1.668668728957e+00 5.000000000000e-03
1.568579606906e+00 4.293471396371e+00 5.000000000000e-03
6.008885789106e+00 4.654493300322e+00 5.000000000000e-03
2.238349185822e-01 4.983586929352e+00 5.000000000000e-03
2.552866735412e+00 7.641349280843e-02 5.000000000000e-03
4.955954108645e+00 4.404462522404e+00 5.000000000000e-03
3.194354607920e+00 5.408512175089e+00 5.000000000000e-03
1.398708508324e+00 1.356353154350e+00 5.000000000000e-03
4.669580226558e-01 8.119319411638e-01 5.000000000000e-03
5.617150946689e+00 6.159045362787e+00 5.000000000000e-03
1.320895487701e+00 3.418250057907e+00 5.000000000000e-03
5.991166884016e+00 4.292887984559e+00 5.000000000000e-03
2.463317378531e+00 1.511216655570e-01 5.000000000000e-03
1.628800410238e+00 1.439970240687e-01 5.000000000000e-03
1.201143411447e+00 6.037603360574e+00 5.000000000000e-03
5.445089478108e+00 1.961405779689e+00 5.000000000000e-03
1.520948789442e+00 1.419880713960e+00 5.000000000000e-03
1.743276996099e+00 1.136548877660e+00 5.000000000000e-03
4.067216714349e-01 1.297586459887e+00 5.000000000000e-03
3.811221564879e+00 3.273697803288e+00 5.000000000000e-03
2.850281433921e+00 4.113913488494e+00 5.000000000000e-03
5.763366367749e+00 5.445313739206e+00 5.000000000000e-03
3.412752515399e+00 2.854913673577e+00 5.000000000000e-03
3.683892998682e+00 1.275216838219e+00 5.000000000000e-03
3.775654360036e+00 5.155781827801e+00 5.000000000000e-03
4.569482568976e+00 3.082788101070e-01 5.000000000000e-03
3.294771106994e-01 4.300884114140e+00 5.000000000000e-03
2.376054502203e+00 1.308589969921e+00 5.000000000000e-03
1.101235964114e+00 4.076952353455e+00 5.000000000000e-03
3.185857073556e+00 3.318208722233e+00 5.000000000000e-03
5.245947486570e+00 6.508106990860e-01 5.000000000000e-03
5.375515210587e+00 4.010254968690e+00 5.000000000000e-03
5.702376852332e+00 1.492787107847e+00 5.000000000000e-03
2.190821551805e+00 8.149154098408e-01 5.000000000000e-03
6.131159754259e+00 5.584607938439e+00 5.000000000000e-03
2.137804652656e-01 2.157957581541e+00 5.000000000000e-03
3.369026798311e+00 2.551348387821e+00 5.000000000000e-03
4.686790537822e+00 5.665870434643e+00 5.000000000000e-03
6.185331240608e-01 6.170092968332e+00 5.000000000000e-03
2.617401840617e+00 1.030556661629e+00 5.000000000000e-03
3.344474575790e+00 2.782738922350e+00 5.000000000000e-03
4.915937721387e+00 4.927677228990e+00 5.000000000000e-03
4.444095698553e+00 1.202209016214e+00 5.000000000000e-03
5.252694489854e-01 5.419002413153e+00 5.000000000000e-03
3.863877935822e+00 5.894118285847e+00 5.000000000000e-03
1.786912199725e+00 6.184001621946e+00 5.000000000000e-03
5.848929195738e+00 5.914502927936e+00 5.000000000000e-03
3.490565185351e+00 2.317958646891e-01 5.000000000000e-03
2.350012941276e+00 5.860481230993e+00 5.000000000000e-03
3.379473508059e+00 4.533524778590e+00 5.000000000000e-03
5.091724740046e+00 1.450313189232e+00 5.000000000000e-03
2.063343374754e+00 1.801629780982e+00 5.000000000000e-03
1.097524094455e+00 5.025906495418e+00 5.000000000000e-03
4.367854568974e+00 1.401401373290e+00 5.000000000000e-03
1.215452868893e-01 6.262756844729e+00 5.000000000000e-03
1.610839848385e+00 1.418919786821e+00 5.000000000000e-03
4.288703122372e-01 1.875514235735e+00 5.000000000000e-03
7.254208325510e-01 2.659497783770e+00 5.000000000000e-03
3.071591674039e+00 2.247229979711e+00 5.000000000000e-03
3.173287430662e+00 2.633665921843e+00 5.000000000000e-03
4.434760673818e+00 4.989005395817e+00 5.000000000000e-03
4.636505901428e-02 3.804962014502e+00 5.000000000000e-03
3.253164432234e+00 5.694220981610e+00 5.000000000000e-03
5.250504127537e+00 2.803156544327e+00 5.000000000000e-03
7.915929739246e-01 1.305138328390e-01 5.000000000000e-03
4.211820598606e+00 1.732656313354e+00 -5.000000000000e-03
6.260720182130e+00 5.590515977208e+00 -5.000000000000e-03
4.432971525636e+00 6.150775903148e+00 -5.000000000000e-03
2.951797643157e+00 4.867241466549e+00 -5.000000000000e-03
5.964223196575e-01 3.394044950867e+00 -5.000000000000e-03
5.965103368125e+00 2.789325852155e+00 -5.000000000000e-03
5.581532419829e+00 2.482586586556e+00 -5.000000000000e-03
4.553885161263e+00 3.801982846459e+00 -5.000000000000e-03
2.968874426902e+00 6.152976011405e+00 -5.000000000000e-03
1.851203240339e+00 4.460514962071e+00 -5.000000000000e-03
3.002199030431e+00 3.384431685063e+00 -5.000000000000e-03
5.287746538068e+00 3.432772412184e+00 -5.000000000000e-03
5.902462649404e+00 3.409402320187e+00 -5.000000000000e-03
6.275436910282e+00 1.434904002537e+00 -5.000000000000e-03
5.520662852557e+00 3.185917879771e+00 -5.000000000000e-03
5.879093334434e+00 3.509038608495e+00 -5.000000000000e-03
4.521978912555e+00 2.240407457870e+00 -5.000000000000e-03
6.199835444741e+00 5.051210905021e+00 -5.000000000000e-03
3.809643794149e+00 1.914178580040e+00 -5.000000000000e-03
5.628549820995e+00 3.900089004163e-01 -5.000000000000e-03
2.527565594642e+00 3.929156392939e+00 -5.000000000000e-03
1.719925973394e+00 1.461841817659e+00 -5.000000000000e-03
4.765023595789e+00 3.930191863093e+00 -5.000000000000e-03
1.329250949298e+00 1.447200862722e+00 -5.000000000000e-03
1.493921850704e+00 5.548398234420e+00 -5.000000000000e-03
1.715230294883e-01 4.528340556070e+00 -5.000000000000e-03
4.516700658580e+00 6.159121682967e+00 -5.000000000000e-03
2.036202038937e+00 1.559123042716e+00 -5.000000000000e-03
3.610619587885e+00 1.575594697691e+00 -5.000000000000e-03
6.082020522850e+00 1.766558301798e+00 -5.000000000000e-03
5.085649520779e+00 1.169404621858e+00 -5.000000000000e-03
3.062998687274e+00 3.452945674920e+00 -5.000000000000e-03
4.503629951337e+00 2.803953818107e+00 -5.000000000000e-03
4.731881248967e+00 2.004016344515e+00 -5.000000000000e-03
3.001559427929e+00 2.876387468871e+00 -5.000000000000e-03
1.580404389574e+00 4.971990755245e-01 -5.000000000000e-03
4.447283790617e+00 5.843943297034e+00 -5.000000000000e-03
2.350000660932e+00 8.069219206294e-01 -5.000000000000e-03
4.623252532593e+00 4.122679214989e+00 -5.000000000000e-03
3.652649845007e+00 1.041463180809e+00 -5.000000000000e-03
2.552172742598e+00 3.908690398953e+00 -5.000000000000e-03
2.931507530424e+00 3.598300367721e+00 -5.000000000000e-03
2.152713159463e+00 2.511562611883e+00 -5.000000000000e-03
4.820604225677e+00 1.009182841558e+00 -5.000000000000e-03
5.454348222079e+00 6.070113211519e+00 -5.000000000000e-03
9.494027174695e-01 1.672679295419e+00 -5.000000000000e-03
6.254062531319e-01 5.813413478955e+00 -5.000000000000e-03
1.483896429502e+00 2.543789461588e+00 -5.000000000000e-03
2.913314252098e+00 5.386770241191e+00 -5.000000000000e-03
3.271374216267e+00 1.031502436233e+00 -5.000000000000e-03
5.529285892382e+00 5.542303026578e-01 -5.000000000000e-03
3.212188754260e+00 1.542621676493e+00 -5.000000000000e-03
2.691904954378e+00 1.225074202671e+00 -5.000000000000e-03
6.477827975499e-01 1.084296704672e+00 -5.000000000000e-03
2.965930597036e+00 4.109236754515e+00 -5.000000000000e-03
5.289495778819e+00 6.055410061626e+00 -5.000000000000e-03
1.523713271669e+00 2.734236760766e+00 -5.000000000000e-03
1.602078285441e-01 9.853266392803e-01 -5.000000000000e-03
1.172605536905e-01 4.621436942336e+00 -5.000000000000e-03
1.697472329216e+00 1.386557474726e+00 -5.000000000000e-03
4.166931285920e+00 5.108023129027e+00 -5.000000000000e-03
4.931467710474e-01 3.027431436984e-01 -5.000000000000e-03
1.390073046981e+00 6.231102851043e+00 -5.000000000000e-03
1.775926243210e+00 4.787110860628e+00 -5.000000000000e-03
1.271126936682e+00 5.141858665619e+00 -5.000000000000e-03
2.925993295619e+00 3.960186419965e+00 -5.000000000000e-03
3.912497595232e+00 4.357583743280e+00 -5.000000000000e-03
1.666214690569e-02 2.321007368702e+00 -5.000000000000e-03
3.447928493115e+00 4.164944984259e+00 -5.000000000000e-03
2.775799937038e+00 4.106366318197e+00 -5.000000000000e-03
2.487770719113e+00 5.239600925757e+00 -5.000000000000e-03
1.716819811802e+00 1.650733061521e+00 -5.000000000000e-03
3.562634734056e+00 1.566009702667e+00 -5.000000000000e-03
5.235744997850e-01 3.282366484595e+00 -5.000000000000e-03
5.593812225554e+00 3.599466221207e+00 -5.000000000000e-03
3.746984207338e+00 4.563022118189e+00 -5.000000000000e-03
2.833460725736e+00 1.332251549785e+00 -5.000000000000e-03
1.896669272972e+00 4.119865227654e+00 -5.000000000000e-03
5.506519262045e+00 6.262231177983e-01 -5.000000000000e-03
2.502115649965e+00 2.419394865166e+00 -5.000000000000e-03
8.256735480151e-01 3.228205661230e+00 -5.000000000000e-03
6.112613272102e+00 4.630325579822e+00 -5.000000000000e-03
8.998311143404e-01 3.790120524176e+00 -5.000000000000e-03
2.003486584737e+00 3.762168471410e+00 -5.000000000000e-03
7.684016153002e-01 5.911566306291e+00 -5.000000000000e-03
2.185574185210e+00 2.727226916107e+00 -5.000000000000e-03
3.948537435589e+00 2.549409153546e+00 -5.000000000000e-03
5.209335963072e+00 1.299546454908e+00 -5.000000000000e-03
4.384941333621e-01 5.638749105891e+00 -5.000000000000e-03
2.084186728508e+00 3.419027512779e+00 -5.000000000000e-03
3.209779016601e-01 6.209866520249e+00 -5.000000000000e-03
6.096882960587e+00 3.384779235245e+00 -5.000000000000e-03
2.485624359813e+00 3.773775720995e+00 -5.000000000000e-03
2.703261060971e+00 5.260486928824e+00 -5.000000000000e-03
2.473027858952e+00 3.179033534326e+00 -5.000000000000e-03
8.951229043670e-01 2.958830171993e+00 -5.000000000000e-03
3.963067001732e+00 4.487065420542e+00 -5.000000000000e-03
3.928800979413e+00 2.112840375439e+00 -5.000000000000e-03
1.467678707993e+00 3.432348721982e+00 -5.000000000000e-03
5.913994963897e+00 6.032055768044e+00 -5.000000000000e-03
