4.678923859729e+00 3.604750232549e-01 5.000000000000e-03
5.746602940135e+00 2.639516449455e+00 5.000000000000e-03
2.103369582513e+00 2.893256851745e+00 5.000000000000e-03
5.532877504707e+00 2.848258311745e+00 5.000000000000e-03
3.451657304538e+00 5.077306941087e+00 5.000000000000e-03
1.760253806461e+00 2.773760461274e+00 5.000000000000e-03
1.678664947750e+00 4.106623383144e-01 5.000000000000e-03
1.569986910614e+00 6.143017826659e+00 5.000000000000e-03
1.087778756985e+00 4.002750952745e+00 5.000000000000e-03
4.754337750421e+00 1.269513046081e+00 5.000000000000e-03
4.634839931975e+00 3.720823540442e+00 5.000000000000e-03
2.917380550906e+00 4.919394541727e+00 5.000000000000e-03
8.967930887599e-02 3.444905982019e+00 5.000000000000e-03
5.262979875855e+00 1.272578436734e+00 5.000000000000e-03
8.617659010378e-01 2.584161874078e+00 5.000000000000e-03
5.897916058532e+00 3.329392294566e+00 5.000000000000e-03
2.117701041358e-01 1.195929610927e+00 5.000000000000e-03
6.107174661540e-01 5.547621769865e+00 5.000000000000e-03
1.934515451620e+00 2.989000139711e-02 5.000000000000e-03
2.906801920420e+00 6.136548619789e+00 5.000000000000e-03
2.447062571841e+00 1.799587584874e+00 5.000000000000e-03
3.491581827932e+00 4.917654006023e+00 5.000000000000e-03
2.128920745121e+00 3.249558829761e+00 5.000000000000e-03
2.305889522737e+00 5.894012625452e+00 5.000000000000e-03
2.864098164226e+00 4.037680767141e+00 5.000000000000e-03
1.639882639910e+00 3.918586652937e-01 5.000000000000e-03
1.174821710197e+00 5.939360676683e+00 5.000000000000e-03
3.034334944295e+00 3.208846830878e+00 5.000000000000e-03
5.319889526608e+00 5.502606453183e+00 5.000000000000e-03
4.228589010829e+00 3.440548602580e+00 5.000000000000e-03
3.429754591826e+00 4.977386113870e+00 5.000000000000e-03
3.535832900418e+00 1.155199705479e-01 5.000000000000e-03
1.978461994735e+00 5.141129172180e+00 5.000000000000e-03
5.720487047069e+00 4.925209566870e+00 5.000000000000e-03
2.371867440503e+00 5.094901866050e+00 5.000000000000e-03
5.473179092330e+00 6.187982202942e+00 5.000000000000e-03
5.570422580203e+00 4.560472643754e+00 5.000000000000e-03
1.810307322975e+00 7.632620886668e-01 5.000000000000e-03
5.155042215833e+00 4.554528302939e+00 5.000000000000e-03
5.786430345961e+00 2.590976036586e-01 5.000000000000e-03
5.076163398222e+00 1.319890070620e+00 5.000000000000e-03
3.133718643197e+00 5.433930248538e+00 5.000000000000e-03
2.249591225931e+00 3.044609732776e+00 5.000000000000e-03
5.102273490635e+00 4.614534439117e+00 5.000000000000e-03
6.175202337158e+00 5.433615465909e+00 5.000000000000e-03
3.079580019681e+00 4.051245021133e+00 5.000000000000e-03
4.084661658807e+00 3.411716311590e+00 5.000000000000e-03
6.086898543034e+00 4.418841510630e+00 5.000000000000e-03
3.191047306776e+00 3.673343492028e+00 5.000000000000e-03
2.987919727280e+00 1.171647735986e+00 5.000000000000e-03
6.188865211504e-01 6.310974173455e-01 5.000000000000e-03
8.465341400003e-01 2.505195856872e+00 5.000000000000e-03
5.155213698041e+00 8.705521254818e-01 5.000000000000e-03
1.195013295620e+00 4.455273431871e+00 5.000000000000e-03
1.803532038913e+00 9.394687516793e-01 5.000000000000e-03
8.557458379602e-01 5.115986696412e+00 5.000000000000e-03
5.189521193793e+00 5.101970899107e+00 5.000000000000e-03
3.984588941123e+00 1.285908563952e+00 5.000000000000e-03
3.066583452691e+00 1.555643940534e+00 5.000000000000e-03
5.983774743415e+00 5.958308980720e+00 5.000000000000e-03
4.711072152855e+00 4.935191866624e+00 5.000000000000e-03
9.643870586282e-01 4.626417792253e+00 5.000000000000e-03
5.836066301922e+00 2.026892607513e+00 5.000000000000e-03
4.177082650595e+00 5.784549361726e-01 5.000000000000e-03
6.197039531912e+00 8.191149910607e-01 5.000000000000e-03
6.040404980449e+00 6.194143068938e+00 5.000000000000e-03
4.208362822130e+00 3.754162444342e+00 5.000000000000e-03
3.326483068100e+00 5.010576429567e+00 5.000000000000e-03
5.730002175625e+00 1.208982477569e+00 5.000000000000e-03
3.422578273785e+00 5.242070927141e+00 5.000000000000e-03
2.750069600509e+00 1.934788386795e+00 5.000000000000e-03
2.870734005553e+00 1.543173178982e+00 5.000000000000e-03
7.070875905833e-01 2.405721068587e+00 5.000000000000e-03
1.219147661090e+00 1.470439637504e+00 5.000000000000e-03
1.823676737559e+00 5.486060132729e+00 5.000000000000e-03
6.974290229202e-01 4.791893648394e+00 5.000000000000e-03
5.602100941486e+00 6.027558301353e+00 5.000000000000e-03
4.948006021283e+00 5.995675283651e+00 5.000000000000e-03
2.746803460722e+00 4.750094509250e-01 5.000000000000e-03
5.644204768010e+00 4.180242574221e+00 5.000000000000e-03
5.288242889912e+00 5.393099972272e+00 5.000000000000e-03
1.957939818264e-01 5.371634085447e+00 5.000000000000e-03
1.490836659804e+00 5.954467767820e+00 5.000000000000e-03
3.151716137112e+00 4.845073376443e+00 5.000000000000e-03
1.361590160009e+00 6.874939933469e-01 5.000000000000e-03
6.098946543189e+00 5.715763863646e+00 5.000000000000e-03
3.314372055567e+00 5.255956159555e+00 5.000000000000e-03
1.278319382817e+00 3.587772376117e+00 5.000000000000e-03
2.804294804392e+00 3.086101364957e+00 5.000000000000e-03
4.148078422231e+00 4.163180979661e+00 5.000000000000e-03
1.015132578708e+00 3.930351210482e+00 5.000000000000e-03
2.575741280424e+00 1.599417210601e+00 5.000000000000e-03
2.979913475844e+00 2.323336097234e+00 5.000000000000e-03
3.221525292136e+00 3.929707688234e+00 5.000000000000e-03
2.201592985286e-01 3.677694186565e+00 5.000000000000e-03
2.807848403653e+00 3.166142173624e+00 5.000000000000e-03
5.991641047470e+00 8.466776292254e-01 5.000000000000e-03
1.073136283707e+00 2.971359228447e+00 5.000000000000e-03
2.050391238895e+00 5.364756886473e+00 5.000000000000e-03
5.631492726445e+00 2.198169291016e+00 5.000000000000e-03
1.389878349575e-01 6.004931375358e-01 -5.000000000000e-03
5.087550192328e-01 4.825756301546e+00 -5.000000000000e-03
1.486521968099e+00 5.192212032580e+00 -5.000000000000e-03
5.583948441899e+00 1.730105804096e-02 -5.000000000000e-03
1.448688726114e+00 1.325264968598e+00 -5.000000000000e-03
4.161221453839e+00 5.775126874809e+00 -5.000000000000e-03
3.823081569961e+00 2.319698262980e-01 -5.000000000000e-03
4.401482512998e-01 5.385370368314e+00 -5.000000000000e-03
3.041135825025e-01 9.555560937786e-01 -5.000000000000e-03
1.978180505374e+00 1.028544177516e+00 -5.000000000000e-03
3.731201263433e+00 6.193465056795e+00 -5.000000000000e-03
3.443416800202e+00 1.088925449774e+00 -5.000000000000e-03
1.694934796566e+00 5.820998871002e+00 -5.000000000000e-03
4.644976203467e+00 5.515497876957e+00 -5.000000000000e-03
5.635464482047e+00 5.657028271545e+00 -5.000000000000e-03
8.247170044218e-01 1.036176559362e+00 -5.000000000000e-03
5.972655647512e-01 3.659300110661e+00 -5.000000000000e-03
5.958235546604e+00 6.051851476893e+00 -5.000000000000e-03
5.419734329705e+00 3.740006127312e+00 -5.000000000000e-03
1.595081268379e+00 2.469657019108e+00 -5.000000000000e-03
5.056501551179e+00 6.581519281660e-01 -5.000000000000e-03
1.623127206867e+00 1.719971344960e+00 -5.000000000000e-03
4.086839229267e+00 3.637720580708e+00 -5.000000000000e-03
3.675196018784e+00 1.527148222844e+00 -5.000000000000e-03
6.174687314947e+00 1.293708534929e-01 -5.000000000000e-03
3.111890782690e+00 4.312663083450e-01 -5.000000000000e-03
4.494581445685e-01 5.575958295148e+00 -5.000000000000e-03
3.050549661005e+00 5.581708137442e+00 -5.000000000000e-03
5.504864921936e-01 2.148375567277e+00 -5.000000000000e-03
1.490520972375e+00 5.804611943823e+00 -5.000000000000e-03
3.797185770136e+00 1.461483983713e+00 -5.000000000000e-03
4.949073370179e+00 7.671085486390e-01 -5.000000000000e-03
2.389085650463e+00 6.972645820659e-01 -5.000000000000e-03
2.472578539116e+00 2.511179052702e+00 -5.000000000000e-03
5.306941647052e+00 5.539191001644e+00 -5.000000000000e-03
2.317406682652e+00 1.783108790962e+00 -5.000000000000e-03
3.471509544159e+00 4.221418253991e-01 -5.000000000000e-03
5.491060214164e+00 5.455800472207e-01 -5.000000000000e-03
4.440894479696e+00 4.162340070465e+00 -5.000000000000e-03
2.680478350251e+00 4.238028116213e+00 -5.000000000000e-03
5.082794622555e+00 6.405582006339e-01 -5.000000000000e-03
2.846606996253e+00 4.616047706133e+00 -5.000000000000e-03
1.387688182850e+00 3.488141926586e+00 -5.000000000000e-03
3.705506373781e+00 2.509112463332e+00 -5.000000000000e-03
5.810203233329e-01 2.133609786076e+00 -5.000000000000e-03
1.304669048052e+00 1.367328574859e+00 -5.000000000000e-03
6.150848420723e+00 3.028960772984e+00 -5.000000000000e-03
5.841078221140e+00 2.798055234242e+00 -5.000000000000e-03
5.471822786830e+00 1.854913155725e+00 -5.000000000000e-03
5.826455161863e+00 5.891628703953e+00 -5.000000000000e-03
4.370908458891e+00 1.793814578471e+00 -5.000000000000e-03
1.040834559799e+00 6.198416066036e+00 -5.000000000000e-03
1.429108132551e+00 4.740576717372e+00 -5.000000000000e-03
5.811742698458e-01 1.962627911854e+00 -5.000000000000e-03
1.697759268883e+00 5.163096050883e+00 -5.000000000000e-03
2.210937283783e+00 1.982592676261e+00 -5.000000000000e-03
5.752817498014e+00 4.204461665458e+00 -5.000000000000e-03
3.586573647438e+00 4.703756319135e+00 -5.000000000000e-03
5.884833387517e+00 5.772354566856e+00 -5.000000000000e-03
3.954406465570e+00 4.614271424882e+00 -5.000000000000e-03
6.519093812052e-01 8.376934573744e-01 -5.000000000000e-03
2.517267819228e-01 3.379439569010e+00 -5.000000000000e-03
4.237532418547e+00 3.140719004485e+00 -5.000000000000e-03
1.210150173308e+00 3.676670536197e-01 -5.000000000000e-03
5.022992708695e+00 5.974936184334e+00 -5.000000000000e-03
2.659841039582e-01 4.047918289681e+00 -5.000000000000e-03
1.777093134362e+00 3.457249455243e-01 -5.000000000000e-03
7.967006882658e-01 5.657906639171e-01 -5.000000000000e-03
5.024822526110e+00 1.782306502244e-01 -5.000000000000e-03
2.383526652425e+00 8.956833931407e-01 -5.000000000000e-03
3.032271165092e+00 1.713357716670e+00 -5.000000000000e-03
3.280062529501e+00 2.226210998078e-01 -5.000000000000e-03
4.026304085283e+00 3.093351931784e+00 -5.000000000000e-03
1.234538824291e+00 1.356524494543e+00 -5.000000000000e-03
5.909499064721e+00 1.571557420890e+00 -5.000000000000e-03
2.965222953825e+00 5.154753307046e+00 -5.000000000000e-03
2.372584216656e+00 5.771613481665e+00 -5.000000000000e-03
4.777028021907e+00 5.905008792022e+00 -5.000000000000e-03
3.447362517349e+00 1.164103244348e-01 -5.000000000000e-03
1.411244074320e+00 4.357530227404e+00 -5.000000000000e-03
3.918847366195e-01 1.756768434026e+00 -5.000000000000e-03
5.100850731046e+00 5.420313754047e+00 -5.000000000000e-03
1.065897937019e+00 2.773537152525e+00 -5.000000000000e-03
1.594675429106e+00 3.326291345688e+00 -5.000000000000e-03
5.288418762960e+00 4.537092941505e-01 -5.000000000000e-03
5.614961451551e+00 2.334783016970e+00 -5.000000000000e-03
3.840717964137e+00 3.353676106801e+00 -5.000000000000e-03
5.986610483020e+00 4.276223880121e+00 -5.000000000000e-03
4.520382928867e+00 5.068659534983e+00 -5.000000000000e-03
7.698415141421e-01 3.184072749913e+00 -5.000000000000e-03
5.994517614058e+00 1.781266792805e+00 -5.000000000000e-03
4.005571430038e+00 2.002782304242e+00 -5.000000000000e-03
1.685449722699e+00 4.436617860505e+00 -5.000000000000e-03
2.394141360744e+00 1.655378206005e+00 -5.000000000000e-03
3.569686179695e+00 2.587499889373e+00 -5.000000000000e-03
4.358038892383e-01 9.220495028731e-01 -5.000000000000e-03
2.653886293758e+00 3.367842055241e+00 -5.000000000000e-03
4.350887652889e+00 1.948304234945e+00 -5.000000000000e-03
2.188105973796e+00 1.675563735363e+00 -5.000000000000e-03
2.106688765328e+00 2.951718952902e-01 -5.000000000000e-03
