5.102666852186e+00 2.393256218025e+00 5.000000000000e-03
4.561758510045e+00 2.539641418219e+00 5.000000000000e-03
1.065137025915e+00 4.233240890923e+00 5.000000000000e-03
4.160683033648e+00 2.118332624338e+00 5.000000000000e-03
1.413707817538e-01 2.717633241778e+00 5.000000000000e-03
3.400312884560e+00 2.909234827345e+00 5.000000000000e-03
4.582350588243e+00 2.501715066447e+00 5.000000000000e-03
9.461403912298e-01 4.668840770407e+00 5.000000000000e-03
3.868738800562e+00 3.624233354461e+00 5.000000000000e-03
1.076800058713e+00 2.133550250095e+00 5.000000000000e-03
3.322647098418e+00 1.312525409808e+00 5.000000000000e-03
4.013984578911e+00 5.297775568162e+00 5.000000000000e-03
3.359756715317e+00 5.442694429435e+00 5.000000000000e-03
4.943859747765e+00 5.491345863298e+00 5.000000000000e-03
4.786083140852e+00 4.683955264138e+00 5.000000000000e-03
6.136016325060e+00 3.026853020674e+00 5.000000000000e-03
4.691796549621e-01 4.165857360987e+00 5.000000000000e-03
2.832985385747e+00 3.249096025210e+00 5.000000000000e-03
3.944801189998e-01 5.636412804438e+00 5.000000000000e-03
1.553420442306e+00 5.626751752865e+00 5.000000000000e-03
3.188772082684e+00 1.193265248544e+00 5.000000000000e-03
1.368603299107e-02 2.657596887593e+00 5.000000000000e-03
4.190149369742e+00 1.356651583028e+00 5.000000000000e-03
2.414387280615e+00 6.240493148214e+00 5.000000000000e-03
4.584381108956e+00 6.227366266206e+00 5.000000000000e-03
1.137757366941e+00 2.609698294672e+00 5.000000000000e-03
2.107484529881e+00 5.828876798109e+00 5.000000000000e-03
2.974489232052e+00 5.290993266421e+00 5.000000000000e-03
5.844165536405e+00 3.778012894643e+00 5.000000000000e-03
1.557008289611e+00 2.363855729083e+00 5.000000000000e-03
2.915071934093e+00 5.214014671038e+00 5.000000000000e-03
1.224290907913e+00 1.320876758183e-01 5.000000000000e-03
7.652608540487e-01 4.942590120467e+00 5.000000000000e-03
5.748254090453e+00 1.488649011231e+00 5.000000000000e-03
1.469066573254e+00 1.404325020810e+00 5.000000000000e-03
7.072955576703e-01 4.704961809661e+00 5.000000000000e-03
3.615823912693e-01 4.752754229816e+00 5.000000000000e-03
2.532227444864e+00 5.015167529588e+00 5.000000000000e-03
5.385271023374e+00 3.742341261363e+00 5.000000000000e-03
3.947626403851e-01 5.468999546740e+00 5.000000000000e-03
4.777034153720e+00 2.404845109903e+00 5.000000000000e-03
2.115743985245e+00 2.692495948539e+00 5.000000000000e-03
4.864372446962e+00 3.066208454744e+00 5.000000000000e-03
5.684430114365e+00 1.621490305440e+00 5.000000000000e-03
4.263038624565e+00 3.967700565299e+00 5.000000000000e-03
5.537114235997e-01 2.460942760739e+00 5.000000000000e-03
2.948324287144e+00 5.414438025226e+00 5.000000000000e-03
8.672794360221e-01 2.322894030871e+00 5.000000000000e-03
4.142551305323e+00 2.506610558809e-02 5.000000000000e-03
3.089173514866e+00 3.318852560783e+00 5.000000000000e-03
5.675597482108e-01 2.880477861445e+00 5.000000000000e-03
4.868615921066e+00 4.682436860062e+00 5.000000000000e-03
4.920286712663e+00 5.807229489838e+00 5.000000000000e-03
4.695066986756e+00 1.356915874702e+00 5.000000000000e-03
2.580002163544e+00 5.157928675347e+00 5.000000000000e-03
2.766988936574e+00 2.471296817639e+00 5.000000000000e-03
5.156257104117e+00 1.481364430221e-01 5.000000000000e-03
1.846945254075e-01 1.148673382132e+00 5.000000000000e-03
2.290624868306e+00 3.767766006855e+00 5.000000000000e-03
2.596573174910e+00 3.544832447636e+00 5.000000000000e-03
4.629394910561e-01 3.945099781085e+00 5.000000000000e-03
6.090175488419e+00 5.777847313161e+00 5.000000000000e-03
3.223588684619e+00 6.738020374793e-01 5.000000000000e-03
3.365492852875e+00 5.522211440342e+00 5.000000000000e-03
4.014824375886e+00 4.802263156408e-01 5.000000000000e-03
6.274771369165e+00 1.329409544445e+00 5.000000000000e-03
5.180253246213e+00 4.296604920011e+00 5.000000000000e-03
9.733292718351e-01 2.446996564683e+00 5.000000000000e-03
9.579562007296e-02 2.336923947693e+00 5.000000000000e-03
2.913219776627e-01 1.941012768345e+00 5.000000000000e-03
2.500662862696e+00 3.043747738808e+00 5.000000000000e-03
4.958929184744e+00 1.302054448737e+00 5.000000000000e-03
5.068843522220e+00 4.571796364784e+00 5.000000000000e-03
3.992041098912e+00 2.969739575574e-01 5.000000000000e-03
1.741631385296e+00 1.101612047596e+00 5.000000000000e-03
1.960298536778e+00 1.592947337270e+00 5.000000000000e-03
5.474407885894e+00 4.986404886872e+00 5.000000000000e-03
2.562374717282e+00 5.241138753886e+00 5.000000000000e-03
2.480939687271e-01 2.202225099455e+00 5.000000000000e-03
2.584773985568e+00 5.304155440369e-01 5.000000000000e-03
2.909296059681e+00 6.207955486842e-01 5.000000000000e-03
2.912306000144e+00 9.025694898460e-01 5.000000000000e-03
4.826383644250e-01 1.830580093078e+00 5.000000000000e-03
6.260042026192e+00 2.760659281936e+00 5.000000000000e-03
6.123436335068e+00 4.826545852305e+00 5.000000000000e-03
3.891020995818e+00 6.041752054312e+00 5.000000000000e-03
2.872093602240e+00 6.940261220500e-01 5.000000000000e-03
3.418661482004e+00 3.406623926854e+00 5.000000000000e-03
1.610951124782e+00 2.289862238106e+00 5.000000000000e-03
2.227173792304e+00 2.877988145844e+00 5.000000000000e-03
3.969077158979e+00 3.576970917034e+00 5.000000000000e-03
2.619447387280e+00 2.920156223807e-01 5.000000000000e-03
6.081741513537e+00 6.137854346441e+00 5.000000000000e-03
7.995310803348e-02 3.826746880327e+00 5.000000000000e-03
4.170274836649e+00 2.650806043901e+00 5.000000000000e-03
5.973119762996e+00 3.280281150084e+00 5.000000000000e-03
5.942243772731e+00 3.055643322776e+00 5.000000000000e-03
2.795126947168e+00 4.717918173328e+00 5.000000000000e-03
4.544861470931e+00 4.540922454030e+00 5.000000000000e-03
1.081780472260e-01 2.642107736039e+00 5.000000000000e-03
4.396245769954e+00 8.065730542589e-01 -5.000000000000e-03
5.296952700772e+00 3.260161091856e+00 -5.000000000000e-03
4.418429341731e+00 6.343394674428e-01 -5.000000000000e-03
3.944849015122e+00 2.808706746862e-01 -5.000000000000e-03
3.976083284846e+00 4.432306879760e+00 -5.000000000000e-03
2.739111721874e+00 4.673546646359e-01 -5.000000000000e-03
4.762113981166e+00 1.529035699325e+00 -5.000000000000e-03
2.646060036615e+00 5.052253076374e+00 -5.000000000000e-03
3.159593122724e+00 4.683303046870e-01 -5.000000000000e-03
1.066066369527e+00 4.829629272671e+00 -5.000000000000e-03
2.154027787372e+00 4.489572490962e+00 -5.000000000000e-03
2.460256365015e+00 6.273991030683e+00 -5.000000000000e-03
1.290580994606e+00 2.856357117760e+00 -5.000000000000e-03
1.031862861756e+00 4.686195603455e+00 -5.000000000000e-03
3.047390252520e+00 2.500003668097e+00 -5.000000000000e-03
4.812329800968e+00 1.295610415432e+00 -5.000000000000e-03
5.461005252759e+00 1.525412715257e+00 -5.000000000000e-03
3.498088262685e+00 5.486285606762e+00 -5.000000000000e-03
7.922453620286e-01 6.247929380210e+00 -5.000000000000e-03
1.141097656697e+00 4.759004271952e+00 -5.000000000000e-03
4.062686089731e+00 2.086211721710e+00 -5.000000000000e-03
3.456207824676e+00 5.145812851322e+00 -5.000000000000e-03
5.056507909261e+00 3.284939498407e+00 -5.000000000000e-03
2.872542665020e+00 1.926279746833e+00 -5.000000000000e-03
1.947102797835e+00 1.594791135175e-01 -5.000000000000e-03
4.404645406548e+00 2.551572685529e+00 -5.000000000000e-03
1.022671815524e+00 6.099850324207e+00 -5.000000000000e-03
6.032971688924e+00 1.885560704194e+00 -5.000000000000e-03
2.484176914149e-01 3.510805435007e+00 -5.000000000000e-03
1.581840840628e+00 2.459574656778e+00 -5.000000000000e-03
4.338883799575e+00 1.570397637550e+00 -5.000000000000e-03
4.302924824844e+00 5.647076634503e+00 -5.000000000000e-03
4.570574162963e+00 1.754921446923e+00 -5.000000000000e-03
5.326742067951e+00 2.751854592635e+00 -5.000000000000e-03
9.705178349900e-01 3.666550370174e+00 -5.000000000000e-03
9.133196707256e-01 3.414622442220e+00 -5.000000000000e-03
1.961246992368e+00 4.015531798211e+00 -5.000000000000e-03
4.361124243031e+00 5.698971448729e+00 -5.000000000000e-03
4.252458380400e+00 2.865762979989e+00 -5.000000000000e-03
1.409726847511e+00 3.252839429260e+00 -5.000000000000e-03
4.061298224980e+00 2.051637205427e+00 -5.000000000000e-03
8.861606854079e-01 4.626055015982e-01 -5.000000000000e-03
3.697584481723e+00 1.192634940446e+00 -5.000000000000e-03
2.287384226726e+00 2.916959283194e+00 -5.000000000000e-03
2.161130990516e-01 3.499939592425e+00 -5.000000000000e-03
6.157531039061e+00 1.592940144939e-01 -5.000000000000e-03
2.281532973868e+00 5.449032103195e+00 -5.000000000000e-03
2.333982192582e+00 3.797458559266e+00 -5.000000000000e-03
1.572331339099e+00 3.801145992996e+00 -5.000000000000e-03
6.176402012339e+00 2.564237245627e-01 -5.000000000000e-03
5.743849191918e-01 5.629260663283e+00 -5.000000000000e-03
2.040409832702e+00 2.341383112097e+00 -5.000000000000e-03
3.271526258715e+00 3.204706952399e+00 -5.000000000000e-03
2.275085482828e+00 3.232156213894e+00 -5.000000000000e-03
5.604936511565e+00 3.205703760350e+00 -5.000000000000e-03
3.469499075763e-01 5.575964430008e+00 -5.000000000000e-03
2.476826596961e+00 5.495171552187e-01 -5.000000000000e-03
2.255475937051e-01 2.391310759770e+00 -5.000000000000e-03
5.795757029909e+00 4.346856991683e+00 -5.000000000000e-03
6.096770299461e+00 2.729490265721e+00 -5.000000000000e-03
7.138899197232e-02 2.111886000081e+00 -5.000000000000e-03
2.194677390571e+00 1.589468337134e+00 -5.000000000000e-03
2.535191450090e-01 3.064462224889e+00 -5.000000000000e-03
2.128198812863e+00 1.756156035506e+00 -5.000000000000e-03
1.751803400038e+00 3.477579691145e+00 -5.000000000000e-03
2.094154347037e+00 7.847713941858e-01 -5.000000000000e-03
5.370762070349e+00 2.398369610140e+00 -5.000000000000e-03
2.286489534715e+00 1.910801485897e+00 -5.000000000000e-03
5.035454792376e-01 3.934225320426e+00 -5.000000000000e-03
5.773391233463e+00 1.736982710378e+00 -5.000000000000e-03
2.424776585936e+00 3.707161389842e+00 -5.000000000000e-03
4.595533435119e+00 3.440965138259e+00 -5.000000000000e-03
2.827008402169e+00 5.657769582737e+00 -5.000000000000e-03
6.193048135306e+00 1.113954448018e-01 -5.000000000000e-03
6.200171781271e+00 2.306671979248e+00 -5.000000000000e-03
2.076378161004e+00 3.211342449996e-02 -5.000000000000e-03
6.152143973305e+00 4.689001996192e-01 -5.000000000000e-03
1.701241126515e+00 6.251858197925e+00 -5.000000000000e-03
3.081626785024e+00 4.667851070470e+00 -5.000000000000e-03
2.772624441487e+00 1.109115312670e-01 -5.000000000000e-03
3.675531186485e+00 2.326743387356e+00 -5.000000000000e-03
3.006710570371e+00 8.343493427470e-01 -5.000000000000e-03
1.145656090016e+00 3.348980423881e+00 -5.000000000000e-03
3.101993053037e+00 1.779632715849e+00 -5.000000000000e-03
7.993017650411e-01 6.689080743767e-01 -5.000000000000e-03
1.810568491968e+00 3.148223930064e+00 -5.000000000000e-03
5.766101291580e+00 2.182196737774e+00 -5.000000000000e-03
9.004782589080e-01 4.137547171142e+00 -5.000000000000e-03
2.656722973568e+00 3.063026075503e+00 -5.000000000000e-03
2.918265939545e+00 5.105473826868e+00 -5.000000000000e-03
2.604648041409e+00 1.726050659203e+00 -5.000000000000e-03
5.416560038158e+00 1.801856441965e+00 -5.000000000000e-03
1.753648253595e+00 2.438871136876e+00 -5.000000000000e-03
3.644414522154e+00 4.019717842765e+00 -5.000000000000e-03
5.061203045340e+00 8.973269657851e-01 -5.000000000000e-03
4.733560623304e+00 4.880923978080e-01 -5.000000000000e-03
3.541354450328e+00 4.657675155178e+00 -5.000000000000e-03
6.857565796597e-01 1.349432400213e+00 -5.000000000000e-03
4.392404957752e+00 1.867871742923e+00 -5.000000000000e-03
4.399218406990e-01 5.767464819766e+00 -5.000000000000e-03
