1.778522792926e+00 3.543303989977e+00 5.000000000000e-03
4.800087743208e+00 6.102131139100e+00 5.000000000000e-03
5.678956384196e+00 3.310053105256e+00 5.000000000000e-03
2.482667030062e+00 4.419192527164e+00 5.000000000000e-03
3.266074827729e+00 5.015259089209e+00 5.000000000000e-03
4.087249811834e+00 6.072180368370e+00 5.000000000000e-03
1.395667722567e+00 1.004596893230e+00 5.000000000000e-03
3.691313186678e+00 6.138196356966e+00 5.000000000000e-03
2.790137963574e+00 2.678659591529e+00 5.000000000000e-03
7.171897712656e-01 4.760005896859e+00 5.000000000000e-03
5.997559754844e+00 5.809133363658e+00 5.000000000000e-03
1.804372843414e+00 1.704904534416e+00 5.000000000000e-03
2.987183476062e+00 3.162083615324e+00 5.000000000000e-03
2.514868436918e+00 3.914779944186e+00 5.000000000000e-03
3.761206701916e+00 3.020413152934e+00 5.000000000000e-03
2.434846785763e+00 5.810403368776e+00 5.000000000000e-03
1.221006940482e+00 2.931974356423e+00 5.000000000000e-03
4.666019351167e+00 4.480524799124e+00 5.000000000000e-03
4.246649904005e-01 3.917070400972e+00 5.000000000000e-03
6.149534968004e+00 4.813483186628e+00 5.000000000000e-03
2.358589403839e+00 2.307399980228e-01 5.000000000000e-03
9.240468492190e-01 6.161319854640e-01 5.000000000000e-03
4.220899180741e+00 5.623302537227e+00 5.000000000000e-03
2.150548497004e+00 3.090791401831e+00 5.000000000000e-03
5.934853546955e+00 5.277177941282e+00 5.000000000000e-03
5.952902177731e-01 4.811707532745e+00 5.000000000000e-03
4.824299590687e+00 1.974353763849e-02 5.000000000000e-03
5.274870714268e+00 6.261735260342e+00 5.000000000000e-03
2.434289260910e+00 4.686397345512e+00 5.000000000000e-03
1.427067089714e+00 5.614032673172e+00 5.000000000000e-03
4.969085602893e-02 4.804967887403e+00 5.000000000000e-03
3.333478586266e+00 3.800217982324e+00 5.000000000000e-03
4.930205440809e+00 3.643215984238e+00 5.000000000000e-03
2.176200951332e+00 4.957278164274e+00 5.000000000000e-03
3.110026216403e+00 4.581954261063e+00 5.000000000000e-03
8.545140542972e-01 5.935393018829e+00 5.000000000000e-03
3.544114092011e+00 3.343485124954e+00 5.000000000000e-03
5.879920117942e+00 4.102189944485e+00 5.000000000000e-03
7.831073435809e-01 2.816132481593e+00 5.000000000000e-03
2.756598390565e+00 4.241191914972e+00 5.000000000000e-03
5.789932726959e+00 2.292100952904e+00 5.000000000000e-03
6.140103545376e+00 2.310910550196e-01 5.000000000000e-03
4.257911049296e+00 1.007336420189e+00 5.000000000000e-03
1.886652382984e+00 2.842401620893e-01 5.000000000000e-03
4.053464227891e+00 1.734232438848e-01 5.000000000000e-03
3.507884890671e+00 3.299378976198e+00 5.000000000000e-03
3.954355935601e+00 3.316880819374e+00 5.000000000000e-03
8.432992319375e-01 5.714462890676e+00 5.000000000000e-03
5.958824289545e+00 4.772288793104e+00 5.000000000000e-03
4.664443655047e+00 1.703474821012e+00 5.000000000000e-03
4.210731382281e+00 1.929282607724e+00 5.000000000000e-03
4.401201454509e+00 2.963636431680e+00 5.000000000000e-03
3.758547095030e-01 2.159166140429e-01 5.000000000000e-03
2.606576014378e+00 4.409503996458e+00 5.000000000000e-03
1.398881663501e+00 4.285207644628e+00 5.000000000000e-03
1.730925943234e+00 6.204196598392e+00 5.000000000000e-03
2.601023207182e+00 3.220286119777e+00 5.000000000000e-03
2.648125754318e+00 1.219997772370e+00 5.000000000000e-03
2.983578324132e+00 6.180870362889e+00 5.000000000000e-03
1.342195387688e+00 2.239427046017e+00 5.000000000000e-03
5.931932812238e+00 1.108775827558e+00 5.000000000000e-03
3.983414199002e+00 2.015608196510e+00 5.000000000000e-03
5.075622477968e+00 5.350074447848e+00 5.000000000000e-03
3.794011801975e+00 6.101989394572e-01 5.000000000000e-03
4.785018084378e+00 3.580277656423e-01 5.000000000000e-03
4.520424250523e+00 3.368319890113e+00 5.000000000000e-03
5.597217000546e+00 6.124368979370e+00 5.000000000000e-03
5.642312967392e+00 3.680682978670e+00 5.000000000000e-03
5.881547873240e-01 5.149337165181e+00 5.000000000000e-03
5.175262314917e+00 3.505483305580e+00 5.000000000000e-03
3.327958663612e+00 1.270329848135e+00 5.000000000000e-03
3.636960135546e+00 4.258839591504e+00 5.000000000000e-03
3.440877401056e+00 4.849296922494e+00 5.000000000000e-03
4.201008945613e+00 1.779201551076e+00 5.000000000000e-03
1.720426297684e+00 8.727663786429e-01 5.000000000000e-03
5.727909903600e+00 4.616085591590e+00 5.000000000000e-03
4.541322242362e-01 2.159985869976e-01 5.000000000000e-03
6.809443863993e-01 6.121565958726e+00 5.000000000000e-03
3.320386894211e+00 4.332901557226e+00 5.000000000000e-03
1.010128635991e+00 1.982578428811e+00 5.000000000000e-03
4.926890540741e+00 1.278477397373e+00 5.000000000000e-03
1.889913441238e+00 6.060667748257e+00 5.000000000000e-03
4.552709485162e+00 2.759133832117e-01 5.000000000000e-03
6.088254477957e+00 7.372392321033e-01 5.000000000000e-03
1.419769984230e+00 4.147811329375e+00 5.000000000000e-03
5.317215569070e+00 4.559301681363e+00 5.000000000000e-03
4.458217972735e+00 2.866384886011e+00 5.000000000000e-03
3.141997195103e+00 1.245064445280e+00 5.000000000000e-03
4.629848733294e+00 2.173886685458e-01 5.000000000000e-03
6.412725178773e-01 5.349616533516e+00 5.000000000000e-03
5.197982116926e+00 4.321834200143e+00 5.000000000000e-03
5.358484840483e+00 4.028950821256e+00 5.000000000000e-03
4.281361657183e+00 1.835971866936e+00 5.000000000000e-03
2.056740745654e+00 1.487012040508e+00 5.000000000000e-03
2.101228944319e+00 4.134279809945e-01 5.000000000000e-03
3.111383772632e+00 4.203156500165e+00 5.000000000000e-03
1.977613901648e+00 1.298422043400e+00 5.000000000000e-03
3.268061728447e+00 2.914818996080e+00 5.000000000000e-03
8.449333902717e-01 2.903671694098e+00 5.000000000000e-03
7.382372848806e-01 1.032122776304e-01 5.000000000000e-03
1.895918331102e+00 5.090319119135e+00 -5.000000000000e-03
4.021062834677e+00 5.626636794285e+00 -5.000000000000e-03
2.861710334404e+00 2.901363444988e+00 -5.000000000000e-03
1.526379738173e+00 4.436780816189e+00 -5.000000000000e-03
1.884700696689e+00 4.581894505826e+00 -5.000000000000e-03
3.168125143574e-02 3.864238284590e+00 -5.000000000000e-03
3.087075289023e-02 3.256490226674e+00 -5.000000000000e-03
3.220635110422e-01 3.369627054973e+00 -5.000000000000e-03
8.817123561885e-01 3.414418805109e+00 -5.000000000000e-03
5.019532304476e+00 4.241569994972e-01 -5.000000000000e-03
2.821758163360e+00 1.663517876493e+00 -5.000000000000e-03
2.074164941033e+00 2.976986267386e+00 -5.000000000000e-03
5.310648666842e+00 1.187154916832e+00 -5.000000000000e-03
4.542544520438e+00 3.584932546566e+00 -5.000000000000e-03
2.349734011209e+00 2.041183290454e+00 -5.000000000000e-03
3.966749642736e+00 4.741594702452e+00 -5.000000000000e-03
2.070470372629e+00 5.086338236052e+00 -5.000000000000e-03
5.579730812923e+00 5.301523057497e+00 -5.000000000000e-03
1.300835442963e-04 5.972386385812e+00 -5.000000000000e-03
1.182920062513e+00 4.651910004091e+00 -5.000000000000e-03
6.134224988024e+00 4.718532431276e+00 -5.000000000000e-03
1.972366505509e+00 2.123284040901e+00 -5.000000000000e-03
3.462078744223e+00 1.480583518050e+00 -5.000000000000e-03
3.560686550588e+00 1.084847024004e+00 -5.000000000000e-03
3.955019506564e+00 9.247164107556e-01 -5.000000000000e-03
2.632784734240e+00 5.445752942065e+00 -5.000000000000e-03
1.850300049607e+00 5.365580648017e+00 -5.000000000000e-03
4.929705873816e+00 2.672757404366e+00 -5.000000000000e-03
1.876507141653e+00 5.381403947991e+00 -5.000000000000e-03
3.899225237619e+00 2.852266681549e+00 -5.000000000000e-03
3.968814160582e+00 2.503575031211e+00 -5.000000000000e-03
1.974540554182e+00 1.895973635234e+00 -5.000000000000e-03
4.498846935224e-01 9.186393381760e-01 -5.000000000000e-03
4.260206342123e+00 5.253990747114e+00 -5.000000000000e-03
1.104001417951e+00 2.757800443249e+00 -5.000000000000e-03
1.390042809002e+00 4.490754157255e+00 -5.000000000000e-03
5.904160565017e+00 5.925236813571e+00 -5.000000000000e-03
2.816412119491e+00 2.002901241298e+00 -5.000000000000e-03
3.314857822427e+00 7.847873042744e-01 -5.000000000000e-03
2.192044676765e+00 7.641460645095e-01 -5.000000000000e-03
4.473775721133e+00 2.834176798339e+00 -5.000000000000e-03
4.245635671368e+00 1.356462725108e+00 -5.000000000000e-03
6.046586079749e+00 2.463851397250e+00 -5.000000000000e-03
4.480853537384e+00 6.167691470784e+00 -5.000000000000e-03
5.661424441088e+00 2.415835834024e+00 -5.000000000000e-03
5.409608867568e+00 2.414337725964e-01 -5.000000000000e-03
1.441313658490e+00 4.822118860319e+00 -5.000000000000e-03
5.262126181720e+00 2.537279898126e+00 -5.000000000000e-03
3.611187530456e-01 4.244461213993e+00 -5.000000000000e-03
5.078669046977e-01 4.731284231853e+00 -5.000000000000e-03
6.118961146959e+00 5.564178299669e+00 -5.000000000000e-03
5.338711338754e+00 5.317248618517e+00 -5.000000000000e-03
3.647234301896e+00 1.798787902700e+00 -5.000000000000e-03
4.564667844468e-01 4.881040082814e+00 -5.000000000000e-03
3.999602354015e+00 8.037635619362e-01 -5.000000000000e-03
6.204946795330e+00 5.876796497883e+00 -5.000000000000e-03
2.197622274610e-01 6.106792960435e+00 -5.000000000000e-03
3.758268472223e+00 3.738082879337e+00 -5.000000000000e-03
4.636745079240e+00 2.203888218830e+00 -5.000000000000e-03
8.864818478627e-01 4.575279314493e-01 -5.000000000000e-03
3.929817655497e+00 2.062684372628e+00 -5.000000000000e-03
4.093645816936e+00 6.154456423844e-01 -5.000000000000e-03
5.432162159226e+00 1.961768265686e+00 -5.000000000000e-03
5.865656268327e+00 5.244962427894e+00 -5.000000000000e-03
3.228076134201e+00 2.777946018160e+00 -5.000000000000e-03
2.970439997529e-02 1.623124409820e+00 -5.000000000000e-03
3.801100833347e+00 5.961942885198e+00 -5.000000000000e-03
4.159430818010e+00 3.940854723843e+00 -5.000000000000e-03
7.633819490669e-01 4.982579291396e+00 -5.000000000000e-03
4.005619785382e+00 3.213375765815e+00 -5.000000000000e-03
3.990605541629e-01 4.925775014801e+00 -5.000000000000e-03
1.442156207287e+00 1.926573491693e+00 -5.000000000000e-03
2.764458272881e+00 2.362820675146e+00 -5.000000000000e-03
3.661206799172e-01 4.343360428564e+00 -5.000000000000e-03
3.811985220616e+00 4.304542641983e+00 -5.000000000000e-03
5.829570431705e+00 4.207061160851e-02 -5.000000000000e-03
6.980356966792e-01 4.325184668263e+00 -5.000000000000e-03
6.071154586513e+00 4.682983633462e+00 -5.000000000000e-03
3.758752421351e+00 5.246323490495e+00 -5.000000000000e-03
5.736734062566e+00 1.320731562171e+00 -5.000000000000e-03
2.270359358438e+00 1.593025066725e+00 -5.000000000000e-03
5.528313560453e+00 8.404045297815e-01 -5.000000000000e-03
5.428024877577e+00 3.505630013406e-01 -5.000000000000e-03
5.909167507124e+00 8.526851198064e-01 -5.000000000000e-03
9.496707345037e-01 3.368671492804e+00 -5.000000000000e-03
2.764603234312e+00 5.099525867256e-01 -5.000000000000e-03
1.866971230715e+00 5.660716638691e-01 -5.000000000000e-03
3.812149563595e+00 3.914422369408e+00 -5.000000000000e-03
4.695744130681e+00 4.314021821983e+00 -5.000000000000e-03
5.463758443688e-01 2.398269678478e+00 -5.000000000000e-03
4.839405496280e+00 4.590082262091e-01 -5.000000000000e-03
3.772415490957e+00 2.294259260860e+00 -5.000000000000e-03
4.005085724670e+00 3.141225981277e+00 -5.000000000000e-03
4.893229761514e+00 9.926403526164e-01 -5.000000000000e-03
5.694026591679e+00 4.966661405866e+00 -5.000000000000e-03
1.545322295263e-01 4.096250817664e+00 -5.000000000000e-03
1.315953844137e+00 2.860596539615e+00 -5.000000000000e-03
3.483568041409e+00 4.763983716293e+00 -5.000000000000e-03
5.922440172270e+00 4.732279490862e+00 -5.000000000000e-03
4.816475027554e+00 1.231597544460e+00 -5.000000000000e-03
