7.678846464742e-01 4.870995552665e+00 5.000000000000e-03
1.504264425263e+00 3.538930128283e+00 5.000000000000e-03
5.615755981917e-01 6.552798435674e-02 5.000000000000e-03
5.897949134730e+00 3.440936351993e+00 5.000000000000e-03
5.740784922945e+00 2.583785996285e+00 5.000000000000e-03
2.545845621431e+00 2.723232265984e+00 5.000000000000e-03
3.416596175217e+00 1.729788549111e+00 5.000000000000e-03
5.730636395083e+00 4.770334982569e+00 5.000000000000e-03
4.046670709276e-01 5.148420975125e+00 5.000000000000e-03
1.757225522972e+00 1.569315532659e-02 5.000000000000e-03
2.680468368454e+00 6.792770226489e-01 5.000000000000e-03
3.926320955551e+00 5.091087716390e+00 5.000000000000e-03
2.131016957623e+00 2.648057003354e+00 5.000000000000e-03
3.095926479833e+00 5.290927808962e-01 5.000000000000e-03
6.029240990118e+00 6.177176938864e+00 5.000000000000e-03
3.788739877718e+00 1.330611350626e+00 5.000000000000e-03
1.097996021076e+00 5.803866990640e+00 5.000000000000e-03
4.731829070146e+00 9.978613121267e-01 5.000000000000e-03
7.215182078230e-01 4.302815483766e+00 5.000000000000e-03
2.559784905335e+00 1.636629764267e+00 5.000000000000e-03
1.809249097163e+00 6.040619544791e+00 5.000000000000e-03
4.613843158785e+00 8.731227072641e-01 5.000000000000e-03
6.277280571849e+00 3.790425619963e+00 5.000000000000e-03
4.996497147118e-01 3.475083118602e+00 5.000000000000e-03
1.536362511344e+00 2.568071114883e-01 5.000000000000e-03
1.650241479685e+00 3.992955490280e+00 5.000000000000e-03
8.969575590917e-01 1.713016387670e+00 5.000000000000e-03
5.660069666476e+00 6.896756533356e-01 5.000000000000e-03
2.580818784138e+00 3.800938589822e+00 5.000000000000e-03
3.978734586387e-01 1.583826981044e-01 5.000000000000e-03
1.993396087191e+00 5.989341805940e+00 5.000000000000e-03
4.840325652266e+00 2.659571252679e+00 5.000000000000e-03
1.612003935891e+00 5.651280441386e+00 5.000000000000e-03
3.991327636821e+00 4.871579866616e+00 5.000000000000e-03
6.010788910363e+00 5.213578689789e+00 5.000000000000e-03
2.984368359960e+00 2.036131667463e+00 5.000000000000e-03
2.823038759253e+00 4.834775567285e+00 5.000000000000e-03
3.872641976399e+00 1.571611032863e+00 5.000000000000e-03
4.499390634942e+00 4.060457950791e-02 5.000000000000e-03
5.349891410361e+00 1.276535398507e+00 5.000000000000e-03
4.488388647928e+00 3.630004502683e+00 5.000000000000e-03
2.042948599703e+00 3.083947695228e+00 5.000000000000e-03
1.475593129361e+00 3.629621134223e+00 5.000000000000e-03
5.423933996898e+00 3.047871610730e+00 5.000000000000e-03
1.327166229421e+00 1.159427107107e-01 5.000000000000e-03
3.150551849706e+00 4.564031279204e+00 5.000000000000e-03
1.776980180635e+00 1.650460271748e+00 5.000000000000e-03
1.140608212072e+00 4.466414800880e+00 5.000000000000e-03
2.605224863544e+00 7.323578897233e-01 5.000000000000e-03
5.720793696174e+00 5.625791231732e+00 5.000000000000e-03
4.557321824631e+00 4.914415873337e+00 5.000000000000e-03
4.432301764287e+00 5.406464051445e+00 5.000000000000e-03
3.284449651165e+00 1.915204341984e+00 5.000000000000e-03
2.485658526978e+00 4.374750156554e+00 5.000000000000e-03
6.089430104802e-01 1.631588415876e+00 5.000000000000e-03
3.866024501740e+00 2.934195487738e+00 5.000000000000e-03
3.833237872395e+00 4.538839912368e+00 5.000000000000e-03
4.799155782375e+00 4.200157966151e+00 5.000000000000e-03
6.217130761858e+00 9.039629209054e-02 5.000000000000e-03
3.655520204965e-01 3.435334883034e+00 5.000000000000e-03
4.179903703325e+00 2.019222228473e+00 5.000000000000e-03
2.073879637483e+00 1.450566056687e+00 5.000000000000e-03
1.869867406103e+00 3.030045986077e-01 5.000000000000e-03
6.151628868968e+00 1.280028998296e+00 5.000000000000e-03
5.075522121014e+00 2.066917919393e+00 5.000000000000e-03
6.170202301646e+00 4.635588049146e+00 5.000000000000e-03
2.303051563524e+00 4.353764315789e+00 5.000000000000e-03
4.420194653879e+00 5.779746551760e+00 5.000000000000e-03
3.521705515325e+00 1.449740313861e+00 5.000000000000e-03
5.536428667374e+00 2.419856481945e-01 5.000000000000e-03
4.799946889880e+00 9.117746297695e-01 5.000000000000e-03
3.521787363906e-01 4.410348501411e+00 5.000000000000e-03
7.382422839797e-01 1.660662473629e+00 5.000000000000e-03
3.284645812361e-01 2.182455491642e-02 5.000000000000e-03
2.664627194147e+00 4.429093104965e+00 5.000000000000e-03
1.904766417435e+00 9.100647621363e-01 5.000000000000e-03
2.636293106274e+00 2.813676406042e+00 5.000000000000e-03
3.934659051349e+00 6.240612968704e+00 5.000000000000e-03
2.173038673165e-03 2.602185184086e+00 5.000000000000e-03
5.435776924938e+00 4.018089108661e+00 5.000000000000e-03
4.663014703099e+00 9.204045447003e-01 5.000000000000e-03
5.601764969670e+00 7.756770187522e-02 5.000000000000e-03
2.589197909137e+00 5.999595222838e+00 5.000000000000e-03
2.592508592085e-01 1.390301597124e+00 5.000000000000e-03
4.451058714628e+00 3.242655974616e+00 5.000000000000e-03
5.947973893327e+00 1.770258599477e+00 5.000000000000e-03
1.434515641315e+00 7.808288245195e-02 5.000000000000e-03
2.956637480701e+00 5.741370529422e+00 5.000000000000e-03
4.413876237777e+00 3.341128767684e+00 5.000000000000e-03
4.007972475228e+00 3.489233520739e+00 5.000000000000e-03
2.815740834425e+00 6.174766387960e+00 5.000000000000e-03
5.773806939262e-01 4.311413318597e+00 5.000000000000e-03
4.910678452260e+00 1.845520418661e+00 5.000000000000e-03
2.686231170246e+00 3.502974243315e+00 5.000000000000e-03
5.459791752783e-02 1.909899176940e+00 5.000000000000e-03
1.237753911933e+00 9.424088886292e-01 5.000000000000e-03
3.185531578399e+00 2.272384451003e+00 5.000000000000e-03
1.974285153716e+00 4.159798718712e+00 5.000000000000e-03
5.723762728337e+00 5.415579952617e+00 5.000000000000e-03
4.249403388891e+00 5.296450623186e+00 5.000000000000e-03
8.282296317002e-02 5.280512308360e+00 -5.000000000000e-03
2.955513117643e+00 8.094208734356e-01 -5.000000000000e-03
2.395218243168e+00 5.267824964108e+00 -5.000000000000e-03
5.198430064403e+00 3.752960550504e+00 -5.000000000000e-03
2.871879019566e+00 4.739559619895e+00 -5.000000000000e-03
3.100005203296e+00 3.027152955172e+00 -5.000000000000e-03
3.061685698542e+00 1.771538405694e+00 -5.000000000000e-03
4.979856038941e+00 2.857141961597e+00 -5.000000000000e-03
6.319163544881e-01 2.580926453303e+00 -5.000000000000e-03
3.150393660036e+00 7.859309148951e-01 -5.000000000000e-03
1.306425733211e-01 1.347867563188e+00 -5.000000000000e-03
2.410594652186e+00 3.711385137920e+00 -5.000000000000e-03
3.653387685488e+00 6.025749419357e+00 -5.000000000000e-03
6.282964859158e+00 2.137557224398e+00 -5.000000000000e-03
4.064998665508e+00 3.941061310011e+00 -5.000000000000e-03
5.842795972978e+00 5.270644213172e+00 -5.000000000000e-03
2.762320045127e+00 2.136502699999e+00 -5.000000000000e-03
5.107305098071e+00 2.123577997472e-01 -5.000000000000e-03
3.012142833399e+00 2.129340697963e+00 -5.000000000000e-03
1.585791246638e+00 4.643485922348e+00 -5.000000000000e-03
2.253880040222e+00 1.989748299577e+00 -5.000000000000e-03
5.290487134767e+00 2.028826220443e+00 -5.000000000000e-03
7.982522364066e-01 6.245827769388e+00 -5.000000000000e-03
5.785341062154e+00 2.991072667435e+00 -5.000000000000e-03
3.771154608402e+00 2.631067436181e+00 -5.000000000000e-03
2.655702849265e-01 4.243942907717e+00 -5.000000000000e-03
4.611354081271e-01 4.710839344118e+00 -5.000000000000e-03
1.645705977278e+00 3.937153465010e+00 -5.000000000000e-03
4.868362865895e+00 6.190758606917e+00 -5.000000000000e-03
1.686386331982e+00 4.673079334819e+00 -5.000000000000e-03
1.032982255180e-01 1.649613463668e+00 -5.000000000000e-03
4.777535456918e+00 1.548433368824e+00 -5.000000000000e-03
3.073757018629e+00 2.488020337061e+00 -5.000000000000e-03
4.436221706218e+00 5.912147034704e+00 -5.000000000000e-03
4.462348586545e+00 4.173634285531e+00 -5.000000000000e-03
9.966585618981e-01 4.021487291434e-01 -5.000000000000e-03
3.798745834874e+00 7.965929683884e-01 -5.000000000000e-03
5.018983487260e+00 1.745742217588e+00 -5.000000000000e-03
2.787934588101e-01 5.501991122306e+00 -5.000000000000e-03
4.049608867952e-01 1.461332887684e+00 -5.000000000000e-03
2.218284035715e+00 1.956242754572e+00 -5.000000000000e-03
5.039629475625e+00 3.549574968209e+00 -5.000000000000e-03
2.227955228140e+00 2.709758053350e+00 -5.000000000000e-03
4.400927435246e+00 4.811313979466e+00 -5.000000000000e-03
4.058005012911e+00 5.728039256837e+00 -5.000000000000e-03
8.083525064898e-01 8.095335941734e-01 -5.000000000000e-03
3.942819902564e+00 3.495734491590e+00 -5.000000000000e-03
3.348249338699e+00 2.515108779438e+00 -5.000000000000e-03
2.306802858924e+00 4.376126045003e+00 -5.000000000000e-03
4.889595339706e+00 2.827346400090e+00 -5.000000000000e-03
8.044324950822e-01 1.064962157382e+00 -5.000000000000e-03
5.815182925368e+00 3.109349010134e+00 -5.000000000000e-03
5.967108699547e+00 1.173144573148e+00 -5.000000000000e-03
5.841367212677e+00 5.211645493814e-01 -5.000000000000e-03
3.744702331996e+00 5.984938826285e+00 -5.000000000000e-03
1.169081107112e-01 3.431479054051e+00 -5.000000000000e-03
4.778549287785e+00 5.877484236581e+00 -5.000000000000e-03
5.212417181947e+00 1.487600621067e+00 -5.000000000000e-03
5.340540183518e+00 1.534843402554e+00 -5.000000000000e-03
4.528097204751e+00 5.691591751499e+00 -5.000000000000e-03
5.948569052662e+00 7.763080609188e-01 -5.000000000000e-03
5.185172927482e+00 5.633395209789e+00 -5.000000000000e-03
5.292786566653e+00 6.241935104866e+00 -5.000000000000e-03
6.269758514747e+00 4.627166482802e+00 -5.000000000000e-03
1.495880413564e-01 3.043034906358e-01 -5.000000000000e-03
2.427797672854e+00 4.299904250434e+00 -5.000000000000e-03
3.488070401063e+00 1.582824306868e+00 -5.000000000000e-03
5.641324239863e+00 4.386633488095e+00 -5.000000000000e-03
4.701089938117e+00 2.531416071532e-02 -5.000000000000e-03
6.073351704747e+00 2.947462255848e+00 -5.000000000000e-03
1.488477398302e+00 1.946820978227e-01 -5.000000000000e-03
1.570103750302e+00 2.303316878439e+00 -5.000000000000e-03
5.031218964509e+00 5.923787178244e+00 -5.000000000000e-03
5.297770889122e+00 5.744190774843e+00 -5.000000000000e-03
5.632478109108e+00 3.771554706002e+00 -5.000000000000e-03
6.028257254964e+00 6.257011861237e+00 -5.000000000000e-03
2.873532395223e-02 4.126974707243e+00 -5.000000000000e-03
4.023937235479e+00 6.257341898285e+00 -5.000000000000e-03
3.085610902683e+00 2.614448051308e+00 -5.000000000000e-03
2.029045177280e+00 4.724498330586e+00 -5.000000000000e-03
3.012763111371e+00 2.467689252491e+00 -5.000000000000e-03
3.930011759330e+00 4.768235490996e+00 -5.000000000000e-03
5.595359838739e+00 5.440529901082e+00 -5.000000000000e-03
5.404086867360e+00 5.996931189639e+00 -5.000000000000e-03
6.966743476305e-01 1.609520678053e+00 -5.000000000000e-03
5.562036225967e+00 3.128692167508e+00 -5.000000000000e-03
4.251831246975e-01 5.544570958816e+00 -5.000000000000e-03
5.556487404691e+00 6.226729940536e+00 -5.000000000000e-03
1.796983326346e+00 3.292452098702e+00 -5.000000000000e-03
5.141810251393e+00 2.649398585306e+00 -5.000000000000e-03
4.435885506883e+00 3.188572845896e-01 -5.000000000000e-03
4.637552028033e+00 8.122961002783e-02 -5.000000000000e-03
2.185539739797e-01 1.013302007639e-01 -5.000000000000e-03
3.611160686638e-01 5.053342077466e+00 -5.000000000000e-03
5.832248437622e+00 3.626972476744e+00 -5.000000000000e-03
3.172908486839e+00 2.572933710439e+00 -5.000000000000e-03
1.026420547387e+00 1.881336101255e+00 -5.000000000000e-03
5.519933049063e+00 1.024830325793e+00 -5.000000000000e-03
4.858756179036e+00 3.016090078502e+00 -5.000000000000e-03
4.272783487825e+00 4.167385071403e+00 -5.000000000000e-03
