5.101253780350e+00 3.939950749362e+00 5.000000000000e-03
4.783226120698e+00 3.112508960557e+00 5.000000000000e-03
2.347137547426e+00 1.722339167358e+00 5.000000000000e-03
1.695923241758e+00 3.997139057855e+00 5.000000000000e-03
5.987154942327e+00 2.679371942193e-01 5.000000000000e-03
1.154660545022e+00 5.325753086206e+00 5.000000000000e-03
2.741235428132e+00 3.919339908302e+00 5.000000000000e-03
1.427250984296e+00 5.976441843826e+00 5.000000000000e-03
3.820636286646e+00 5.237345284369e-01 5.000000000000e-03
4.209564551884e+00 5.856994087606e+00 5.000000000000e-03
5.610492758266e+00 3.596341505347e+00 5.000000000000e-03
2.459204696704e+00 4.727673151260e+00 5.000000000000e-03
1.364260662269e+00 2.378334967227e+00 5.000000000000e-03
2.060811207694e+00 1.092355764989e+00 5.000000000000e-03
1.862761301928e+00 4.251783537999e-01 5.000000000000e-03
3.202079615016e+00 3.459198818477e+00 5.000000000000e-03
6.134838972298e+00 5.883338741430e+00 5.000000000000e-03
3.940860718159e-01 4.184307127812e+00 5.000000000000e-03
8.098517622838e-01 5.270217490421e+00 5.000000000000e-03
5.598041057100e+00 4.310389837519e+00 5.000000000000e-03
4.404276534323e+00 3.128556287867e+00 5.000000000000e-03
2.513770954210e+00 6.223546014030e+00 5.000000000000e-03
4.600547859140e+00 1.968831439055e+00 5.000000000000e-03
4.820865409477e+00 4.722944270199e+00 5.000000000000e-03
1.911565312582e+00 1.335381463769e+00 5.000000000000e-03
1.827868487081e+00 3.509244830913e-01 5.000000000000e-03
5.431535371306e+00 4.667880617742e+00 5.000000000000e-03
5.047490224618e+00 2.481255789204e+00 5.000000000000e-03
4.391516219754e+00 1.518238629126e+00 5.000000000000e-03
4.523438198485e+00 5.395383160049e+00 5.000000000000e-03
3.288197163983e-01 2.816427885357e+00 5.000000000000e-03
5.499545492982e+00 1.313070106427e+00 5.000000000000e-03
8.571100103583e-01 4.609113191888e+00 5.000000000000e-03
3.864414419875e+00 3.038293160481e+00 5.000000000000e-03
5.286503491145e+00 3.202785720274e+00 5.000000000000e-03
1.034016929543e+00 2.602017082343e+00 5.000000000000e-03
3.098042362444e+00 2.848807571511e+00 5.000000000000e-03
5.301750962400e+00 3.297594961538e+00 5.000000000000e-03
1.059695002442e+00 8.813026423530e-01 5.000000000000e-03
3.755048587749e+00 1.937953565380e+00 5.000000000000e-03
4.310993492441e+00 2.514904425867e+00 5.000000000000e-03
6.115601393854e+00 5.426276117566e+00 5.000000000000e-03
4.183546067027e+00 3.012796483044e+00 5.000000000000e-03
2.188295095378e+00 8.801033456887e-01 5.000000000000e-03
3.922148933225e+00 2.681137896210e+00 5.000000000000e-03
3.895306412154e+00 1.937522422601e+00 5.000000000000e-03
5.847253477161e+00 4.913536374930e+00 5.000000000000e-03
2.585952474665e+00 1.823588764258e+00 5.000000000000e-03
3.076640825068e+00 5.173414846810e+00 5.000000000000e-03
1.679200541026e+00 1.368555132504e+00 5.000000000000e-03
1.628784710629e+00 1.348716700834e+00 5.000000000000e-03
2.651913055497e+00 5.510072795233e+00 5.000000000000e-03
5.426716992623e+00 3.220243293538e+00 5.000000000000e-03
4.209893948797e+00 3.770376127052e+00 5.000000000000e-03
7.498551604506e-02 2.088354812583e+00 5.000000000000e-03
3.948575929634e+00 2.813484248319e+00 5.000000000000e-03
3.401558046105e+00 2.145374227199e+00 5.000000000000e-03
4.569453522855e+00 5.520217241842e+00 5.000000000000e-03
2.807230734608e+00 4.031026082710e+00 5.000000000000e-03
5.677311866154e+00 2.985910079087e+00 5.000000000000e-03
7.515688553540e-01 1.386432273342e+00 5.000000000000e-03
1.509775715646e-01 5.006315748339e+00 5.000000000000e-03
2.806598802704e-01 4.124648103839e+00 5.000000000000e-03
3.371014766049e+00 4.421129567904e+00 5.000000000000e-03
3.343626060226e+00 5.814561103570e+00 5.000000000000e-03
4.462583420312e+00 5.486152264200e+00 5.000000000000e-03
5.510592671919e+00 6.710707394443e-01 5.000000000000e-03
3.295867210660e+00 3.830210360212e+00 5.000000000000e-03
2.805601861759e+00 1.862696208137e+00 5.000000000000e-03
2.550191292195e+00 6.578585038114e-01 5.000000000000e-03
1.246597624818e+00 6.270250132577e+00 5.000000000000e-03
4.575431872060e-01 1.666010138253e+00 5.000000000000e-03
9.994411957622e-01 1.029482347214e+00 5.000000000000e-03
2.294840965361e+00 4.422190423671e+00 5.000000000000e-03
5.154237705000e+00 6.901164873553e-01 5.000000000000e-03
2.011873202583e+00 1.946116407207e+00 5.000000000000e-03
5.097319928683e+00 4.175443180317e+00 5.000000000000e-03
1.295638304096e+00 4.750436333194e+00 5.000000000000e-03
4.598540147542e+00 5.213538945508e+00 5.000000000000e-03
4.864108019223e+00 1.974378974603e+00 5.000000000000e-03
5.612423378343e+00 2.039133101895e+00 5.000000000000e-03
1.689664395156e+00 3.406914507448e+00 5.000000000000e-03
5.618796287574e+00 2.961136957274e+00 5.000000000000e-03
5.870409494221e+00 1.781875348575e+00 5.000000000000e-03
5.606168526636e+00 9.980218834704e-01 5.000000000000e-03
5.606154605079e+00 3.430837455770e+00 5.000000000000e-03
4.394249295322e+00 3.820426524756e+00 5.000000000000e-03
1.443480791075e+00 6.254231342898e+00 5.000000000000e-03
1.571735953836e+00 2.979051509056e-01 5.000000000000e-03
5.915459787594e+00 1.300599372913e+00 5.000000000000e-03
9.889245213598e-01 3.002705565370e+00 5.000000000000e-03
3.313459609261e+00 4.974980122512e+00 5.000000000000e-03
5.354468892784e+00 3.481572082407e+00 5.000000000000e-03
3.714857109821e+00 2.977138771419e+00 5.000000000000e-03
4.226951838707e-01 5.526938628975e+00 5.000000000000e-03
3.394337836339e+00 5.154963650903e+00 5.000000000000e-03
4.273426548793e+00 3.760231482560e+00 5.000000000000e-03
3.074230579055e+00 5.016789923998e+00 5.000000000000e-03
2.240835802800e+00 3.812190272432e+00 5.000000000000e-03
2.060178649928e+00 6.219519454394e+00 5.000000000000e-03
3.362903549723e-01 2.226187016004e+00 -5.000000000000e-03
3.876833098212e+00 1.822415636586e-01 -5.000000000000e-03
5.058153302584e+00 4.686446090221e+00 -5.000000000000e-03
5.614283864643e+00 3.354497205093e+00 -5.000000000000e-03
1.988662169411e-01 2.827794046076e+00 -5.000000000000e-03
1.858116021989e+00 1.294505919356e+00 -5.000000000000e-03
2.172373115410e+00 4.943803449353e+00 -5.000000000000e-03
1.555848965704e+00 3.186640422970e+00 -5.000000000000e-03
9.020661254652e-02 1.699321574380e+00 -5.000000000000e-03
4.104049529147e+00 5.251283944858e+00 -5.000000000000e-03
3.033907840999e+00 2.890113872875e+00 -5.000000000000e-03
5.428068324848e+00 2.961377079845e+00 -5.000000000000e-03
3.113305644663e+00 4.492824492301e+00 -5.000000000000e-03
5.166083163736e+00 4.989569286050e-01 -5.000000000000e-03
5.618598912725e+00 4.099540038576e+00 -5.000000000000e-03
5.749426143435e+00 1.287552297667e+00 -5.000000000000e-03
2.844091557194e+00 3.741992995103e-01 -5.000000000000e-03
2.118041286918e+00 2.280351513525e+00 -5.000000000000e-03
5.613291814432e+00 4.951411334414e+00 -5.000000000000e-03
2.685099149843e+00 2.371159937007e+00 -5.000000000000e-03
5.210585787858e+00 1.778421733383e+00 -5.000000000000e-03
6.059836393182e+00 2.846179069338e+00 -5.000000000000e-03
1.494802737920e+00 3.130821046491e+00 -5.000000000000e-03
3.876166697524e+00 2.014991652720e+00 -5.000000000000e-03
2.655559756885e+00 2.651651152427e+00 -5.000000000000e-03
5.741982524839e+00 1.150376880125e+00 -5.000000000000e-03
3.839159866714e+00 1.536825342363e+00 -5.000000000000e-03
1.932189815931e-01 6.120307995736e+00 -5.000000000000e-03
4.338831564144e+00 4.540034354069e+00 -5.000000000000e-03
2.187104749187e+00 3.964850140477e+00 -5.000000000000e-03
3.254052992168e+00 1.654797731428e+00 -5.000000000000e-03
3.647036536368e+00 3.171702856367e+00 -5.000000000000e-03
4.642660004595e+00 2.188479065787e-01 -5.000000000000e-03
1.071413099008e+00 3.072185469780e+00 -5.000000000000e-03
1.329268805274e+00 4.007312466872e+00 -5.000000000000e-03
5.915928490934e-01 4.224503858141e+00 -5.000000000000e-03
5.989380315096e+00 5.732805137441e+00 -5.000000000000e-03
5.360448566928e+00 4.472690683072e+00 -5.000000000000e-03
4.654164850982e+00 6.270636278854e-03 -5.000000000000e-03
6.074206198821e+00 2.503600470367e+00 -5.000000000000e-03
4.633997527240e+00 5.867547521289e+00 -5.000000000000e-03
5.054921633518e+00 2.367809548062e+00 -5.000000000000e-03
1.749063941010e+00 2.083338054138e+00 -5.000000000000e-03
3.602210803589e+00 1.847820707048e+00 -5.000000000000e-03
4.125946390986e+00 4.219627466927e+00 -5.000000000000e-03
5.422752969163e-01 5.402056889093e+00 -5.000000000000e-03
2.112623249043e+00 3.959570519597e+00 -5.000000000000e-03
7.119867649990e-01 2.685329699089e+00 -5.000000000000e-03
6.002374158252e+00 2.888381045096e+00 -5.000000000000e-03
5.002830060675e+00 1.543268254351e+00 -5.000000000000e-03
5.756945505121e+00 1.912115580417e+00 -5.000000000000e-03
6.066719741797e+00 5.226941081166e+00 -5.000000000000e-03
2.669391560169e+00 3.319819157397e+00 -5.000000000000e-03
1.588407323373e+00 2.941998619787e+00 -5.000000000000e-03
5.551572141262e+00 4.150647520455e+00 -5.000000000000e-03
5.204327738149e+00 5.863465484144e-01 -5.000000000000e-03
4.740454175839e+00 5.767481021797e-01 -5.000000000000e-03
3.637932113910e-01 5.668205907931e+00 -5.000000000000e-03
3.993868536156e+00 1.205936183618e+00 -5.000000000000e-03
2.535587608974e+00 5.552180860085e+00 -5.000000000000e-03
3.541688320433e-01 5.889653049344e+00 -5.000000000000e-03
5.614163555691e-01 1.475218840242e+00 -5.000000000000e-03
4.804694234032e+00 3.280132962037e+00 -5.000000000000e-03
5.903520464796e+00 6.198769161590e+00 -5.000000000000e-03
5.298003951412e+00 3.749030469604e-01 -5.000000000000e-03
1.213466932364e+00 2.515085418701e+00 -5.000000000000e-03
2.039625602382e+00 5.929612952089e+00 -5.000000000000e-03
3.419775532081e+00 3.526729440500e+00 -5.000000000000e-03
9.988060541347e-01 4.399638465194e+00 -5.000000000000e-03
5.621934718877e+00 5.600735822120e+00 -5.000000000000e-03
1.606523188124e+00 6.016107898882e+00 -5.000000000000e-03
3.560279678420e+00 4.047192847077e-01 -5.000000000000e-03
4.106295183806e+00 4.567951016113e+00 -5.000000000000e-03
2.102923988806e+00 5.169967127742e+00 -5.000000000000e-03
2.877823976150e+00 2.122474782172e+00 -5.000000000000e-03
4.065890305163e+00 4.030327410060e+00 -5.000000000000e-03
4.984376930961e+00 3.138426765039e+00 -5.000000000000e-03
4.982123420673e+00 8.474951670532e-01 -5.000000000000e-03
5.042465689027e+00 6.254023535590e+00 -5.000000000000e-03
2.358322994860e+00 4.602429724024e+00 -5.000000000000e-03
3.322516415290e+00 1.305539171466e-01 -5.000000000000e-03
6.106674759683e+00 9.405976899748e-01 -5.000000000000e-03
1.906848973862e+00 4.764874727838e+00 -5.000000000000e-03
1.597276091370e+00 6.130049144592e+00 -5.000000000000e-03
4.026781007467e+00 8.590136254563e-01 -5.000000000000e-03
5.968206499943e+00 3.826479360081e+00 -5.000000000000e-03
3.042862748662e+00 1.805815044313e+00 -5.000000000000e-03
3.326306593486e+00 1.288893501084e+00 -5.000000000000e-03
4.561209985968e-01 4.029601810506e+00 -5.000000000000e-03
2.366028678640e+00 6.189060483854e+00 -5.000000000000e-03
2.074319009005e+00 4.732753034337e+00 -5.000000000000e-03
4.512769173140e+00 3.093736861580e+00 -5.000000000000e-03
8.165848273539e-02 2.734977347299e-01 -5.000000000000e-03
5.578438693902e+00 2.472503609338e+00 -5.000000000000e-03
5.901079814816e+00 9.016914280725e-01 -5.000000000000e-03
3.708812364117e+00 6.352149977763e-02 -5.000000000000e-03
2.376789135771e+00 1.842907372140e+00 -5.000000000000e-03
1.353634328055e+00 3.394335544355e-01 -5.000000000000e-03
3.518335356543e+00 3.532025320939e+00 -5.000000000000e-03
4.066249400212e+00 6.230274251808e+00 -5.000000000000e-03
