3.237123397899e+00 3.896556440942e+00 5.000000000000e-03
2.014996311687e+00 1.328129534428e+00 5.000000000000e-03
9.541167269220e-01 4.749002008335e+00 5.000000000000e-03
3.977197781732e+00 2.002015105341e+00 5.000000000000e-03
3.461078706805e+00 3.496240391828e+00 5.000000000000e-03
4.644077879445e+00 5.428448140287e+00 5.000000000000e-03
4.106053917912e+00 4.020846478668e+00 5.000000000000e-03
4.437745805387e+00 1.896077382231e+00 5.000000000000e-03
3.544916236152e+00 2.921091345837e+00 5.000000000000e-03
4.519418021956e+00 1.421728892464e-01 5.000000000000e-03
3.859276245792e+00 4.349672229953e+00 5.000000000000e-03
3.655326295605e+00 2.983503685018e+00 5.000000000000e-03
6.266507016353e+00 3.003590996333e+00 5.000000000000e-03
5.453824300316e+00 1.474255980654e+00 5.000000000000e-03
5.158603224499e+00 5.759090589609e+00 5.000000000000e-03
5.750491903706e+00 1.356554850879e+00 5.000000000000e-03
4.341245087558e+00 2.804557494140e+00 5.000000000000e-03
4.273461709118e+00 3.721059459434e+00 5.000000000000e-03
8.413812941553e-01 1.873612450068e+00 5.000000000000e-03
6.176789460641e+00 2.008220075571e+00 5.000000000000e-03
3.420476440242e+00 2.575296962316e+00 5.000000000000e-03
3.496142478609e+00 9.280027911906e-01 5.000000000000e-03
2.356930230239e+00 1.650325009338e+00 5.000000000000e-03
2.818885583628e-01 3.393921783489e+00 5.000000000000e-03
6.876635813292e-01 1.109362446065e+00 5.000000000000e-03
4.489465049820e+00 4.767136086908e+00 5.000000000000e-03
5.830913333920e+00 3.418648506014e+00 5.000000000000e-03
6.552784339342e-01 3.582918809384e+00 5.000000000000e-03
5.081266300851e+00 1.244544990829e+00 5.000000000000e-03
3.087860369966e-01 1.865383332525e+00 5.000000000000e-03
4.980154419942e+00 6.252003015644e+00 5.000000000000e-03
1.848639295378e+00 4.582750320341e+00 5.000000000000e-03
3.200859153011e+00 2.717922833097e+00 5.000000000000e-03
6.115801830621e+00 4.511590240456e+00 5.000000000000e-03
5.372763544009e+00 5.827131993052e+00 5.000000000000e-03
1.988668144371e+00 1.461701629407e+00 5.000000000000e-03
4.989748512317e+00 4.829424906879e+00 5.000000000000e-03
6.100520495945e+00 1.380293020167e+00 5.000000000000e-03
1.703649885214e+00 1.542634492505e+00 5.000000000000e-03
3.655386770654e+00 6.140939762523e+00 5.000000000000e-03
2.058886447706e+00 5.784392204460e-01 5.000000000000e-03
4.463846635664e+00 7.536817450062e-01 5.000000000000e-03
6.166271598224e+00 2.478647387245e+00 5.000000000000e-03
3.433945188437e+00 1.609169342447e-02 5.000000000000e-03
6.643133777495e-01 3.189052695080e+00 5.000000000000e-03
4.992067792117e+00 4.882322470432e+00 5.000000000000e-03
2.629276204702e-01 1.609188826464e+00 5.000000000000e-03
5.113310289681e+00 1.567637578551e+00 5.000000000000e-03
3.375415223224e+00 1.392513627058e+00 5.000000000000e-03
3.070669173696e+00 2.356624252544e+00 5.000000000000e-03
1.631082938121e+00 5.856158380388e+00 5.000000000000e-03
5.251821292857e+00 3.698643596462e+00 5.000000000000e-03
1.711729124273e+00 4.598992057078e+00 5.000000000000e-03
8.092440611160e-01 4.085644305560e+00 5.000000000000e-03
4.910350635072e-01 2.703396106635e+00 5.000000000000e-03
3.333054596354e+00 3.615589540773e+00 5.000000000000e-03
2.020017457199e-01 2.827871594219e+00 5.000000000000e-03
5.597586569601e+00 1.155751400284e-01 5.000000000000e-03
5.898738360549e+00 7.990321072016e-01 5.000000000000e-03
2.249282987607e+00 3.101605415719e+00 5.000000000000e-03
4.799773662801e+00 3.548498296714e+00 5.000000000000e-03
5.388157165461e+00 3.136760877191e-01 5.000000000000e-03
1.318024981064e+00 5.948435226767e+00 5.000000000000e-03
6.140385922354e+00 5.533684066906e+00 5.000000000000e-03
2.287677450826e+00 2.487208079240e+00 5.000000000000e-03
6.153086108420e+00 3.142596701200e+00 5.000000000000e-03
2.774902340272e+00 4.658051372681e+00 5.000000000000e-03
9.139376779259e-02 3.878700434065e+00 5.000000000000e-03
1.816947501595e+00 1.855796335240e+00 5.000000000000e-03
2.963670571796e+00 5.648664830059e+00 5.000000000000e-03
4.553001247632e+00 2.646682906151e+00 5.000000000000e-03
5.449821119489e-01 3.314683388239e+00 5.000000000000e-03
3.158129406088e+00 2.425542787043e+00 5.000000000000e-03
5.999299916830e+00 1.829382450272e+00 5.000000000000e-03
2.679444456543e+00 3.595995726587e+00 5.000000000000e-03
1.554380080000e+00 5.857870458184e+00 5.000000000000e-03
3.195371458912e+00 1.170088492982e+00 5.000000000000e-03
6.224330468002e+00 6.559913549954e-01 5.000000000000e-03
4.330180188201e+00 9.510146641443e-01 5.000000000000e-03
3.248313638007e+00 2.712309129165e+00 5.000000000000e-03
6.231684946385e+00 3.862665998590e+00 5.000000000000e-03
2.953005452055e+00 2.386811361288e+00 5.000000000000e-03
1.208659069152e+00 8.202344822670e-01 5.000000000000e-03
5.636431539751e-01 3.903373814609e+00 5.000000000000e-03
2.887815008064e+00 3.713967386851e-01 5.000000000000e-03
5.314151563735e+00 3.906253400640e+00 5.000000000000e-03
3.140280225299e+00 4.197721216637e+00 5.000000000000e-03
8.323228008009e-01 6.872716656739e-01 5.000000000000e-03
2.393465544419e+00 2.387740026588e+00 5.000000000000e-03
1.545384478966e+00 2.779655140995e+00 5.000000000000e-03
5.281908376506e+00 7.151185944324e-01 5.000000000000e-03
3.861486639103e+00 6.137615236532e-01 5.000000000000e-03
4.180254224766e+00 4.664297124338e+00 5.000000000000e-03
3.454875038534e+00 1.046958412580e+00 5.000000000000e-03
1.478917422786e-02 5.336948861943e+00 5.000000000000e-03
5.481742823379e+00 1.547266413183e-01 5.000000000000e-03
3.210940082415e+00 2.353565438106e+00 5.000000000000e-03
5.332483835592e-01 1.110488370819e+00 5.000000000000e-03
6.096111567325e-01 1.654153036154e+00 5.000000000000e-03
2.817843280167e+00 6.138016668644e+00 5.000000000000e-03
4.853623697495e+00 4.624196848066e-01 -5.000000000000e-03
2.296457699828e+00 1.360171265440e+00 -5.000000000000e-03
5.328245891740e+00 3.462360380589e+00 -5.000000000000e-03
4.762639201557e+00 1.859128161847e+00 -5.000000000000e-03
5.629036095170e+00 2.901862830031e+00 -5.000000000000e-03
5.146400456263e+00 3.648334583736e+00 -5.000000000000e-03
4.620362395619e+00 8.860414703190e-01 -5.000000000000e-03
9.720339875535e-01 4.052568218758e+00 -5.000000000000e-03
5.187249906968e-01 5.810278863179e+00 -5.000000000000e-03
4.537692577466e+00 1.145999544366e+00 -5.000000000000e-03
1.566216742485e+00 5.255229455264e+00 -5.000000000000e-03
4.865654923774e-01 1.212611473732e+00 -5.000000000000e-03
3.889481836102e+00 6.338984877604e-01 -5.000000000000e-03
6.068844590453e-01 9.681522539906e-01 -5.000000000000e-03
3.255079389396e+00 7.565720480835e-01 -5.000000000000e-03
4.003885400159e+00 2.524763895556e+00 -5.000000000000e-03
6.223181420596e+00 1.861924848838e+00 -5.000000000000e-03
6.059084887785e+00 5.541639204418e+00 -5.000000000000e-03
3.730335251761e+00 4.826727278504e+00 -5.000000000000e-03
6.243676427813e+00 5.492386908948e+00 -5.000000000000e-03
1.883998727379e+00 4.910178007504e+00 -5.000000000000e-03
6.245570461426e+00 5.305818439678e+00 -5.000000000000e-03
5.362525551990e+00 1.365828031763e+00 -5.000000000000e-03
2.201556236021e+00 1.459761473084e+00 -5.000000000000e-03
5.475519929081e+00 5.958787749401e+00 -5.000000000000e-03
4.919747725805e+00 3.130183047171e+00 -5.000000000000e-03
3.151402337832e+00 6.138627062474e+00 -5.000000000000e-03
5.106240594451e+00 3.251472115539e+00 -5.000000000000e-03
3.144586263491e+00 6.108576427003e+00 -5.000000000000e-03
6.205889775470e+00 3.759306830822e+00 -5.000000000000e-03
5.628556042097e+00 1.752704789727e-01 -5.000000000000e-03
4.817966579194e+00 5.188103681902e+00 -5.000000000000e-03
2.939501557095e+00 4.439716690151e+00 -5.000000000000e-03
4.160866040475e+00 5.610357261638e+00 -5.000000000000e-03
3.476902085863e+00 2.819839996473e+00 -5.000000000000e-03
9.115717925712e-01 5.432578186569e+00 -5.000000000000e-03
4.408956700145e+00 9.720632895951e-02 -5.000000000000e-03
4.369854104159e-01 3.804752895165e+00 -5.000000000000e-03
2.976085464196e+00 9.046811947693e-01 -5.000000000000e-03
3.942686103227e+00 4.959112059272e+00 -5.000000000000e-03
5.285832027935e+00 2.512955527402e+00 -5.000000000000e-03
1.618293729674e+00 5.320565461293e+00 -5.000000000000e-03
6.185330885745e-01 6.525504324946e-01 -5.000000000000e-03
4.695778475905e+00 3.545414622537e+00 -5.000000000000e-03
4.386186646567e-01 6.251600289331e+00 -5.000000000000e-03
2.573819208263e+00 2.294363131030e+00 -5.000000000000e-03
5.052510966649e+00 4.778171604888e+00 -5.000000000000e-03
3.001636549640e+00 2.049187867776e+00 -5.000000000000e-03
4.211156361355e+00 3.525538027445e+00 -5.000000000000e-03
4.334945851419e+00 2.137179913077e-01 -5.000000000000e-03
4.875800895500e-01 3.180940817141e-01 -5.000000000000e-03
2.369020825871e+00 7.619250390230e-01 -5.000000000000e-03
4.295972615822e-01 1.482567247325e+00 -5.000000000000e-03
5.498812178209e+00 3.198311734392e+00 -5.000000000000e-03
3.102288981407e+00 4.758665391196e+00 -5.000000000000e-03
4.247261670915e+00 3.145873647172e+00 -5.000000000000e-03
4.948969727272e+00 5.974954533713e+00 -5.000000000000e-03
3.794360276092e+00 4.298478359138e+00 -5.000000000000e-03
1.901395459836e+00 3.543905926603e+00 -5.000000000000e-03
4.940333579490e-01 2.976509522509e+00 -5.000000000000e-03
5.699387006233e+00 4.643190284854e+00 -5.000000000000e-03
1.341349535643e+00 7.885572114167e-01 -5.000000000000e-03
8.053834055249e-01 5.549063529204e+00 -5.000000000000e-03
3.621544978388e-01 5.847819283510e+00 -5.000000000000e-03
4.593021201003e+00 6.154404347734e+00 -5.000000000000e-03
5.573142706967e+00 5.788606954592e+00 -5.000000000000e-03
4.253245748399e+00 2.505399331348e+00 -5.000000000000e-03
3.571411410263e+00 6.268347458632e+00 -5.000000000000e-03
2.527835715475e+00 2.761330451544e-01 -5.000000000000e-03
3.180288946361e+00 5.958907232392e+00 -5.000000000000e-03
2.167109875456e+00 5.192220988943e+00 -5.000000000000e-03
4.474930654955e-02 2.570827477050e+00 -5.000000000000e-03
6.039942298861e+00 3.748715665252e+00 -5.000000000000e-03
7.774617203310e-01 5.541588235638e-01 -5.000000000000e-03
5.905907057750e-01 1.772872953282e+00 -5.000000000000e-03
6.320032647195e-01 3.293827983975e+00 -5.000000000000e-03
1.771258421488e+00 5.821470970837e+00 -5.000000000000e-03
3.546425266332e+00 5.679654439339e+00 -5.000000000000e-03
1.408878238876e+00 4.342438304831e+00 -5.000000000000e-03
2.409614258665e+00 4.043241837048e+00 -5.000000000000e-03
1.963076468238e+00 5.203305160328e+00 -5.000000000000e-03
3.343233469853e-01 2.736196389785e+00 -5.000000000000e-03
4.214211129716e+00 2.557215289135e+00 -5.000000000000e-03
5.472463397861e+00 1.394053375689e+00 -5.000000000000e-03
1.535034282796e+00 4.002344885042e+00 -5.000000000000e-03
3.779256886767e+00 4.579643310156e+00 -5.000000000000e-03
3.304242899410e+00 3.781206599308e+00 -5.000000000000e-03
6.065016893772e+00 5.360941361814e-01 -5.000000000000e-03
2.505240077081e+00 1.210105379555e+00 -5.000000000000e-03
4.718274761265e+00 3.639192611622e+00 -5.000000000000e-03
3.845105919325e+00 2.981598295061e+00 -5.000000000000e-03
9.362626748126e-01 5.519443952334e+00 -5.000000000000e-03
2.610772296379e+00 2.602234002824e+00 -5.000000000000e-03
2.199366382205e+00 4.775050446652e+00 -5.000000000000e-03
2.838530195433e+00 4.142414279103e+00 -5.000000000000e-03
1.065665656923e+00 2.358877278845e+00 -5.000000000000e-03
6.279435093179e+00 5.642128584369e+00 -5.000000000000e-03
5.876639767736e+00 3.770444870448e-01 -5.000000000000e-03
4.789560181154e+00 2.897946949709e+00 -5.000000000000e-03
4.746571776789e+00 2.146091169024e+00 -5.000000000000e-03
