2.632199020087e+00 5.202970493838e+00 5.000000000000e-03
3.323319950479e+00 4.597034316842e+00 5.000000000000e-03
4.104136788224e+00 2.147162122917e+00 5.000000000000e-03
2.490598540482e+00 2.662545791725e+00 5.000000000000e-03
4.989653996227e+00 6.174168394571e+00 5.000000000000e-03
1.563714498519e+00 4.624962250585e+00 5.000000000000e-03
1.447604654766e+00 4.747514688292e+00 5.000000000000e-03
5.204939576615e+00 1.966910897698e+00 5.000000000000e-03
2.535395836569e+00 4.752971973904e+00 5.000000000000e-03
3.203396759371e+00 1.814874506243e+00 5.000000000000e-03
4.720346277605e+00 1.996463467825e-01 5.000000000000e-03
6.150981216938e+00 3.285475784055e+00 5.000000000000e-03
1.921037678865e-01 5.295534838700e+00 5.000000000000e-03
5.711023237289e+00 1.624739402001e+00 5.000000000000e-03
5.224997048219e+00 4.725657458491e+00 5.000000000000e-03
5.512873918037e+00 4.575656600298e+00 5.000000000000e-03
4.269665234842e-02 6.012934792153e+00 5.000000000000e-03
5.110171841290e+00 5.406544593519e+00 5.000000000000e-03
3.951313110159e+00 5.317893181637e+00 5.000000000000e-03
3.690355199445e+00 1.464278801501e+00 5.000000000000e-03
5.096234396349e+00 3.617420558707e+00 5.000000000000e-03
2.009321980323e+00 3.835380275455e+00 5.000000000000e-03
3.200547972765e+00 4.356989498836e+00 5.000000000000e-03
4.511599532555e+00 4.080441842904e-01 5.000000000000e-03
2.262047317255e+00 5.264193689529e+00 5.000000000000e-03
5.940417004056e+00 4.071808569469e+00 5.000000000000e-03
5.773898492748e+00 4.653915251816e+00 5.000000000000e-03
3.944559803972e+00 1.056823963300e+00 5.000000000000e-03
4.623671072684e-01 1.774767095264e+00 5.000000000000e-03
4.448458047240e+00 4.036829929646e+00 5.000000000000e-03
1.867654964436e+00 3.254385391311e-01 5.000000000000e-03
3.636319098271e+00 4.206834587457e+00 5.000000000000e-03
5.319529393309e+00 2.011841941711e+00 5.000000000000e-03
5.546128282574e+00 5.643640266106e+00 5.000000000000e-03
3.271978779848e+00 1.390227809136e+00 5.000000000000e-03
3.221022129231e+00 1.613711337491e+00 5.000000000000e-03
5.906869541500e+00 7.609917774655e-01 5.000000000000e-03
3.880125374643e+00 5.113269362955e-01 5.000000000000e-03
1.905416047473e+00 2.079668290391e+00 5.000000000000e-03
1.006046228357e+00 5.002199885074e+00 5.000000000000e-03
6.220690275863e+00 1.789988715486e+00 5.000000000000e-03
2.780155555994e+00 1.161490767517e+00 5.000000000000e-03
1.644501922496e+00 4.331499510824e+00 5.000000000000e-03
5.619120357503e+00 2.737541275325e+00 5.000000000000e-03
5.801732102223e+00 5.515051178916e+00 5.000000000000e-03
4.512899574731e+00 2.468924879986e+00 5.000000000000e-03
3.583551859409e+00 3.252021333904e+00 5.000000000000e-03
2.138342562997e+00 1.888745819198e+00 5.000000000000e-03
2.564749846557e+00 5.990493938958e+00 5.000000000000e-03
3.587928339963e+00 6.747859299446e-01 5.000000000000e-03
2.751332569724e+00 1.055870087582e+00 5.000000000000e-03
5.261114936188e+00 4.801126303656e+00 5.000000000000e-03
1.128095155291e+00 1.056422775534e+00 5.000000000000e-03
3.739881469073e-01 4.923408172178e+00 5.000000000000e-03
1.761652539654e+00 3.212396275590e-01 5.000000000000e-03
4.403940493873e+00 1.304835528715e+00 5.000000000000e-03
1.434025277375e-02 2.062592141025e+00 5.000000000000e-03
5.614909485765e+00 9.098179580704e-01 5.000000000000e-03
3.887250422769e+00 7.238872188210e-01 5.000000000000e-03
1.978041717120e+00 2.915535674534e+00 5.000000000000e-03
1.724206154045e+00 4.303587300494e+00 5.000000000000e-03
5.853011773462e+00 2.237815132034e+00 5.000000000000e-03
2.634415413131e+00 2.051711512520e+00 5.000000000000e-03
2.362335822340e+00 6.226343096423e+00 5.000000000000e-03
5.167332878602e-01 1.956678676210e+00 5.000000000000e-03
5.056956169150e+00 2.214153423399e+00 5.000000000000e-03
5.420987793377e+00 5.026081482360e+00 5.000000000000e-03
3.348390258949e+00 2.695647158373e+00 5.000000000000e-03
5.223185100772e+00 5.360406009237e+00 5.000000000000e-03
3.804174437547e+00 3.097756124955e+00 5.000000000000e-03
5.907150411865e+00 1.372837428714e+00 5.000000000000e-03
2.728614729679e+00 2.735547412311e-02 5.000000000000e-03
4.648421765887e+00 3.337683959243e-01 5.000000000000e-03
2.417472903039e-01 5.763481534301e+00 5.000000000000e-03
1.004817544134e+00 5.674604084979e+00 5.000000000000e-03
5.517337412501e+00 6.272576880411e+00 5.000000000000e-03
5.925231623991e+00 1.036633508218e-01 5.000000000000e-03
1.818301544102e+00 4.487747533585e-01 5.000000000000e-03
4.003307663420e+00 2.875363982567e+00 5.000000000000e-03
1.643221300428e+00 3.862429619631e+00 5.000000000000e-03
2.676147792266e+00 1.917629170307e+00 5.000000000000e-03
1.374094533652e+00 2.338197179794e+00 5.000000000000e-03
4.240255959818e+00 5.156768566395e+00 5.000000000000e-03
4.928540315494e+00 6.221008535012e+00 5.000000000000e-03
2.407107302083e-01 2.152287176207e+00 5.000000000000e-03
2.214420299619e+00 2.903328034648e+00 5.000000000000e-03
4.589171245319e+00 2.942400792337e+00 5.000000000000e-03
2.538861841202e+00 5.578981766069e+00 5.000000000000e-03
4.824503157601e+00 4.064460557352e+00 5.000000000000e-03
2.525857657093e+00 4.411936490426e+00 5.000000000000e-03
2.428801579815e+00 4.769943673432e+00 5.000000000000e-03
2.711475245427e+00 3.209810642820e+00 5.000000000000e-03
7.412166268746e-01 4.442724953734e+00 5.000000000000e-03
3.619398248215e+00 2.997042687776e+00 5.000000000000e-03
1.963229736383e+00 2.755237736786e+00 5.000000000000e-03
5.597787715078e+00 3.914227241184e+00 5.000000000000e-03
5.617787250139e+00 3.333464851030e+00 5.000000000000e-03
2.890230125261e+00 3.435010817658e-01 5.000000000000e-03
8.017305923882e-01 2.216601024165e+00 5.000000000000e-03
4.998938788834e+00 6.245700995525e+00 5.000000000000e-03
2.319254891591e+00 3.072803023449e+00 -5.000000000000e-03
1.823249428354e+00 3.971034149396e+00 -5.000000000000e-03
8.904342811284e-01 4.986004162507e+00 -5.000000000000e-03
5.211636565538e+00 2.952857379399e+00 -5.000000000000e-03
6.145989223257e+00 5.506127204024e+00 -5.000000000000e-03
2.399982529025e+00 2.539790994524e+00 -5.000000000000e-03
2.135505395535e+00 3.500790908931e+00 -5.000000000000e-03
2.621709958591e+00 4.516786279083e-01 -5.000000000000e-03
3.041422217095e+00 3.842647148412e+00 -5.000000000000e-03
2.751115464927e+00 2.531695910205e+00 -5.000000000000e-03
5.580021760853e+00 4.630103115160e+00 -5.000000000000e-03
3.440750492773e+00 1.195741002411e-01 -5.000000000000e-03
2.880021272412e+00 3.952367460241e+00 -5.000000000000e-03
1.909723924015e+00 1.035287671258e+00 -5.000000000000e-03
4.018637088867e+00 1.903174354117e+00 -5.000000000000e-03
4.653867093154e+00 2.708854662007e+00 -5.000000000000e-03
3.592347540838e+00 5.847390909857e+00 -5.000000000000e-03
4.054321582257e+00 1.083392227816e+00 -5.000000000000e-03
1.317101252021e+00 3.706961059061e+00 -5.000000000000e-03
5.530470094607e+00 1.023915839212e-01 -5.000000000000e-03
1.979602437864e+00 3.711762111287e+00 -5.000000000000e-03
6.099902286213e+00 1.235196466557e+00 -5.000000000000e-03
6.203430027407e+00 2.063882531320e+00 -5.000000000000e-03
2.904891044748e+00 3.527480136881e+00 -5.000000000000e-03
3.972019275205e+00 1.830585142617e+00 -5.000000000000e-03
1.257038830351e+00 4.345873380047e+00 -5.000000000000e-03
3.072419336138e+00 2.488602820152e+00 -5.000000000000e-03
4.817486627874e+00 1.722834065811e-01 -5.000000000000e-03
3.236184533977e+00 2.163718026933e+00 -5.000000000000e-03
5.346087031838e+00 4.159546532812e+00 -5.000000000000e-03
3.190789740251e+00 5.414628486689e+00 -5.000000000000e-03
1.161746353671e+00 1.379638367476e+00 -5.000000000000e-03
5.004725184858e+00 4.977056154959e+00 -5.000000000000e-03
1.478574561879e+00 4.514446969030e+00 -5.000000000000e-03
1.882795166186e+00 4.195672692077e+00 -5.000000000000e-03
1.733288092558e+00 1.182915589658e+00 -5.000000000000e-03
1.995624211681e+00 1.415794413413e+00 -5.000000000000e-03
1.236821078536e+00 1.390478282384e+00 -5.000000000000e-03
3.855434440125e+00 6.165403264832e+00 -5.000000000000e-03
5.843111831793e+00 8.643892246083e-01 -5.000000000000e-03
1.977676826871e+00 3.678569679898e+00 -5.000000000000e-03
6.683078456247e-01 5.574679077019e+00 -5.000000000000e-03
4.205658576565e+00 3.244785226614e+00 -5.000000000000e-03
5.932928071142e+00 1.245186116611e+00 -5.000000000000e-03
3.255219309981e+00 2.135028625516e+00 -5.000000000000e-03
1.496613106594e+00 6.096835137302e+00 -5.000000000000e-03
1.247570485209e+00 4.804820314872e+00 -5.000000000000e-03
4.646809755040e+00 7.870427599498e-01 -5.000000000000e-03
1.126692145392e+00 1.752529051621e+00 -5.000000000000e-03
1.497395445698e+00 6.003503242404e+00 -5.000000000000e-03
9.714913077702e-01 3.786789525536e+00 -5.000000000000e-03
4.095808527662e+00 1.718071010801e+00 -5.000000000000e-03
3.639048096126e+00 5.286239590677e+00 -5.000000000000e-03
3.904226766244e+00 5.414790056864e+00 -5.000000000000e-03
2.504833874293e+00 3.558703301885e+00 -5.000000000000e-03
2.759556219370e+00 3.321491074595e-01 -5.000000000000e-03
2.760187956760e+00 2.318992567690e+00 -5.000000000000e-03
4.036136667301e+00 2.537206060571e-01 -5.000000000000e-03
4.675493547127e-01 2.220984995537e+00 -5.000000000000e-03
1.267936248286e+00 4.130382810501e+00 -5.000000000000e-03
1.968086322814e+00 4.517024822487e+00 -5.000000000000e-03
1.103630758066e+00 1.860221020784e+00 -5.000000000000e-03
2.199792529711e+00 1.673038124841e+00 -5.000000000000e-03
1.030540309598e+00 2.268664335199e+00 -5.000000000000e-03
1.643332911744e+00 2.086120216579e+00 -5.000000000000e-03
2.906163029162e-02 3.875382569931e+00 -5.000000000000e-03
2.501916074843e+00 6.197332849890e+00 -5.000000000000e-03
2.121061483269e+00 1.989560848503e+00 -5.000000000000e-03
3.058565373031e+00 1.148936876670e+00 -5.000000000000e-03
4.767297643985e+00 5.004206018825e+00 -5.000000000000e-03
3.405367679954e+00 1.844452276527e+00 -5.000000000000e-03
1.977457844307e+00 6.142143777497e+00 -5.000000000000e-03
5.675403397370e+00 5.855199299191e+00 -5.000000000000e-03
1.543378932468e+00 5.961673372374e+00 -5.000000000000e-03
3.171212198456e+00 1.821323590988e+00 -5.000000000000e-03
3.731781210128e+00 4.954831942768e+00 -5.000000000000e-03
2.410366195673e+00 5.951249458223e+00 -5.000000000000e-03
4.212803508588e+00 9.678048207429e-01 -5.000000000000e-03
3.360830293642e+00 1.090742646084e+00 -5.000000000000e-03
5.703243609216e+00 2.207821547392e+00 -5.000000000000e-03
5.147511443658e-01 5.735908241751e+00 -5.000000000000e-03
3.003363743083e+00 3.917402900202e+00 -5.000000000000e-03
1.706803668784e+00 9.138503074012e-01 -5.000000000000e-03
2.522370185866e+00 3.925894132650e+00 -5.000000000000e-03
4.155287622405e+00 3.118478865504e+00 -5.000000000000e-03
1.732051330212e+00 5.356788534610e+00 -5.000000000000e-03
3.261677537298e+00 5.032377721965e+00 -5.000000000000e-03
4.705720463462e+00 1.349040084939e+00 -5.000000000000e-03
1.043511069823e+00 5.876900437291e+00 -5.000000000000e-03
6.117895233793e+00 3.625199330874e+00 -5.000000000000e-03
3.208488872407e+00 3.581422733950e+00 -5.000000000000e-03
5.674653124826e+00 2.865367297559e-02 -5.000000000000e-03
4.432443788756e+00 4.960463801582e+00 -5.000000000000e-03
6.073649553993e+00 5.174412298606e+00 -5.000000000000e-03
5.747188079693e+00 4.733001070772e-01 -5.000000000000e-03
7.116493299156e-01 3.918189743426e+00 -5.000000000000e-03
2.526960766824e+00 2.959485840666e+00 -5.000000000000e-03
4.920080162408e+00 1.393292690256e+00 -5.000000000000e-03
3.476121432811e+00 2.677779406073e+00 -5.000000000000e-03
1.780548427301e+00 5.716216307223e+00 -5.000000000000e-03
