4.437857568992e-01 8.281194622342e-01 5.000000000000e-03
3.196132810045e+00 1.681276756108e+00 5.000000000000e-03
5.283422288774e-01 1.260855696978e+00 5.000000000000e-03
5.655858895743e+00 4.042225014211e+00 5.000000000000e-03
6.009092491643e+00 3.613022457094e+00 5.000000000000e-03
5.861581204315e+00 4.208528377609e+00 5.000000000000e-03
1.059881430266e+00 2.913526149717e+00 5.000000000000e-03
1.420311124072e+00 7.793610289090e-01 5.000000000000e-03
2.435365980245e+00 6.197233164318e-01 5.000000000000e-03
4.335589986572e+00 4.074647479644e+00 5.000000000000e-03
8.700315627719e-01 5.766727088826e+00 5.000000000000e-03
3.195069512279e+00 1.476775698632e+00 5.000000000000e-03
4.849672552614e+00 2.223871057033e+00 5.000000000000e-03
5.308281274897e+00 5.020269215628e+00 5.000000000000e-03
1.327286750662e+00 5.152897277418e+00 5.000000000000e-03
3.836031355736e+00 3.707458635306e+00 5.000000000000e-03
6.081904650246e+00 4.841514548220e+00 5.000000000000e-03
1.087908830734e+00 3.166434578017e+00 5.000000000000e-03
2.429627259217e+00 4.839445559665e-01 5.000000000000e-03
2.021503635246e+00 1.184361608947e+00 5.000000000000e-03
5.376133781768e+00 1.315873018561e+00 5.000000000000e-03
2.127278902770e+00 5.066309470714e+00 5.000000000000e-03
1.291841189344e+00 1.949060234286e+00 5.000000000000e-03
2.270192618658e+00 4.416038340675e+00 5.000000000000e-03
1.668502575352e+00 1.753481834555e-04 5.000000000000e-03
4.456538861693e+00 5.429404559912e+00 5.000000000000e-03
5.616928026239e+00 3.008853639840e+00 5.000000000000e-03
3.509241422790e+00 1.160440910788e+00 5.000000000000e-03
1.473183083892e+00 5.854176940935e+00 5.000000000000e-03
3.578474154735e-01 4.205147021773e+00 5.000000000000e-03
3.320853968945e+00 5.857615033136e+00 5.000000000000e-03
2.600242055480e+00 1.067354590332e-01 5.000000000000e-03
1.831762368566e+00 1.646920861948e+00 5.000000000000e-03
5.365368772166e+00 3.898569418840e-01 5.000000000000e-03
2.856177189951e+00 3.235268458230e+00 5.000000000000e-03
4.001330695552e+00 1.874626442812e+00 5.000000000000e-03
2.280240275845e+00 3.371469272833e+00 5.000000000000e-03
1.157579576428e+00 5.366480327702e+00 5.000000000000e-03
1.343224898621e+00 1.125285005278e+00 5.000000000000e-03
5.783342572551e+00 3.691825996560e+00 5.000000000000e-03
3.009991031779e+00 1.121501235226e+00 5.000000000000e-03
1.254715737596e+00 5.340366294248e+00 5.000000000000e-03
1.767245879623e-01 1.665479979541e-01 5.000000000000e-03
1.706235109102e+00 3.984644224748e+00 5.000000000000e-03
2.195603781098e+00 1.072060478577e+00 5.000000000000e-03
4.816368866408e+00 3.136980967856e+00 5.000000000000e-03
1.031220252244e-01 3.481649110833e+00 5.000000000000e-03
1.541154042047e+00 2.175288684828e-03 5.000000000000e-03
2.557476946291e+00 5.371219506430e+00 5.000000000000e-03
2.008957495163e+00 5.805351582893e-02 5.000000000000e-03
1.993176126647e+00 9.939029112020e-02 5.000000000000e-03
2.378811558474e+00 2.950902022760e+00 5.000000000000e-03
1.164395628806e-01 5.176358165954e+00 5.000000000000e-03
4.271243210327e+00 2.937908668704e+00 5.000000000000e-03
6.273104269384e+00 4.173674933936e+00 5.000000000000e-03
6.090302626827e+00 5.510345573605e+00 5.000000000000e-03
4.289739052501e+00 3.149408427771e+00 5.000000000000e-03
5.369118873883e+00 3.869407818384e+00 5.000000000000e-03
2.894693814400e+00 8.876249702170e-01 5.000000000000e-03
5.707917875573e+00 5.993446210238e+00 5.000000000000e-03
6.188575885690e+00 2.222177374894e-01 5.000000000000e-03
4.237907754296e-01 9.233710015934e-01 5.000000000000e-03
4.069678601966e+00 3.812554207371e+00 5.000000000000e-03
5.608978474225e+00 4.327048458225e-01 5.000000000000e-03
2.606728685001e+00 1.598965336256e+00 5.000000000000e-03
7.441781893126e-01 3.339984250348e+00 5.000000000000e-03
2.093072568354e+00 5.405771772687e-01 5.000000000000e-03
6.124542673451e+00 6.000156577562e+00 5.000000000000e-03
8.322067294069e-01 5.997522219649e+00 5.000000000000e-03
5.117393520407e+00 3.626028949563e+00 5.000000000000e-03
8.068110228308e-01 6.031696995434e-02 5.000000000000e-03
9.159919896703e-01 1.617149422391e+00 5.000000000000e-03
5.236849365647e+00 4.981535713544e+00 5.000000000000e-03
3.636100987702e+00 8.070598243034e-01 5.000000000000e-03
3.539169435461e+00 1.260747439300e+00 5.000000000000e-03
5.724747747993e+00 2.625530515413e+00 5.000000000000e-03
1.991622402598e+00 5.656590674930e+00 5.000000000000e-03
5.447668981966e+00 3.197855508802e+00 5.000000000000e-03
3.987125688857e+00 3.025548678364e-01 5.000000000000e-03
6.236917065211e+00 5.594974404570e+00 5.000000000000e-03
7.303541722058e-01 5.687982710896e+00 5.000000000000e-03
5.131174247469e+00 4.067558631822e+00 5.000000000000e-03
3.151290546511e+00 1.348096754617e+00 5.000000000000e-03
1.448052099486e+00 4.453153544406e+00 5.000000000000e-03
3.909570743523e+00 1.144341553981e+00 5.000000000000e-03
1.260822835762e+00 2.101805098247e+00 5.000000000000e-03
4.362980235618e+00 4.145132529292e+00 5.000000000000e-03
3.580582112359e-01 4.081153180584e+00 5.000000000000e-03
4.751620100020e+00 2.928720572706e+00 5.000000000000e-03
5.636455204898e-01 5.354710240958e+00 5.000000000000e-03
2.797063349641e+00 2.376487784218e+00 5.000000000000e-03
5.597592363070e+00 1.422517786523e+00 5.000000000000e-03
6.087595943983e+00 1.602211524870e+00 5.000000000000e-03
1.669090094525e+00 3.652826350473e+00 5.000000000000e-03
2.918260444569e+00 4.965713118936e+00 5.000000000000e-03
9.357683076762e-01 5.969677874885e+00 5.000000000000e-03
5.651666774222e+00 1.899400275259e+00 5.000000000000e-03
1.317644908680e+00 2.018042798566e+00 5.000000000000e-03
4.647279618465e+00 1.320384462138e-01 5.000000000000e-03
5.337925533625e+00 6.669970712410e-01 5.000000000000e-03
5.956214585856e+00 4.666576019335e+00 -5.000000000000e-03
1.287575162348e+00 2.494220804049e+00 -5.000000000000e-03
5.029193784618e+00 5.162434319345e+00 -5.000000000000e-03
6.221280526773e+00 1.499811260150e+00 -5.000000000000e-03
2.749764557761e-02 6.232610815384e+00 -5.000000000000e-03
4.543645068127e+00 1.992551505961e+00 -5.000000000000e-03
6.070515213190e+00 1.926143151659e+00 -5.000000000000e-03
6.270012235542e+00 9.351570258191e-01 -5.000000000000e-03
1.018529105872e+00 1.606704912579e+00 -5.000000000000e-03
3.841871740334e+00 6.099282325031e+00 -5.000000000000e-03
3.180328652230e+00 5.701129357573e+00 -5.000000000000e-03
2.892329355979e+00 4.883444244432e+00 -5.000000000000e-03
3.365221598836e+00 9.022077308058e-01 -5.000000000000e-03
6.529070926390e-01 3.645425275525e+00 -5.000000000000e-03
1.256186301626e+00 2.081310154242e-01 -5.000000000000e-03
2.758181239126e+00 1.166109341370e+00 -5.000000000000e-03
3.573466405478e+00 5.873476125571e+00 -5.000000000000e-03
4.892970541280e+00 3.419907569618e+00 -5.000000000000e-03
5.744320047438e+00 1.168567192204e+00 -5.000000000000e-03
1.427142098772e+00 1.202338716737e+00 -5.000000000000e-03
3.765766196464e+00 1.561855987765e+00 -5.000000000000e-03
1.027012025514e+00 8.619498248200e-01 -5.000000000000e-03
1.068573144377e-01 8.953781639680e-01 -5.000000000000e-03
4.990669233255e+00 5.907591977270e+00 -5.000000000000e-03
4.929966618431e+00 4.880529687490e+00 -5.000000000000e-03
7.501547483539e-01 4.628155858861e+00 -5.000000000000e-03
2.641081174470e+00 7.417059396183e-01 -5.000000000000e-03
2.134913074701e+00 1.151529735019e+00 -5.000000000000e-03
2.398991563708e+00 2.987101189295e+00 -5.000000000000e-03
2.011331573242e+00 6.215789911067e+00 -5.000000000000e-03
2.498869969538e+00 6.989670770771e-01 -5.000000000000e-03
2.796121787072e+00 5.768288028191e-01 -5.000000000000e-03
4.629697002343e+00 4.722229389262e+00 -5.000000000000e-03
5.638316982275e+00 8.331788622076e-01 -5.000000000000e-03
3.122993927312e-01 3.065937004712e+00 -5.000000000000e-03
4.224002836596e+00 3.973614790283e+00 -5.000000000000e-03
3.187529053172e-01 8.070795364394e-01 -5.000000000000e-03
1.025996692360e+00 4.100448296581e+00 -5.000000000000e-03
6.014869446358e+00 1.196711143892e+00 -5.000000000000e-03
1.898631721831e+00 1.876865789130e+00 -5.000000000000e-03
3.648058151421e+00 2.393630887947e+00 -5.000000000000e-03
4.399189305747e+00 5.015013194274e+00 -5.000000000000e-03
4.048046952141e+00 5.800300706264e+00 -5.000000000000e-03
1.505545950593e+00 4.102699904679e+00 -5.000000000000e-03
5.948740470776e+00 5.548781386345e+00 -5.000000000000e-03
1.609449037860e+00 3.415013325712e+00 -5.000000000000e-03
3.578644479844e-02 4.183399872028e+00 -5.000000000000e-03
3.160484556091e+00 2.564914563563e+00 -5.000000000000e-03
9.777081376773e-01 8.006385190041e-01 -5.000000000000e-03
5.072218940648e+00 4.065444386349e+00 -5.000000000000e-03
2.081269851371e+00 5.583160392273e+00 -5.000000000000e-03
7.052342681250e-02 2.365598617578e+00 -5.000000000000e-03
5.516202792089e+00 2.312774461609e+00 -5.000000000000e-03
4.246540582594e+00 5.954654390464e+00 -5.000000000000e-03
4.706376428486e+00 4.994230561233e+00 -5.000000000000e-03
3.923249221955e+00 1.803564917452e-01 -5.000000000000e-03
4.934676561506e+00 1.032053500836e+00 -5.000000000000e-03
3.521927510547e+00 1.854144643032e-01 -5.000000000000e-03
3.709766941002e+00 2.604782341258e+00 -5.000000000000e-03
4.573013985202e+00 2.799587671237e+00 -5.000000000000e-03
1.820050620907e+00 3.430359747910e+00 -5.000000000000e-03
2.996699519246e-01 6.200128642197e+00 -5.000000000000e-03
5.480676182242e+00 3.344493143637e+00 -5.000000000000e-03
7.602973201214e-01 4.816343003174e+00 -5.000000000000e-03
2.521006511129e+00 1.882864062821e+00 -5.000000000000e-03
2.743819197470e+00 3.139621378735e+00 -5.000000000000e-03
3.230429524360e+00 1.178681540016e+00 -5.000000000000e-03
5.962298420634e+00 5.470198366835e+00 -5.000000000000e-03
6.100874704759e+00 1.045335931681e+00 -5.000000000000e-03
6.104690902990e+00 1.995308746111e+00 -5.000000000000e-03
4.892944523423e+00 4.011158649812e+00 -5.000000000000e-03
4.031506044298e+00 6.948220500868e-01 -5.000000000000e-03
2.125709761276e+00 3.799774223876e+00 -5.000000000000e-03
5.298465556224e+00 4.957250933447e+00 -5.000000000000e-03
2.431016291574e+00 6.780289317465e-01 -5.000000000000e-03
4.831166974558e+00 5.261863614551e+00 -5.000000000000e-03
1.766689355809e+00 1.242095247632e+00 -5.000000000000e-03
3.694948484109e+00 1.221842065893e+00 -5.000000000000e-03
2.493285969066e-01 4.265572358950e+00 -5.000000000000e-03
2.654596437054e+00 6.117465803351e+00 -5.000000000000e-03
2.585495756061e+00 4.072437048119e+00 -5.000000000000e-03
3.985294686141e+00 4.873415637499e+00 -5.000000000000e-03
2.374551568323e+00 6.067781289376e-01 -5.000000000000e-03
5.081706683072e+00 2.981042236079e-01 -5.000000000000e-03
4.266164599079e+00 4.179634824690e-01 -5.000000000000e-03
9.443245226622e-01 1.665476414459e+00 -5.000000000000e-03
1.150975123583e+00 1.023023032365e+00 -5.000000000000e-03
4.622797385124e+00 3.488504073724e+00 -5.000000000000e-03
3.682413490786e+00 1.584552753248e-01 -5.000000000000e-03
2.034123658740e+00 9.237530052829e-01 -5.000000000000e-03
4.010002564514e+00 2.082369287581e+00 -5.000000000000e-03
3.046383590293e+00 5.116097539464e-02 -5.000000000000e-03
5.045324832693e+00 2.495784012639e+00 -5.000000000000e-03
2.711152444299e+00 4.647492474406e+00 -5.000000000000e-03
5.403823967840e-01 3.521633107110e+00 -5.000000000000e-03
2.362339316663e+00 1.757993435714e+00 -5.000000000000e-03
5.285225324588e+00 4.552619130543e+00 -5.000000000000e-03
2.180759140743e+00 5.904688735403e+00 -5.000000000000e-03
4.242154538952e+00 3.579000053317e+00 -5.000000000000e-03
4.808764977822e+00 4.468704494150e+00 -5.000000000000e-03
