6.000606890246e+00 4.089586810503e+00 5.000000000000e-03
3.533104711176e+00 3.493643816936e+00 5.000000000000e-03
4.871092587668e+00 2.285889549369e+00 5.000000000000e-03
2.854423552193e+00 2.149718045001e+00 5.000000000000e-03
5.571543508067e+00 2.612370268911e+00 5.000000000000e-03
2.280058070890e+00 5.231796324298e+00 5.000000000000e-03
2.824169767585e+00 5.688828401035e-01 5.000000000000e-03
2.047464433080e+00 4.964469331910e+00 5.000000000000e-03
8.211192553281e-01 1.120725483067e+00 5.000000000000e-03
1.453251945521e+00 5.508497122454e+00 5.000000000000e-03
2.369434558196e+00 1.170186477342e+00 5.000000000000e-03
5.742929750303e+00 4.560910040531e+00 5.000000000000e-03
5.049236733998e+00 4.179095676645e+00 5.000000000000e-03
5.267941857438e+00 2.071750260340e+00 5.000000000000e-03
2.882071123064e-02 3.816440661519e+00 5.000000000000e-03
2.096153597729e-01 4.016984713645e+00 5.000000000000e-03
5.757937455240e+00 5.701177775014e+00 5.000000000000e-03
6.091585272212e+00 8.162538208554e-02 5.000000000000e-03
1.362337863599e+00 2.762735730923e-01 5.000000000000e-03
4.821566095468e+00 3.561789244218e+00 5.000000000000e-03
2.570302419814e+00 3.078109152962e+00 5.000000000000e-03
6.002807231018e+00 2.680391483363e+00 5.000000000000e-03
3.355572175099e+00 9.351638921333e-01 5.000000000000e-03
2.278971572528e+00 3.450939354922e+00 5.000000000000e-03
6.106333872462e+00 4.199425190956e+00 5.000000000000e-03
4.354557506302e+00 4.985322061782e+00 5.000000000000e-03
3.981766479642e+00 5.040149531816e+00 5.000000000000e-03
4.915518691197e+00 4.854028440499e+00 5.000000000000e-03
1.373725098757e+00 6.126948417752e+00 5.000000000000e-03
5.611319705074e+00 6.086103862452e+00 5.000000000000e-03
5.087902918609e+00 3.296986024899e+00 5.000000000000e-03
1.533483331820e+00 6.743364777629e-01 5.000000000000e-03
4.936273558361e+00 5.176937843967e-01 5.000000000000e-03
1.301972539020e+00 4.147484917328e+00 5.000000000000e-03
5.547646711835e+00 2.456039339329e+00 5.000000000000e-03
5.751842076470e+00 5.702086394799e-01 5.000000000000e-03
8.270091478088e-02 3.552281738996e+00 5.000000000000e-03
7.960450501243e-02 4.679236624292e+00 5.000000000000e-03
2.983020727048e+00 5.321543285169e+00 5.000000000000e-03
4.871242764354e+00 1.279928301769e+00 5.000000000000e-03
1.914322020064e+00 4.254910694451e+00 5.000000000000e-03
4.336848089800e+00 1.890274847943e+00 5.000000000000e-03
5.859645878315e+00 5.454946024278e+00 5.000000000000e-03
4.768307413434e+00 2.117359000944e-01 5.000000000000e-03
6.022531478549e+00 4.153486760195e+00 5.000000000000e-03
6.256339910389e+00 2.672182547641e+00 5.000000000000e-03
2.524814473231e+00 4.818723486186e+00 5.000000000000e-03
2.725716280068e+00 4.788410997169e-01 5.000000000000e-03
1.574885413950e+00 2.972713250662e-01 5.000000000000e-03
2.623249205806e+00 2.069952954212e+00 5.000000000000e-03
5.754756272732e+00 8.473826123432e-01 5.000000000000e-03
1.587662780239e-02 4.028074967709e+00 5.000000000000e-03
2.195869584250e-01 1.444579132645e+00 5.000000000000e-03
5.290206348703e+00 1.483045071971e+00 5.000000000000e-03
1.411143194969e+00 1.612801688447e+00 5.000000000000e-03
5.007975224414e+00 4.352997447181e+00 5.000000000000e-03
5.710337834887e+00 4.486888463229e+00 5.000000000000e-03
4.558181593617e-01 1.356475426890e+00 5.000000000000e-03
1.009354495634e-01 1.170737315166e+00 5.000000000000e-03
5.757476338805e+00 4.082667403600e+00 5.000000000000e-03
5.077786612736e+00 1.056095201894e+00 5.000000000000e-03
3.242464918239e+00 5.820173611232e-01 5.000000000000e-03
5.388316726477e+00 1.956177587140e+00 5.000000000000e-03
4.260881924336e+00 5.909485015718e+00 5.000000000000e-03
5.921344664185e+00 8.246724978441e-01 5.000000000000e-03
2.920395879496e-01 3.632702884162e+00 5.000000000000e-03
4.503656093021e+00 4.886155157604e+00 5.000000000000e-03
2.932404774985e+00 4.116110488792e+00 5.000000000000e-03
6.145926311493e-01 4.017405748524e+00 5.000000000000e-03
5.299671559797e+00 9.517820445163e-01 5.000000000000e-03
4.041627796984e+00 1.760643435983e+00 5.000000000000e-03
5.752541895290e-01 5.367679903777e+00 5.000000000000e-03
1.784982212553e+00 1.883188954454e+00 5.000000000000e-03
1.555735053543e+00 4.898107983712e+00 5.000000000000e-03
6.171025570429e+00 1.473453613736e+00 5.000000000000e-03
1.097803019035e-01 1.695412839496e+00 5.000000000000e-03
1.566261524869e+00 3.472241227000e+00 5.000000000000e-03
2.359252011564e+00 1.446919579016e+00 5.000000000000e-03
2.003230826994e+00 4.739901842141e+00 5.000000000000e-03
2.506495212393e+00 1.647938453093e+00 5.000000000000e-03
2.243653496369e+00 2.056978881504e+00 5.000000000000e-03
1.723366782097e+00 4.845287963500e+00 5.000000000000e-03
1.258887312518e+00 1.652461356945e-01 5.000000000000e-03
2.586793310150e+00 4.182592134412e-01 5.000000000000e-03
3.571846762885e+00 2.599167425680e+00 5.000000000000e-03
2.020844592180e+00 8.711229527393e-01 5.000000000000e-03
4.652769163853e+00 1.910931440219e+00 5.000000000000e-03
1.508742116029e+00 5.567518078398e+00 5.000000000000e-03
3.420074446225e+00 3.406424445622e+00 5.000000000000e-03
5.901574354853e+00 6.231967321863e+00 5.000000000000e-03
3.274083838024e+00 5.754370841469e+00 5.000000000000e-03
3.799132743320e+00 3.670770097249e+00 5.000000000000e-03
2.666838222743e+00 4.156828872091e+00 5.000000000000e-03
1.057661846067e+00 5.328635598795e+00 5.000000000000e-03
9.553266548614e-01 6.145682349841e+00 5.000000000000e-03
4.960874421207e+00 3.882500691820e+00 5.000000000000e-03
2.178276129954e+00 5.737884083869e+00 5.000000000000e-03
5.339211622942e+00 3.277156041909e+00 5.000000000000e-03
2.394265080654e+00 3.486791226163e+00 5.000000000000e-03
1.001230899221e+00 5.017306904138e+00 5.000000000000e-03
4.024424816940e+00 4.549897943119e+00 -5.000000000000e-03
3.267597785028e+00 6.958088146161e-01 -5.000000000000e-03
3.203207680451e+00 3.203435081716e+00 -5.000000000000e-03
3.995077153826e+00 2.093757684456e+00 -5.000000000000e-03
6.095967323285e+00 3.039816048573e+00 -5.000000000000e-03
4.060155242024e+00 3.286650058631e+00 -5.000000000000e-03
4.017436288373e+00 4.090042426715e+00 -5.000000000000e-03
3.925544986759e+00 2.970834373377e+00 -5.000000000000e-03
2.889594321433e-01 1.816358110769e+00 -5.000000000000e-03
1.355348124355e+00 6.914996645682e-01 -5.000000000000e-03
2.374989852603e+00 3.975911134474e+00 -5.000000000000e-03
4.623844184763e+00 2.462493187790e+00 -5.000000000000e-03
2.401849575402e+00 3.811467132238e+00 -5.000000000000e-03
6.053843968041e+00 6.071780955718e+00 -5.000000000000e-03
5.128813707303e+00 3.864148092427e+00 -5.000000000000e-03
2.276519914271e+00 4.676859501565e+00 -5.000000000000e-03
6.090540314049e+00 1.968030782010e+00 -5.000000000000e-03
1.726684096052e+00 4.877744412685e+00 -5.000000000000e-03
4.806708815743e+00 4.506833702455e+00 -5.000000000000e-03
4.556501226398e+00 5.816751998587e-01 -5.000000000000e-03
5.511793481303e+00 3.207704877969e+00 -5.000000000000e-03
5.563912249541e+00 6.450307216751e-01 -5.000000000000e-03
5.207824098650e+00 4.131871121362e+00 -5.000000000000e-03
5.006521279984e+00 5.636464391463e-01 -5.000000000000e-03
5.279738804017e+00 7.102831982535e-01 -5.000000000000e-03
8.798669066340e-01 5.093512392827e+00 -5.000000000000e-03
3.189664630203e+00 3.337068297169e+00 -5.000000000000e-03
5.872838489326e+00 4.313484463438e+00 -5.000000000000e-03
3.112209582704e+00 3.213000112987e+00 -5.000000000000e-03
4.732720344856e+00 2.800630998143e+00 -5.000000000000e-03
5.013585430642e+00 1.066334818600e+00 -5.000000000000e-03
1.627552123962e+00 5.250648985555e+00 -5.000000000000e-03
3.935919193162e+00 4.538687605236e+00 -5.000000000000e-03
3.573748743817e+00 1.505081595820e+00 -5.000000000000e-03
5.241369591241e+00 3.170655596631e-01 -5.000000000000e-03
1.400384171215e+00 3.167323033309e-01 -5.000000000000e-03
3.145518322256e+00 2.427652359997e+00 -5.000000000000e-03
5.702944127687e+00 1.989624058826e+00 -5.000000000000e-03
3.784771077910e+00 3.040061730038e+00 -5.000000000000e-03
2.367930331481e+00 3.559204730420e-01 -5.000000000000e-03
5.488931414280e+00 3.184206383581e+00 -5.000000000000e-03
6.188830985944e-01 5.987621266206e+00 -5.000000000000e-03
8.660466974020e-01 1.488651154734e+00 -5.000000000000e-03
5.630033429035e+00 1.052732658633e+00 -5.000000000000e-03
4.012176308873e+00 1.122444926902e+00 -5.000000000000e-03
5.791420467133e+00 3.186177712888e-01 -5.000000000000e-03
5.860409754081e+00 4.643384589710e+00 -5.000000000000e-03
2.513668151544e-01 2.534382521137e+00 -5.000000000000e-03
4.205488851557e+00 3.075121445111e+00 -5.000000000000e-03
4.636702248779e-01 2.962639846813e+00 -5.000000000000e-03
5.616734975396e+00 3.528568630069e+00 -5.000000000000e-03
2.286239325314e+00 2.818182903215e+00 -5.000000000000e-03
5.999894146772e+00 5.875564173498e+00 -5.000000000000e-03
5.326889438954e+00 6.077975740464e+00 -5.000000000000e-03
5.601309855972e+00 3.808275322561e+00 -5.000000000000e-03
2.579145876905e+00 5.325620865007e+00 -5.000000000000e-03
5.671262263159e-01 1.885224597689e+00 -5.000000000000e-03
5.079105688039e+00 6.972652760600e-01 -5.000000000000e-03
1.824421700902e+00 5.385358490525e+00 -5.000000000000e-03
5.622221245811e+00 6.762392360529e-01 -5.000000000000e-03
6.075364527621e+00 3.939812642422e+00 -5.000000000000e-03
2.265741480357e-01 1.694842903795e+00 -5.000000000000e-03
1.713953069889e+00 4.083526585138e-01 -5.000000000000e-03
1.922849066451e+00 6.131267874360e+00 -5.000000000000e-03
4.976142506300e+00 5.669965276514e+00 -5.000000000000e-03
5.147392259134e+00 2.058751956335e+00 -5.000000000000e-03
4.390623404831e+00 3.132162486170e+00 -5.000000000000e-03
4.659154435295e+00 2.272042002428e+00 -5.000000000000e-03
2.168894260683e-01 3.361037640864e+00 -5.000000000000e-03
1.351350876746e-01 5.947103511757e+00 -5.000000000000e-03
4.627200561362e+00 5.228292614302e+00 -5.000000000000e-03
4.965868385978e-01 2.610180541608e+00 -5.000000000000e-03
4.779160945599e+00 4.467306234425e+00 -5.000000000000e-03
4.711745003464e+00 2.050081928961e+00 -5.000000000000e-03
9.134056960862e-01 4.522232348402e-01 -5.000000000000e-03
4.429303619321e+00 3.392271062991e+00 -5.000000000000e-03
5.802981456822e+00 2.038446879503e+00 -5.000000000000e-03
4.646629125252e+00 3.551029563729e+00 -5.000000000000e-03
5.752456920218e+00 5.570203889112e+00 -5.000000000000e-03
3.545822138787e+00 5.462780700975e+00 -5.000000000000e-03
7.726628819567e-01 2.429883083114e+00 -5.000000000000e-03
1.320691656178e+00 4.283154813285e+00 -5.000000000000e-03
3.398950228697e+00 5.622494326716e-02 -5.000000000000e-03
3.669329351086e+00 4.367859482956e+00 -5.000000000000e-03
1.898200369289e+00 4.406989534897e+00 -5.000000000000e-03
5.867426426824e+00 4.817227883644e+00 -5.000000000000e-03
3.609395984190e+00 6.596221197858e-01 -5.000000000000e-03
3.158687710501e-01 2.204792507834e+00 -5.000000000000e-03
1.544864010351e-01 4.596607883566e+00 -5.000000000000e-03
5.508123024691e+00 4.163569426459e+00 -5.000000000000e-03
3.998152650511e-01 2.516550048352e-01 -5.000000000000e-03
2.506357272388e+00 3.812094405069e+00 -5.000000000000e-03
1.099255288974e+00 2.335343386607e+00 -5.000000000000e-03
3.161833959153e+00 4.154456832015e+00 -5.000000000000e-03
7.709697757648e-01 5.511702695870e+00 -5.000000000000e-03
6.248120525834e-01 2.689671149047e+00 -5.000000000000e-03
4.806509279974e+00 2.966243604816e+00 -5.000000000000e-03
1.785889498755e+00 8.730316656108e-01 -5.000000000000e-03
5.399749976662e+00 2.984035215598e+00 -5.000000000000e-03
5.365580536874e+00 3.832132699009e+00 -5.000000000000e-03
