2.756543816185e+00 3.993045518022e+00 5.000000000000e-03
4.715075338752e+00 3.917720884145e+00 5.000000000000e-03
3.508343742131e+00 5.565322524363e+00 5.000000000000e-03
2.219795694093e+00 1.358230638928e+00 5.000000000000e-03
1.216178014042e+00 2.062413532835e+00 5.000000000000e-03
4.309085804546e+00 3.516302392869e+00 5.000000000000e-03
3.267809053658e+00 1.133254706354e+00 5.000000000000e-03
5.310810473389e+00 2.247477014668e+00 5.000000000000e-03
1.871098755126e+00 3.937293577725e+00 5.000000000000e-03
4.576594848786e+00 3.577986317085e+00 5.000000000000e-03
1.361145373267e+00 4.757178758152e+00 5.000000000000e-03
8.811377988692e-01 1.359424595823e+00 5.000000000000e-03
1.995561502684e+00 6.262406927873e+00 5.000000000000e-03
2.828080566406e+00 5.725339429265e+00 5.000000000000e-03
3.791005275895e+00 1.849577263719e+00 5.000000000000e-03
2.138161120966e+00 1.500863206658e+00 5.000000000000e-03
3.960565165900e+00 4.830077591290e-01 5.000000000000e-03
4.421731328307e+00 4.157868957982e+00 5.000000000000e-03
5.351969989058e+00 1.747494933371e+00 5.000000000000e-03
1.137757610252e+00 2.534828693805e+00 5.000000000000e-03
4.495559739095e+00 3.176707872367e+00 5.000000000000e-03
6.225601507532e+00 4.302870903283e+00 5.000000000000e-03
2.111947284062e+00 1.806134605166e+00 5.000000000000e-03
3.908516217946e+00 1.995530662421e+00 5.000000000000e-03
4.856745769035e-01 2.947064245425e+00 5.000000000000e-03
6.056694437458e+00 7.967814660125e-01 5.000000000000e-03
4.727380470985e+00 4.150717884544e+00 5.000000000000e-03
1.612333127279e+00 3.609563637763e+00 5.000000000000e-03
5.527921929712e+00 5.946450031015e+00 5.000000000000e-03
5.710472340412e+00 2.797505263691e+00 5.000000000000e-03
5.124453827816e-01 2.893899453993e+00 5.000000000000e-03
9.308420985684e-02 5.592274775811e+00 5.000000000000e-03
3.547249917527e+00 1.447423224391e+00 5.000000000000e-03
5.823714347327e+00 3.567129183189e+00 5.000000000000e-03
5.545615326807e+00 4.952266244850e-01 5.000000000000e-03
1.263669383018e+00 1.851002748632e+00 5.000000000000e-03
3.080961155435e+00 6.193609384592e+00 5.000000000000e-03
5.386925606152e-01 3.531046273219e+00 5.000000000000e-03
3.732430876568e+00 2.802057409960e+00 5.000000000000e-03
2.641310568397e+00 5.654613087508e+00 5.000000000000e-03
1.778097852388e+00 7.610479504674e-02 5.000000000000e-03
1.269034915104e+00 4.634926449862e+00 5.000000000000e-03
3.394053806649e+00 4.623830375220e+00 5.000000000000e-03
1.756919706593e-01 3.494255985318e+00 5.000000000000e-03
5.177155817885e+00 2.667855203121e+00 5.000000000000e-03
7.108413225450e-02 3.204279400606e+00 5.000000000000e-03
3.818166358381e+00 1.477543431455e+00 5.000000000000e-03
1.265554444417e+00 2.220018204871e+00 5.000000000000e-03
4.146777337377e+00 6.191572962812e+00 5.000000000000e-03
3.499222465357e+00 8.536236516466e-01 5.000000000000e-03
5.669545753595e+00 5.494171354841e+00 5.000000000000e-03
2.781488871005e+00 4.631134356090e+00 5.000000000000e-03
5.149140240902e+00 5.240704451973e+00 5.000000000000e-03
3.709260047928e+00 6.813815244229e-01 5.000000000000e-03
1.222988352627e+00 1.427270421266e+00 5.000000000000e-03
4.786594987714e+00 1.051244114984e+00 5.000000000000e-03
5.693741600875e+00 3.655707108935e-01 5.000000000000e-03
5.922612249228e+00 5.891945624031e+00 5.000000000000e-03
1.225619351773e+00 3.702829719342e+00 5.000000000000e-03
3.131144160831e+00 1.973001466233e+00 5.000000000000e-03
4.762166752568e+00 5.470473434208e+00 5.000000000000e-03
2.801333868802e+00 1.154591637103e+00 5.000000000000e-03
4.806155013968e-01 3.523747259953e+00 5.000000000000e-03
6.033478071057e+00 3.633726442057e-02 5.000000000000e-03
2.928555522922e+00 4.524836872196e+00 5.000000000000e-03
7.020022892323e-01 5.814570299597e+00 5.000000000000e-03
1.778483519167e+00 1.168371912687e+00 5.000000000000e-03
5.349164234359e+00 5.753836259114e+00 5.000000000000e-03
1.309709707950e+00 1.821990624820e+00 5.000000000000e-03
1.975680450636e+00 3.193140863442e+00 5.000000000000e-03
1.781045711975e+00 1.854753407828e-01 5.000000000000e-03
4.078967978796e+00 1.872256900063e+00 5.000000000000e-03
5.564658312654e+00 5.870910123793e+00 5.000000000000e-03
1.683333148242e+00 2.522148022643e+00 5.000000000000e-03
3.212736259799e+00 3.135698228211e+00 5.000000000000e-03
5.224588304865e+00 3.194118609855e+00 5.000000000000e-03
1.197354612487e+00 4.776221873274e+00 5.000000000000e-03
1.362828642629e+00 6.191805427741e+00 5.000000000000e-03
3.419395926539e+00 2.715559312433e+00 5.000000000000e-03
3.431819440870e+00 3.190757775158e+00 5.000000000000e-03
3.486990040579e+00 7.860043619885e-01 5.000000000000e-03
1.485625995493e+00 2.856598472783e+00 5.000000000000e-03
5.024178953119e-01 5.379258988886e+00 5.000000000000e-03
4.597003685512e+00 5.367626688137e+00 5.000000000000e-03
2.509723947234e+00 5.797556834670e+00 5.000000000000e-03
3.002198250903e+00 9.196794160631e-01 5.000000000000e-03
4.449181562218e+00 5.284769177384e+00 5.000000000000e-03
3.004506572982e+00 4.091899378281e+00 5.000000000000e-03
2.879787365367e+00 5.943390719827e+00 5.000000000000e-03
5.608417483000e+00 1.602291414918e-01 5.000000000000e-03
3.313418370954e+00 1.275994876425e+00 5.000000000000e-03
5.755999098567e+00 2.679316009077e+00 5.000000000000e-03
5.402460293677e+00 4.272337304290e+00 5.000000000000e-03
1.967559151148e+00 4.025651422025e+00 5.000000000000e-03
3.158958055613e-02 4.798945985600e+00 5.000000000000e-03
2.860421065290e+00 1.599062995299e+00 5.000000000000e-03
3.236947410193e+00 2.635121371273e+00 5.000000000000e-03
5.113441554353e+00 1.317465709285e+00 5.000000000000e-03
5.970276888676e-01 3.890506957235e+00 5.000000000000e-03
1.420610051589e+00 3.608828601159e+00 5.000000000000e-03
2.101174113910e+00 4.106190157029e+00 -5.000000000000e-03
3.971409696822e-01 5.164794274862e+00 -5.000000000000e-03
3.608455145628e+00 1.994933687394e+00 -5.000000000000e-03
3.779525167756e+00 3.628511241976e+00 -5.000000000000e-03
5.394556517111e+00 1.672318434703e+00 -5.000000000000e-03
1.438304386333e+00 3.668175846543e+00 -5.000000000000e-03
2.871828590740e+00 6.173972417292e+00 -5.000000000000e-03
6.204344258428e+00 1.920826261263e+00 -5.000000000000e-03
2.304617127534e-02 4.820757919432e-01 -5.000000000000e-03
5.790394524041e+00 6.826999149575e-02 -5.000000000000e-03
4.862212886075e+00 3.221994202726e+00 -5.000000000000e-03
5.350990667649e+00 1.030196504490e+00 -5.000000000000e-03
2.754862697902e+00 6.046442533034e+00 -5.000000000000e-03
6.191089094692e+00 2.813367733391e+00 -5.000000000000e-03
5.102649786216e+00 4.730675345422e+00 -5.000000000000e-03
1.316238947018e+00 4.580963614515e+00 -5.000000000000e-03
5.047978727825e+00 2.467177391026e+00 -5.000000000000e-03
5.459506003663e+00 6.258237001645e+00 -5.000000000000e-03
5.875529322035e+00 3.304525630165e+00 -5.000000000000e-03
4.270065631038e+00 1.902600024033e+00 -5.000000000000e-03
4.644938830214e+00 6.200526269158e+00 -5.000000000000e-03
4.583774127098e+00 3.028449537085e-01 -5.000000000000e-03
5.943094624678e+00 4.167846475282e+00 -5.000000000000e-03
4.331456543942e+00 3.783711866966e+00 -5.000000000000e-03
4.226135151333e+00 4.529171656271e-02 -5.000000000000e-03
3.670587580428e+00 3.566673002390e+00 -5.000000000000e-03
2.253629755293e+00 3.233215158300e-01 -5.000000000000e-03
3.749955233656e+00 6.208871752986e-02 -5.000000000000e-03
3.872079787873e+00 5.396482158960e+00 -5.000000000000e-03
5.543985071431e+00 1.804973517438e+00 -5.000000000000e-03
2.003795858161e+00 2.432771237062e+00 -5.000000000000e-03
5.843167190961e+00 3.551669529553e+00 -5.000000000000e-03
1.453225834695e+00 5.072392116838e+00 -5.000000000000e-03
4.831229312865e-01 1.364708473626e+00 -5.000000000000e-03
3.107768868165e+00 1.741225333207e+00 -5.000000000000e-03
9.478327389135e-01 8.626388478015e-01 -5.000000000000e-03
1.194632130009e+00 4.593246744161e+00 -5.000000000000e-03
2.822526509615e+00 7.307446339337e-01 -5.000000000000e-03
2.665805781359e+00 1.737225077973e+00 -5.000000000000e-03
2.651450463509e+00 4.714343008059e+00 -5.000000000000e-03
3.052222200109e+00 5.020377813616e+00 -5.000000000000e-03
6.041739491881e+00 8.045147227124e-01 -5.000000000000e-03
2.334611740956e+00 4.444772507159e+00 -5.000000000000e-03
2.347666212378e+00 5.059244982963e+00 -5.000000000000e-03
1.905509281206e+00 3.405941692401e+00 -5.000000000000e-03
1.887650084917e+00 4.623951674904e+00 -5.000000000000e-03
4.280215562829e+00 7.531063008552e-01 -5.000000000000e-03
3.330673476434e+00 2.650772508905e+00 -5.000000000000e-03
4.573130751606e+00 3.661919666275e-01 -5.000000000000e-03
2.617250222788e+00 1.765581392743e-02 -5.000000000000e-03
1.076108672508e+00 4.835413304990e+00 -5.000000000000e-03
3.935824375472e+00 4.090805541466e+00 -5.000000000000e-03
3.920064779918e+00 3.919873588578e+00 -5.000000000000e-03
3.346680415997e-01 5.646598138293e+00 -5.000000000000e-03
3.039973556440e+00 2.177222566297e-01 -5.000000000000e-03
5.394250566761e+00 2.150779505025e+00 -5.000000000000e-03
3.597910991521e+00 3.582438579911e+00 -5.000000000000e-03
5.543539657474e+00 3.910040215724e+00 -5.000000000000e-03
2.776697806462e+00 4.016144962225e+00 -5.000000000000e-03
2.306189221716e+00 3.715318265689e+00 -5.000000000000e-03
5.086055664113e+00 5.864905028440e+00 -5.000000000000e-03
1.994888213713e+00 1.170442167158e+00 -5.000000000000e-03
5.965446198512e+00 4.528362600448e+00 -5.000000000000e-03
4.360054020163e+00 5.692250972084e+00 -5.000000000000e-03
2.000728623034e+00 4.597505258586e+00 -5.000000000000e-03
3.832069824709e+00 9.066269471270e-01 -5.000000000000e-03
2.572251410410e+00 6.127020661532e+00 -5.000000000000e-03
3.583754964010e+00 1.860990904235e+00 -5.000000000000e-03
4.299553341187e+00 4.888547967007e+00 -5.000000000000e-03
4.268250375109e+00 1.733535995796e+00 -5.000000000000e-03
1.236763831492e+00 5.597067423426e+00 -5.000000000000e-03
4.587337519742e+00 6.205325369544e+00 -5.000000000000e-03
1.736853675045e+00 1.272368800668e+00 -5.000000000000e-03
6.585135894834e-01 1.050707177556e+00 -5.000000000000e-03
5.415779703748e+00 2.711594190032e+00 -5.000000000000e-03
3.040586231264e+00 3.933118302308e+00 -5.000000000000e-03
5.324680736681e+00 1.547582206009e+00 -5.000000000000e-03
4.968139873725e+00 3.384895221172e+00 -5.000000000000e-03
1.353157586460e+00 4.399620132007e+00 -5.000000000000e-03
2.212155319050e+00 5.660129000882e+00 -5.000000000000e-03
4.869391229457e+00 5.083424387336e+00 -5.000000000000e-03
1.526255393676e+00 3.891764546672e+00 -5.000000000000e-03
3.136212218158e+00 1.808070924719e+00 -5.000000000000e-03
1.446396265751e+00 4.513249768862e+00 -5.000000000000e-03
4.661125580066e+00 5.510313180201e+00 -5.000000000000e-03
4.718083390691e-01 1.530528606495e+00 -5.000000000000e-03
1.416106686186e+00 3.098169696265e+00 -5.000000000000e-03
2.789976860665e+00 2.355113384030e-01 -5.000000000000e-03
5.690192258985e+00 9.498216027002e-01 -5.000000000000e-03
2.088036812608e+00 2.870768127057e+00 -5.000000000000e-03
2.276435658170e+00 3.515974213743e-01 -5.000000000000e-03
4.314157759903e+00 6.128679368102e-01 -5.000000000000e-03
3.267469630790e+00 4.888912062686e+00 -5.000000000000e-03
5.351457997011e+00 2.114277297245e+00 -5.000000000000e-03
6.217833662029e+00 2.011737341384e+00 -5.000000000000e-03
9.372852796918e-01 9.643493242899e-01 -5.000000000000e-03
3.258380216793e+00 6.022722410242e+00 -5.000000000000e-03
4.229673805367e+00 4.084436438322e+00 -5.000000000000e-03
2.785621902807e+00 2.716698487713e+00 -5.000000000000e-03
5.357323907763e+00 2.879495586724e-01 -5.000000000000e-03
