3.692537073632e+00 2.989284509624e+00 5.000000000000e-03
4.001520758807e+00 3.675939884339e+00 5.000000000000e-03
2.464189513782e+00 2.591721216010e-01 5.000000000000e-03
2.637145548917e+00 2.472731234092e+00 5.000000000000e-03
5.109665532421e+00 3.858995744301e+00 5.000000000000e-03
3.098121126180e+00 2.740019476491e-02 5.000000000000e-03
4.172236828505e+00 2.409663060308e+00 5.000000000000e-03
2.316246586087e-01 1.458241865971e-01 5.000000000000e-03
5.249787918053e+00 6.115766565362e+00 5.000000000000e-03
4.970524813343e+00 1.197385452807e+00 5.000000000000e-03
3.600689727682e+00 5.818724934775e+00 5.000000000000e-03
2.489866594242e+00 3.721640210345e+00 5.000000000000e-03
5.734973323138e+00 2.647858417144e+00 5.000000000000e-03
2.068996811918e-01 6.296096430688e-01 5.000000000000e-03
4.831221496672e+00 1.856156039123e+00 5.000000000000e-03
5.734328926163e+00 1.506545175636e+00 5.000000000000e-03
3.030279237460e+00 1.718835246724e+00 5.000000000000e-03
3.693847153022e-01 4.009693978450e+00 5.000000000000e-03
2.351082328437e+00 5.143365129986e+00 5.000000000000e-03
3.351914975513e+00 3.621127253485e+00 5.000000000000e-03
3.552242641816e+00 2.927348212305e+00 5.000000000000e-03
1.331546603790e+00 2.200973894957e+00 5.000000000000e-03
4.624574609197e+00 3.277272984537e+00 5.000000000000e-03
2.762695385244e+00 2.387081739174e+00 5.000000000000e-03
6.189123906697e+00 5.340543058156e-01 5.000000000000e-03
4.915092374719e+00 1.845490096952e+00 5.000000000000e-03
3.469705745211e-01 4.896098064352e+00 5.000000000000e-03
5.768157870580e+00 4.467905979312e+00 5.000000000000e-03
1.268853449293e-01 5.475792371995e+00 5.000000000000e-03
2.093749914244e+00 1.954627218549e+00 5.000000000000e-03
1.641232606111e-01 4.620377687325e+00 5.000000000000e-03
5.778617692517e+00 5.655241941835e+00 5.000000000000e-03
4.259393973615e+00 5.305340350898e+00 5.000000000000e-03
6.827918991978e-01 6.206483822767e+00 5.000000000000e-03
2.284913373344e+00 4.757377465057e-01 5.000000000000e-03
4.979462228645e-01 1.054942282826e+00 5.000000000000e-03
4.969712747878e+00 2.039417728047e+00 5.000000000000e-03
4.222764497552e+00 5.489463590502e+00 5.000000000000e-03
4.181168696946e-01 6.679229240784e-01 5.000000000000e-03
5.718472862816e+00 2.339424474625e+00 5.000000000000e-03
5.598589027806e+00 2.024380406545e+00 5.000000000000e-03
5.056317589304e+00 2.960589382371e+00 5.000000000000e-03
9.019196958757e-02 5.654522444971e+00 5.000000000000e-03
1.400016317837e+00 4.176406630271e-01 5.000000000000e-03
4.848984380744e-01 5.394896749959e+00 5.000000000000e-03
4.078585837969e+00 4.562512323529e-01 5.000000000000e-03
3.014875970676e+00 3.304461058589e+00 5.000000000000e-03
6.427467865078e-01 3.392197567417e-01 5.000000000000e-03
3.981814749266e+00 4.943187261035e+00 5.000000000000e-03
1.889575500397e+00 5.556495684964e+00 5.000000000000e-03
1.052812961835e+00 1.352513965807e+00 5.000000000000e-03
2.801191827914e+00 1.112368885001e-01 5.000000000000e-03
4.233043920923e+00 5.401307187116e+00 5.000000000000e-03
5.640842422563e+00 3.042307313896e+00 5.000000000000e-03
5.742694847650e+00 2.803997400046e+00 5.000000000000e-03
6.102071494172e+00 5.754783127988e+00 5.000000000000e-03
5.631531910299e+00 4.743459995737e+00 5.000000000000e-03
2.173082114231e+00 1.939189196154e+00 5.000000000000e-03
4.036032966383e+00 2.398607187087e+00 5.000000000000e-03
2.098260231009e+00 3.552108996671e+00 5.000000000000e-03
2.164393465280e+00 4.162761083976e+00 5.000000000000e-03
5.278871049359e+00 3.441170858775e+00 5.000000000000e-03
4.678264846603e-01 3.964553093050e+00 5.000000000000e-03
2.926148091917e+00 1.394778083288e+00 5.000000000000e-03
1.431768052101e+00 2.903244249816e+00 5.000000000000e-03
1.982736321528e+00 1.627005572931e+00 5.000000000000e-03
3.445082243883e+00 1.894888651138e+00 5.000000000000e-03
2.727550896647e+00 4.630986281854e+00 5.000000000000e-03
1.529802098809e+00 1.832997828494e-02 5.000000000000e-03
5.238512782677e-01 1.392557287454e-01 5.000000000000e-03
1.782334958818e+00 6.128644876449e+00 5.000000000000e-03
1.534425593547e+00 4.496098757087e+00 5.000000000000e-03
1.104298895456e+00 1.275154625788e+00 5.000000000000e-03
3.328485328890e+00 4.105665979428e+00 5.000000000000e-03
5.579098783879e+00 4.428523304305e+00 5.000000000000e-03
2.323991745306e+00 4.691209327376e+00 5.000000000000e-03
4.689616928286e+00 5.232311182237e+00 5.000000000000e-03
3.199282844688e+00 5.261190356324e+00 5.000000000000e-03
2.225088629113e+00 1.836127590993e+00 5.000000000000e-03
5.231200126746e+00 3.610832692673e+00 5.000000000000e-03
3.739005034816e+00 5.673764317492e+00 5.000000000000e-03
2.749474964403e+00 3.764684697970e+00 5.000000000000e-03
2.060611898751e+00 3.497935713234e+00 5.000000000000e-03
1.253166779836e+00 5.562643917636e+00 5.000000000000e-03
5.927718660538e+00 5.702001646290e+00 5.000000000000e-03
5.869715276952e+00 2.728840782531e+00 5.000000000000e-03
5.579803165105e+00 3.021654071704e+00 5.000000000000e-03
6.257097299450e+00 1.144575151957e+00 5.000000000000e-03
5.271871844035e-01 8.620915493839e-01 5.000000000000e-03
2.200724881540e+00 8.927663111842e-01 5.000000000000e-03
3.968010482314e-01 1.852144273421e-01 5.000000000000e-03
4.439799019931e+00 4.791090413701e+00 5.000000000000e-03
4.076287494027e+00 5.316311136778e+00 5.000000000000e-03
7.400871554472e-01 5.497703344324e+00 5.000000000000e-03
3.802653206331e+00 1.336546322895e+00 5.000000000000e-03
4.112437150842e+00 5.522420802448e+00 5.000000000000e-03
5.658260660411e+00 3.195184503126e+00 5.000000000000e-03
3.831608693268e+00 5.238603636667e+00 5.000000000000e-03
3.336190081973e+00 2.793618037765e+00 5.000000000000e-03
4.177970500782e-01 1.424406170957e+00 5.000000000000e-03
2.348357624907e+00 6.860189192532e-01 -5.000000000000e-03
5.494483707110e+00 1.262836095230e+00 -5.000000000000e-03
4.854473319943e+00 7.496312919674e-01 -5.000000000000e-03
5.520391127500e+00 3.192676327815e+00 -5.000000000000e-03
4.924736584769e+00 3.816278430574e+00 -5.000000000000e-03
8.882770556020e-02 2.389235447157e-01 -5.000000000000e-03
3.753913592880e+00 4.251759026710e+00 -5.000000000000e-03
4.909005542330e+00 2.102828685995e+00 -5.000000000000e-03
1.439620961331e+00 5.480067644273e+00 -5.000000000000e-03
1.279935320575e+00 1.477741050001e+00 -5.000000000000e-03
5.879758256901e+00 7.431278691878e-01 -5.000000000000e-03
2.168698103276e+00 3.726283476916e+00 -5.000000000000e-03
3.379299908653e+00 3.774200159044e+00 -5.000000000000e-03
4.951186902091e+00 4.678064032005e+00 -5.000000000000e-03
4.291754730818e+00 3.371001187402e+00 -5.000000000000e-03
5.962182296638e+00 3.375392206184e+00 -5.000000000000e-03
4.640127887143e+00 6.486595436549e-01 -5.000000000000e-03
1.031530875413e+00 8.895115575202e-02 -5.000000000000e-03
3.199843294930e+00 1.203434145250e+00 -5.000000000000e-03
2.723398087192e+00 3.101567182847e+00 -5.000000000000e-03
2.495321961784e-01 5.960667792803e+00 -5.000000000000e-03
2.329572085637e-01 3.857697365597e+00 -5.000000000000e-03
5.629171612996e+00 1.218201663129e-01 -5.000000000000e-03
5.560508848259e+00 2.077562469371e+00 -5.000000000000e-03
9.108094113807e-01 2.252375654683e+00 -5.000000000000e-03
6.207383562868e-01 1.334220432142e-01 -5.000000000000e-03
8.079079935612e-01 5.390083574186e+00 -5.000000000000e-03
1.380137790977e-01 4.885374037706e+00 -5.000000000000e-03
3.419073813893e+00 3.362706506045e+00 -5.000000000000e-03
3.172945241470e+00 3.136402576528e+00 -5.000000000000e-03
4.852069860305e+00 5.637007507720e+00 -5.000000000000e-03
1.434569302371e-01 4.659647898764e+00 -5.000000000000e-03
6.006314745433e+00 5.441778443421e+00 -5.000000000000e-03
1.516406592186e+00 3.617573071205e+00 -5.000000000000e-03
3.309571140691e+00 3.971622258815e+00 -5.000000000000e-03
1.167343130222e+00 3.256374440258e+00 -5.000000000000e-03
4.508550288333e+00 4.330471653707e+00 -5.000000000000e-03
4.338572057389e+00 3.347924646378e+00 -5.000000000000e-03
5.087042685272e+00 5.902505116412e+00 -5.000000000000e-03
4.482128191246e+00 5.118629421902e+00 -5.000000000000e-03
4.372312700439e+00 1.878231316226e+00 -5.000000000000e-03
5.012323640620e+00 4.970939428150e+00 -5.000000000000e-03
1.229388717835e+00 6.208401088416e+00 -5.000000000000e-03
6.932785428057e-01 4.765787450405e+00 -5.000000000000e-03
4.458284603038e+00 4.007299624131e+00 -5.000000000000e-03
3.634630429774e+00 8.651677933463e-02 -5.000000000000e-03
3.185140358954e+00 3.217907994282e+00 -5.000000000000e-03
4.746321880769e+00 5.508537426008e+00 -5.000000000000e-03
3.051242337295e-01 3.824071897948e+00 -5.000000000000e-03
5.793065801242e+00 9.954901590887e-01 -5.000000000000e-03
6.068663144997e+00 3.748571419016e+00 -5.000000000000e-03
5.177583023081e+00 4.606338900159e+00 -5.000000000000e-03
6.027862912083e+00 1.351938743633e+00 -5.000000000000e-03
6.268580608365e+00 2.056168210226e+00 -5.000000000000e-03
4.521583258574e+00 2.720202537191e+00 -5.000000000000e-03
4.148308112898e+00 1.785996847394e+00 -5.000000000000e-03
3.900786020604e+00 1.363220249901e+00 -5.000000000000e-03
4.521990229913e+00 1.458148250884e+00 -5.000000000000e-03
4.254591986597e+00 3.390897454133e-01 -5.000000000000e-03
3.046181255824e+00 6.025427860536e+00 -5.000000000000e-03
2.475794302986e+00 1.992293058051e-01 -5.000000000000e-03
6.100771501470e+00 4.675522691146e+00 -5.000000000000e-03
3.957792184220e+00 5.757939102344e+00 -5.000000000000e-03
5.586458740145e+00 2.291478256568e+00 -5.000000000000e-03
4.864810478095e+00 1.393943020034e+00 -5.000000000000e-03
4.688906253169e-01 1.149004448699e-01 -5.000000000000e-03
2.588968934685e+00 2.435018212202e+00 -5.000000000000e-03
4.036481699265e+00 1.850696071374e-01 -5.000000000000e-03
3.569373792996e+00 3.669920663354e+00 -5.000000000000e-03
3.890747665793e+00 1.675460610297e+00 -5.000000000000e-03
2.941448525850e+00 1.783867209023e+00 -5.000000000000e-03
5.130742787192e+00 1.561645076129e+00 -5.000000000000e-03
2.877771099601e+00 1.957185981514e+00 -5.000000000000e-03
1.889514271818e+00 3.107414907172e+00 -5.000000000000e-03
2.941545855724e+00 3.652416856110e+00 -5.000000000000e-03
3.603137471416e+00 4.088534179674e+00 -5.000000000000e-03
2.357203590577e+00 4.641460258869e+00 -5.000000000000e-03
4.684677696473e+00 1.195440413584e+00 -5.000000000000e-03
2.849192055554e+00 2.299621697001e+00 -5.000000000000e-03
2.953782113348e+00 6.063353007153e+00 -5.000000000000e-03
3.526796996023e+00 2.146175537720e+00 -5.000000000000e-03
2.815936509602e-02 4.698067077662e+00 -5.000000000000e-03
3.492478579763e+00 3.909973830440e+00 -5.000000000000e-03
3.292010832637e+00 2.444907837956e+00 -5.000000000000e-03
4.750514405670e+00 6.107950761977e+00 -5.000000000000e-03
3.411230668308e+00 7.448677836730e-02 -5.000000000000e-03
4.376423884846e+00 1.574760540682e-01 -5.000000000000e-03
4.727655762261e+00 5.908679513739e+00 -5.000000000000e-03
2.124573069674e+00 3.395534635200e+00 -5.000000000000e-03
1.173798762998e+00 1.757288692066e+00 -5.000000000000e-03
3.597698411641e+00 4.821326630007e+00 -5.000000000000e-03
5.876069357357e+00 2.644830057052e+00 -5.000000000000e-03
3.003641837522e-01 4.424393470300e+00 -5.000000000000e-03
1.864443340448e+00 3.890599449214e+00 -5.000000000000e-03
1.522668644544e+00 5.158731496453e+00 -5.000000000000e-03
4.268471873546e-01 2.294472130491e+00 -5.000000000000e-03
6.082927580709e+00 4.903495913543e+00 -5.000000000000e-03
1.531270776417e-01 4.025045748879e-01 -5.000000000000e-03
4.142600580860e+00 7.579471997480e-01 -5.000000000000e-03
2.220994858888e+00 2.842425220417e+00 -5.000000000000e-03
