3.533004069237e+00 5.741252314570e-01 5.000000000000e-03
2.168205384733e+00 5.309945795174e+00 5.000000000000e-03
2.624960893603e+00 5.071503812658e+00 5.000000000000e-03
2.111425987563e+00 2.027488528715e+00 5.000000000000e-03
5.987089447565e+00 3.262830158645e-01 5.000000000000e-03
3.364473200159e-01 3.977832562236e+00 5.000000000000e-03
5.812365565969e+00 5.691200626306e+00 5.000000000000e-03
1.091441556276e+00 5.360380570590e+00 5.000000000000e-03
6.062217809167e+00 2.101523649553e+00 5.000000000000e-03
5.066008355653e+00 1.099181435563e+00 5.000000000000e-03
3.286075785684e+00 7.077001572406e-01 5.000000000000e-03
2.053520428684e+00 2.171319276176e+00 5.000000000000e-03
2.686911224000e+00 3.931555437565e+00 5.000000000000e-03
2.040454654360e+00 2.659151027171e+00 5.000000000000e-03
5.044367313110e+00 2.693490118605e+00 5.000000000000e-03
8.383383407968e-01 5.651447749808e+00 5.000000000000e-03
2.969547925112e+00 1.427052902793e+00 5.000000000000e-03
2.295779677922e+00 2.507588432585e+00 5.000000000000e-03
1.489165591610e+00 3.688939581420e+00 5.000000000000e-03
3.945213274314e+00 8.351414118989e-01 5.000000000000e-03
3.798129064152e+00 2.481862402059e+00 5.000000000000e-03
1.510952107863e+00 2.068430119885e+00 5.000000000000e-03
2.092973493380e+00 5.346924442322e+00 5.000000000000e-03
3.776520297082e+00 4.534164703992e+00 5.000000000000e-03
1.191982294264e+00 1.152559937437e+00 5.000000000000e-03
5.112946297550e+00 2.740081701948e+00 5.000000000000e-03
6.071290920435e+00 3.145639351749e+00 5.000000000000e-03
3.796755223920e+00 3.195057595145e+00 5.000000000000e-03
2.770284487797e+00 6.808165257385e-01 5.000000000000e-03
1.820523786608e-01 2.550804900697e+00 5.000000000000e-03
6.719755509905e-01 2.879913307136e+00 5.000000000000e-03
1.400361880003e+00 1.899661049427e-01 5.000000000000e-03
1.136713665508e+00 3.719181258143e+00 5.000000000000e-03
4.363742483122e+00 2.206089527413e+00 5.000000000000e-03
3.577815227523e+00 4.387982691826e+00 5.000000000000e-03
4.764840733715e+00 2.938559090083e+00 5.000000000000e-03
5.586343793175e+00 1.323014044691e-01 5.000000000000e-03
1.926909730699e+00 1.015392763998e+00 5.000000000000e-03
4.170051508882e+00 2.599166721777e+00 5.000000000000e-03
4.279628057466e+00 4.794259926536e+00 5.000000000000e-03
5.397542366006e+00 3.307790409012e+00 5.000000000000e-03
4.786298675663e+00 1.645977248584e+00 5.000000000000e-03
2.654627463296e+00 5.610746195177e-01 5.000000000000e-03
2.622131968463e+00 5.757099661808e+00 5.000000000000e-03
1.901422589251e+00 6.750489097427e-01 5.000000000000e-03
1.830560717888e+00 7.391800380992e-01 5.000000000000e-03
5.689366094729e-01 1.274383323248e+00 5.000000000000e-03
2.835519238518e+00 4.901316734564e+00 5.000000000000e-03
2.327255062980e+00 4.856852244685e+00 5.000000000000e-03
6.023199524427e-01 4.896557929063e+00 5.000000000000e-03
6.500611363077e-01 4.927943749626e+00 5.000000000000e-03
4.340668558817e+00 4.221560291149e+00 5.000000000000e-03
1.961866049514e+00 9.126821661523e-01 5.000000000000e-03
5.958017431550e+00 4.843755629810e+00 5.000000000000e-03
4.362025283393e+00 2.965867802366e-01 5.000000000000e-03
1.728543966533e+00 1.232736824514e+00 5.000000000000e-03
7.769914928556e-01 3.637311059470e+00 5.000000000000e-03
2.437235423802e-02 2.635634803594e+00 5.000000000000e-03
5.958616144728e+00 5.688454951582e+00 5.000000000000e-03
2.932740786455e+00 5.032828030650e-01 5.000000000000e-03
2.511506138311e+00 1.435880940312e+00 5.000000000000e-03
1.948810634884e+00 5.497115710162e+00 5.000000000000e-03
5.830756270435e+00 4.136364036386e+00 5.000000000000e-03
4.526936800419e+00 4.861715286392e+00 5.000000000000e-03
5.505034583004e+00 1.596199991730e+00 5.000000000000e-03
6.078278215688e+00 1.771598631040e+00 5.000000000000e-03
1.122600838521e+00 2.442177922785e-01 5.000000000000e-03
2.820031587403e+00 2.713731032841e+00 5.000000000000e-03
8.030173159897e-01 5.874898772758e+00 5.000000000000e-03
1.974283444221e+00 2.527975856851e+00 5.000000000000e-03
1.344822751423e+00 2.345519026972e+00 5.000000000000e-03
1.138320098351e+00 9.806648361113e-01 5.000000000000e-03
4.032049937500e+00 2.535304016588e+00 5.000000000000e-03
5.791140447764e-01 3.870270983686e-01 5.000000000000e-03
2.163335709379e+00 2.532812922741e-01 5.000000000000e-03
4.053923950984e+00 4.695809587823e+00 5.000000000000e-03
5.640538263597e+00 4.163613103761e+00 5.000000000000e-03
1.767748073844e-02 4.415181588916e+00 5.000000000000e-03
6.272194798963e+00 2.491343744837e+00 5.000000000000e-03
3.324415917084e+00 5.637337347208e+00 5.000000000000e-03
2.411976704659e+00 5.383547646329e+00 5.000000000000e-03
3.109036511528e+00 1.907285684433e+00 5.000000000000e-03
2.847192410503e+00 5.058523236973e-01 5.000000000000e-03
4.503537917484e+00 6.725322084270e-01 5.000000000000e-03
1.253114526996e+00 5.864836241587e+00 5.000000000000e-03
4.022226222705e+00 6.046757771949e+00 5.000000000000e-03
5.808672541237e+00 4.234939395155e+00 5.000000000000e-03
5.149540452902e+00 1.747575663324e+00 5.000000000000e-03
1.695091827421e+00 5.160885943724e+00 5.000000000000e-03
4.845796986096e+00 5.936623594457e+00 5.000000000000e-03
3.588935623938e+00 2.517636388191e+00 5.000000000000e-03
3.320427749431e+00 4.651962742681e+00 5.000000000000e-03
1.035776569860e+00 4.368606293133e-02 5.000000000000e-03
4.582372478575e+00 3.803220687574e+00 5.000000000000e-03
6.210607021812e+00 2.675519897651e+00 5.000000000000e-03
3.274846215301e+00 4.767222621306e+00 5.000000000000e-03
6.017077006733e+00 4.839590673392e+00 5.000000000000e-03
5.282862783134e+00 5.118744404223e+00 5.000000000000e-03
4.800109278864e+00 5.041011704711e+00 5.000000000000e-03
6.135422158467e+00 3.281671148182e+00 5.000000000000e-03
4.529975679076e+00 3.057639209868e+00 -5.000000000000e-03
6.268841873440e+00 2.125320411710e+00 -5.000000000000e-03
1.711766711739e-01 3.465750896795e+00 -5.000000000000e-03
4.317992093599e+00 3.221716763826e-01 -5.000000000000e-03
5.806502284304e+00 3.033052915988e+00 -5.000000000000e-03
6.647019904093e-01 4.793415767506e+00 -5.000000000000e-03
1.114347961078e+00 3.847936121241e+00 -5.000000000000e-03
2.378617423297e+00 1.956175545057e+00 -5.000000000000e-03
3.375291464256e+00 2.821711500303e-01 -5.000000000000e-03
5.089300605547e+00 2.389157901015e+00 -5.000000000000e-03
2.827306923538e+00 2.371793403580e+00 -5.000000000000e-03
2.765524858671e+00 5.974507493475e+00 -5.000000000000e-03
4.677652510268e-02 4.474797857920e+00 -5.000000000000e-03
3.703656359832e+00 5.799232172091e+00 -5.000000000000e-03
1.741027412753e+00 5.995170175973e+00 -5.000000000000e-03
2.503613417954e+00 6.201481981914e+00 -5.000000000000e-03
4.019434038368e+00 5.539082469154e+00 -5.000000000000e-03
4.366037869446e+00 4.862472899843e+00 -5.000000000000e-03
4.159803124039e-01 1.098463006163e+00 -5.000000000000e-03
2.133965095739e+00 5.278618389912e+00 -5.000000000000e-03
1.252347237584e+00 5.805705544180e+00 -5.000000000000e-03
2.367398748244e+00 6.020054804545e+00 -5.000000000000e-03
2.457191376370e+00 1.923636517779e+00 -5.000000000000e-03
2.526914741494e+00 4.581059277267e+00 -5.000000000000e-03
1.846636105366e+00 3.875047169659e+00 -5.000000000000e-03
4.304438353909e+00 7.202768667920e-02 -5.000000000000e-03
3.413836917221e+00 8.698631379429e-01 -5.000000000000e-03
4.411730686752e+00 1.017800777911e+00 -5.000000000000e-03
3.908123976918e+00 3.696802895497e+00 -5.000000000000e-03
1.018764801491e+00 4.043128727073e+00 -5.000000000000e-03
4.529045290663e+00 5.741731583280e+00 -5.000000000000e-03
1.183727990571e+00 6.263846765222e+00 -5.000000000000e-03
1.628488794986e-02 8.930496146984e-01 -5.000000000000e-03
2.928585281193e+00 3.640606617976e+00 -5.000000000000e-03
5.771528129620e+00 3.827664321333e+00 -5.000000000000e-03
2.441019241250e+00 2.578791357182e+00 -5.000000000000e-03
6.162232494354e+00 2.803540135182e-02 -5.000000000000e-03
5.028464881546e+00 3.624210387632e+00 -5.000000000000e-03
5.725514409822e+00 1.260990050645e+00 -5.000000000000e-03
4.814878078953e+00 6.134019235759e+00 -5.000000000000e-03
4.716714475304e+00 2.038251381343e+00 -5.000000000000e-03
2.323307928898e+00 8.057248283292e-01 -5.000000000000e-03
3.121330493655e+00 4.015145952744e+00 -5.000000000000e-03
2.225321939576e+00 4.123340286958e+00 -5.000000000000e-03
4.557822412035e+00 3.564595425729e+00 -5.000000000000e-03
5.671977780059e+00 1.523906014736e+00 -5.000000000000e-03
9.673943725378e-01 3.879843970629e+00 -5.000000000000e-03
3.489734876431e+00 2.597657959888e+00 -5.000000000000e-03
2.426941502707e+00 6.088707564728e+00 -5.000000000000e-03
9.112295174709e-01 4.884689535892e+00 -5.000000000000e-03
1.483794424313e+00 5.950976708853e+00 -5.000000000000e-03
2.235727835235e+00 5.559523601754e+00 -5.000000000000e-03
5.353298012185e+00 1.796374494067e-01 -5.000000000000e-03
3.436090795817e+00 3.231127692301e+00 -5.000000000000e-03
1.811959950092e+00 5.962833634508e+00 -5.000000000000e-03
5.753749376297e+00 9.836529455264e-01 -5.000000000000e-03
6.025118344262e+00 2.653864776829e+00 -5.000000000000e-03
4.298765008417e+00 8.594288799493e-01 -5.000000000000e-03
3.456758885144e+00 5.241188066521e+00 -5.000000000000e-03
5.672849364837e+00 1.186556343433e+00 -5.000000000000e-03
4.183853966368e+00 1.199793018569e+00 -5.000000000000e-03
3.156099038468e+00 3.168211900323e+00 -5.000000000000e-03
5.396906863537e+00 4.750509596869e+00 -5.000000000000e-03
5.685824868236e+00 6.390763015036e-01 -5.000000000000e-03
2.473645461503e+00 5.287544513630e+00 -5.000000000000e-03
2.532998609048e+00 4.739053750028e-01 -5.000000000000e-03
5.130746685074e+00 1.972229505361e+00 -5.000000000000e-03
5.737002920381e+00 4.572653722940e+00 -5.000000000000e-03
1.472009997193e+00 3.132922880495e+00 -5.000000000000e-03
5.456734885873e+00 2.122475102915e+00 -5.000000000000e-03
1.544465423369e+00 2.838687115519e+00 -5.000000000000e-03
5.036752040207e+00 1.024505782302e+00 -5.000000000000e-03
5.287348456745e+00 3.548165158737e+00 -5.000000000000e-03
2.449595639605e+00 3.598420732751e+00 -5.000000000000e-03
1.112584058353e+00 3.967579491798e+00 -5.000000000000e-03
4.647216777726e+00 3.419565408071e+00 -5.000000000000e-03
5.841831954904e+00 5.888168438360e+00 -5.000000000000e-03
5.191998019611e+00 1.445149321746e+00 -5.000000000000e-03
4.573830939548e+00 5.803892840251e-01 -5.000000000000e-03
1.901181955081e+00 3.611653734276e+00 -5.000000000000e-03
4.888877612448e+00 6.209992252368e-01 -5.000000000000e-03
1.451263922523e+00 7.250056089874e-01 -5.000000000000e-03
2.182646311461e+00 4.537511072582e+00 -5.000000000000e-03
7.503963910560e-01 2.521948245906e+00 -5.000000000000e-03
5.729896353167e+00 2.601333556328e+00 -5.000000000000e-03
2.944252598489e+00 1.360464354708e+00 -5.000000000000e-03
5.126596161482e+00 5.746804982134e+00 -5.000000000000e-03
4.229058667609e+00 4.828811243377e+00 -5.000000000000e-03
5.860057901663e+00 4.454547369908e+00 -5.000000000000e-03
5.092242144106e+00 2.164421619490e+00 -5.000000000000e-03
1.714550546356e+00 5.083652749882e+00 -5.000000000000e-03
3.115061964457e+00 5.178361624636e+00 -5.000000000000e-03
5.884636462950e+00 8.526453918745e-01 -5.000000000000e-03
1.870628605229e+00 7.221152611131e-02 -5.000000000000e-03
5.055204688732e+00 6.252543393254e+00 -5.000000000000e-03
4.898319296387e+00 1.419704832717e+00 -5.000000000000e-03
3.167621595337e+00 3.563927054075e+00 -5.000000000000e-03
1.153992584041e+00 9.404597200920e-01 -5.000000000000e-03
5.621123827820e+00 4.729689791417e+00 -5.000000000000e-03
4.856892250069e+00 9.226603045241e-01 -5.000000000000e-03
