1.713873526138e-01 4.869816538641e+00 5.000000000000e-03
3.972662891597e-02 5.789050494086e+00 5.000000000000e-03
9.584158929561e-01 1.501604887164e+00 5.000000000000e-03
2.165038906076e+00 1.578962761142e+00 5.000000000000e-03
1.587796184059e+00 5.247785889662e+00 5.000000000000e-03
4.733545571710e+00 5.162441342203e+00 5.000000000000e-03
8.513595150404e-01 1.730307767560e+00 5.000000000000e-03
7.698023971428e-01 3.071808173080e-01 5.000000000000e-03
5.747729078222e+00 2.228053063196e+00 5.000000000000e-03
1.728340917572e+00 9.463336599518e-01 5.000000000000e-03
2.933692468981e-01 5.362709920853e+00 5.000000000000e-03
5.570867676849e+00 4.686426488904e+00 5.000000000000e-03
5.583110573301e-01 2.838836994506e+00 5.000000000000e-03
5.282493174617e+00 9.303883293003e-01 5.000000000000e-03
5.895371777625e+00 5.933214918020e+00 5.000000000000e-03
3.476942065566e+00 5.598639408151e+00 5.000000000000e-03
4.255211972202e+00 1.908696209508e+00 5.000000000000e-03
1.167794429213e-01 1.874033684301e+00 5.000000000000e-03
4.738479429968e+00 1.959806296043e+00 5.000000000000e-03
5.418029520298e+00 1.788350272496e+00 5.000000000000e-03
5.057466043954e+00 4.869931161857e-01 5.000000000000e-03
5.451215162167e+00 2.090429424718e+00 5.000000000000e-03
5.757062297293e+00 8.240806045795e-01 5.000000000000e-03
4.650985663715e+00 1.633873387488e+00 5.000000000000e-03
4.329675009331e+00 1.059676166893e+00 5.000000000000e-03
1.733064843613e+00 2.527575358809e-01 5.000000000000e-03
4.542835694344e-01 1.446649996002e+00 5.000000000000e-03
2.115398969269e+00 3.797564470154e+00 5.000000000000e-03
1.369841808762e+00 4.988307341494e-01 5.000000000000e-03
5.113267313045e+00 5.153671030571e+00 5.000000000000e-03
2.573404454057e+00 2.125598602778e-01 5.000000000000e-03
3.121816968677e+00 5.975574953088e+00 5.000000000000e-03
5.255835138673e+00 3.876782396415e+00 5.000000000000e-03
1.231597161692e+00 4.741886211979e+00 5.000000000000e-03
3.411046748140e+00 1.269542888303e+00 5.000000000000e-03
5.042269254629e+00 4.087023512576e+00 5.000000000000e-03
1.844304437504e+00 1.578556008502e+00 5.000000000000e-03
5.324337193462e+00 5.013149538366e+00 5.000000000000e-03
3.652319685736e+00 3.418175779843e+00 5.000000000000e-03
3.750100348851e+00 1.900429016790e+00 5.000000000000e-03
2.840702315370e+00 1.907341245279e+00 5.000000000000e-03
5.921606481928e+00 1.090842792707e+00 5.000000000000e-03
2.692958480626e+00 6.166874862299e+00 5.000000000000e-03
4.105821688920e+00 5.975806045948e+00 5.000000000000e-03
2.889986577016e+00 2.407721397537e+00 5.000000000000e-03
1.197929763584e+00 3.048103545298e+00 5.000000000000e-03
4.891338737016e-01 3.304575336415e-01 5.000000000000e-03
1.257351227658e+00 1.698958067856e+00 5.000000000000e-03
4.881173604176e+00 9.661368975732e-01 5.000000000000e-03
2.727775804233e+00 3.050717891366e+00 5.000000000000e-03
1.777461917974e+00 3.406063579158e+00 5.000000000000e-03
1.495598093881e+00 1.949013433716e+00 5.000000000000e-03
8.390649306800e-01 5.410457015954e+00 5.000000000000e-03
3.884150790448e+00 5.133592784304e+00 5.000000000000e-03
2.793510425325e-01 2.060312972273e+00 5.000000000000e-03
4.783286635116e+00 1.223011511514e+00 5.000000000000e-03
6.051610218435e+00 5.850009823967e+00 5.000000000000e-03
2.425164176011e+00 3.798184014354e+00 5.000000000000e-03
2.753175842605e+00 7.371630879377e-01 5.000000000000e-03
2.352955125099e+00 3.655931364366e-01 5.000000000000e-03
5.413874282305e+00 3.326553963710e+00 5.000000000000e-03
5.069077541659e+00 3.508183623858e+00 5.000000000000e-03
2.447042375520e-01 4.566948969196e+00 5.000000000000e-03
2.255744173270e+00 4.325030399537e+00 5.000000000000e-03
4.053939088224e+00 4.129566808479e+00 5.000000000000e-03
5.909387955898e+00 1.672928650610e+00 5.000000000000e-03
2.616247266234e+00 4.354814025032e+00 5.000000000000e-03
2.594954182831e+00 1.564728774358e+00 5.000000000000e-03
5.541736830795e+00 2.735112695519e+00 5.000000000000e-03
5.216821160324e+00 2.858299094919e+00 5.000000000000e-03
3.762189385935e-02 1.806311081015e+00 5.000000000000e-03
2.026283667177e+00 1.585094842747e+00 5.000000000000e-03
5.906509740359e+00 1.689857951717e-01 5.000000000000e-03
4.478818228181e+00 6.100098084250e+00 5.000000000000e-03
3.672180241561e+00 4.808198326477e+00 5.000000000000e-03
3.234747434743e+00 5.595088544008e+00 5.000000000000e-03
3.714068094571e+00 1.456866561487e+00 5.000000000000e-03
4.370808487178e-02 7.787312633824e-01 5.000000000000e-03
2.748831582750e+00 5.520994005996e+00 5.000000000000e-03
1.453116405148e+00 4.844270847156e+00 5.000000000000e-03
1.875986332123e+00 2.167982287653e+00 5.000000000000e-03
2.110934688439e+00 1.923884441240e+00 5.000000000000e-03
3.535051706376e+00 2.307637300456e-01 5.000000000000e-03
3.163160396765e+00 5.143583309556e+00 5.000000000000e-03
6.056475293989e+00 4.572207327398e+00 5.000000000000e-03
2.937135590880e+00 1.222429524334e+00 5.000000000000e-03
3.333483484381e+00 5.694401899815e+00 5.000000000000e-03
2.578816916446e+00 6.186375800223e+00 5.000000000000e-03
4.031164725625e+00 1.406412149458e+00 5.000000000000e-03
7.522599034979e-01 4.184262082694e+00 5.000000000000e-03
4.553305901686e+00 5.786250771013e+00 5.000000000000e-03
5.360231371220e+00 1.155069871536e-02 5.000000000000e-03
8.025128821640e-01 3.729520498472e+00 5.000000000000e-03
4.387232890707e+00 6.252414706369e+00 5.000000000000e-03
4.236165372289e+00 1.830514309455e+00 5.000000000000e-03
5.172474787327e-01 3.983773660929e+00 5.000000000000e-03
8.142365703877e-01 3.555552366877e+00 5.000000000000e-03
2.422830481938e+00 5.292763302523e+00 5.000000000000e-03
5.776514932775e+00 2.521700779670e+00 5.000000000000e-03
4.795026291639e+00 4.773830343238e+00 5.000000000000e-03
1.736762213508e-01 3.018478582226e+00 -5.000000000000e-03
4.781753172662e+00 3.805803784688e+00 -5.000000000000e-03
2.576128860958e+00 2.905579427671e+00 -5.000000000000e-03
4.040143177295e+00 3.175521076903e+00 -5.000000000000e-03
3.916017227696e+00 4.713711246080e+00 -5.000000000000e-03
3.911387605495e+00 5.204724286644e+00 -5.000000000000e-03
2.002060066041e+00 2.691173791695e+00 -5.000000000000e-03
2.165930829154e+00 7.394091164911e-01 -5.000000000000e-03
2.267977497685e+00 5.932316865203e-01 -5.000000000000e-03
2.474219639767e+00 5.692985618209e+00 -5.000000000000e-03
1.854760908014e-01 4.047323907961e+00 -5.000000000000e-03
1.707226883924e+00 1.388663036386e+00 -5.000000000000e-03
2.287818103026e+00 3.341326504657e+00 -5.000000000000e-03
4.098494869727e+00 5.105093586375e+00 -5.000000000000e-03
3.829573930118e+00 3.823834450212e-02 -5.000000000000e-03
2.914318050129e+00 2.074502166179e-01 -5.000000000000e-03
4.761926820906e+00 1.168864596633e+00 -5.000000000000e-03
1.612068454328e+00 2.614967221492e+00 -5.000000000000e-03
2.828421191435e+00 4.374736878070e+00 -5.000000000000e-03
4.567315877312e+00 3.311149147428e-01 -5.000000000000e-03
6.207873161968e+00 4.262532756490e+00 -5.000000000000e-03
1.052305238633e+00 8.968540162306e-01 -5.000000000000e-03
3.570224502857e+00 7.278853844803e-01 -5.000000000000e-03
3.203370927441e+00 4.591356020756e+00 -5.000000000000e-03
3.800288613389e+00 4.073855623777e+00 -5.000000000000e-03
2.426305121293e+00 1.553224422090e+00 -5.000000000000e-03
4.871125350395e+00 2.565532569823e+00 -5.000000000000e-03
4.986024782625e+00 6.842231005832e-01 -5.000000000000e-03
3.067990420992e+00 4.298253979391e+00 -5.000000000000e-03
3.103093094723e+00 5.386602049404e+00 -5.000000000000e-03
1.646021238016e-01 2.811044232011e+00 -5.000000000000e-03
4.593455311679e+00 5.485255144116e+00 -5.000000000000e-03
3.885021037929e-01 1.547587225735e+00 -5.000000000000e-03
1.835206262589e+00 1.070041364602e+00 -5.000000000000e-03
2.408571251687e+00 8.607228288525e-01 -5.000000000000e-03
1.065895848513e+00 2.330830652676e+00 -5.000000000000e-03
3.836602588359e+00 9.977252366011e-01 -5.000000000000e-03
2.414308177362e+00 4.231117468399e+00 -5.000000000000e-03
1.053264179023e+00 4.736933991179e+00 -5.000000000000e-03
4.640303044329e+00 4.813569558755e+00 -5.000000000000e-03
6.255902889460e+00 4.270332426806e+00 -5.000000000000e-03
2.377623160135e+00 4.984082052462e+00 -5.000000000000e-03
2.286321155992e-01 3.378932318328e+00 -5.000000000000e-03
2.760058000484e+00 4.049549815152e+00 -5.000000000000e-03
5.451948282446e+00 1.348868010517e+00 -5.000000000000e-03
2.680674211259e-01 1.237558929021e+00 -5.000000000000e-03
3.786316343314e+00 1.587328023653e+00 -5.000000000000e-03
5.486153236892e+00 3.673896874109e+00 -5.000000000000e-03
6.625440489343e-01 4.454106529191e+00 -5.000000000000e-03
1.721538845822e+00 3.827164753923e+00 -5.000000000000e-03
3.308218636158e+00 8.350247055759e-01 -5.000000000000e-03
4.414935977041e+00 1.903973595130e+00 -5.000000000000e-03
5.564330043346e+00 4.076901103562e+00 -5.000000000000e-03
3.117581433860e+00 3.063848695325e+00 -5.000000000000e-03
1.767240465295e-01 3.266758938775e+00 -5.000000000000e-03
1.406330071889e+00 1.257711991476e+00 -5.000000000000e-03
6.211273409009e+00 2.443599894819e+00 -5.000000000000e-03
3.118490493773e+00 3.165937808403e+00 -5.000000000000e-03
6.180167887760e+00 2.715574895396e+00 -5.000000000000e-03
3.650830944494e+00 2.448148064021e+00 -5.000000000000e-03
2.647772432065e+00 1.614480809810e+00 -5.000000000000e-03
1.176127855557e+00 3.244257810652e+00 -5.000000000000e-03
1.746509573601e-01 3.600118454852e+00 -5.000000000000e-03
1.527825516154e+00 2.482632115402e+00 -5.000000000000e-03
2.791324737824e+00 5.205975138238e+00 -5.000000000000e-03
6.009438213271e+00 1.073444647171e+00 -5.000000000000e-03
1.477033699711e-01 3.340752802571e+00 -5.000000000000e-03
1.255378842383e+00 2.235649890146e+00 -5.000000000000e-03
4.003309430819e+00 5.125986801797e+00 -5.000000000000e-03
4.314408422484e+00 2.972382319349e+00 -5.000000000000e-03
3.751838240374e+00 7.301908587552e-01 -5.000000000000e-03
5.573447175848e+00 5.885964517228e-01 -5.000000000000e-03
4.452459644530e+00 7.227210492136e-01 -5.000000000000e-03
2.505684812416e+00 4.954303944307e+00 -5.000000000000e-03
1.236105490483e+00 5.767971570328e+00 -5.000000000000e-03
5.611921008681e+00 3.922907075378e-01 -5.000000000000e-03
5.851651598591e+00 1.290935908548e+00 -5.000000000000e-03
3.801105436475e+00 5.783135500906e+00 -5.000000000000e-03
3.722446138138e+00 2.737878548163e+00 -5.000000000000e-03
3.699155265182e-02 4.987131651976e+00 -5.000000000000e-03
6.231057285965e+00 2.910116192706e+00 -5.000000000000e-03
3.992542357853e-01 4.647908235537e+00 -5.000000000000e-03
1.203441313008e+00 1.715356441189e+00 -5.000000000000e-03
4.304262600270e+00 2.203796423372e+00 -5.000000000000e-03
1.415475597061e+00 6.263695400716e+00 -5.000000000000e-03
2.754857147302e+00 5.641512333620e+00 -5.000000000000e-03
5.231176021773e+00 4.288183564640e-01 -5.000000000000e-03
5.471830565372e-01 1.588888012868e+00 -5.000000000000e-03
6.001868433655e+00 4.308578588645e-01 -5.000000000000e-03
1.842107461386e+00 3.818645385198e+00 -5.000000000000e-03
2.494952774812e+00 3.792295984444e+00 -5.000000000000e-03
6.064490592089e+00 1.914024281848e+00 -5.000000000000e-03
4.072180914989e+00 1.243231876114e+00 -5.000000000000e-03
3.517351114304e+00 2.460871967502e+00 -5.000000000000e-03
3.244548983129e+00 3.751598564532e+00 -5.000000000000e-03
6.269395623749e+00 2.940313799088e+00 -5.000000000000e-03
3.598092785644e+00 2.052416673584e-01 -5.000000000000e-03
1.827329242646e+00 1.802506711747e+00 -5.000000000000e-03
2.389042604391e+00 4.165951282392e+00 -5.000000000000e-03
3.429165424617e+00 3.829091801168e+00 -5.000000000000e-03
