5.478596332450e+00 1.560514320181e-01 5.000000000000e-03
5.434680443547e+00 2.672096566316e+00 5.000000000000e-03
2.013122031861e+00 4.516772578787e-01 5.000000000000e-03
5.814888413341e-01 3.641787118846e+00 5.000000000000e-03
4.836511981821e+00 3.964956117191e+00 5.000000000000e-03
6.044066696202e+00 5.752933214753e+00 5.000000000000e-03
1.440395764216e+00 4.378277372211e+00 5.000000000000e-03
4.071552474135e+00 8.031964004718e-01 5.000000000000e-03
2.550868676561e-01 9.078357114763e-01 5.000000000000e-03
2.721734434464e+00 2.625026094748e+00 5.000000000000e-03
2.802649234486e+00 1.664714753729e+00 5.000000000000e-03
1.510528607894e+00 5.149645742267e+00 5.000000000000e-03
2.152195185623e+00 7.420868351930e-01 5.000000000000e-03
1.415199115007e-01 2.252995190554e+00 5.000000000000e-03
4.143954094213e+00 6.139562063263e+00 5.000000000000e-03
3.920223255864e+00 5.572110854371e+00 5.000000000000e-03
1.272979865754e+00 1.227157387341e+00 5.000000000000e-03
3.072369532936e+00 1.188673566524e+00 5.000000000000e-03
2.288939365418e+00 2.116879217185e-01 5.000000000000e-03
3.972664556897e+00 3.347527618133e+00 5.000000000000e-03
3.179492548012e+00 1.148001721687e+00 5.000000000000e-03
3.134063487052e+00 9.030738142274e-01 5.000000000000e-03
4.606198028509e+00 3.371202295025e+00 5.000000000000e-03
2.986861385309e+00 1.143902332440e+00 5.000000000000e-03
3.038721525341e+00 2.460769324937e+00 5.000000000000e-03
2.719558103882e+00 2.334538764526e+00 5.000000000000e-03
3.780817350329e+00 2.062492252903e+00 5.000000000000e-03
6.250172282089e+00 3.003977839750e+00 5.000000000000e-03
2.139464587197e+00 2.925186542961e+00 5.000000000000e-03
2.553511852271e-01 3.778903507360e+00 5.000000000000e-03
3.469696580468e+00 4.220924246656e+00 5.000000000000e-03
1.116843509317e+00 6.072630930680e+00 5.000000000000e-03
5.927027275952e+00 1.461638443069e-01 5.000000000000e-03
4.940113624298e+00 5.112547433712e+00 5.000000000000e-03
5.283806971897e+00 2.858522724767e+00 5.000000000000e-03
6.047259163044e+00 1.162170723932e+00 5.000000000000e-03
3.480820691105e+00 1.949408432385e+00 5.000000000000e-03
5.145155275370e+00 6.015700083739e+00 5.000000000000e-03
3.561913073051e+00 2.672789245155e+00 5.000000000000e-03
5.107479800850e+00 3.064882125020e-01 5.000000000000e-03
1.577774113764e+00 1.973736747800e+00 5.000000000000e-03
2.074038937757e+00 9.320510872416e-01 5.000000000000e-03
3.584998540676e+00 5.370169314627e+00 5.000000000000e-03
4.625702748417e+00 5.701474898725e+00 5.000000000000e-03
3.250659781415e+00 2.055872770770e+00 5.000000000000e-03
3.085538711213e+00 4.547819377157e+00 5.000000000000e-03
2.249894453854e+00 5.877848199639e+00 5.000000000000e-03
5.200060931812e-02 4.262074572006e+00 5.000000000000e-03
8.080218163045e-01 5.879395824700e+00 5.000000000000e-03
2.027348488593e+00 1.438028842738e+00 5.000000000000e-03
5.405333734230e+00 1.181065428685e+00 5.000000000000e-03
2.464293805989e-02 1.853709148564e+00 5.000000000000e-03
3.443570088282e+00 1.608406933556e+00 5.000000000000e-03
4.586439459132e+00 9.425019489367e-01 5.000000000000e-03
1.858843890152e+00 2.176984590345e+00 5.000000000000e-03
9.702571980259e-01 4.931503631513e+00 5.000000000000e-03
4.839864638861e+00 4.293707655282e+00 5.000000000000e-03
3.017733625360e+00 1.583547848865e+00 5.000000000000e-03
4.442307476883e+00 2.603418959704e+00 5.000000000000e-03
3.706710731978e+00 3.493389266295e+00 5.000000000000e-03
1.259459319498e+00 4.879462097588e+00 5.000000000000e-03
1.203427346475e+00 4.908162562666e+00 5.000000000000e-03
2.827896446207e+00 4.610557272161e+00 5.000000000000e-03
2.920987345199e+00 4.370551438605e+00 5.000000000000e-03
6.138183110296e+00 4.954094260162e+00 5.000000000000e-03
1.370760956394e+00 5.293858306650e+00 5.000000000000e-03
5.055385082081e-01 7.904057334543e-01 5.000000000000e-03
9.712628602779e-01 5.185467340930e+00 5.000000000000e-03
2.989246946840e+00 4.972024520699e+00 5.000000000000e-03
1.785091895923e+00 4.685784065360e+00 5.000000000000e-03
3.149463332133e+00 1.087741516403e+00 5.000000000000e-03
7.879617113209e-01 2.332375894447e+00 5.000000000000e-03
5.473002350486e+00 3.350381391312e+00 5.000000000000e-03
7.255356996840e-01 3.886016424685e+00 5.000000000000e-03
3.113454282853e+00 1.762071080885e+00 5.000000000000e-03
3.328185958127e+00 3.165555436922e+00 5.000000000000e-03
1.284112186700e+00 5.662095101831e-01 5.000000000000e-03
3.817860154052e+00 2.149159471544e+00 5.000000000000e-03
2.399414901240e+00 1.479771367498e+00 5.000000000000e-03
5.795277910300e-01 2.408451555249e+00 5.000000000000e-03
1.180924548289e+00 1.862141909033e+00 5.000000000000e-03
4.489358223165e+00 5.103718719384e+00 5.000000000000e-03
1.376520526553e+00 3.195052341791e+00 5.000000000000e-03
2.604104481608e-01 3.141038451350e+00 5.000000000000e-03
4.516414568265e+00 8.892947966938e-01 5.000000000000e-03
8.870728252300e-01 5.116574273078e-01 5.000000000000e-03
2.755247068507e+00 2.008860508802e+00 5.000000000000e-03
5.278984860627e+00 2.035516301329e+00 5.000000000000e-03
5.348956565943e+00 2.665933983894e+00 5.000000000000e-03
1.987738297680e+00 5.464974273671e-01 5.000000000000e-03
1.489637340035e-02 2.640160279812e+00 5.000000000000e-03
3.336831818759e-01 2.742688668974e+00 5.000000000000e-03
1.529369326948e+00 1.117762053982e+00 5.000000000000e-03
8.134748854591e-01 4.011356822967e+00 5.000000000000e-03
2.963357402675e+00 1.953286047178e+00 5.000000000000e-03
1.132199807943e+00 3.081386154183e+00 5.000000000000e-03
6.259282866236e+00 2.929920548037e+00 5.000000000000e-03
2.424012849895e+00 3.405229168045e+00 5.000000000000e-03
3.735193313105e+00 1.916996162292e+00 5.000000000000e-03
3.879306781050e-01 5.087810118762e+00 5.000000000000e-03
1.113595617050e+00 3.282544613741e+00 -5.000000000000e-03
4.504857959699e+00 5.841848341048e-01 -5.000000000000e-03
5.047780259736e-01 4.004580669729e+00 -5.000000000000e-03
4.874030182125e+00 6.050897206509e+00 -5.000000000000e-03
1.227063514883e+00 1.020360595010e+00 -5.000000000000e-03
4.897894079047e+00 1.580307425774e+00 -5.000000000000e-03
2.173537396298e+00 7.573429666966e-02 -5.000000000000e-03
3.174963131965e+00 6.220476264792e+00 -5.000000000000e-03
1.340779182778e+00 5.942470900631e+00 -5.000000000000e-03
3.373454647130e+00 4.055391292491e-02 -5.000000000000e-03
3.998472254770e+00 3.624375552006e+00 -5.000000000000e-03
1.052971272606e+00 9.108536463978e-01 -5.000000000000e-03
4.980139333553e+00 4.484808142989e+00 -5.000000000000e-03
1.404932533019e-01 4.334244073180e+00 -5.000000000000e-03
4.786800348412e+00 4.588444313308e+00 -5.000000000000e-03
3.817298891787e+00 3.027535269855e+00 -5.000000000000e-03
2.003559398010e+00 1.594739013725e+00 -5.000000000000e-03
7.628584571292e-02 5.770164848260e+00 -5.000000000000e-03
4.308542591152e+00 5.291560207202e+00 -5.000000000000e-03
1.666059325775e+00 3.684412489117e+00 -5.000000000000e-03
4.382408241670e+00 3.243925083593e+00 -5.000000000000e-03
4.677770924707e+00 5.086379320339e+00 -5.000000000000e-03
7.217575888176e-01 8.439023148666e-01 -5.000000000000e-03
5.774693787850e+00 1.883951143352e+00 -5.000000000000e-03
4.217280354354e+00 1.790179210187e+00 -5.000000000000e-03
2.812573617544e+00 1.050449935885e+00 -5.000000000000e-03
5.937207038432e+00 2.755826529128e+00 -5.000000000000e-03
1.605207246943e+00 2.706834522351e+00 -5.000000000000e-03
4.640355748674e+00 4.982445563083e+00 -5.000000000000e-03
4.703989940293e+00 1.901431997735e+00 -5.000000000000e-03
5.095905372173e+00 3.827006817069e-01 -5.000000000000e-03
2.455852047157e+00 4.491017113171e+00 -5.000000000000e-03
1.134917938042e+00 9.869578152782e-01 -5.000000000000e-03
1.486019002706e+00 5.341697721111e+00 -5.000000000000e-03
3.465672105630e+00 3.974712608909e-01 -5.000000000000e-03
6.148922955285e+00 2.203207271663e+00 -5.000000000000e-03
2.236423937065e+00 5.774257973576e+00 -5.000000000000e-03
3.408928601428e+00 1.331763994078e+00 -5.000000000000e-03
1.184546178137e+00 1.085061477099e+00 -5.000000000000e-03
4.290108076108e+00 4.002958803782e+00 -5.000000000000e-03
4.364308565516e+00 3.198320682026e+00 -5.000000000000e-03
3.365027990693e+00 5.521074947269e+00 -5.000000000000e-03
2.229625808566e+00 2.126038381422e+00 -5.000000000000e-03
3.414508105646e+00 4.683498886157e+00 -5.000000000000e-03
5.309182993580e+00 3.547528584872e+00 -5.000000000000e-03
1.052675158485e+00 2.084663876359e+00 -5.000000000000e-03
5.374369036232e+00 5.602917117331e-01 -5.000000000000e-03
4.524351462604e+00 3.596637754240e+00 -5.000000000000e-03
2.876774857809e+00 3.802232674618e+00 -5.000000000000e-03
4.203605617380e+00 5.108639979126e+00 -5.000000000000e-03
3.668284615018e+00 4.859984234390e+00 -5.000000000000e-03
5.639895002349e+00 5.898029992556e-01 -5.000000000000e-03
5.707014322319e+00 3.238301889823e+00 -5.000000000000e-03
1.919252780826e+00 5.930872355857e+00 -5.000000000000e-03
2.040967465632e+00 5.464977671902e+00 -5.000000000000e-03
6.157537809236e+00 1.137629428559e-01 -5.000000000000e-03
1.153004277307e+00 4.227763456720e+00 -5.000000000000e-03
4.072200532579e+00 1.893266499158e+00 -5.000000000000e-03
4.581359278131e+00 3.353556476721e+00 -5.000000000000e-03
5.846443775356e+00 5.801997507015e+00 -5.000000000000e-03
1.543746627765e+00 5.735718708740e+00 -5.000000000000e-03
4.045154684316e+00 7.128893253730e-01 -5.000000000000e-03
1.222907985938e+00 1.271860320584e+00 -5.000000000000e-03
1.336251123696e+00 6.453919583974e-01 -5.000000000000e-03
5.908724717361e+00 1.655885846775e+00 -5.000000000000e-03
4.330390086892e+00 9.267278869460e-01 -5.000000000000e-03
3.118367577314e+00 3.277486908748e+00 -5.000000000000e-03
3.572128468485e-01 2.554770056073e+00 -5.000000000000e-03
1.301377029478e+00 1.645303272212e+00 -5.000000000000e-03
1.526089488012e+00 5.473268521035e+00 -5.000000000000e-03
2.945206335870e+00 3.468317028444e+00 -5.000000000000e-03
1.083489892246e+00 1.809879745398e+00 -5.000000000000e-03
6.028322276563e+00 5.918970119022e+00 -5.000000000000e-03
4.668092631891e+00 5.417998619820e+00 -5.000000000000e-03
6.034363885905e+00 4.205833487570e-01 -5.000000000000e-03
4.894647610758e+00 2.611774048853e+00 -5.000000000000e-03
2.643411785899e+00 5.322929123915e+00 -5.000000000000e-03
1.097439469624e+00 4.741001987781e+00 -5.000000000000e-03
6.922328479635e-01 3.800690950078e+00 -5.000000000000e-03
4.993019048185e+00 4.602353318134e+00 -5.000000000000e-03
2.335499904987e+00 3.869980818434e+00 -5.000000000000e-03
6.854049477118e-01 2.830453474803e+00 -5.000000000000e-03
3.708999838759e+00 2.952118964828e+00 -5.000000000000e-03
3.535556349418e+00 3.252195636229e-01 -5.000000000000e-03
1.597075216626e+00 4.313519385109e+00 -5.000000000000e-03
3.431737776231e+00 8.193323676226e-01 -5.000000000000e-03
3.333919734563e+00 2.544291821193e+00 -5.000000000000e-03
5.343625181986e+00 2.526637950461e+00 -5.000000000000e-03
3.694590848969e+00 3.272520193294e+00 -5.000000000000e-03
6.055164662250e+00 4.312163430279e+00 -5.000000000000e-03
2.771989469943e+00 2.946039033173e+00 -5.000000000000e-03
5.774061651307e+00 2.402551509949e+00 -5.000000000000e-03
8.690296525485e-01 6.155219957380e+00 -5.000000000000e-03
1.794975494985e+00 1.703544108409e+00 -5.000000000000e-03
2.338855445658e+00 2.194647272982e+00 -5.000000000000e-03
3.095870999033e+00 2.119978016629e+00 -5.000000000000e-03
5.472455196414e+00 2.954466453295e+00 -5.000000000000e-03
4.892298720135e+00 9.521881607777e-01 -5.000000000000e-03
4.943955593870e+00 4.177313374155e+00 -5.000000000000e-03
5.037665316646e+00 2.508969122552e+00 -5.000000000000e-03
