1.691530977076e+00 4.175114280061e-01 5.000000000000e-03
2.100771167791e+00 5.152255443612e+00 5.000000000000e-03
3.414194587136e+00 1.873042907927e+00 5.000000000000e-03
3.812528838205e+00 6.215619799964e+00 5.000000000000e-03
6.061907368004e+00 4.830147183256e-01 5.000000000000e-03
4.962205162644e-01 1.044019818648e+00 5.000000000000e-03
1.507699342353e-02 5.525283082218e+00 5.000000000000e-03
3.815539388510e+00 1.602898434862e+00 5.000000000000e-03
7.885293980765e-01 5.888004156696e+00 5.000000000000e-03
4.909411763207e+00 2.363220092715e+00 5.000000000000e-03
2.245262343709e+00 4.250511880489e+00 5.000000000000e-03
2.414356076261e+00 1.841109858658e+00 5.000000000000e-03
6.225008290982e+00 2.540901929989e+00 5.000000000000e-03
5.500400148837e+00 4.837511801029e+00 5.000000000000e-03
3.484434857315e+00 5.943437497278e-01 5.000000000000e-03
3.172941904699e+00 2.628295680656e+00 5.000000000000e-03
5.433560487136e+00 3.763575034149e+00 5.000000000000e-03
5.411885327080e-01 1.949164528448e+00 5.000000000000e-03
3.364864273006e+00 1.427086719750e+00 5.000000000000e-03
5.795765165218e+00 4.492236394429e+00 5.000000000000e-03
6.078255382072e+00 3.829513327507e+00 5.000000000000e-03
2.358600865174e+00 3.942214187312e+00 5.000000000000e-03
6.635928480410e-02 4.381200490242e+00 5.000000000000e-03
9.370982836280e-01 4.107407372091e+00 5.000000000000e-03
1.368594524603e+00 5.589069672744e+00 5.000000000000e-03
2.076832806433e+00 4.384059497782e+00 5.000000000000e-03
5.251710999290e+00 6.040855096834e-02 5.000000000000e-03
3.437939584197e+00 2.473986743272e+00 5.000000000000e-03
1.535714918060e+00 1.656531462973e+00 5.000000000000e-03
4.584042328458e+00 4.670316662923e+00 5.000000000000e-03
2.592275317273e+00 5.203942851856e+00 5.000000000000e-03
5.993999197179e+00 5.550604733471e+00 5.000000000000e-03
1.911233678824e-01 1.869939187721e+00 5.000000000000e-03
3.191100257957e+00 2.937708742387e+00 5.000000000000e-03
5.064920089714e+00 1.545557818339e+00 5.000000000000e-03
5.809698010970e+00 6.710287346334e-01 5.000000000000e-03
1.686376185428e+00 2.770108794105e+00 5.000000000000e-03
2.093348902367e+00 1.083011266259e+00 5.000000000000e-03
6.260354928458e+00 3.889680586598e+00 5.000000000000e-03
4.886686638779e+00 5.140044664323e-01 5.000000000000e-03
5.307647120297e+00 2.968530649774e+00 5.000000000000e-03
2.033103024335e+00 5.251112677653e-01 5.000000000000e-03
5.898228369570e-01 6.038253452942e+00 5.000000000000e-03
1.294771051195e+00 3.377357602150e+00 5.000000000000e-03
2.069426600987e+00 1.176479718531e+00 5.000000000000e-03
2.968439037002e+00 4.609240128629e+00 5.000000000000e-03
2.230352550119e+00 7.495876468780e-01 5.000000000000e-03
4.546022190589e+00 1.741960944174e+00 5.000000000000e-03
3.663434508754e+00 3.958268490572e+00 5.000000000000e-03
1.041879926028e+00 4.102444400482e-01 5.000000000000e-03
3.453148079399e+00 2.769977505855e+00 5.000000000000e-03
4.736551437160e+00 9.996451229698e-01 5.000000000000e-03
3.655756071494e+00 8.994716052567e-01 5.000000000000e-03
4.736746471389e+00 8.043974944237e-01 5.000000000000e-03
1.953752895072e+00 5.351073191144e+00 5.000000000000e-03
1.331278332849e+00 4.448531474428e+00 5.000000000000e-03
1.593433557640e+00 1.522118247965e-01 5.000000000000e-03
1.566456818027e+00 3.022617609517e-01 5.000000000000e-03
4.978646723751e+00 1.964440521291e+00 5.000000000000e-03
1.111714090739e+00 4.452390036826e-01 5.000000000000e-03
5.990701919667e-01 2.743957406507e+00 5.000000000000e-03
1.366480129105e+00 2.622648920848e+00 5.000000000000e-03
2.204519576907e+00 4.402151850637e-02 5.000000000000e-03
1.476071355893e-01 6.187300365146e+00 5.000000000000e-03
5.934894086212e-01 1.723154589167e+00 5.000000000000e-03
2.286474435099e+00 5.903184721223e-01 5.000000000000e-03
2.607369961755e+00 2.716541622226e+00 5.000000000000e-03
1.611710246722e+00 1.239336258123e+00 5.000000000000e-03
1.907121472575e+00 4.937927217440e+00 5.000000000000e-03
3.162184654831e+00 3.421672253341e+00 5.000000000000e-03
5.455552891721e+00 1.776881611573e+00 5.000000000000e-03
3.666862530267e+00 1.306551809981e+00 5.000000000000e-03
4.926156642258e+00 1.666363306935e+00 5.000000000000e-03
4.361200367013e+00 3.166278835660e+00 5.000000000000e-03
6.456284446511e-02 4.268774830296e+00 5.000000000000e-03
2.896701958986e+00 6.251230411034e+00 5.000000000000e-03
8.855383687634e-01 4.901649468123e+00 5.000000000000e-03
1.406429614781e+00 2.419848544357e+00 5.000000000000e-03
1.227746130097e+00 3.781225923071e+00 5.000000000000e-03
4.611991317589e+00 2.223209379278e+00 5.000000000000e-03
4.074729902633e+00 7.222769766516e-01 5.000000000000e-03
7.844314089512e-02 5.462732130406e+00 5.000000000000e-03
1.234321246446e+00 2.714731839249e+00 5.000000000000e-03
4.523048998556e+00 1.926794114541e+00 5.000000000000e-03
1.953988348539e+00 3.488830804024e+00 5.000000000000e-03
4.485648895700e+00 1.328799534912e+00 5.000000000000e-03
4.448529371924e+00 2.727200621211e+00 5.000000000000e-03
5.062597175654e+00 6.135521032573e+00 5.000000000000e-03
1.528816056458e+00 2.243517562390e+00 5.000000000000e-03
3.891249976171e+00 7.798045460663e-01 5.000000000000e-03
4.550289240006e+00 2.474803257199e+00 5.000000000000e-03
2.087882919017e+00 4.825304600547e+00 5.000000000000e-03
1.779327907687e+00 1.046513992215e+00 5.000000000000e-03
3.266146676238e+00 1.164327270518e+00 5.000000000000e-03
5.475751075151e-01 1.234992020568e-01 5.000000000000e-03
1.834499458297e+00 9.502052750508e-01 5.000000000000e-03
5.326907313314e+00 6.118921623120e+00 5.000000000000e-03
1.856181809820e+00 2.919683048333e+00 5.000000000000e-03
2.365776647088e+00 1.610004142909e+00 5.000000000000e-03
1.536237078011e-01 6.613263345089e-01 5.000000000000e-03
3.052739786291e+00 5.227828041988e+00 -5.000000000000e-03
5.908211305181e+00 1.440620063163e+00 -5.000000000000e-03
2.705430098340e+00 4.184530444223e+00 -5.000000000000e-03
5.414639306145e+00 1.356508062312e+00 -5.000000000000e-03
1.160107535742e+00 3.500026110602e+00 -5.000000000000e-03
1.385845167994e+00 5.767448933339e+00 -5.000000000000e-03
2.937941053069e+00 2.664319097783e-01 -5.000000000000e-03
1.025009313353e+00 2.340498013325e+00 -5.000000000000e-03
4.527059718164e-01 6.249124168048e+00 -5.000000000000e-03
5.921066937166e+00 5.214369748900e+00 -5.000000000000e-03
6.666801796144e-01 2.558658109894e+00 -5.000000000000e-03
4.709307197621e+00 3.271431376248e+00 -5.000000000000e-03
1.190345501240e+00 3.762882773386e-01 -5.000000000000e-03
2.213528996593e-01 5.205536756423e+00 -5.000000000000e-03
5.027310150985e+00 4.329856339090e+00 -5.000000000000e-03
5.018174674398e+00 2.283857425570e+00 -5.000000000000e-03
4.560193711881e+00 6.219126306039e+00 -5.000000000000e-03
2.701060391885e+00 5.236219569477e+00 -5.000000000000e-03
1.340290246454e+00 3.157789024012e+00 -5.000000000000e-03
5.840264689096e+00 5.959671449830e+00 -5.000000000000e-03
4.770383951746e+00 5.509229122203e+00 -5.000000000000e-03
3.639281927675e+00 2.809081084309e+00 -5.000000000000e-03
4.894974936253e+00 2.620226464186e+00 -5.000000000000e-03
8.194884004942e-01 4.465734500572e+00 -5.000000000000e-03
2.860014455691e+00 2.259355062349e+00 -5.000000000000e-03
2.387341845582e+00 2.598426998503e+00 -5.000000000000e-03
5.515587812489e+00 3.804951178375e+00 -5.000000000000e-03
4.757252448595e-01 5.542676951714e+00 -5.000000000000e-03
3.134839068007e+00 5.500634347996e+00 -5.000000000000e-03
4.799706393695e+00 5.092525351206e+00 -5.000000000000e-03
1.275861571720e+00 2.602181284489e-01 -5.000000000000e-03
2.916194297464e+00 4.340714426387e+00 -5.000000000000e-03
2.898743211918e+00 4.488142155547e+00 -5.000000000000e-03
5.002348887919e+00 7.276649029129e-03 -5.000000000000e-03
1.422096220054e+00 5.422746730824e-01 -5.000000000000e-03
2.714617951772e+00 2.949217139046e+00 -5.000000000000e-03
1.604026145088e+00 2.141166313099e+00 -5.000000000000e-03
4.724526742369e+00 3.448531975161e+00 -5.000000000000e-03
4.377812065982e+00 4.036852681089e+00 -5.000000000000e-03
3.472857844136e+00 1.307038961414e+00 -5.000000000000e-03
4.800872214744e+00 5.501808408810e+00 -5.000000000000e-03
4.296954290516e+00 8.940100024292e-02 -5.000000000000e-03
1.501238542970e+00 1.510905414852e+00 -5.000000000000e-03
3.214679392990e-02 4.740178880570e+00 -5.000000000000e-03
6.242239352784e+00 1.178851468637e+00 -5.000000000000e-03
2.974377166787e+00 4.552031154635e+00 -5.000000000000e-03
6.615577596671e-01 1.082845472878e+00 -5.000000000000e-03
4.989595559085e-01 5.826598823258e+00 -5.000000000000e-03
4.494916023697e+00 3.291093047697e+00 -5.000000000000e-03
4.348617397163e-01 5.897458071468e+00 -5.000000000000e-03
1.306104345984e+00 4.611821216345e+00 -5.000000000000e-03
5.707234628941e+00 3.014696810797e+00 -5.000000000000e-03
1.362653826331e+00 3.119095299322e+00 -5.000000000000e-03
9.443976608477e-01 7.303677567706e-01 -5.000000000000e-03
3.366781644011e+00 6.761601903930e-01 -5.000000000000e-03
1.984323866132e+00 4.477811163698e+00 -5.000000000000e-03
2.730828589413e+00 1.452887983151e+00 -5.000000000000e-03
4.130177290491e-01 2.973474294488e+00 -5.000000000000e-03
9.746319058284e-01 5.802663797567e+00 -5.000000000000e-03
3.567817800051e+00 2.741791042038e+00 -5.000000000000e-03
2.694592122571e+00 4.847008492595e+00 -5.000000000000e-03
5.345975348450e+00 5.154600786984e-01 -5.000000000000e-03
3.820621994008e+00 1.632943721369e+00 -5.000000000000e-03
4.398827154119e+00 5.284631224521e+00 -5.000000000000e-03
1.482993269962e+00 8.746256925762e-01 -5.000000000000e-03
1.361250172548e+00 4.586973940088e+00 -5.000000000000e-03
1.395025495512e+00 2.156964737881e+00 -5.000000000000e-03
6.131767013663e+00 5.121792299587e+00 -5.000000000000e-03
4.814173982386e+00 5.616261179983e+00 -5.000000000000e-03
5.108085559171e+00 5.204477019492e+00 -5.000000000000e-03
1.574654533530e+00 4.337929420988e+00 -5.000000000000e-03
2.423785897633e+00 6.255204960477e+00 -5.000000000000e-03
1.430063552836e+00 3.378655355777e+00 -5.000000000000e-03
4.696350166251e+00 3.538732046844e+00 -5.000000000000e-03
9.570199620130e-01 4.039263434824e+00 -5.000000000000e-03
4.661182735630e+00 1.334541923966e+00 -5.000000000000e-03
5.573542549023e+00 7.866190953726e-01 -5.000000000000e-03
3.992151217600e+00 1.595670317221e+00 -5.000000000000e-03
1.556922525169e+00 1.445013685108e+00 -5.000000000000e-03
9.093980068123e-05 4.151301068895e+00 -5.000000000000e-03
5.881308342387e+00 1.970361796687e+00 -5.000000000000e-03
8.576110591999e-01 5.948460887744e+00 -5.000000000000e-03
6.145512950778e+00 1.494373250983e+00 -5.000000000000e-03
3.300948477432e+00 1.674738674380e+00 -5.000000000000e-03
3.027551602402e+00 2.278410400043e+00 -5.000000000000e-03
1.725213131167e+00 1.752288936037e+00 -5.000000000000e-03
4.839723967468e+00 3.635838132736e+00 -5.000000000000e-03
4.507767669703e+00 2.370698289632e+00 -5.000000000000e-03
2.010394928453e+00 4.022445305987e-01 -5.000000000000e-03
5.380847058982e+00 4.775713117550e+00 -5.000000000000e-03
5.017631092281e+00 3.406900188179e+00 -5.000000000000e-03
2.717417870989e+00 1.205975637182e+00 -5.000000000000e-03
5.152614450257e+00 2.425044845643e+00 -5.000000000000e-03
5.812633490280e+00 5.815030057910e+00 -5.000000000000e-03
5.739986325698e+00 2.955607620961e-01 -5.000000000000e-03
6.427411686346e-01 2.462147094476e+00 -5.000000000000e-03
5.596961287622e+00 6.531632420145e-01 -5.000000000000e-03
4.617257727537e+00 6.060942787190e+00 -5.000000000000e-03
3.067854947926e+00 6.043008159643e+00 -5.000000000000e-03
3.214158595181e+00 5.371310789517e+00 -5.000000000000e-03
