1.573611945967e+00 2.548526232567e+00 5.000000000000e-03
4.534280478386e+00 4.867455264087e+00 5.000000000000e-03
3.292411648977e+00 3.334397992036e+00 5.000000000000e-03
1.387136036790e+00 3.881182576582e+00 5.000000000000e-03
5.297158264302e+00 2.560201694152e-01 5.000000000000e-03
3.939898688905e+00 3.418158963781e+00 5.000000000000e-03
4.888589206517e+00 2.950017655236e+00 5.000000000000e-03
6.165308430032e+00 3.526367537916e+00 5.000000000000e-03
1.658536745388e+00 2.146585604493e+00 5.000000000000e-03
5.613243222152e+00 3.011299851919e+00 5.000000000000e-03
1.302059517657e+00 4.441148223192e+00 5.000000000000e-03
1.277409398794e+00 7.540404503208e-01 5.000000000000e-03
5.646433364878e+00 5.319671972315e+00 5.000000000000e-03
5.260009202687e+00 3.764373619817e-01 5.000000000000e-03
3.867064701231e+00 9.203045956413e-01 5.000000000000e-03
4.963970456818e+00 1.759762876273e+00 5.000000000000e-03
5.676085482287e+00 2.344675504454e+00 5.000000000000e-03
1.212157887569e-01 2.373681399808e+00 5.000000000000e-03
2.754876863215e+00 6.231860093046e+00 5.000000000000e-03
4.856863061641e+00 1.487178932546e+00 5.000000000000e-03
4.005114612255e+00 5.052619641418e+00 5.000000000000e-03
4.412781652336e+00 2.914142019838e+00 5.000000000000e-03
5.758846200102e-01 4.006445656609e+00 5.000000000000e-03
2.801900495558e+00 2.268456769548e+00 5.000000000000e-03
3.075325608536e+00 5.766358975942e+00 5.000000000000e-03
8.366626431623e-01 4.530870828189e+00 5.000000000000e-03
2.344060859722e+00 4.314654143780e+00 5.000000000000e-03
5.212390748671e+00 1.843980644463e+00 5.000000000000e-03
4.482021166189e+00 6.260453541836e+00 5.000000000000e-03
2.405639394869e+00 5.298384804357e+00 5.000000000000e-03
3.602632778771e+00 3.518821959945e+00 5.000000000000e-03
3.748827225211e+00 4.398012557968e-02 5.000000000000e-03
2.525058159083e+00 4.379186247960e+00 5.000000000000e-03
3.439935741252e+00 5.481777208249e+00 5.000000000000e-03
2.626414674948e+00 2.928495003977e+00 5.000000000000e-03
4.656267645667e+00 1.339601520742e+00 5.000000000000e-03
6.252512320090e+00 5.425766459309e+00 5.000000000000e-03
5.185630213567e+00 4.200235366496e+00 5.000000000000e-03
3.046230661834e-01 5.420424139565e-01 5.000000000000e-03
4.931020080860e+00 5.988300052023e+00 5.000000000000e-03
2.391515127404e+00 1.257057511764e+00 5.000000000000e-03
4.138465400576e+00 1.942096319355e-01 5.000000000000e-03
5.265472868443e+00 3.507528820910e+00 5.000000000000e-03
5.561898569254e+00 3.582430363077e+00 5.000000000000e-03
9.567525790154e-03 1.323745443283e+00 5.000000000000e-03
5.593015600704e+00 3.414017726898e+00 5.000000000000e-03
2.424209120670e+00 1.193553077707e+00 5.000000000000e-03
3.908960378468e+00 1.248718569320e+00 5.000000000000e-03
5.091413670291e+00 4.786454422207e+00 5.000000000000e-03
4.788230722896e+00 3.993925361310e+00 5.000000000000e-03
8.841366083927e-02 4.459582373340e+00 5.000000000000e-03
1.635502651969e+00 3.262225049542e+00 5.000000000000e-03
5.598375851236e+00 2.461576686230e+00 5.000000000000e-03
5.985002941919e+00 5.061425456409e+00 5.000000000000e-03
4.965816616180e+00 5.277434864111e+00 5.000000000000e-03
3.776435906530e+00 1.515669980258e+00 5.000000000000e-03
6.228633795465e+00 2.091770725126e+00 5.000000000000e-03
5.176313665388e+00 6.204869956985e+00 5.000000000000e-03
5.738788307883e+00 1.500321047752e+00 5.000000000000e-03
1.443977773073e+00 6.023847218149e+00 5.000000000000e-03
6.139370971984e+00 5.176417642370e+00 5.000000000000e-03
4.502469448020e+00 2.750637043550e+00 5.000000000000e-03
5.352136934519e+00 2.285431272406e+00 5.000000000000e-03
4.141774420285e+00 5.165770998896e-01 5.000000000000e-03
1.286341217389e+00 1.955278668384e+00 5.000000000000e-03
1.940472704832e+00 3.288456031182e+00 5.000000000000e-03
2.766739459323e+00 5.480451478338e+00 5.000000000000e-03
1.381409989398e+00 4.751235458125e+00 5.000000000000e-03
2.683485899207e+00 1.356586308619e+00 5.000000000000e-03
5.170847620426e-01 6.890023777918e-01 5.000000000000e-03
1.039488045107e-01 4.344528924685e+00 5.000000000000e-03
2.801230411836e+00 1.890263518107e+00 5.000000000000e-03
4.408294799621e+00 1.624742933372e-02 5.000000000000e-03
4.503465258116e+00 3.326298709583e+00 5.000000000000e-03
4.931358047738e-01 2.519352443398e+00 5.000000000000e-03
5.491567373222e+00 5.000895007946e+00 5.000000000000e-03
8.306017936802e-01 1.646764153305e+00 5.000000000000e-03
1.503364749639e+00 4.939409289425e+00 5.000000000000e-03
1.453114220306e+00 4.364025891906e+00 5.000000000000e-03
2.510545500440e+00 3.625015145859e+00 5.000000000000e-03
1.536638412631e+00 3.616499494683e+00 5.000000000000e-03
2.948135355928e+00 1.389414637336e+00 5.000000000000e-03
4.633584034757e+00 1.294711447593e+00 5.000000000000e-03
3.922647945895e+00 1.118989580509e+00 5.000000000000e-03
3.985783432742e+00 1.423431868828e+00 5.000000000000e-03
1.615207825773e-01 1.274027252849e+00 5.000000000000e-03
5.076337681536e+00 1.479926857095e+00 5.000000000000e-03
4.136314684925e+00 5.099484798971e+00 5.000000000000e-03
3.811468035929e-01 1.068617732560e+00 5.000000000000e-03
4.192481108125e+00 2.673386611125e+00 5.000000000000e-03
4.993264774658e+00 2.978596682591e+00 5.000000000000e-03
3.315265320707e+00 4.800232800714e+00 5.000000000000e-03
2.961218896271e-01 5.270536878129e+00 5.000000000000e-03
2.714456387259e+00 1.446876088374e+00 5.000000000000e-03
2.106638905913e+00 4.824616878436e-01 5.000000000000e-03
7.709435476674e-01 5.147299699852e+00 5.000000000000e-03
2.400053437123e+00 3.042246709056e+00 5.000000000000e-03
2.426235278480e+00 2.666683601546e+00 5.000000000000e-03
6.280802512886e+00 6.203733961671e+00 5.000000000000e-03
3.340343169258e+00 1.381501016030e+00 5.000000000000e-03
4.892469029148e+00 2.343410325467e+00 -5.000000000000e-03
3.290297191880e+00 4.180904806573e+00 -5.000000000000e-03
3.887693834716e+00 1.982883940246e+00 -5.000000000000e-03
5.183322789379e+00 5.752378728073e-01 -5.000000000000e-03
5.805715244999e+00 3.673431538724e+00 -5.000000000000e-03
1.112398908882e-01 2.748138565301e+00 -5.000000000000e-03
2.071256475826e+00 7.110657822065e-01 -5.000000000000e-03
2.227181476863e+00 2.144489250808e+00 -5.000000000000e-03
5.903687991913e+00 1.568326562374e+00 -5.000000000000e-03
8.738369346678e-01 4.308593065814e+00 -5.000000000000e-03
4.488608694632e+00 3.691641741175e+00 -5.000000000000e-03
3.095831293840e-02 6.094884106287e+00 -5.000000000000e-03
3.090634465744e+00 4.578288278318e-01 -5.000000000000e-03
2.039975600307e+00 5.291382297566e+00 -5.000000000000e-03
4.525495245849e+00 2.854760553257e-01 -5.000000000000e-03
5.554727769380e+00 7.167019742340e-01 -5.000000000000e-03
1.827388549128e+00 5.836176422423e+00 -5.000000000000e-03
1.651223473514e+00 2.089871195439e+00 -5.000000000000e-03
3.990365838184e+00 6.127261597143e+00 -5.000000000000e-03
2.256207580190e-01 3.024297103112e+00 -5.000000000000e-03
5.249766883838e-01 4.641920598797e+00 -5.000000000000e-03
5.188726588425e+00 3.819366521225e+00 -5.000000000000e-03
4.925123240636e+00 1.461783417787e+00 -5.000000000000e-03
2.041292372727e+00 5.173569062113e+00 -5.000000000000e-03
1.676209654180e+00 2.993868336896e+00 -5.000000000000e-03
1.206303634416e+00 1.530683879114e+00 -5.000000000000e-03
1.128848586499e+00 3.539551327034e+00 -5.000000000000e-03
4.400971801292e+00 5.798413358505e-01 -5.000000000000e-03
3.472661732923e-01 1.391145969448e+00 -5.000000000000e-03
5.424096013491e+00 1.166335586327e+00 -5.000000000000e-03
2.033623347312e+00 3.517906404321e+00 -5.000000000000e-03
3.553805239643e+00 1.289457949082e+00 -5.000000000000e-03
2.125645225644e+00 2.327455426257e+00 -5.000000000000e-03
2.076531572871e+00 1.571336935063e+00 -5.000000000000e-03
2.829843339780e+00 2.152513542105e+00 -5.000000000000e-03
1.756706203851e+00 5.195863583021e+00 -5.000000000000e-03
2.450339050213e+00 5.015578899550e+00 -5.000000000000e-03
4.341401303691e+00 4.505177493551e+00 -5.000000000000e-03
3.371667895901e+00 4.315622545055e+00 -5.000000000000e-03
6.168602023981e+00 3.271203408656e-01 -5.000000000000e-03
4.071124113579e-01 1.276263277746e+00 -5.000000000000e-03
4.748802857376e+00 3.239588190504e+00 -5.000000000000e-03
1.216460955573e+00 4.555942226995e+00 -5.000000000000e-03
1.181171934909e+00 1.045033281696e+00 -5.000000000000e-03
3.126584101692e+00 5.027640809522e+00 -5.000000000000e-03
6.875501861987e-01 4.972083763151e-01 -5.000000000000e-03
4.539138394995e+00 4.027874566709e+00 -5.000000000000e-03
5.967900265843e+00 1.547529581454e+00 -5.000000000000e-03
5.258967290376e+00 3.848954000326e+00 -5.000000000000e-03
5.456016726028e+00 3.843483502874e+00 -5.000000000000e-03
1.588550813403e+00 4.455915022619e+00 -5.000000000000e-03
6.188437041436e+00 1.712024268460e+00 -5.000000000000e-03
2.378913169823e+00 2.612481951190e+00 -5.000000000000e-03
4.822112097653e+00 1.329611710567e+00 -5.000000000000e-03
5.384220496738e+00 1.271609569389e+00 -5.000000000000e-03
8.675375352359e-01 3.255048400823e+00 -5.000000000000e-03
1.140922766671e+00 1.705007919324e+00 -5.000000000000e-03
4.152466639239e+00 2.824514330745e+00 -5.000000000000e-03
3.524497411302e+00 1.390325165238e+00 -5.000000000000e-03
4.288516921262e-01 2.241922982464e+00 -5.000000000000e-03
1.250994412481e+00 1.621624362687e+00 -5.000000000000e-03
2.033472992478e+00 4.863609226752e+00 -5.000000000000e-03
3.860098546517e+00 3.815529600045e+00 -5.000000000000e-03
5.866353752794e-01 1.428176853987e+00 -5.000000000000e-03
7.031267337999e-01 6.126017298251e-01 -5.000000000000e-03
2.762317872076e-01 3.626924532984e+00 -5.000000000000e-03
2.894313780859e+00 2.259850333643e+00 -5.000000000000e-03
5.936185635868e+00 5.484652085267e+00 -5.000000000000e-03
1.916978491562e+00 4.041970433121e-01 -5.000000000000e-03
7.219223201140e-02 2.848325076939e-02 -5.000000000000e-03
3.262851633022e+00 2.527212523530e+00 -5.000000000000e-03
5.723505108595e-01 4.616522585353e+00 -5.000000000000e-03
3.053505581180e+00 4.091055902168e+00 -5.000000000000e-03
2.064488341147e+00 1.347807868072e+00 -5.000000000000e-03
4.132188199145e-01 4.343793313080e+00 -5.000000000000e-03
2.253524011755e+00 4.266445206209e+00 -5.000000000000e-03
1.858547641520e+00 3.889040733879e+00 -5.000000000000e-03
2.886608826286e-01 5.515346468978e+00 -5.000000000000e-03
3.365222947571e+00 2.861309756654e-01 -5.000000000000e-03
1.329248390270e+00 6.543688708837e-01 -5.000000000000e-03
4.185343588651e-02 4.483620656243e+00 -5.000000000000e-03
4.947301402529e+00 3.661582402351e+00 -5.000000000000e-03
4.158918589191e+00 2.598441951456e+00 -5.000000000000e-03
4.114795242446e+00 1.581395761436e+00 -5.000000000000e-03
1.732597737691e+00 6.138679048856e+00 -5.000000000000e-03
3.247500167715e-01 3.837623033208e-01 -5.000000000000e-03
2.219810748371e+00 5.768695488502e-01 -5.000000000000e-03
2.869116847338e+00 4.614746233181e-01 -5.000000000000e-03
2.151361829729e+00 2.899852184808e+00 -5.000000000000e-03
2.861573756216e+00 3.852485066175e+00 -5.000000000000e-03
1.152044867829e+00 3.566788943168e+00 -5.000000000000e-03
8.248513917465e-02 4.788952361005e+00 -5.000000000000e-03
1.512370048762e+00 1.750242034782e+00 -5.000000000000e-03
5.462350564166e+00 1.088890079372e+00 -5.000000000000e-03
2.148231559828e+00 2.119180108680e+00 -5.000000000000e-03
2.210020776540e+00 3.707521273543e+00 -5.000000000000e-03
2.735675144293e+00 1.425873816617e+00 -5.000000000000e-03
4.269580567696e+00 3.975490784797e+00 -5.000000000000e-03
5.549862708601e+00 5.663776616059e+00 -5.000000000000e-03
6.196078826545e+00 5.087553370682e-01 -5.000000000000e-03
