4.670161249486e+00 4.286289083621e+00 5.000000000000e-03
1.697014108917e+00 2.300025795899e+00 5.000000000000e-03
4.485687926519e+00 5.806957853726e+00 5.000000000000e-03
8.206742474119e-01 4.915050103281e+00 5.000000000000e-03
2.303118005443e+00 3.992184435885e+00 5.000000000000e-03
5.729466818128e+00 1.977377036823e+00 5.000000000000e-03
2.660494237389e+00 4.585813787701e+00 5.000000000000e-03
2.273484284650e+00 2.132236346721e+00 5.000000000000e-03
4.544689176197e-01 6.114480939171e+00 5.000000000000e-03
2.184244551977e+00 3.164346617108e+00 5.000000000000e-03
1.359469969303e+00 1.817702490097e+00 5.000000000000e-03
5.743011932653e+00 2.520304272734e+00 5.000000000000e-03
3.464709732739e+00 5.539007132569e-01 5.000000000000e-03
4.782669978018e+00 1.791122801067e+00 5.000000000000e-03
1.212595393909e+00 3.854461320027e+00 5.000000000000e-03
1.688335207893e+00 5.553495825608e+00 5.000000000000e-03
6.073912786343e-02 6.133001094905e+00 5.000000000000e-03
4.847164447943e+00 4.055665085707e+00 5.000000000000e-03
2.506076837081e+00 4.247423336199e+00 5.000000000000e-03
1.004891298926e-01 5.511612734023e+00 5.000000000000e-03
2.667162894782e+00 4.209553266897e+00 5.000000000000e-03
2.456059623287e-01 5.290430633542e+00 5.000000000000e-03
2.527612887743e+00 1.124723245165e+00 5.000000000000e-03
4.685938145976e+00 1.808389161694e+00 5.000000000000e-03
5.376995668360e+00 3.373487742838e-01 5.000000000000e-03
5.854410411024e+00 2.492651951815e+00 5.000000000000e-03
7.175208296651e-01 6.007024854022e+00 5.000000000000e-03
5.206423071869e+00 4.464143930720e+00 5.000000000000e-03
2.551267733465e+00 5.202556736980e+00 5.000000000000e-03
4.644429967711e+00 4.750335324671e+00 5.000000000000e-03
3.817375833283e+00 3.607119824083e-01 5.000000000000e-03
7.609572050946e-01 2.376825624217e+00 5.000000000000e-03
3.507042844446e+00 1.022186921101e+00 5.000000000000e-03
5.622633394216e+00 3.908494774910e+00 5.000000000000e-03
4.697559223145e+00 2.026305668149e+00 5.000000000000e-03
1.479636017666e+00 2.530990206776e+00 5.000000000000e-03
1.405095019632e+00 3.497660793403e-01 5.000000000000e-03
2.621085096586e+00 4.243005231383e+00 5.000000000000e-03
8.273165720621e-01 9.904400624328e-01 5.000000000000e-03
2.027371811337e+00 6.250662678362e+00 5.000000000000e-03
5.428238453719e+00 2.379132098610e-01 5.000000000000e-03
6.015196218658e-01 5.774598061721e+00 5.000000000000e-03
2.687462999233e+00 4.806485929768e-01 5.000000000000e-03
5.430003110327e+00 9.952751204772e-01 5.000000000000e-03
1.424528411030e+00 2.341295732545e+00 5.000000000000e-03
5.102816157715e-01 1.948953793202e+00 5.000000000000e-03
1.684981278851e+00 1.896580008305e+00 5.000000000000e-03
4.939808028965e+00 4.769162558557e+00 5.000000000000e-03
4.312008677319e+00 6.261673711073e+00 5.000000000000e-03
4.493739405163e+00 2.958340641321e+00 5.000000000000e-03
2.757246299946e+00 1.791055608786e+00 5.000000000000e-03
7.681981490094e-01 1.936275233636e+00 5.000000000000e-03
2.115145952676e+00 2.000573262957e+00 5.000000000000e-03
2.798113189635e+00 4.777242020038e+00 5.000000000000e-03
1.054040146828e+00 9.402298329130e-01 5.000000000000e-03
1.971225648731e+00 1.210431394531e+00 5.000000000000e-03
2.252842716518e+00 4.964875560946e-01 5.000000000000e-03
1.321664294968e+00 6.051884203183e+00 5.000000000000e-03
2.019638148324e+00 3.289726175244e+00 5.000000000000e-03
5.553522116588e+00 2.543007150334e+00 5.000000000000e-03
1.032466592742e+00 3.258114417812e-01 5.000000000000e-03
4.481070573153e+00 4.685592882523e+00 5.000000000000e-03
4.285542247612e+00 5.893073273086e+00 5.000000000000e-03
2.930976834815e+00 6.689789693061e-01 5.000000000000e-03
4.916652653433e+00 2.300462232546e+00 5.000000000000e-03
6.003069060928e+00 4.767961790322e+00 5.000000000000e-03
4.864603194290e+00 3.605156436320e+00 5.000000000000e-03
3.032851515254e+00 1.340892621088e+00 5.000000000000e-03
4.702260097527e+00 2.835039200552e+00 5.000000000000e-03
4.271141097761e+00 4.569031862592e+00 5.000000000000e-03
2.037855877412e-01 3.145294124657e+00 5.000000000000e-03
1.441203542787e+00 4.293447793087e+00 5.000000000000e-03
2.606410019526e+00 5.142184281535e+00 5.000000000000e-03
4.111248796722e+00 2.753735480173e+00 5.000000000000e-03
3.911405651215e+00 3.238879451049e+00 5.000000000000e-03
4.786962628103e+00 4.839410462803e+00 5.000000000000e-03
5.521256073268e+00 4.728212806780e+00 5.000000000000e-03
4.507869326341e+00 3.908765807783e+00 5.000000000000e-03
4.180694297574e+00 3.997084274599e+00 5.000000000000e-03
2.616759692698e+00 5.952856871293e+00 5.000000000000e-03
4.512591580442e+00 5.175507473995e+00 5.000000000000e-03
3.752492260568e+00 1.227882299670e+00 5.000000000000e-03
2.106622592860e+00 4.889348933142e-01 5.000000000000e-03
2.776518507388e+00 1.906759484955e-01 5.000000000000e-03
4.757031344108e+00 3.685329780142e+00 5.000000000000e-03
3.526025086038e+00 1.169873607606e+00 5.000000000000e-03
4.336297315718e+00 5.949809073719e+00 5.000000000000e-03
4.840348156610e+00 4.498123891359e+00 5.000000000000e-03
5.666628730940e+00 1.140033184271e+00 5.000000000000e-03
2.985602325026e-01 5.578321740241e+00 5.000000000000e-03
1.466559876695e+00 4.770531542809e+00 5.000000000000e-03
5.045313780671e+00 4.859338431862e+00 5.000000000000e-03
9.856310591057e-01 4.837252908111e+00 5.000000000000e-03
3.799883965628e-01 3.576571908975e+00 5.000000000000e-03
5.845482908465e+00 3.122971735697e+00 5.000000000000e-03
1.359202439919e+00 1.265238112065e+00 5.000000000000e-03
5.422215856844e+00 1.417379786470e+00 5.000000000000e-03
2.423005655606e-01 6.174254014804e+00 5.000000000000e-03
5.839699558705e+00 5.858677939003e+00 5.000000000000e-03
2.693817161068e+00 2.919571911467e+00 5.000000000000e-03
1.261432178177e+00 5.269466874139e+00 -5.000000000000e-03
4.630211037380e+00 5.608254255299e+00 -5.000000000000e-03
2.649307682586e+00 5.173855105712e-01 -5.000000000000e-03
2.193396281007e+00 5.688040442511e+00 -5.000000000000e-03
3.964070839468e+00 5.066824412743e+00 -5.000000000000e-03
5.946029795043e+00 1.780319725064e+00 -5.000000000000e-03
3.586010425108e+00 3.304274009106e+00 -5.000000000000e-03
1.472400344729e+00 7.080002167391e-01 -5.000000000000e-03
4.916995874540e+00 3.336960646538e+00 -5.000000000000e-03
5.675474101746e+00 4.219200652855e+00 -5.000000000000e-03
6.268756405130e+00 1.863804689083e+00 -5.000000000000e-03
1.274681948204e+00 5.828673112464e+00 -5.000000000000e-03
4.665962534462e+00 6.057640600673e+00 -5.000000000000e-03
1.126783304952e+00 5.967287956367e+00 -5.000000000000e-03
4.327152736604e+00 6.613295893927e-01 -5.000000000000e-03
3.717755210527e+00 6.202567423666e+00 -5.000000000000e-03
1.226329601947e+00 6.269982476624e+00 -5.000000000000e-03
1.330930607891e+00 7.455739712770e-01 -5.000000000000e-03
2.602651297404e+00 2.397366310363e+00 -5.000000000000e-03
4.335371738116e+00 5.749739701933e+00 -5.000000000000e-03
5.183945523035e-01 3.397257032053e+00 -5.000000000000e-03
1.323269622599e+00 2.991200170339e+00 -5.000000000000e-03
4.210876474285e+00 1.386492823864e+00 -5.000000000000e-03
2.666934708960e+00 3.285419844513e-01 -5.000000000000e-03
5.061274611813e+00 5.145809447810e+00 -5.000000000000e-03
5.738143352192e+00 2.347142446983e+00 -5.000000000000e-03
1.722983659135e+00 3.369023233157e+00 -5.000000000000e-03
6.175472856312e+00 2.184155903432e+00 -5.000000000000e-03
2.691864147508e+00 6.044887695982e+00 -5.000000000000e-03
4.613778944309e+00 1.781099537340e-01 -5.000000000000e-03
2.139836075905e+00 5.026891647114e+00 -5.000000000000e-03
5.713927517531e+00 3.275433815746e+00 -5.000000000000e-03
3.537653764241e+00 1.531704331473e+00 -5.000000000000e-03
2.408985438066e+00 3.286316402272e+00 -5.000000000000e-03
5.798421616134e-01 2.899125303077e+00 -5.000000000000e-03
3.214760195671e+00 1.768078263139e+00 -5.000000000000e-03
2.675259810826e+00 3.232942962938e-02 -5.000000000000e-03
3.217959624687e+00 2.568154826543e+00 -5.000000000000e-03
4.992138241482e+00 5.636817929581e+00 -5.000000000000e-03
3.942265931088e+00 3.932582984724e+00 -5.000000000000e-03
2.750612224310e+00 4.680209763450e+00 -5.000000000000e-03
6.308462063859e-02 1.645751103009e+00 -5.000000000000e-03
5.896738323239e+00 3.604700014929e+00 -5.000000000000e-03
4.283734032476e+00 1.165940946502e+00 -5.000000000000e-03
3.680327281370e+00 5.743113338894e-01 -5.000000000000e-03
3.192567679387e+00 6.081704025165e+00 -5.000000000000e-03
4.242075081336e+00 5.835857601799e-01 -5.000000000000e-03
5.714823870836e+00 2.482908059166e+00 -5.000000000000e-03
1.388176501325e+00 2.962118871020e+00 -5.000000000000e-03
1.284241976120e+00 5.589614254485e+00 -5.000000000000e-03
6.045661407611e-02 6.185718773725e+00 -5.000000000000e-03
3.102133305488e+00 2.210092984073e+00 -5.000000000000e-03
9.319857558320e-01 2.037822950714e+00 -5.000000000000e-03
4.303275907278e+00 4.014335656372e+00 -5.000000000000e-03
3.257749544260e+00 2.329782851184e+00 -5.000000000000e-03
6.069168938509e+00 4.027553520333e+00 -5.000000000000e-03
5.278680329901e+00 3.123068664103e+00 -5.000000000000e-03
1.853416401942e+00 2.338900755260e+00 -5.000000000000e-03
3.667346697923e+00 6.231186095176e+00 -5.000000000000e-03
2.016759917806e+00 4.165042127930e+00 -5.000000000000e-03
4.499141805148e+00 5.970752803029e+00 -5.000000000000e-03
3.572629082318e+00 4.586818522763e+00 -5.000000000000e-03
5.018592893765e+00 3.364137689787e+00 -5.000000000000e-03
2.834066811709e+00 1.844643843302e+00 -5.000000000000e-03
5.277379764213e+00 2.101560598306e-01 -5.000000000000e-03
1.938095818868e+00 3.877934650766e+00 -5.000000000000e-03
6.351193464814e-01 6.111389381359e+00 -5.000000000000e-03
4.080111159342e+00 4.501790342136e-01 -5.000000000000e-03
2.105937828764e+00 1.047323634686e-01 -5.000000000000e-03
5.513682448819e+00 3.132312403303e+00 -5.000000000000e-03
4.584414105947e-01 2.445526722545e+00 -5.000000000000e-03
3.282564722361e+00 2.546976231231e+00 -5.000000000000e-03
1.619124198011e-01 3.962791156787e+00 -5.000000000000e-03
2.784615378634e+00 6.141453645060e+00 -5.000000000000e-03
3.032320499105e+00 4.225109416800e+00 -5.000000000000e-03
1.889708359363e+00 3.225333583214e+00 -5.000000000000e-03
1.263290116186e+00 2.182766823770e+00 -5.000000000000e-03
2.789169524241e+00 3.503179720313e+00 -5.000000000000e-03
3.467738133112e+00 1.296912337906e+00 -5.000000000000e-03
9.168870724489e-02 4.998748248227e+00 -5.000000000000e-03
5.064832505128e+00 1.478965571494e+00 -5.000000000000e-03
5.029786001843e+00 4.341462740281e+00 -5.000000000000e-03
4.657498999187e+00 3.276791764884e+00 -5.000000000000e-03
4.948622633392e+00 4.317235764947e+00 -5.000000000000e-03
2.805978776485e+00 2.384874510198e+00 -5.000000000000e-03
5.835275612423e-01 2.178471308523e+00 -5.000000000000e-03
4.291369169528e+00 2.433286940656e+00 -5.000000000000e-03
2.008860410279e+00 4.477249830223e+00 -5.000000000000e-03
4.331170110491e+00 8.160965604221e-01 -5.000000000000e-03
2.452864163315e+00 4.192926509230e+00 -5.000000000000e-03
3.812652373105e+00 4.915400777602e-01 -5.000000000000e-03
2.039087298003e+00 3.479353898156e+00 -5.000000000000e-03
3.601722578706e+00 3.792568640413e+00 -5.000000000000e-03
4.568919608626e+00 3.536534331782e+00 -5.000000000000e-03
1.484973987756e+00 6.327152876658e-01 -5.000000000000e-03
2.796141372709e+00 3.343157623685e+00 -5.000000000000e-03
1.627196007295e+00 4.512443904028e+00 -5.000000000000e-03
7.171977365310e-02 4.514143019895e+00 -5.000000000000e-03
2.199590776135e+00 7.082611047226e-01 -5.000000000000e-03
2.380110463178e+00 2.893060845589e+00 -5.000000000000e-03
