4.536254594587e+00 2.377925539031e+00 5.000000000000e-03
4.911072616874e+00 4.635380823508e+00 5.000000000000e-03
3.231429353087e+00 4.522732934831e+00 5.000000000000e-03
1.323830802458e+00 2.168180599537e+00 5.000000000000e-03
1.195146180533e-01 3.288866794346e+00 5.000000000000e-03
4.833447420406e+00 5.054900342963e+00 5.000000000000e-03
2.820849586259e+00 5.597739428310e-01 5.000000000000e-03
5.333011639609e+00 2.898803231816e+00 5.000000000000e-03
3.072430989490e+00 3.483665273534e+00 5.000000000000e-03
4.602353646149e+00 3.611583210314e+00 5.000000000000e-03
3.015907469186e+00 2.410866377732e+00 5.000000000000e-03
5.661465143885e+00 3.568051911841e+00 5.000000000000e-03
1.215718524416e+00 5.155458371650e+00 5.000000000000e-03
2.397861177353e+00 5.935203515653e+00 5.000000000000e-03
2.931316778005e+00 1.243474659012e+00 5.000000000000e-03
1.229426505035e+00 2.297289104975e+00 5.000000000000e-03
4.338306796132e+00 5.696230318019e+00 5.000000000000e-03
3.753743385335e+00 5.572853541482e+00 5.000000000000e-03
5.964229071013e+00 1.184182599964e+00 5.000000000000e-03
1.891940640246e+00 1.629855950207e+00 5.000000000000e-03
1.082044010765e+00 3.543396168268e+00 5.000000000000e-03
5.263513267564e+00 6.179661016748e+00 5.000000000000e-03
3.160534228485e+00 4.456553976495e-01 5.000000000000e-03
3.811461944753e+00 1.257158534014e+00 5.000000000000e-03
7.780110705949e-01 4.237683656586e+00 5.000000000000e-03
4.149024358373e-01 4.125427073791e+00 5.000000000000e-03
4.970330076611e+00 5.204641412936e+00 5.000000000000e-03
2.908571978795e+00 1.887148214734e+00 5.000000000000e-03
1.767545079901e-01 4.335943829440e-01 5.000000000000e-03
5.725110147124e+00 3.652623666890e+00 5.000000000000e-03
7.525057550716e-01 4.289588332706e+00 5.000000000000e-03
5.738373924119e+00 6.005971072496e+00 5.000000000000e-03
2.615896767521e+00 4.797701578721e-01 5.000000000000e-03
5.439425557249e+00 1.316460187156e+00 5.000000000000e-03
6.617776128442e-01 1.376496765779e+00 5.000000000000e-03
6.163037198433e+00 3.263568159810e+00 5.000000000000e-03
1.280238066018e+00 4.088546774019e+00 5.000000000000e-03
7.252824084047e-01 3.385474662448e+00 5.000000000000e-03
4.484033634279e+00 2.923129031171e+00 5.000000000000e-03
2.612129860613e+00 5.577950686187e+00 5.000000000000e-03
1.112590160775e+00 5.078170361753e+00 5.000000000000e-03
1.643804223988e+00 3.941938951899e+00 5.000000000000e-03
3.447022002858e+00 4.060733206622e+00 5.000000000000e-03
1.595451335766e+00 2.687984754931e+00 5.000000000000e-03
3.047990150418e+00 6.197131749567e+00 5.000000000000e-03
2.028109465097e+00 2.263409784645e+00 5.000000000000e-03
2.920237644911e+00 2.604974193286e-01 5.000000000000e-03
9.309188738643e-02 3.141077428515e+00 5.000000000000e-03
5.642549193164e+00 4.897244273524e-01 5.000000000000e-03
1.880409802681e+00 1.104113098939e+00 5.000000000000e-03
3.303818902837e-01 1.040322832817e-01 5.000000000000e-03
3.852371789970e+00 5.179230232192e+00 5.000000000000e-03
2.820418420590e-01 1.367354586708e+00 5.000000000000e-03
1.513480918072e+00 5.928522619189e+00 5.000000000000e-03
5.186800714057e-01 4.008403178235e+00 5.000000000000e-03
4.002426186849e+00 9.458473609912e-01 5.000000000000e-03
5.951792358711e+00 2.184791091358e+00 5.000000000000e-03
3.810234872252e-01 7.148783752787e-01 5.000000000000e-03
3.110194034990e+00 2.122437809012e+00 5.000000000000e-03
3.766280663175e+00 1.368835863243e+00 5.000000000000e-03
1.136781171644e+00 5.325709632390e+00 5.000000000000e-03
4.246135833112e+00 6.208601673893e+00 5.000000000000e-03
7.733766008766e-01 3.419126564974e+00 5.000000000000e-03
4.651748373683e-01 6.088563264516e+00 5.000000000000e-03
3.015532333595e+00 4.639261260285e+00 5.000000000000e-03
7.610674723414e-02 5.871426425940e+00 5.000000000000e-03
1.080111370993e+00 4.705485856076e+00 5.000000000000e-03
6.063186191056e+00 6.063510067871e+00 5.000000000000e-03
6.141150994520e+00 3.214944496703e+00 5.000000000000e-03
4.284308670557e+00 3.187087451213e+00 5.000000000000e-03
9.449404446183e-01 5.248761590974e+00 5.000000000000e-03
3.020477372356e+00 5.828933303120e+00 5.000000000000e-03
1.041748860120e-01 3.851039600211e-01 5.000000000000e-03
1.342309874097e+00 1.882765395540e+00 5.000000000000e-03
4.227727072916e+00 2.676763504662e+00 5.000000000000e-03
4.314340280815e+00 4.146095062224e+00 5.000000000000e-03
2.468522570913e+00 4.122362584129e+00 5.000000000000e-03
1.606597964184e+00 5.044440195635e+00 5.000000000000e-03
4.010529247236e+00 3.005277837499e+00 5.000000000000e-03
3.898454028252e+00 3.097230887845e+00 5.000000000000e-03
1.812343361947e+00 1.095413351325e+00 5.000000000000e-03
2.512754394115e+00 9.129720888525e-01 5.000000000000e-03
3.145030131542e-01 5.172977389382e+00 5.000000000000e-03
4.710130259498e+00 2.786746972778e-01 5.000000000000e-03
2.590798680554e+00 5.739708156224e+00 5.000000000000e-03
2.028681975828e+00 1.302018279053e+00 5.000000000000e-03
4.594313394679e+00 3.961523746510e-01 5.000000000000e-03
2.694228506915e+00 4.312716595177e+00 5.000000000000e-03
3.158531239730e+00 4.963625981872e+00 5.000000000000e-03
3.113276612612e-01 1.850998901404e+00 5.000000000000e-03
2.813040603831e+00 1.003166894171e-02 5.000000000000e-03
4.011569616397e+00 2.513767824623e+00 5.000000000000e-03
4.583333141299e+00 4.704019228092e+00 5.000000000000e-03
5.054165105847e+00 3.371859146549e+00 5.000000000000e-03
2.761231033235e+00 3.700744244219e+00 5.000000000000e-03
3.978071166710e+00 4.026700971881e-01 5.000000000000e-03
5.437527710042e+00 1.749371467811e+00 5.000000000000e-03
5.665070117612e+00 1.967094649824e+00 5.000000000000e-03
1.315320227741e+00 2.832840505600e+00 5.000000000000e-03
2.374321547166e+00 2.276789302695e+00 5.000000000000e-03
5.035738486314e+00 3.413208221533e+00 -5.000000000000e-03
1.339103293113e+00 3.988200627045e+00 -5.000000000000e-03
3.706750480935e+00 1.477022369924e+00 -5.000000000000e-03
4.416601456895e+00 3.928584703829e+00 -5.000000000000e-03
6.041649068027e+00 1.596350316048e+00 -5.000000000000e-03
3.949675910459e+00 2.946655071740e+00 -5.000000000000e-03
1.619567414091e+00 4.116731066357e+00 -5.000000000000e-03
5.002969060391e+00 2.349428366011e+00 -5.000000000000e-03
1.223591929523e+00 5.285495119859e+00 -5.000000000000e-03
6.461186719017e-02 6.016005962396e+00 -5.000000000000e-03
4.897903101868e+00 3.942964970639e+00 -5.000000000000e-03
5.735032521486e+00 2.121955001470e+00 -5.000000000000e-03
2.007032993296e+00 5.918350212898e+00 -5.000000000000e-03
6.053329142881e+00 4.325167227375e+00 -5.000000000000e-03
5.407201471035e+00 5.405901204933e+00 -5.000000000000e-03
2.934934669228e+00 2.725934484895e+00 -5.000000000000e-03
3.970091980287e+00 1.971074242487e+00 -5.000000000000e-03
5.418806455870e+00 1.950731271248e+00 -5.000000000000e-03
5.835628015199e+00 4.663116719045e+00 -5.000000000000e-03
3.765848177240e+00 7.343312305128e-01 -5.000000000000e-03
5.209918483800e+00 7.401783170603e-01 -5.000000000000e-03
4.218034481593e+00 5.997783304769e+00 -5.000000000000e-03
5.141448897324e+00 5.922421709330e+00 -5.000000000000e-03
3.693686283418e+00 5.008682278306e+00 -5.000000000000e-03
6.562242290860e-02 1.232374901761e+00 -5.000000000000e-03
4.351239129290e+00 3.828551114318e+00 -5.000000000000e-03
1.753400407261e+00 5.871142101977e+00 -5.000000000000e-03
2.810715916396e+00 5.789037372949e+00 -5.000000000000e-03
3.721726223401e+00 5.584305786829e+00 -5.000000000000e-03
5.078637285046e+00 1.377851109684e+00 -5.000000000000e-03
3.174690249094e+00 8.226621900967e-01 -5.000000000000e-03
4.275728039717e+00 5.942052551390e+00 -5.000000000000e-03
2.214447279441e+00 3.499779584265e+00 -5.000000000000e-03
5.895324826620e+00 3.491489620761e+00 -5.000000000000e-03
3.647893735334e+00 3.663754846437e-01 -5.000000000000e-03
4.686672500356e-02 2.411374579426e+00 -5.000000000000e-03
2.102416305582e+00 2.306407081013e+00 -5.000000000000e-03
1.115980828190e+00 1.529318915127e+00 -5.000000000000e-03
2.974859849490e+00 1.012638083795e+00 -5.000000000000e-03
2.136519613011e+00 4.669131875841e+00 -5.000000000000e-03
3.611865566135e+00 5.148306373832e+00 -5.000000000000e-03
4.231317393471e-01 4.421485208896e+00 -5.000000000000e-03
2.184022177140e+00 5.039988545110e+00 -5.000000000000e-03
2.397875308377e+00 4.162837055632e+00 -5.000000000000e-03
3.340435627802e+00 2.091061332902e+00 -5.000000000000e-03
2.381256554519e+00 4.369444028943e+00 -5.000000000000e-03
3.959920007632e+00 6.270410683175e+00 -5.000000000000e-03
3.709190098341e+00 1.401633678651e+00 -5.000000000000e-03
4.269166106965e+00 6.268724712189e+00 -5.000000000000e-03
2.968679815765e+00 5.271321659654e+00 -5.000000000000e-03
1.899872180054e+00 3.707229023271e+00 -5.000000000000e-03
4.214191419861e+00 3.915454996971e+00 -5.000000000000e-03
4.570035966874e+00 3.895589983935e+00 -5.000000000000e-03
6.134582959117e+00 5.738429623408e+00 -5.000000000000e-03
1.440060159319e+00 9.456420435069e-01 -5.000000000000e-03
5.596874148037e+00 1.790542751442e+00 -5.000000000000e-03
3.942140222906e+00 3.949321912066e+00 -5.000000000000e-03
4.617751649749e+00 4.232921223953e+00 -5.000000000000e-03
2.755888610511e+00 3.726507231259e+00 -5.000000000000e-03
2.996337160370e+00 3.168827222705e+00 -5.000000000000e-03
8.256971618556e-01 4.033315356981e-01 -5.000000000000e-03
1.030560107868e+00 4.564876711316e+00 -5.000000000000e-03
5.507702689728e+00 5.777627470846e+00 -5.000000000000e-03
5.442328416161e+00 1.280078896858e+00 -5.000000000000e-03
2.466679015769e+00 4.315628815826e+00 -5.000000000000e-03
2.137782218543e+00 3.337518206787e-01 -5.000000000000e-03
1.899142715623e+00 5.524952170441e+00 -5.000000000000e-03
5.386926447602e+00 1.820373901016e+00 -5.000000000000e-03
4.655050189009e+00 5.932249792375e+00 -5.000000000000e-03
4.159394223712e+00 6.406068415073e-01 -5.000000000000e-03
6.825081245355e-01 4.977980984847e+00 -5.000000000000e-03
5.267911021778e+00 7.429150288584e-01 -5.000000000000e-03
5.820961914700e+00 2.910578066494e+00 -5.000000000000e-03
1.470492268164e-01 2.388549451208e+00 -5.000000000000e-03
6.026127730409e+00 3.891764831828e+00 -5.000000000000e-03
2.827777867950e+00 3.789747680663e+00 -5.000000000000e-03
5.287980691892e+00 2.906773288263e+00 -5.000000000000e-03
5.010509143634e+00 4.033972401194e+00 -5.000000000000e-03
3.185714367590e+00 2.908894602495e+00 -5.000000000000e-03
1.096811800088e+00 4.737232619596e+00 -5.000000000000e-03
4.043420284623e+00 1.614182460931e-01 -5.000000000000e-03
3.057438033170e+00 3.667611593851e+00 -5.000000000000e-03
3.648267973751e+00 4.446184975146e-01 -5.000000000000e-03
3.051333623655e+00 2.802456941195e+00 -5.000000000000e-03
2.487195498157e-01 1.531126535845e+00 -5.000000000000e-03
1.249247378652e-01 1.048723197363e+00 -5.000000000000e-03
2.172480997271e+00 1.604223902998e+00 -5.000000000000e-03
2.007394105232e+00 5.789047621369e+00 -5.000000000000e-03
6.871448044034e-01 1.573428612019e+00 -5.000000000000e-03
2.685830238520e+00 1.000730494326e+00 -5.000000000000e-03
1.718652211752e+00 5.882640814491e+00 -5.000000000000e-03
4.107038069899e+00 5.835374837794e+00 -5.000000000000e-03
3.187067605084e+00 4.454471305765e+00 -5.000000000000e-03
5.636454181427e+00 1.824670038201e+00 -5.000000000000e-03
4.947337556333e+00 2.272167311483e+00 -5.000000000000e-03
6.238014792331e+00 2.218546498594e+00 -5.000000000000e-03
3.804047776137e+00 4.752732593328e+00 -5.000000000000e-03
4.123859583189e+00 5.081413465416e+00 -5.000000000000e-03
3.663411788390e+00 3.299977409895e+00 -5.000000000000e-03
5.922932668373e+00 1.973851388131e+00 -5.000000000000e-03
