1.070680761895e+00 2.273127823532e+00 5.000000000000e-03
4.910986763271e+00 3.577155843808e+00 5.000000000000e-03
3.684813207273e+00 5.053568854814e+00 5.000000000000e-03
4.991209868328e-01 2.706401538340e+00 5.000000000000e-03
2.366535723161e+00 4.328748714253e+00 5.000000000000e-03
3.922461768985e+00 5.462251341962e+00 5.000000000000e-03
2.275982788253e+00 9.476407147439e-02 5.000000000000e-03
4.780538220616e+00 2.357666334399e+00 5.000000000000e-03
2.754272980057e-01 5.613214662686e+00 5.000000000000e-03
3.075650767569e+00 1.410349027760e+00 5.000000000000e-03
1.809758561099e+00 3.979473625678e+00 5.000000000000e-03
2.017233720231e+00 3.295671042221e+00 5.000000000000e-03
1.925573646453e-01 4.755709293867e+00 5.000000000000e-03
6.065343995616e+00 5.008253939624e+00 5.000000000000e-03
2.258158767784e+00 3.466727423842e+00 5.000000000000e-03
2.785679441797e+00 5.334163144439e+00 5.000000000000e-03
5.128228257641e+00 1.135685662920e+00 5.000000000000e-03
5.820880468932e+00 3.784532947404e+00 5.000000000000e-03
1.390205219796e-01 5.861626178069e+00 5.000000000000e-03
5.593372822365e+00 2.183240928326e+00 5.000000000000e-03
1.821541730026e+00 2.238323596062e+00 5.000000000000e-03
5.785675709456e+00 3.893172997494e+00 5.000000000000e-03
4.015470289895e+00 1.399659397055e+00 5.000000000000e-03
5.183557723742e+00 2.249639186084e+00 5.000000000000e-03
1.916687304965e+00 2.270014819853e+00 5.000000000000e-03
2.789790241764e+00 3.539905172837e+00 5.000000000000e-03
1.665572397634e+00 2.003593873763e+00 5.000000000000e-03
4.136797625791e+00 4.882631436346e+00 5.000000000000e-03
3.173430584901e+00 4.918346376775e+00 5.000000000000e-03
1.155331404846e+00 8.810258679284e-01 5.000000000000e-03
1.000533762094e+00 1.598630944541e+00 5.000000000000e-03
3.065338374325e+00 3.907110079989e+00 5.000000000000e-03
3.050076388452e+00 9.035205005841e-01 5.000000000000e-03
1.556201070391e+00 5.364820740827e+00 5.000000000000e-03
2.223298693615e+00 3.873588309212e+00 5.000000000000e-03
2.940881982809e+00 4.624503523990e-01 5.000000000000e-03
3.697885148616e+00 4.368947350180e+00 5.000000000000e-03
3.000307349556e+00 4.964955651155e+00 5.000000000000e-03
1.083373858503e+00 2.512529559692e+00 5.000000000000e-03
5.870454417920e+00 8.924715761435e-01 5.000000000000e-03
4.234319237699e+00 1.566021773968e+00 5.000000000000e-03
3.086733734082e+00 2.569916079560e+00 5.000000000000e-03
2.811135455853e+00 3.448006516624e+00 5.000000000000e-03
1.128045785490e+00 3.703304512380e+00 5.000000000000e-03
2.854550717701e+00 2.079326042923e+00 5.000000000000e-03
3.896447503540e+00 1.036384468226e+00 5.000000000000e-03
3.016456598786e-01 4.341000749117e+00 5.000000000000e-03
6.241153392848e+00 6.105091143634e+00 5.000000000000e-03
5.812900466370e+00 9.194155967047e-01 5.000000000000e-03
2.578707437619e+00 1.856954484911e+00 5.000000000000e-03
3.934960170773e+00 3.267697326498e+00 5.000000000000e-03
7.909687803977e-01 9.596371254056e-01 5.000000000000e-03
2.276880446843e+00 7.487159257595e-01 5.000000000000e-03
3.649576169591e+00 3.220591783158e+00 5.000000000000e-03
2.200818366736e+00 1.074415371095e+00 5.000000000000e-03
2.760905806461e+00 4.414456160549e+00 5.000000000000e-03
2.568438799552e+00 3.810157198554e+00 5.000000000000e-03
6.276432366976e+00 3.931906599772e+00 5.000000000000e-03
1.666098617011e+00 3.197767075407e+00 5.000000000000e-03
5.366070626929e+00 3.178848364046e+00 5.000000000000e-03
5.524087380466e+00 6.022213418879e+00 5.000000000000e-03
5.620987958193e-01 3.946278523873e+00 5.000000000000e-03
2.338051402116e+00 7.820961519411e-01 5.000000000000e-03
2.490660444954e+00 6.541191570900e-01 5.000000000000e-03
1.259727439906e+00 3.187445460110e+00 5.000000000000e-03
3.004987823645e+00 1.526698420376e+00 5.000000000000e-03
5.898700834398e-01 4.039502877197e+00 5.000000000000e-03
2.061436941798e+00 8.350623542507e-01 5.000000000000e-03
5.074112426903e+00 2.784773134824e+00 5.000000000000e-03
2.353128064167e+00 2.057876633836e+00 5.000000000000e-03
5.865513162749e+00 3.697286223171e+00 5.000000000000e-03
5.378067162009e-01 9.286109795287e-02 5.000000000000e-03
4.653334868189e+00 4.589859217921e-02 5.000000000000e-03
1.950893301404e+00 4.423034050867e+00 5.000000000000e-03
3.673599178603e+00 4.089618463363e+00 5.000000000000e-03
3.412539203373e+00 5.963619841946e+00 5.000000000000e-03
4.397747686019e+00 4.970917501866e+00 5.000000000000e-03
2.000937873338e+00 2.330786281420e+00 5.000000000000e-03
3.996447961349e+00 5.260920326779e+00 5.000000000000e-03
6.102280292949e+00 3.355034603753e+00 5.000000000000e-03
5.889472657696e+00 3.831463368013e+00 5.000000000000e-03
3.961963865849e+00 3.750667424046e+00 5.000000000000e-03
2.322173242499e+00 4.550572979020e+00 5.000000000000e-03
2.007924099250e+00 5.494347969684e+00 5.000000000000e-03
3.712679475333e+00 3.154185504967e+00 5.000000000000e-03
2.382586711270e+00 4.645922118892e+00 5.000000000000e-03
5.156207299936e+00 1.532439411619e+00 5.000000000000e-03
9.755318793661e-01 4.207245624203e+00 5.000000000000e-03
4.144856956712e+00 3.801618934708e+00 5.000000000000e-03
5.822536420119e+00 1.326508929408e+00 5.000000000000e-03
1.835443441403e+00 5.079356994082e+00 5.000000000000e-03
8.067370129414e-01 2.556841514603e-01 5.000000000000e-03
3.091382865934e-02 5.244614889096e+00 5.000000000000e-03
2.188250189005e+00 4.732492818241e-01 5.000000000000e-03
4.922745185880e+00 6.245137139277e+00 5.000000000000e-03
1.403236716533e+00 3.504300731137e+00 5.000000000000e-03
2.174570257761e+00 4.096836554739e+00 5.000000000000e-03
3.678575113507e+00 6.250712309870e+00 5.000000000000e-03
4.295778078342e+00 8.030200325468e-01 5.000000000000e-03
6.685101076175e-01 8.185333688479e-01 5.000000000000e-03
5.279241597056e+00 4.880175976576e-01 -5.000000000000e-03
6.014514268776e+00 3.429336751777e+00 -5.000000000000e-03
3.787344046706e+00 8.064193974542e-01 -5.000000000000e-03
2.371159416304e+00 3.941235621363e+00 -5.000000000000e-03
3.949612371097e+00 3.799006101830e+00 -5.000000000000e-03
4.144729554050e+00 5.546192407847e+00 -5.000000000000e-03
4.039326216137e+00 5.378517585103e+00 -5.000000000000e-03
5.463410001124e+00 1.791991537821e+00 -5.000000000000e-03
2.478107617302e+00 4.481831618434e+00 -5.000000000000e-03
6.258785013007e+00 4.139311709536e+00 -5.000000000000e-03
4.049780110841e+00 5.834128241828e+00 -5.000000000000e-03
3.434422300562e+00 5.568789137042e+00 -5.000000000000e-03
2.924730125715e+00 3.245916032715e+00 -5.000000000000e-03
7.729730513614e-01 5.330609087102e+00 -5.000000000000e-03
4.102321237840e+00 2.309288196441e+00 -5.000000000000e-03
6.203750408199e+00 2.743681306337e+00 -5.000000000000e-03
2.058694804665e+00 3.906076746114e+00 -5.000000000000e-03
2.305724356153e+00 8.014562768436e-01 -5.000000000000e-03
5.666613774299e+00 5.456807693796e+00 -5.000000000000e-03
3.455118768849e+00 4.335471401400e+00 -5.000000000000e-03
5.441035735762e+00 1.119658083670e-01 -5.000000000000e-03
3.416901558262e+00 2.592190257485e+00 -5.000000000000e-03
4.136365047808e-02 2.767017142544e+00 -5.000000000000e-03
5.482935064433e+00 3.325563523161e+00 -5.000000000000e-03
5.785335187289e+00 2.893085592817e+00 -5.000000000000e-03
3.107115339727e+00 5.297830533337e+00 -5.000000000000e-03
9.896394082983e-01 5.490440315428e+00 -5.000000000000e-03
1.687331899020e+00 1.675277242298e+00 -5.000000000000e-03
2.197652623679e+00 3.688566965120e+00 -5.000000000000e-03
3.708277885986e+00 4.541896457262e+00 -5.000000000000e-03
5.630083767568e+00 9.641060268694e-01 -5.000000000000e-03
3.298732330725e+00 4.120343109492e+00 -5.000000000000e-03
3.486892075597e+00 5.610658256352e+00 -5.000000000000e-03
7.904509298580e-01 4.509305628175e+00 -5.000000000000e-03
5.816646570556e+00 1.661567847161e+00 -5.000000000000e-03
5.768563646810e+00 9.576817649212e-01 -5.000000000000e-03
2.461025054291e+00 5.159803411348e+00 -5.000000000000e-03
4.876808538765e+00 1.442547193850e+00 -5.000000000000e-03
2.195748153049e+00 4.079408558430e+00 -5.000000000000e-03
4.887169864581e+00 5.887803251024e+00 -5.000000000000e-03
5.426175146772e+00 1.585993934607e-01 -5.000000000000e-03
5.934588033780e+00 1.713477724617e+00 -5.000000000000e-03
5.774756209843e+00 1.959698181009e+00 -5.000000000000e-03
4.171084293620e+00 8.678311161887e-01 -5.000000000000e-03
1.731748823379e+00 1.064598290909e+00 -5.000000000000e-03
2.672418146299e+00 2.723385157359e+00 -5.000000000000e-03
1.060252214807e-01 3.437938257234e+00 -5.000000000000e-03
2.554021596942e+00 4.632076282658e+00 -5.000000000000e-03
1.534405862900e+00 3.736998343344e-01 -5.000000000000e-03
3.516399885247e+00 3.215196296262e+00 -5.000000000000e-03
3.509798669053e+00 5.126376729173e+00 -5.000000000000e-03
2.121457589008e-01 2.484244739020e+00 -5.000000000000e-03
4.260870125703e+00 5.852127852063e+00 -5.000000000000e-03
5.150482170034e+00 3.915849105271e+00 -5.000000000000e-03
1.768492829176e+00 3.461699522219e+00 -5.000000000000e-03
6.138043402197e+00 5.060359882318e+00 -5.000000000000e-03
2.447067027167e+00 2.685222536147e+00 -5.000000000000e-03
3.379063158331e+00 3.837335991061e+00 -5.000000000000e-03
4.945576803954e+00 4.402908388147e+00 -5.000000000000e-03
5.284616602354e+00 5.215611724912e+00 -5.000000000000e-03
3.208963653710e+00 6.821253646096e-01 -5.000000000000e-03
3.423085676476e+00 1.964626982839e+00 -5.000000000000e-03
2.378220208052e+00 2.505344421699e+00 -5.000000000000e-03
5.274889919076e+00 1.645998503736e+00 -5.000000000000e-03
5.472267519385e+00 4.951966527049e+00 -5.000000000000e-03
5.195264661087e+00 3.511165140016e+00 -5.000000000000e-03
1.050820903852e-01 4.877712954896e+00 -5.000000000000e-03
1.030132917686e+00 5.035723245419e+00 -5.000000000000e-03
4.372555572587e+00 3.612229099515e+00 -5.000000000000e-03
1.255198556568e+00 3.524803438115e+00 -5.000000000000e-03
4.723898521458e+00 1.298150021191e+00 -5.000000000000e-03
3.954713321966e-01 5.774314272137e+00 -5.000000000000e-03
2.013869209038e+00 1.327820474330e+00 -5.000000000000e-03
3.359268918048e+00 2.459073277657e+00 -5.000000000000e-03
1.471190533806e+00 3.203556062434e+00 -5.000000000000e-03
5.857035368069e+00 4.147929611567e+00 -5.000000000000e-03
4.200499845797e+00 5.099724623035e+00 -5.000000000000e-03
7.240861520545e-01 3.080386770690e+00 -5.000000000000e-03
2.923455210914e+00 5.097631068309e+00 -5.000000000000e-03
4.319974639890e+00 2.381613169835e+00 -5.000000000000e-03
3.441139908709e+00 5.349876204787e+00 -5.000000000000e-03
5.773434944940e-01 2.271757313467e+00 -5.000000000000e-03
5.254063119133e+00 5.536789780393e+00 -5.000000000000e-03
5.728961512541e+00 1.652528229308e+00 -5.000000000000e-03
3.331829405062e+00 5.854700438594e-01 -5.000000000000e-03
6.110167175711e+00 1.908002647806e+00 -5.000000000000e-03
5.866699937781e+00 2.458444438202e+00 -5.000000000000e-03
1.760683425865e+00 2.486593602637e+00 -5.000000000000e-03
2.931514950676e+00 4.807423747392e+00 -5.000000000000e-03
4.589296847124e-01 3.661121752711e+00 -5.000000000000e-03
7.487375397773e-01 1.782919465281e+00 -5.000000000000e-03
4.215351194191e+00 3.405055483656e+00 -5.000000000000e-03
5.119302019892e+00 2.282827848261e+00 -5.000000000000e-03
1.239331339846e+00 1.812333923736e+00 -5.000000000000e-03
4.170272552187e+00 3.496287893038e+00 -5.000000000000e-03
3.448135878602e+00 5.498525020744e+00 -5.000000000000e-03
5.181000506931e+00 6.164190279098e+00 -5.000000000000e-03
2.835365477761e+00 3.168843882330e+00 -5.000000000000e-03
1.880444252147e+00 3.381364709963e+00 -5.000000000000e-03
4.236376157477e+00 2.241441601709e+00 -5.000000000000e-03
