5.520393728469e+00 1.584118947951e-01 5.000000000000e-03
5.213064965272e+00 2.869694546621e+00 5.000000000000e-03
1.848439549123e+00 6.746399227800e-01 5.000000000000e-03
6.496264284587e-01 3.618426872438e+00 5.000000000000e-03
4.892295300265e+00 3.996388881913e+00 5.000000000000e-03
6.166865996065e+00 5.846456247116e+00 5.000000000000e-03
1.338198998364e+00 4.309055900359e+00 5.000000000000e-03
3.782430066367e+00 7.686525734652e-01 5.000000000000e-03
2.408179409715e-01 9.463593199037e-01 5.000000000000e-03
3.004519530062e+00 2.600680098042e+00 5.000000000000e-03
2.851569924726e+00 1.821132096861e+00 5.000000000000e-03
1.627118287732e+00 4.963034792314e+00 5.000000000000e-03
2.074105635091e+00 7.285029066406e-01 5.000000000000e-03
9.055592069772e-02 2.389153640589e+00 5.000000000000e-03
4.121110082011e+00 6.135328037273e+00 5.000000000000e-03
3.855218603392e+00 5.508632297256e+00 5.000000000000e-03
1.294629625896e+00 1.679893415206e+00 5.000000000000e-03
2.871842578551e+00 9.064931698959e-01 5.000000000000e-03
2.013097413189e+00 2.491207154177e-01 5.000000000000e-03
4.033002890954e+00 3.221852875118e+00 5.000000000000e-03
2.923914960030e+00 9.812643305979e-01 5.000000000000e-03
2.770791058715e+00 9.317190123340e-01 5.000000000000e-03
4.728680709434e+00 3.674024858424e+00 5.000000000000e-03
2.913067127839e+00 1.253222542992e+00 5.000000000000e-03
3.247597728920e+00 2.312108574785e+00 5.000000000000e-03
2.878861751219e+00 2.420831034958e+00 5.000000000000e-03
3.894400983109e+00 1.790645218074e+00 5.000000000000e-03
6.255985949301e+00 3.186661465895e+00 5.000000000000e-03
2.207114704172e+00 2.935281889631e+00 5.000000000000e-03
3.428680526033e-01 3.848182915843e+00 5.000000000000e-03
3.488131537796e+00 4.102664388895e+00 5.000000000000e-03
1.118093854126e+00 6.026722435453e+00 5.000000000000e-03
5.936379765739e+00 8.847240158963e-02 5.000000000000e-03
4.827020750691e+00 5.230932724991e+00 5.000000000000e-03
5.409902966808e+00 2.814930425072e+00 5.000000000000e-03
6.036682608695e+00 1.230525783696e+00 5.000000000000e-03
3.545963787721e+00 1.804354796049e+00 5.000000000000e-03
5.119556806313e+00 6.078688465532e+00 5.000000000000e-03
3.783936587505e+00 2.541840437779e+00 5.000000000000e-03
5.436518742670e+00 3.617884592031e-01 5.000000000000e-03
1.517956766208e+00 2.064781254283e+00 5.000000000000e-03
2.098638857669e+00 1.028218880578e+00 5.000000000000e-03
3.573250746007e+00 5.375107932638e+00 5.000000000000e-03
4.499144272185e+00 5.691388908734e+00 5.000000000000e-03
3.491857522228e+00 2.007400002247e+00 5.000000000000e-03
3.095502761371e+00 4.380625586829e+00 5.000000000000e-03
2.016314602501e+00 5.924678044552e+00 5.000000000000e-03
1.917018102800e-01 4.264405878431e+00 5.000000000000e-03
8.695706680291e-01 5.902119758227e+00 5.000000000000e-03
2.166383406549e+00 1.637327582394e+00 5.000000000000e-03
5.379960462167e+00 1.219591629771e+00 5.000000000000e-03
6.264398859987e+00 1.982311768473e+00 5.000000000000e-03
3.265703065210e+00 1.396205699033e+00 5.000000000000e-03
4.452419546106e+00 8.928387567255e-01 5.000000000000e-03
1.880338358793e+00 2.198953671240e+00 5.000000000000e-03
9.071122138614e-01 5.025138413952e+00 5.000000000000e-03
4.927673183294e+00 4.267629142803e+00 5.000000000000e-03
2.916780487488e+00 1.610167392590e+00 5.000000000000e-03
4.537027578882e+00 2.495292372518e+00 5.000000000000e-03
3.723999597225e+00 3.386445408019e+00 5.000000000000e-03
1.142185150785e+00 4.876856312000e+00 5.000000000000e-03
1.197560407722e+00 4.897190191940e+00 5.000000000000e-03
2.894368891730e+00 4.634421589955e+00 5.000000000000e-03
2.843552189329e+00 4.394899496052e+00 5.000000000000e-03
6.138627077952e+00 5.067505283393e+00 5.000000000000e-03
1.671165510277e+00 5.069783624267e+00 5.000000000000e-03
4.930973931049e-01 7.265363728109e-01 5.000000000000e-03
1.119040384345e+00 5.174816019671e+00 5.000000000000e-03
3.077721983826e+00 4.898687679060e+00 5.000000000000e-03
1.763978295355e+00 4.585675885419e+00 5.000000000000e-03
2.996892982937e+00 9.635767248031e-01 5.000000000000e-03
6.831272895420e-01 2.272548366759e+00 5.000000000000e-03
5.517809528433e+00 3.432471537595e+00 5.000000000000e-03
7.163951706287e-01 4.034949976356e+00 5.000000000000e-03
3.113485961635e+00 1.638222529575e+00 5.000000000000e-03
3.480590140129e+00 3.083058319318e+00 5.000000000000e-03
1.432807014872e+00 6.454145415297e-01 5.000000000000e-03
3.807403521524e+00 1.755129731007e+00 5.000000000000e-03
2.424970387629e+00 1.626044415755e+00 5.000000000000e-03
5.911535136539e-01 2.460687646603e+00 5.000000000000e-03
1.051610582987e+00 2.026989495863e+00 5.000000000000e-03
4.443043411764e+00 4.978921145527e+00 5.000000000000e-03
1.444645714436e+00 3.166491979496e+00 5.000000000000e-03
2.925269605506e-01 3.119333826107e+00 5.000000000000e-03
4.537947210350e+00 8.743996844510e-01 5.000000000000e-03
9.502635293448e-01 5.481714472815e-01 5.000000000000e-03
2.909351671118e+00 2.118612925646e+00 5.000000000000e-03
5.291841877260e+00 2.054453890753e+00 5.000000000000e-03
5.298796894207e+00 2.828980004499e+00 5.000000000000e-03
1.866968736259e+00 5.832893940568e-01 5.000000000000e-03
6.191633965374e+00 2.833376921776e+00 5.000000000000e-03
2.038154285036e-01 2.729247555029e+00 5.000000000000e-03
1.494988231689e+00 1.358359315869e+00 5.000000000000e-03
8.578306746048e-01 3.962699113364e+00 5.000000000000e-03
3.143634416787e+00 1.879395765586e+00 5.000000000000e-03
1.198152904649e+00 3.104486398688e+00 5.000000000000e-03
1.152395273924e-02 3.123363716375e+00 5.000000000000e-03
2.549277927810e+00 3.322053739283e+00 5.000000000000e-03
3.606060437328e+00 1.646059712306e+00 5.000000000000e-03
4.219094968059e-01 5.174208950274e+00 5.000000000000e-03
1.228203606929e+00 3.288376854116e+00 -5.000000000000e-03
4.429821555784e+00 5.514547413371e-01 -5.000000000000e-03
6.023958629106e-01 4.105968521613e+00 -5.000000000000e-03
4.856014373299e+00 6.095996047404e+00 -5.000000000000e-03
1.128968551627e+00 1.081642949176e+00 -5.000000000000e-03
4.924166537180e+00 1.582578408791e+00 -5.000000000000e-03
1.911827177116e+00 1.448794318838e-01 -5.000000000000e-03
3.158936143597e+00 6.106934161213e+00 -5.000000000000e-03
1.292248451059e+00 5.808830422631e+00 -5.000000000000e-03
3.336650567402e+00 2.310264235187e-02 -5.000000000000e-03
4.076655844782e+00 3.472033124984e+00 -5.000000000000e-03
1.267937010000e+00 1.043433293256e+00 -5.000000000000e-03
5.053902987786e+00 4.671989395015e+00 -5.000000000000e-03
2.607916361222e-01 4.318915184703e+00 -5.000000000000e-03
4.906611865224e+00 4.529183370344e+00 -5.000000000000e-03
3.874942402490e+00 2.925635259961e+00 -5.000000000000e-03
2.154997176600e+00 1.788809870925e+00 -5.000000000000e-03
1.400281764212e-01 5.841540083705e+00 -5.000000000000e-03
4.163200194025e+00 5.231546232523e+00 -5.000000000000e-03
1.724694894219e+00 3.640819926878e+00 -5.000000000000e-03
4.471528980449e+00 3.210833291881e+00 -5.000000000000e-03
4.557115430734e+00 4.958594248166e+00 -5.000000000000e-03
7.979486921883e-01 7.660255939769e-01 -5.000000000000e-03
5.753812541116e+00 1.908542051965e+00 -5.000000000000e-03
4.187530531481e+00 1.613477650711e+00 -5.000000000000e-03
2.678897629613e+00 1.195720451754e+00 -5.000000000000e-03
5.904305767836e+00 2.976424647270e+00 -5.000000000000e-03
1.621323202735e+00 2.723303180037e+00 -5.000000000000e-03
4.600534196658e+00 5.048508686957e+00 -5.000000000000e-03
4.684741280958e+00 1.825189302564e+00 -5.000000000000e-03
5.427860321478e+00 4.123079909503e-01 -5.000000000000e-03
2.457601566870e+00 4.503884206010e+00 -5.000000000000e-03
1.045744936293e+00 1.163901647289e+00 -5.000000000000e-03
1.786363774101e+00 5.111116027378e+00 -5.000000000000e-03
3.345092843714e+00 2.500062928673e-01 -5.000000000000e-03
6.101923619315e+00 2.407360466897e+00 -5.000000000000e-03
2.026448121205e+00 5.808862515707e+00 -5.000000000000e-03
3.211747856795e+00 1.055129780908e+00 -5.000000000000e-03
1.142873989625e+00 1.150528245750e+00 -5.000000000000e-03
4.283927304351e+00 3.954599522496e+00 -5.000000000000e-03
4.491323740309e+00 3.165897422911e+00 -5.000000000000e-03
3.401328148245e+00 5.542107402653e+00 -5.000000000000e-03
2.398593082040e+00 2.223620469284e+00 -5.000000000000e-03
3.483588484502e+00 4.501632786177e+00 -5.000000000000e-03
5.376600558428e+00 3.659738393501e+00 -5.000000000000e-03
9.629457469160e-01 2.122591049187e+00 -5.000000000000e-03
5.387824072704e+00 5.446490359101e-01 -5.000000000000e-03
4.725529940704e+00 3.707154874592e+00 -5.000000000000e-03
2.863792907606e+00 3.749599245963e+00 -5.000000000000e-03
4.206955416418e+00 5.044865148842e+00 -5.000000000000e-03
3.645712660969e+00 4.760618221958e+00 -5.000000000000e-03
5.605032447833e+00 6.544405778963e-01 -5.000000000000e-03
5.705639768066e+00 3.338657823277e+00 -5.000000000000e-03
1.806506942103e+00 5.945122610111e+00 -5.000000000000e-03
2.093988888167e+00 5.440657584583e+00 -5.000000000000e-03
6.151735769175e+00 1.127583141573e-01 -5.000000000000e-03
1.133101978163e+00 4.204731240026e+00 -5.000000000000e-03
3.979861325010e+00 1.520518662725e+00 -5.000000000000e-03
4.500845471562e+00 3.576846468376e+00 -5.000000000000e-03
5.894040469529e+00 5.833477363372e+00 -5.000000000000e-03
1.559897344820e+00 5.655325688599e+00 -5.000000000000e-03
3.752855688555e+00 6.991083049420e-01 -5.000000000000e-03
1.244421743633e+00 1.677122044201e+00 -5.000000000000e-03
1.497748001821e+00 7.807435168536e-01 -5.000000000000e-03
5.952532573266e+00 1.777672893721e+00 -5.000000000000e-03
4.273230702961e+00 9.331817531480e-01 -5.000000000000e-03
3.270314491062e+00 3.284587574115e+00 -5.000000000000e-03
2.570472793407e-01 2.580817014145e+00 -5.000000000000e-03
1.208584626357e+00 1.774698782500e+00 -5.000000000000e-03
1.672279393445e+00 5.327967648354e+00 -5.000000000000e-03
3.026659370025e+00 3.368160173037e+00 -5.000000000000e-03
9.481149151184e-01 1.900650885839e+00 -5.000000000000e-03
6.083976840156e+00 5.999139491716e+00 -5.000000000000e-03
4.507977083758e+00 5.451212478469e+00 -5.000000000000e-03
6.011959265416e+00 4.691966695302e-01 -5.000000000000e-03
4.930365169617e+00 2.519340374408e+00 -5.000000000000e-03
2.690415927474e+00 5.314976931372e+00 -5.000000000000e-03
9.405878463852e-01 4.839804178256e+00 -5.000000000000e-03
6.879380580239e-01 3.835462981540e+00 -5.000000000000e-03
4.881682626920e+00 4.656878547654e+00 -5.000000000000e-03
2.382873846128e+00 3.820554965132e+00 -5.000000000000e-03
6.862030760978e-01 2.803652087902e+00 -5.000000000000e-03
3.982540022360e+00 2.817741186980e+00 -5.000000000000e-03
3.314894856885e+00 3.564103244653e-01 -5.000000000000e-03
1.512055204223e+00 4.213016846596e+00 -5.000000000000e-03
3.125271197783e+00 6.108057347930e-01 -5.000000000000e-03
3.548548293821e+00 2.414152834837e+00 -5.000000000000e-03
5.141710797425e+00 2.805539468224e+00 -5.000000000000e-03
3.698299144812e+00 3.131892413627e+00 -5.000000000000e-03
6.071711561353e+00 4.437890669375e+00 -5.000000000000e-03
3.008008854787e+00 2.872219543784e+00 -5.000000000000e-03
5.740813157438e+00 2.472038839263e+00 -5.000000000000e-03
9.241586099605e-01 6.202828736111e+00 -5.000000000000e-03
1.782364775246e+00 1.798173599882e+00 -5.000000000000e-03
2.320175382532e+00 2.320907775688e+00 -5.000000000000e-03
3.330788195473e+00 2.053629615297e+00 -5.000000000000e-03
5.548771681173e+00 2.920634402834e+00 -5.000000000000e-03
4.861809749697e+00 8.784770810003e-01 -5.000000000000e-03
5.006483281460e+00 4.150141466411e+00 -5.000000000000e-03
5.053870855572e+00 2.617673647453e+00 -5.000000000000e-03
