5.879812518527e+00 3.656553789741e+00 5.000000000000e-03
1.330514492716e+00 1.773778613752e+00 5.000000000000e-03
2.786320069970e+00 4.145715075158e+00 5.000000000000e-03
2.769948075218e+00 2.912266100755e+00 5.000000000000e-03
5.656671052194e+00 4.139893400191e+00 5.000000000000e-03
5.196367743988e-01 3.076842156015e+00 5.000000000000e-03
1.114578219223e+00 1.989128008864e+00 5.000000000000e-03
4.265872158935e+00 5.859795920941e+00 5.000000000000e-03
1.429320057884e+00 3.077955531173e+00 5.000000000000e-03
4.175364309709e+00 1.616762262669e+00 5.000000000000e-03
1.906162108905e+00 3.273410830070e+00 5.000000000000e-03
5.273020187434e+00 3.247581324358e+00 5.000000000000e-03
4.087503016384e+00 3.841832195261e+00 5.000000000000e-03
4.665251806357e+00 2.926502643113e-01 5.000000000000e-03
4.790102032307e+00 4.958179361549e-01 5.000000000000e-03
2.876995958545e+00 2.731848034020e+00 5.000000000000e-03
3.968920848670e-01 1.270598802409e+00 5.000000000000e-03
2.943577277821e+00 1.491826744055e+00 5.000000000000e-03
3.888120714942e+00 2.270212737765e-01 5.000000000000e-03
6.212256231584e+00 6.244673370574e+00 5.000000000000e-03
1.523927961432e+00 5.401433384296e+00 5.000000000000e-03
5.571251556482e+00 4.280114694170e+00 5.000000000000e-03
5.366981660456e+00 2.871111431347e+00 5.000000000000e-03
3.434038030710e+00 7.746542803516e-01 5.000000000000e-03
4.217925238618e+00 4.700931805147e+00 5.000000000000e-03
1.125956926000e+00 2.029859612457e+00 5.000000000000e-03
5.920523855118e+00 5.721719412488e+00 5.000000000000e-03
4.963656237212e+00 2.921842069427e+00 5.000000000000e-03
3.896050169444e+00 4.798641458770e+00 5.000000000000e-03
5.107113839673e+00 3.843895698675e+00 5.000000000000e-03
6.716003336324e-01 3.786084466808e+00 5.000000000000e-03
5.994982046503e+00 5.986262426754e+00 5.000000000000e-03
3.948929367363e+00 5.699836785491e+00 5.000000000000e-03
6.046025982742e+00 1.340190696494e+00 5.000000000000e-03
2.181676873151e+00 2.382618396328e-01 5.000000000000e-03
3.263519021300e+00 4.974350773238e+00 5.000000000000e-03
2.645424214249e+00 4.918042145332e+00 5.000000000000e-03
5.578802578633e+00 4.882185433485e+00 5.000000000000e-03
8.163416500619e-01 8.576223466561e-01 5.000000000000e-03
1.869125985555e+00 2.431167331033e-01 5.000000000000e-03
4.611015404530e-01 4.080318644946e+00 5.000000000000e-03
1.547635552309e+00 5.642941427168e+00 5.000000000000e-03
5.132732872786e+00 2.086057737641e+00 5.000000000000e-03
7.422952466195e-01 8.938451770565e-01 5.000000000000e-03
4.798425300602e+00 6.180345592922e+00 5.000000000000e-03
3.050349978573e+00 4.320508846347e+00 5.000000000000e-03
5.385038396424e+00 2.784533517121e+00 5.000000000000e-03
6.271050938546e+00 4.816507866106e+00 5.000000000000e-03
2.933808312198e+00 5.058881610012e+00 5.000000000000e-03
3.499764787080e+00 2.124250543894e+00 5.000000000000e-03
1.713147104470e+00 1.718404676581e+00 5.000000000000e-03
4.855078315013e+00 4.505931585215e-01 5.000000000000e-03
3.167869073645e-01 3.927116675148e+00 5.000000000000e-03
1.054684847895e+00 4.641115700967e+00 5.000000000000e-03
5.432204608533e+00 3.596224993773e+00 5.000000000000e-03
3.156172551712e+00 2.771179957988e-01 5.000000000000e-03
2.212209670723e+00 5.885018847283e+00 5.000000000000e-03
7.938066448739e-01 2.397859041337e+00 5.000000000000e-03
4.010628409813e+00 1.508017960122e+00 5.000000000000e-03
3.018447169296e+00 1.381199126301e+00 5.000000000000e-03
3.995520409064e+00 4.132006818516e-01 5.000000000000e-03
2.708252162569e-01 3.967694048773e-01 5.000000000000e-03
2.125424383141e+00 1.752446132627e+00 5.000000000000e-03
5.068834525019e+00 2.897964785237e+00 5.000000000000e-03
2.550619353128e+00 6.272866708022e-01 5.000000000000e-03
3.955581578798e-01 7.726003601706e-01 5.000000000000e-03
2.093475643336e+00 4.865916979189e+00 5.000000000000e-03
5.449832975686e+00 4.197822772494e+00 5.000000000000e-03
1.544862506053e+00 6.257039354837e-01 5.000000000000e-03
5.745409985958e+00 4.141304378853e+00 5.000000000000e-03
5.448323985447e+00 2.315709538315e+00 5.000000000000e-03
4.116039264362e+00 5.845170241714e+00 5.000000000000e-03
4.579825092579e+00 6.136002455077e-01 5.000000000000e-03
5.649670606473e+00 2.596863350087e+00 5.000000000000e-03
3.434543410127e+00 1.570846819917e+00 5.000000000000e-03
6.201283252573e+00 4.410424842999e+00 5.000000000000e-03
4.609374972556e+00 6.069134318773e+00 5.000000000000e-03
5.426704612198e+00 3.205837819566e+00 5.000000000000e-03
6.008618417459e+00 4.750093571327e+00 5.000000000000e-03
3.845567334117e-01 5.161434235813e+00 5.000000000000e-03
2.354911085964e+00 5.942052228198e+00 5.000000000000e-03
1.339512031981e+00 2.633984387772e-01 5.000000000000e-03
4.449768684437e+00 5.098628481511e+00 5.000000000000e-03
5.674759688982e+00 4.227574179360e+00 5.000000000000e-03
4.810681756110e+00 1.399774512620e+00 5.000000000000e-03
2.512033926022e+00 4.772792113022e+00 5.000000000000e-03
2.831979909714e+00 5.279507080042e+00 5.000000000000e-03
6.730751374297e-01 2.936588336379e+00 5.000000000000e-03
5.055442526114e+00 3.750064971874e+00 5.000000000000e-03
5.258386766938e-01 1.766468218941e+00 5.000000000000e-03
6.008336001222e-01 3.108236123438e+00 5.000000000000e-03
3.399258695228e-02 2.417007653600e+00 5.000000000000e-03
2.235491206301e+00 1.131468192123e+00 5.000000000000e-03
1.575330238590e+00 4.135179431108e+00 5.000000000000e-03
4.615419730940e+00 2.082093616847e+00 5.000000000000e-03
5.277033274838e+00 3.998570979137e+00 5.000000000000e-03
1.502883174157e+00 9.334636971478e-01 5.000000000000e-03
3.908093530018e+00 3.313847626249e+00 5.000000000000e-03
4.425158200734e+00 5.521314593328e+00 5.000000000000e-03
5.663010313842e+00 1.123678411079e+00 5.000000000000e-03
2.796184390275e+00 7.848531459935e-01 -5.000000000000e-03
1.216934394168e+00 3.026890211594e+00 -5.000000000000e-03
2.530122960280e+00 1.196128904627e+00 -5.000000000000e-03
5.974763468772e+00 7.365677055513e-01 -5.000000000000e-03
5.495824062223e+00 2.757531594489e+00 -5.000000000000e-03
2.239606644765e+00 5.601828708269e+00 -5.000000000000e-03
1.126990341382e+00 5.707006687488e+00 -5.000000000000e-03
6.024483086833e+00 5.297355692863e+00 -5.000000000000e-03
2.892110896756e+00 5.358676493542e-01 -5.000000000000e-03
3.246438607926e-01 5.900603905770e+00 -5.000000000000e-03
5.453991004234e+00 3.123295493475e+00 -5.000000000000e-03
5.843007858095e+00 5.968597602855e+00 -5.000000000000e-03
5.714141653837e+00 5.564309393082e+00 -5.000000000000e-03
2.864974918970e-01 5.795198400238e+00 -5.000000000000e-03
1.216531394428e-01 4.047697041159e-01 -5.000000000000e-03
2.371143386272e+00 9.256722323668e-01 -5.000000000000e-03
1.060283597376e+00 3.522684698020e-01 -5.000000000000e-03
3.145075626256e+00 1.912366076710e+00 -5.000000000000e-03
2.345641255988e+00 4.979616617146e+00 -5.000000000000e-03
4.831082880408e-01 3.587557759398e-03 -5.000000000000e-03
7.965874201777e-01 4.036957535016e+00 -5.000000000000e-03
5.142662438364e+00 2.378284270609e+00 -5.000000000000e-03
1.040085452702e+00 2.254247211956e+00 -5.000000000000e-03
2.731189781082e+00 2.440453159568e+00 -5.000000000000e-03
2.380221184057e+00 1.131461515896e+00 -5.000000000000e-03
1.129669843636e+00 5.482880376506e+00 -5.000000000000e-03
3.535782924282e+00 5.521770164395e+00 -5.000000000000e-03
1.011024772965e+00 9.424279168196e-01 -5.000000000000e-03
4.832263615001e+00 5.957039968544e+00 -5.000000000000e-03
2.862860845389e+00 4.242135924882e+00 -5.000000000000e-03
2.822654048235e+00 1.721273271400e+00 -5.000000000000e-03
6.050969085274e+00 3.766938816714e+00 -5.000000000000e-03
3.714369108081e+00 7.293704302979e-01 -5.000000000000e-03
4.776371645208e+00 2.391654269259e+00 -5.000000000000e-03
4.791284282187e+00 6.210882140311e+00 -5.000000000000e-03
5.469981359617e+00 6.183647942876e+00 -5.000000000000e-03
4.159837264133e-01 5.148771190455e+00 -5.000000000000e-03
6.142494590175e+00 3.726131198171e+00 -5.000000000000e-03
1.644355622768e+00 2.812835814417e+00 -5.000000000000e-03
4.451036015532e-01 9.282884280820e-01 -5.000000000000e-03
8.012744213617e-01 4.006095587887e+00 -5.000000000000e-03
2.215492670561e+00 1.627177874489e-01 -5.000000000000e-03
2.712246769703e+00 3.707864446126e-01 -5.000000000000e-03
4.595001985541e+00 5.273123782864e+00 -5.000000000000e-03
4.847704764299e+00 5.927092911894e+00 -5.000000000000e-03
5.377551303737e+00 1.797740696631e+00 -5.000000000000e-03
3.548430091348e+00 2.341832677298e+00 -5.000000000000e-03
3.601356584696e+00 3.181281785843e+00 -5.000000000000e-03
3.327616729051e+00 3.526801994123e+00 -5.000000000000e-03
5.900590388224e+00 1.188425425744e+00 -5.000000000000e-03
6.148808287262e+00 1.379944179981e+00 -5.000000000000e-03
1.906008887897e+00 1.609920768292e+00 -5.000000000000e-03
2.809167806552e-01 2.663303874066e+00 -5.000000000000e-03
5.539663965698e+00 1.157130748546e-01 -5.000000000000e-03
5.785272590153e+00 4.907380807308e+00 -5.000000000000e-03
4.885375768193e+00 2.094099700675e+00 -5.000000000000e-03
4.163895178417e+00 4.041820546272e+00 -5.000000000000e-03
6.270721070436e+00 5.937455405195e-01 -5.000000000000e-03
2.434760216926e+00 5.864525679888e+00 -5.000000000000e-03
1.986517628097e+00 3.665367642072e+00 -5.000000000000e-03
9.785877560699e-01 1.697336797638e+00 -5.000000000000e-03
3.273123664222e+00 2.589194226053e+00 -5.000000000000e-03
1.298411679559e+00 3.165698088630e+00 -5.000000000000e-03
1.555874170017e+00 1.754939910185e+00 -5.000000000000e-03
7.473153036893e-01 6.022835801908e+00 -5.000000000000e-03
3.701649381600e+00 4.367472726920e+00 -5.000000000000e-03
1.174089277728e+00 2.192653593726e+00 -5.000000000000e-03
2.636645587415e+00 1.756583712142e+00 -5.000000000000e-03
5.242627024147e+00 5.936503521364e+00 -5.000000000000e-03
4.052727623436e+00 1.709703630969e+00 -5.000000000000e-03
4.974941002967e+00 9.139686379587e-01 -5.000000000000e-03
3.518874347956e-03 3.376135798175e+00 -5.000000000000e-03
4.407031883902e+00 2.954211936593e+00 -5.000000000000e-03
5.319808034073e+00 1.770349377899e+00 -5.000000000000e-03
7.469280925412e-01 1.361310340313e+00 -5.000000000000e-03
1.549917836379e-01 2.580723251620e-03 -5.000000000000e-03
3.913755012777e+00 8.394900879966e-01 -5.000000000000e-03
4.022437830943e-01 1.125125479749e-01 -5.000000000000e-03
4.993992920443e+00 2.720929980481e+00 -5.000000000000e-03
3.284703793399e+00 4.561491324461e+00 -5.000000000000e-03
5.113836434566e+00 1.721155099951e+00 -5.000000000000e-03
3.725911140747e+00 1.369649427376e+00 -5.000000000000e-03
5.171244623809e+00 6.060630495344e+00 -5.000000000000e-03
1.750631515620e+00 4.956683371647e+00 -5.000000000000e-03
1.163980249634e+00 5.184176455672e+00 -5.000000000000e-03
8.346706981538e-01 2.693446616665e+00 -5.000000000000e-03
9.132838560569e-01 1.907717410693e+00 -5.000000000000e-03
4.809814554852e+00 4.837419609942e+00 -5.000000000000e-03
5.326178757846e+00 2.187842732034e+00 -5.000000000000e-03
4.516479353889e+00 4.139706119399e+00 -5.000000000000e-03
2.333071550600e+00 7.590932828281e-01 -5.000000000000e-03
2.715506597084e+00 2.239226685320e+00 -5.000000000000e-03
1.075575608541e+00 4.628184170531e+00 -5.000000000000e-03
2.987675664192e-01 3.426411211629e+00 -5.000000000000e-03
4.244289743689e+00 5.429346961541e+00 -5.000000000000e-03
1.772666851181e+00 9.492446130856e-01 -5.000000000000e-03
5.597280705994e+00 2.680269600556e+00 -5.000000000000e-03
7.505528730723e-01 1.770291889752e+00 -5.000000000000e-03
5.249172815127e+00 1.452707876079e+00 -5.000000000000e-03
3.642786679958e+00 5.993615015175e+00 -5.000000000000e-03
