5.699202944893e+00 3.107504646633e+00 5.000000000000e-03
1.294013195032e+00 2.918014148795e+00 5.000000000000e-03
3.379594322995e+00 1.680969506106e+00 5.000000000000e-03
1.087905733537e+00 2.824305532527e+00 5.000000000000e-03
1.048268158390e+00 6.043715421187e+00 5.000000000000e-03
5.615181883075e+00 2.963733892281e+00 5.000000000000e-03
4.141127143240e+00 4.877594713167e+00 5.000000000000e-03
5.962978657860e+00 1.279467502540e+00 5.000000000000e-03
3.093864238882e+00 2.349766379032e+00 5.000000000000e-03
4.156425597748e+00 5.118329102133e+00 5.000000000000e-03
5.506374687926e+00 5.446893892736e+00 5.000000000000e-03
1.049945389418e+00 6.152277578007e+00 5.000000000000e-03
1.528417134954e+00 4.288647831137e+00 5.000000000000e-03
4.133651725769e+00 1.141544939751e+00 5.000000000000e-03
2.364649196317e+00 5.724198882321e+00 5.000000000000e-03
1.464487334162e-01 3.368707439096e+00 5.000000000000e-03
1.291075400579e+00 1.180690393761e+00 5.000000000000e-03
3.753332893150e+00 5.975564932967e+00 5.000000000000e-03
5.261968128770e+00 2.480385913446e-01 5.000000000000e-03
5.097317758059e+00 1.009729769500e+00 5.000000000000e-03
2.972765392948e-02 7.727000677292e-01 5.000000000000e-03
1.160477774539e+00 5.840224955401e+00 5.000000000000e-03
3.349481589174e+00 1.870719532644e+00 5.000000000000e-03
5.461509924148e+00 1.242055471581e+00 5.000000000000e-03
4.930121310789e+00 3.327462158460e+00 5.000000000000e-03
4.180535085653e+00 4.895269913382e+00 5.000000000000e-03
4.970175944426e+00 5.154112621721e+00 5.000000000000e-03
5.867448991135e+00 1.889115995193e-01 5.000000000000e-03
2.723795175447e+00 4.079116962803e+00 5.000000000000e-03
1.875450142702e+00 3.875642151749e+00 5.000000000000e-03
9.160683484646e-01 6.045729562720e+00 5.000000000000e-03
5.017729070009e-01 5.708222876472e-01 5.000000000000e-03
2.627171266292e+00 3.653016701317e+00 5.000000000000e-03
5.786073372448e+00 6.084235997098e+00 5.000000000000e-03
3.090569905562e+00 2.758897827757e+00 5.000000000000e-03
3.282237082862e+00 5.165728103783e+00 5.000000000000e-03
5.103973006389e+00 5.336633812889e+00 5.000000000000e-03
1.267557484239e+00 2.056498305965e+00 5.000000000000e-03
4.519755236661e+00 4.209948532544e+00 5.000000000000e-03
3.097839754713e+00 2.195978504697e+00 5.000000000000e-03
4.314985414637e+00 1.090137378302e+00 5.000000000000e-03
5.355538382510e+00 1.596105433353e+00 5.000000000000e-03
5.564687654786e+00 4.320239362633e+00 5.000000000000e-03
4.417444535582e+00 5.751343653518e+00 5.000000000000e-03
4.402767185752e+00 4.538707947843e+00 5.000000000000e-03
4.861565783793e+00 3.196268571766e+00 5.000000000000e-03
4.935782124644e+00 5.015248696292e+00 5.000000000000e-03
5.605721642511e+00 6.023944930216e+00 5.000000000000e-03
5.222965888864e+00 3.470672635387e+00 5.000000000000e-03
5.844716121935e+00 3.241991177083e+00 5.000000000000e-03
2.246160273551e+00 2.130977169520e+00 5.000000000000e-03
2.401686670453e+00 5.794625610976e+00 5.000000000000e-03
5.016464111955e+00 4.164101430141e-02 5.000000000000e-03
2.643231947196e-01 6.359569401029e-01 5.000000000000e-03
4.802313035649e+00 1.703498039709e+00 5.000000000000e-03
2.819998236459e-01 5.573349232273e+00 5.000000000000e-03
4.603670936380e+00 4.251830027044e+00 5.000000000000e-03
3.682609480794e+00 2.808702409586e-01 5.000000000000e-03
3.608998118483e+00 5.872301420608e-01 5.000000000000e-03
6.191437463449e+00 4.410395560002e+00 5.000000000000e-03
2.871379621793e+00 3.461245823870e+00 5.000000000000e-03
6.023940689480e+00 1.011868927028e+00 5.000000000000e-03
2.673150313325e+00 1.938471945582e+00 5.000000000000e-03
3.195684176252e+00 5.802994942577e+00 5.000000000000e-03
5.798015839136e+00 2.356995740025e+00 5.000000000000e-03
3.020472446952e+00 5.781333758789e+00 5.000000000000e-03
4.454455499773e-01 3.558744287852e+00 5.000000000000e-03
1.049224387644e+00 5.866353349540e+00 5.000000000000e-03
4.641302117358e+00 1.761245956045e+00 5.000000000000e-03
9.097950584101e-01 5.889307831796e+00 5.000000000000e-03
7.992491443361e-01 4.536408213962e+00 5.000000000000e-03
3.457003611490e+00 8.238175013693e-01 5.000000000000e-03
3.689379940052e+00 7.425951665112e-01 5.000000000000e-03
2.327310343979e+00 8.974477520603e-01 5.000000000000e-03
7.500269697914e-01 3.321415323841e+00 5.000000000000e-03
1.497544188190e+00 6.029751131450e+00 5.000000000000e-03
2.942571266981e+00 5.043231662520e+00 5.000000000000e-03
1.151823099641e-01 4.994144547997e+00 5.000000000000e-03
3.234909406803e-01 6.151782125241e+00 5.000000000000e-03
3.815307871122e+00 3.792716156105e+00 5.000000000000e-03
2.500509184980e+00 3.708874791626e+00 5.000000000000e-03
4.663261219660e+00 6.003114156580e+00 5.000000000000e-03
1.678836103274e+00 5.442154795657e+00 5.000000000000e-03
8.608345371835e-01 8.453128755364e-02 5.000000000000e-03
3.990146435717e+00 5.269891872251e+00 5.000000000000e-03
5.318487472076e+00 5.720095299988e+00 5.000000000000e-03
1.220171127875e+00 5.626916883301e+00 5.000000000000e-03
3.728027826518e+00 3.264292622851e+00 5.000000000000e-03
4.947421084302e+00 4.455577048212e+00 5.000000000000e-03
3.363860491901e+00 3.655871510783e+00 5.000000000000e-03
3.218713127108e+00 2.269459430249e+00 5.000000000000e-03
2.683135152259e+00 8.916243148579e-01 5.000000000000e-03
5.254077447063e+00 5.413334481026e+00 5.000000000000e-03
5.245671872270e+00 4.297063645994e+00 5.000000000000e-03
1.494790309335e+00 4.092823847059e+00 5.000000000000e-03
4.931832765098e+00 4.536397345056e+00 5.000000000000e-03
4.235421643438e+00 9.147757813265e-01 5.000000000000e-03
2.737555831735e+00 5.220032605648e+00 5.000000000000e-03
3.034072110655e+00 3.229697375431e+00 5.000000000000e-03
6.078938944704e+00 2.726965552636e+00 5.000000000000e-03
1.673900349464e+00 2.560086612517e+00 -5.000000000000e-03
2.561013497110e-01 5.929970118408e+00 -5.000000000000e-03
1.669357329620e+00 3.553808189593e+00 -5.000000000000e-03
4.614114387195e+00 1.633294848875e+00 -5.000000000000e-03
5.325958707834e+00 1.347611530951e+00 -5.000000000000e-03
2.468855390657e+00 5.227449691207e+00 -5.000000000000e-03
7.541493391986e-01 6.374165726358e-01 -5.000000000000e-03
4.293405522545e+00 5.582929586040e+00 -5.000000000000e-03
3.736239286956e-02 2.088798954761e+00 -5.000000000000e-03
1.445560791867e+00 4.855482786911e-01 -5.000000000000e-03
1.395970692292e+00 9.338891241773e-01 -5.000000000000e-03
4.081463555484e+00 1.849165777806e+00 -5.000000000000e-03
9.153171640586e-01 5.416615824346e+00 -5.000000000000e-03
1.709109419431e+00 6.178606041586e+00 -5.000000000000e-03
4.002965626748e+00 3.770725885487e+00 -5.000000000000e-03
6.244963302380e+00 2.577862506647e+00 -5.000000000000e-03
4.361382426564e+00 2.931815628895e+00 -5.000000000000e-03
2.555440450191e+00 6.150226036341e+00 -5.000000000000e-03
4.435864264652e+00 5.170744201035e+00 -5.000000000000e-03
5.487259713713e+00 2.310973586858e+00 -5.000000000000e-03
3.999186405157e+00 5.445834181035e+00 -5.000000000000e-03
3.110877058437e+00 6.166462014960e+00 -5.000000000000e-03
9.097827125472e-02 3.065103205805e+00 -5.000000000000e-03
4.249681048588e+00 1.977179102972e+00 -5.000000000000e-03
4.293744039889e+00 6.007507272598e+00 -5.000000000000e-03
7.016537927747e-01 7.492414332361e-01 -5.000000000000e-03
3.996600050726e+00 6.167851490734e+00 -5.000000000000e-03
2.740804295877e+00 2.831417512730e+00 -5.000000000000e-03
2.686092527211e+00 4.968569840419e-01 -5.000000000000e-03
1.069766315828e+00 5.440046903349e+00 -5.000000000000e-03
4.517073069232e+00 2.098472779069e+00 -5.000000000000e-03
4.093859712142e+00 5.677708757285e+00 -5.000000000000e-03
4.183417741850e+00 4.687514421069e+00 -5.000000000000e-03
9.675810884044e-01 4.247699615213e+00 -5.000000000000e-03
3.053906828347e+00 3.939329403715e+00 -5.000000000000e-03
9.537328898073e-01 1.595323955164e+00 -5.000000000000e-03
1.862235828315e+00 6.001138160953e+00 -5.000000000000e-03
2.264406419856e-02 4.947458661168e+00 -5.000000000000e-03
1.864551246157e-02 5.550636082587e+00 -5.000000000000e-03
6.009653181472e+00 4.334300152359e+00 -5.000000000000e-03
4.029571642199e+00 5.437917244759e+00 -5.000000000000e-03
3.085713355770e+00 3.745796971373e+00 -5.000000000000e-03
3.732084600992e+00 3.057452171566e+00 -5.000000000000e-03
5.761215474464e+00 5.526221276912e+00 -5.000000000000e-03
2.660978555527e+00 4.741615880700e-01 -5.000000000000e-03
6.203058705581e+00 2.425615488956e+00 -5.000000000000e-03
1.363266083254e+00 4.265648957025e+00 -5.000000000000e-03
6.230640918839e-01 4.252196225618e+00 -5.000000000000e-03
3.913122909030e+00 2.514538521077e+00 -5.000000000000e-03
1.888651808844e+00 5.433921301293e+00 -5.000000000000e-03
5.158405410320e+00 2.336021606855e+00 -5.000000000000e-03
3.642584988614e+00 5.466349137524e+00 -5.000000000000e-03
1.169147352644e+00 6.161379857871e+00 -5.000000000000e-03
4.375826328935e+00 5.417673068754e-01 -5.000000000000e-03
2.544945375721e+00 2.385679261542e+00 -5.000000000000e-03
5.030128186371e-01 1.834409357900e+00 -5.000000000000e-03
3.857831470868e+00 3.881066124598e+00 -5.000000000000e-03
6.016694986170e-01 6.066901308385e+00 -5.000000000000e-03
2.370214658415e+00 4.346144852108e+00 -5.000000000000e-03
1.854753406242e-01 1.641787401083e+00 -5.000000000000e-03
6.165352209309e+00 3.610384503663e+00 -5.000000000000e-03
2.155839525373e+00 3.564790004841e+00 -5.000000000000e-03
6.864214576873e-01 3.482776747049e+00 -5.000000000000e-03
5.598715841380e+00 5.117082744102e-03 -5.000000000000e-03
3.516005483101e+00 5.842565085228e+00 -5.000000000000e-03
4.996404903872e+00 5.062974633483e+00 -5.000000000000e-03
2.255029941781e+00 1.731463083293e+00 -5.000000000000e-03
4.837883567392e+00 1.927754933124e+00 -5.000000000000e-03
4.327179748103e+00 5.340846384326e+00 -5.000000000000e-03
7.938917019323e-02 2.650507478783e-01 -5.000000000000e-03
5.854753833837e+00 4.727789074328e+00 -5.000000000000e-03
1.600455952145e+00 6.225428412725e-01 -5.000000000000e-03
5.646098849039e+00 3.662944393775e+00 -5.000000000000e-03
6.191944933875e+00 2.296677183235e+00 -5.000000000000e-03
3.497771503694e+00 1.092246336392e+00 -5.000000000000e-03
2.070955842899e+00 5.574811682168e+00 -5.000000000000e-03
3.910021561367e-01 8.232198154321e-01 -5.000000000000e-03
2.278075876170e+00 3.860832635887e+00 -5.000000000000e-03
1.061568677600e+00 1.145049169353e+00 -5.000000000000e-03
5.882222085305e+00 1.547081008169e-01 -5.000000000000e-03
1.646895212340e+00 1.644895992149e+00 -5.000000000000e-03
6.203799975107e+00 4.591111767103e+00 -5.000000000000e-03
2.566597680596e+00 5.102468050846e+00 -5.000000000000e-03
2.963871641912e+00 2.879047491644e-01 -5.000000000000e-03
4.860306460617e+00 5.959658710201e+00 -5.000000000000e-03
5.998735330477e+00 3.551791711973e+00 -5.000000000000e-03
9.802224535854e-02 3.216069772250e+00 -5.000000000000e-03
1.888802142966e+00 4.352142837676e+00 -5.000000000000e-03
1.245745589133e+00 6.241366224020e+00 -5.000000000000e-03
2.962339067447e+00 1.608767280407e+00 -5.000000000000e-03
2.128988199676e+00 1.239026974911e+00 -5.000000000000e-03
3.110326145346e+00 2.551120728476e+00 -5.000000000000e-03
3.238180749777e+00 1.830307967112e+00 -5.000000000000e-03
8.763412585632e-01 1.589162579444e+00 -5.000000000000e-03
5.242117718322e+00 5.503139262367e+00 -5.000000000000e-03
2.315117124536e+00 1.722216359023e+00 -5.000000000000e-03
4.409882195308e+00 2.576644497889e+00 -5.000000000000e-03
5.412116319694e+00 2.206021567614e+00 -5.000000000000e-03
2.261267199425e+00 5.603223242219e-01 -5.000000000000e-03
5.402681755501e+00 1.939735951461e+00 -5.000000000000e-03
