4.098167472544e+00 3.644507142522e+00 5.000000000000e-03
3.327928076955e+00 3.714544208008e+00 5.000000000000e-03
5.882261629614e-01 9.672302599246e-01 5.000000000000e-03
2.011914669030e+00 4.198400318196e+00 5.000000000000e-03
5.906958129745e+00 5.768261032501e+00 5.000000000000e-03
1.838880070393e+00 5.145761729834e+00 5.000000000000e-03
3.255908871155e+00 3.158174098193e+00 5.000000000000e-03
2.139962972725e+00 8.323321296128e-01 5.000000000000e-03
3.978318989947e+00 1.033921249775e+00 5.000000000000e-03
2.814361574688e+00 1.733833279004e+00 5.000000000000e-03
4.382770946311e+00 4.769302343641e+00 5.000000000000e-03
2.197601074898e+00 3.439908753117e+00 5.000000000000e-03
6.257070120383e+00 2.843161036946e+00 5.000000000000e-03
1.704068793746e+00 3.290633585553e-01 5.000000000000e-03
2.353149968602e+00 1.712056958642e+00 5.000000000000e-03
3.855968038971e+00 3.084287924919e+00 5.000000000000e-03
5.120264346521e+00 5.765581782262e+00 5.000000000000e-03
2.337960519289e-01 4.452427726081e+00 5.000000000000e-03
1.273401241769e+00 4.803826332271e+00 5.000000000000e-03
3.849793972542e+00 3.527284627748e+00 5.000000000000e-03
4.034981632803e+00 3.879981582261e+00 5.000000000000e-03
2.768862883841e+00 8.264561207065e-01 5.000000000000e-03
5.760926874159e+00 2.872680299680e+00 5.000000000000e-03
3.665925106386e+00 5.195397921420e-01 5.000000000000e-03
1.021863547481e+00 1.101510097232e+00 5.000000000000e-03
2.416597799287e+00 1.765053434596e+00 5.000000000000e-03
4.726634919803e+00 4.755598951755e+00 5.000000000000e-03
6.780686543818e-01 3.639463016618e+00 5.000000000000e-03
6.191350985065e+00 9.961959519545e-01 5.000000000000e-03
3.202099366800e+00 5.326687844220e-02 5.000000000000e-03
1.239202856183e-01 6.059026668191e+00 5.000000000000e-03
5.835365381184e+00 1.458345652957e+00 5.000000000000e-03
2.897813267416e+00 4.870890916376e+00 5.000000000000e-03
5.453170410160e+00 1.155748914366e+00 5.000000000000e-03
5.572419877270e+00 4.092686756988e+00 5.000000000000e-03
2.096545804657e+00 2.796892012719e+00 5.000000000000e-03
1.437177816981e+00 2.474519499988e+00 5.000000000000e-03
5.500521097479e+00 3.940571889093e+00 5.000000000000e-03
1.788459077571e+00 4.508377989059e-01 5.000000000000e-03
5.966049150496e+00 2.893526161874e+00 5.000000000000e-03
4.421707627809e+00 2.908397724791e+00 5.000000000000e-03
5.185278214261e+00 5.236169328395e+00 5.000000000000e-03
5.193035789131e+00 1.838726417672e+00 5.000000000000e-03
1.328096736183e+00 1.584536577891e+00 5.000000000000e-03
4.964844044643e+00 1.994164136410e+00 5.000000000000e-03
5.817430000987e+00 8.448633370642e-01 5.000000000000e-03
4.621499139497e+00 4.198959510354e+00 5.000000000000e-03
1.371021951531e+00 2.247632638020e+00 5.000000000000e-03
3.229460316962e+00 5.069388740197e+00 5.000000000000e-03
1.205494404888e+00 4.361903089100e-01 5.000000000000e-03
1.250638100429e+00 4.811527939913e-01 5.000000000000e-03
1.525721175838e+00 5.062695601780e+00 5.000000000000e-03
5.696781111148e+00 4.102969721566e+00 5.000000000000e-03
4.617918682980e+00 2.959919271356e+00 5.000000000000e-03
5.534859920580e+00 3.406374877732e+00 5.000000000000e-03
5.154474307210e+00 1.990352997802e+00 5.000000000000e-03
5.480829296369e+00 2.109139464278e+00 5.000000000000e-03
3.179716374383e+00 2.136881626303e-01 5.000000000000e-03
3.181703488276e+00 3.268146596923e+00 5.000000000000e-03
6.914967967974e-01 4.276920191516e+00 5.000000000000e-03
8.429030427208e-01 5.603285835508e+00 5.000000000000e-03
5.225913170030e+00 4.163871015531e+00 5.000000000000e-03
1.338253746347e-01 4.422149738140e+00 5.000000000000e-03
3.510285668279e+00 5.234443271999e+00 5.000000000000e-03
2.609574781631e+00 7.688960299760e-01 5.000000000000e-03
3.482460730082e+00 2.995375649063e-01 5.000000000000e-03
4.923368731686e+00 5.687148407149e+00 5.000000000000e-03
2.637354186464e+00 3.791929474209e+00 5.000000000000e-03
1.228539936159e+00 1.924964014679e+00 5.000000000000e-03
2.150578923085e+00 2.349547424155e+00 5.000000000000e-03
1.641106865049e+00 5.820322650588e+00 5.000000000000e-03
5.737782283651e-01 6.186141698570e+00 5.000000000000e-03
1.287631352721e+00 6.371734021152e-01 5.000000000000e-03
1.473089189050e+00 4.317013132587e+00 5.000000000000e-03
2.154843757818e-01 5.339490512755e+00 5.000000000000e-03
5.111829655635e-01 2.356638953166e+00 5.000000000000e-03
4.203379494770e+00 4.668749160189e+00 5.000000000000e-03
2.283911441378e+00 5.250713967265e+00 5.000000000000e-03
3.126355246498e+00 1.243286604560e-01 5.000000000000e-03
5.379413817517e+00 2.814111879511e+00 5.000000000000e-03
6.070520236669e+00 2.997339419572e+00 5.000000000000e-03
1.896109892665e+00 2.734768151651e+00 5.000000000000e-03
6.812935439571e-01 4.335528860164e+00 5.000000000000e-03
5.760309915996e+00 5.728667158696e-01 5.000000000000e-03
5.778897132478e+00 1.567610318214e+00 5.000000000000e-03
5.105219429319e+00 4.540373055306e+00 5.000000000000e-03
4.820113272022e+00 2.775347949576e+00 5.000000000000e-03
2.029203953548e+00 9.201265378115e-01 5.000000000000e-03
1.985458395348e+00 1.708013406374e+00 5.000000000000e-03
1.617619733923e+00 6.022072566747e+00 5.000000000000e-03
7.314164138609e-01 3.421836102196e+00 5.000000000000e-03
3.225270728271e+00 4.919781785827e+00 5.000000000000e-03
5.581867113875e+00 4.194920810421e+00 5.000000000000e-03
4.859421006273e+00 1.753036736220e+00 5.000000000000e-03
5.087019010208e+00 5.054501926346e+00 5.000000000000e-03
3.399706555581e+00 4.783096208984e+00 5.000000000000e-03
4.592021124021e+00 2.904772270352e+00 5.000000000000e-03
3.579899325466e+00 4.798940218731e+00 5.000000000000e-03
2.111744512914e+00 4.103642964532e+00 5.000000000000e-03
1.744872134781e+00 9.343451149204e-01 5.000000000000e-03
5.902790010372e+00 3.376908871967e+00 -5.000000000000e-03
3.071376291127e+00 1.869266041533e+00 -5.000000000000e-03
4.028347147389e+00 4.362139396373e-01 -5.000000000000e-03
5.144394712700e+00 4.077244037386e+00 -5.000000000000e-03
7.797058370440e-02 6.078140029172e+00 -5.000000000000e-03
1.278213642586e+00 3.924177747551e-01 -5.000000000000e-03
2.914706029415e+00 4.612234789488e+00 -5.000000000000e-03
1.194706589069e+00 2.603548115942e+00 -5.000000000000e-03
2.021324030456e-01 2.377742857808e-01 -5.000000000000e-03
2.996916382062e+00 4.148539140053e-01 -5.000000000000e-03
1.978658760792e+00 2.690050851012e+00 -5.000000000000e-03
7.301871362408e-01 4.489065952358e+00 -5.000000000000e-03
3.480661806887e+00 4.163918631539e+00 -5.000000000000e-03
6.197007508153e+00 5.115762492762e+00 -5.000000000000e-03
4.355158956255e+00 4.428256759650e+00 -5.000000000000e-03
5.718199103959e+00 2.102537888378e+00 -5.000000000000e-03
3.572763150936e+00 1.933817394859e+00 -5.000000000000e-03
8.384851706464e-01 1.742154383913e+00 -5.000000000000e-03
4.269808935272e+00 4.965710429093e+00 -5.000000000000e-03
2.599688859801e+00 2.546851376044e+00 -5.000000000000e-03
5.670256407380e+00 9.770868793348e-01 -5.000000000000e-03
4.319548233322e-01 3.499706387368e+00 -5.000000000000e-03
1.144279052550e+00 2.515844422973e+00 -5.000000000000e-03
6.067090841700e+00 2.815768097136e+00 -5.000000000000e-03
2.017915914625e+00 2.755985515421e+00 -5.000000000000e-03
4.095641260747e-02 1.139203900916e+00 -5.000000000000e-03
6.199198456660e+00 7.050179157027e-01 -5.000000000000e-03
5.946752630857e+00 5.177187986215e+00 -5.000000000000e-03
3.519433153905e+00 3.955938817940e+00 -5.000000000000e-03
2.179812459022e+00 4.010688036964e+00 -5.000000000000e-03
4.194682535089e+00 1.366946373083e+00 -5.000000000000e-03
4.999364756096e+00 1.105145239388e+00 -5.000000000000e-03
4.148073590257e+00 9.002433176612e-01 -5.000000000000e-03
7.942889060388e-01 3.927423619057e+00 -5.000000000000e-03
1.654904966440e+00 3.575560115194e+00 -5.000000000000e-03
1.308768062028e+00 4.393320701194e+00 -5.000000000000e-03
4.606849171887e+00 5.040865839962e+00 -5.000000000000e-03
4.345257891503e+00 4.376045317048e+00 -5.000000000000e-03
4.382596849723e+00 7.087537511154e-01 -5.000000000000e-03
5.680915701755e+00 3.657091548630e+00 -5.000000000000e-03
3.017896967594e+00 1.546162136124e+00 -5.000000000000e-03
6.099201777826e+00 3.867348440090e+00 -5.000000000000e-03
4.877144536648e-01 1.785969017772e+00 -5.000000000000e-03
5.634498867556e+00 5.374858319789e-01 -5.000000000000e-03
3.457054213697e+00 3.842677391411e+00 -5.000000000000e-03
5.641762642446e+00 5.422451830263e+00 -5.000000000000e-03
2.083945073706e+00 3.964838514670e+00 -5.000000000000e-03
6.150895660761e+00 3.014496394579e+00 -5.000000000000e-03
4.834978232278e-01 3.445794571588e+00 -5.000000000000e-03
6.203944540701e+00 2.146856336094e+00 -5.000000000000e-03
5.822574091052e+00 1.933521886535e+00 -5.000000000000e-03
5.176913463410e+00 4.293756098716e+00 -5.000000000000e-03
4.047644132077e+00 2.540886559125e+00 -5.000000000000e-03
1.078509147274e+00 2.762071974027e+00 -5.000000000000e-03
3.793755644506e+00 3.434325530649e+00 -5.000000000000e-03
5.017415544882e+00 6.280155281701e+00 -5.000000000000e-03
5.451582592299e+00 6.107705750245e+00 -5.000000000000e-03
5.232370417758e+00 5.849283949646e+00 -5.000000000000e-03
4.919000091527e+00 5.224346138441e-01 -5.000000000000e-03
1.723256915116e+00 5.023838843444e+00 -5.000000000000e-03
6.232192692804e+00 5.320193264415e+00 -5.000000000000e-03
5.796647994143e-01 5.735209071630e+00 -5.000000000000e-03
3.920966127371e+00 3.582905292222e+00 -5.000000000000e-03
5.008990268250e+00 5.263193298260e+00 -5.000000000000e-03
4.845671587256e+00 6.051498529801e+00 -5.000000000000e-03
1.869926699918e+00 2.577395246055e+00 -5.000000000000e-03
2.502349727467e+00 3.900523538486e-01 -5.000000000000e-03
4.668927896166e+00 2.163356527836e+00 -5.000000000000e-03
2.842372512566e+00 4.437378961043e+00 -5.000000000000e-03
4.389048942480e+00 6.226153207708e+00 -5.000000000000e-03
2.286563796863e+00 1.538904242868e+00 -5.000000000000e-03
2.760814745999e+00 1.315233833019e+00 -5.000000000000e-03
3.672281745966e+00 5.438108907430e+00 -5.000000000000e-03
2.381082730694e+00 4.707051822804e+00 -5.000000000000e-03
2.584035772389e+00 2.783976927535e+00 -5.000000000000e-03
3.115551942548e+00 4.147982941800e+00 -5.000000000000e-03
6.645786323098e-01 3.443440465361e+00 -5.000000000000e-03
4.648191171275e+00 6.139982876457e+00 -5.000000000000e-03
3.398298181356e+00 7.042643712768e-01 -5.000000000000e-03
1.751575632437e+00 4.917158719198e+00 -5.000000000000e-03
3.176115834115e+00 1.356666373191e+00 -5.000000000000e-03
6.071699272768e+00 6.043961605445e+00 -5.000000000000e-03
2.349993396929e+00 4.526156431251e+00 -5.000000000000e-03
2.513984575946e+00 1.555502023136e+00 -5.000000000000e-03
4.954221003025e+00 7.907462917761e-01 -5.000000000000e-03
5.114451507652e+00 4.925987049811e+00 -5.000000000000e-03
4.543369608845e+00 1.350636879249e+00 -5.000000000000e-03
4.279175435672e+00 1.681716581655e+00 -5.000000000000e-03
7.193690451431e-01 4.173078878328e+00 -5.000000000000e-03
2.883626251392e+00 6.019886110806e-01 -5.000000000000e-03
2.407119990318e+00 4.365266516799e+00 -5.000000000000e-03
4.456298523534e+00 4.648589747767e+00 -5.000000000000e-03
5.433233407162e-01 5.374838988043e+00 -5.000000000000e-03
3.436912352984e-03 4.159962556887e+00 -5.000000000000e-03
1.596868741052e+00 5.907397927912e+00 -5.000000000000e-03
2.901048102284e+00 1.113046069201e+00 -5.000000000000e-03
2.484591518449e-01 2.716305593751e+00 -5.000000000000e-03
2.036070654623e+00 3.054751050550e-01 -5.000000000000e-03
4.772252537428e+00 2.198342031705e+00 -5.000000000000e-03
3.391879493032e+00 1.458848793266e+00 -5.000000000000e-03
