1.582162826178e+00 4.596242496867e+00 5.000000000000e-03
5.899742408695e+00 1.105213823776e+00 5.000000000000e-03
1.130547037953e+00 2.927326636784e+00 5.000000000000e-03
4.135698147062e-01 4.426541185569e+00 5.000000000000e-03
4.744817377170e+00 5.677207570172e+00 5.000000000000e-03
1.939162775950e-01 3.448815217703e+00 5.000000000000e-03
4.645111563151e+00 2.477996906698e+00 5.000000000000e-03
8.407823205267e-01 1.974434989904e+00 5.000000000000e-03
1.334518591515e+00 5.295896753639e+00 5.000000000000e-03
3.582809040013e+00 4.925597592368e-01 5.000000000000e-03
4.213291023765e-01 7.193872496314e-01 5.000000000000e-03
2.808082136472e+00 3.714281812911e+00 5.000000000000e-03
1.240924759212e+00 3.330860088708e+00 5.000000000000e-03
6.185113663933e+00 2.494288316052e+00 5.000000000000e-03
3.741258627496e+00 3.610596361040e+00 5.000000000000e-03
2.604001076917e+00 5.230333739139e+00 5.000000000000e-03
2.552313325589e+00 4.106044479364e+00 5.000000000000e-03
3.616360900174e+00 5.362509256870e+00 5.000000000000e-03
5.425237905326e+00 1.369498528286e+00 5.000000000000e-03
4.102170987467e+00 3.339996173441e+00 5.000000000000e-03
5.563011549059e+00 3.285353123338e+00 5.000000000000e-03
2.938782634728e+00 1.785143190136e+00 5.000000000000e-03
5.119103566485e+00 2.013635609711e+00 5.000000000000e-03
1.928846000916e+00 5.388555932786e+00 5.000000000000e-03
3.882863901728e+00 2.581206002491e+00 5.000000000000e-03
5.520862893042e+00 1.185893862142e+00 5.000000000000e-03
5.482953653196e+00 5.813137919212e-01 5.000000000000e-03
2.227433779723e+00 4.383044052438e+00 5.000000000000e-03
3.035629665291e-02 8.645230074164e-02 5.000000000000e-03
4.189363136495e+00 2.537227678851e+00 5.000000000000e-03
6.173570877125e+00 4.026917541092e+00 5.000000000000e-03
3.693179680585e+00 2.142111719703e+00 5.000000000000e-03
5.314590574367e+00 5.396934601880e+00 5.000000000000e-03
1.718872361728e+00 1.711664337909e-01 5.000000000000e-03
2.026411911671e+00 4.361730876239e+00 5.000000000000e-03
1.192613992219e+00 5.588337689263e+00 5.000000000000e-03
5.275624781658e+00 5.847877839810e+00 5.000000000000e-03
2.020714463891e+00 2.224106410044e+00 5.000000000000e-03
2.338206623333e+00 1.919418479553e+00 5.000000000000e-03
2.733134594423e+00 2.168051765672e+00 5.000000000000e-03
5.992366193700e-01 4.776995659143e+00 5.000000000000e-03
4.008511316347e+00 5.928791948905e+00 5.000000000000e-03
5.320165885725e+00 2.388962916469e+00 5.000000000000e-03
5.456122290646e+00 5.272341038820e+00 5.000000000000e-03
4.436707676237e-02 5.397144374058e+00 5.000000000000e-03
3.136139228050e+00 1.059760551985e+00 5.000000000000e-03
1.755083982277e-01 2.253906727426e+00 5.000000000000e-03
2.498018339849e+00 3.622742114998e+00 5.000000000000e-03
2.705097812759e-01 5.476075524544e+00 5.000000000000e-03
3.199784104685e+00 4.134714148982e+00 5.000000000000e-03
6.269501356357e+00 4.537839227303e+00 5.000000000000e-03
5.977956737413e-01 2.908761098570e+00 5.000000000000e-03
4.646041905479e+00 3.221683062875e+00 5.000000000000e-03
4.841117322043e+00 9.922222402933e-01 5.000000000000e-03
1.870501797910e+00 2.401415079949e+00 5.000000000000e-03
5.083930525260e+00 1.264386147023e+00 5.000000000000e-03
3.631443547752e+00 4.103411486797e+00 5.000000000000e-03
4.313024291824e-01 1.252086208524e+00 5.000000000000e-03
2.391352135618e+00 4.914215787691e+00 5.000000000000e-03
4.709682436069e+00 5.459681652388e+00 5.000000000000e-03
3.806910912454e+00 2.242985790531e+00 5.000000000000e-03
3.956899525265e+00 1.682319051008e+00 5.000000000000e-03
1.285545960583e+00 5.768887193202e+00 5.000000000000e-03
8.882763041592e-01 4.438436792124e+00 5.000000000000e-03
6.576004280694e-01 5.299062665498e+00 5.000000000000e-03
2.151269460244e+00 3.964541687346e+00 5.000000000000e-03
1.022030411008e+00 1.408561265761e+00 5.000000000000e-03
9.765381996449e-01 6.054910152121e-01 5.000000000000e-03
3.593001348114e+00 4.897970178563e+00 5.000000000000e-03
1.291615341357e+00 2.326510360084e+00 5.000000000000e-03
6.092592707246e+00 1.045149075067e+00 5.000000000000e-03
4.125407438708e+00 3.601386874990e+00 5.000000000000e-03
3.725711126077e+00 5.408172659142e+00 5.000000000000e-03
3.117770034056e+00 3.092975742540e+00 5.000000000000e-03
4.671918973806e+00 3.093608880422e+00 5.000000000000e-03
4.493762223358e+00 1.697497620420e+00 5.000000000000e-03
4.196329646592e-01 9.441295478857e-01 5.000000000000e-03
3.941116226309e+00 4.879988051910e+00 5.000000000000e-03
3.279685034520e+00 8.099116296492e-01 5.000000000000e-03
3.555574558429e+00 5.821484964078e+00 5.000000000000e-03
5.489462080196e+00 2.989234374815e+00 5.000000000000e-03
1.329440851789e+00 3.393513919037e+00 5.000000000000e-03
6.088525510166e-01 4.370793497237e+00 5.000000000000e-03
3.374651580521e+00 3.560955750493e+00 5.000000000000e-03
4.515602909516e+00 3.924342778094e-02 5.000000000000e-03
1.324661254583e+00 1.053317639982e-01 5.000000000000e-03
5.126686779548e+00 3.586169687088e+00 5.000000000000e-03
5.332917703098e+00 2.510675076262e+00 5.000000000000e-03
8.263170579039e-01 3.788724527743e+00 5.000000000000e-03
5.486483492956e+00 3.844288016531e+00 5.000000000000e-03
9.089356770122e-01 5.117853888855e+00 5.000000000000e-03
3.703857567573e+00 4.511930122419e+00 5.000000000000e-03
4.386361854542e+00 5.012935939547e+00 5.000000000000e-03
9.299680845848e-01 9.294975245763e-01 5.000000000000e-03
3.711368005255e+00 2.848543616167e+00 5.000000000000e-03
3.719302748850e+00 4.066091550195e+00 5.000000000000e-03
5.816157170679e+00 3.633747584167e+00 5.000000000000e-03
2.115866263438e+00 1.304349715901e+00 5.000000000000e-03
8.100461480992e-01 4.331335094899e+00 5.000000000000e-03
5.694184153103e-01 5.579434395647e+00 5.000000000000e-03
3.507202186888e+00 3.304484314879e-02 -5.000000000000e-03
4.879951754570e+00 1.424968729926e+00 -5.000000000000e-03
5.282144004910e+00 4.145692579706e+00 -5.000000000000e-03
9.874227867193e-01 3.114567259488e+00 -5.000000000000e-03
5.426730203256e+00 3.108562944753e+00 -5.000000000000e-03
9.227295565472e-01 6.068902472737e+00 -5.000000000000e-03
4.421220589181e+00 2.101572656232e+00 -5.000000000000e-03
2.188608876930e+00 2.663745556258e+00 -5.000000000000e-03
1.872093425949e+00 5.691068976271e+00 -5.000000000000e-03
7.253631805903e-01 4.986885568332e+00 -5.000000000000e-03
4.171473691939e+00 8.118186910768e-01 -5.000000000000e-03
1.656489900112e+00 6.152100347429e+00 -5.000000000000e-03
6.250587119186e+00 1.846339950993e+00 -5.000000000000e-03
4.426771092218e+00 4.508773583939e+00 -5.000000000000e-03
2.693590235383e+00 5.338338844240e+00 -5.000000000000e-03
6.135179905695e+00 3.818730754142e+00 -5.000000000000e-03
1.801889905112e+00 2.929024903096e+00 -5.000000000000e-03
3.554080926546e-03 3.742151950461e+00 -5.000000000000e-03
5.301992647488e+00 4.217380070465e+00 -5.000000000000e-03
5.920145660142e+00 3.365862983143e+00 -5.000000000000e-03
1.301077117860e+00 4.760524527587e+00 -5.000000000000e-03
3.286420736395e+00 1.995453158209e+00 -5.000000000000e-03
4.823085329889e+00 6.887687619100e-01 -5.000000000000e-03
2.069733614914e+00 8.636597059648e-01 -5.000000000000e-03
5.187213791046e+00 6.075055799934e+00 -5.000000000000e-03
2.379047041708e+00 5.533258688134e+00 -5.000000000000e-03
2.329052968405e+00 4.805864155396e+00 -5.000000000000e-03
2.912464058553e+00 5.765659732923e+00 -5.000000000000e-03
4.666252600061e+00 4.815948049784e+00 -5.000000000000e-03
4.580886484947e+00 4.456502906598e+00 -5.000000000000e-03
2.278641980848e+00 1.555748262022e+00 -5.000000000000e-03
2.283392881352e+00 1.081388825412e+00 -5.000000000000e-03
4.603885253513e+00 2.404904173789e+00 -5.000000000000e-03
2.170534276961e+00 2.542265059783e+00 -5.000000000000e-03
2.330963784518e+00 4.939095884723e+00 -5.000000000000e-03
5.482250095768e-01 2.845141700578e+00 -5.000000000000e-03
8.617586299575e-01 8.021075780383e-01 -5.000000000000e-03
5.813961138966e+00 5.015358912152e+00 -5.000000000000e-03
4.862076549527e+00 2.803518526600e+00 -5.000000000000e-03
2.551403046114e+00 1.010189720433e+00 -5.000000000000e-03
1.310370241554e+00 4.726788962036e+00 -5.000000000000e-03
2.730666361876e+00 3.842533464305e+00 -5.000000000000e-03
4.995701816661e+00 2.770660349557e+00 -5.000000000000e-03
3.816802790364e+00 3.691089653063e+00 -5.000000000000e-03
5.819365203665e+00 4.546472747153e+00 -5.000000000000e-03
3.652216083662e+00 4.691839151471e+00 -5.000000000000e-03
1.630489516232e+00 5.365789754495e+00 -5.000000000000e-03
2.753440242818e+00 3.201668856337e+00 -5.000000000000e-03
4.363836143169e+00 3.698216860744e+00 -5.000000000000e-03
5.118098969184e+00 6.143239804077e+00 -5.000000000000e-03
3.850648477110e-01 2.726729801575e+00 -5.000000000000e-03
5.828180410178e+00 3.695416464414e+00 -5.000000000000e-03
4.814472381137e+00 2.970740490366e+00 -5.000000000000e-03
5.038312889873e+00 4.598826830539e+00 -5.000000000000e-03
5.303829696059e+00 4.588328606957e+00 -5.000000000000e-03
5.236061555589e+00 2.037303810222e+00 -5.000000000000e-03
5.104641603870e+00 3.973064588230e+00 -5.000000000000e-03
2.363053371823e+00 2.030051639384e+00 -5.000000000000e-03
2.476301279071e+00 1.938751097471e+00 -5.000000000000e-03
5.637500495605e-01 1.737475458870e+00 -5.000000000000e-03
1.763138842524e+00 6.138065955921e+00 -5.000000000000e-03
2.884633304397e+00 1.730772040407e+00 -5.000000000000e-03
5.474552555232e+00 5.736247069102e+00 -5.000000000000e-03
4.317575184203e+00 6.290149482934e-01 -5.000000000000e-03
4.379240939313e+00 5.162938925048e-01 -5.000000000000e-03
5.217381472856e+00 9.285234488623e-01 -5.000000000000e-03
5.243163005480e+00 4.555179714929e+00 -5.000000000000e-03
1.390925852665e+00 2.591587739017e+00 -5.000000000000e-03
3.904201829256e+00 5.389835059502e-01 -5.000000000000e-03
3.561426769525e+00 1.543772276166e+00 -5.000000000000e-03
4.211152671832e-01 2.786564829076e+00 -5.000000000000e-03
3.199626326838e+00 4.012403341893e+00 -5.000000000000e-03
2.840196062216e+00 5.572837000233e+00 -5.000000000000e-03
2.938129385899e+00 8.539677811975e-01 -5.000000000000e-03
5.888740345922e-01 3.504698306577e+00 -5.000000000000e-03
5.240558348909e+00 8.228842177818e-01 -5.000000000000e-03
4.862032188128e+00 3.617397852028e+00 -5.000000000000e-03
2.826393299247e+00 2.876410507378e+00 -5.000000000000e-03
4.296750487522e+00 3.510797894124e+00 -5.000000000000e-03
1.229549148965e+00 2.286968041380e+00 -5.000000000000e-03
3.309065545679e+00 2.127723707845e+00 -5.000000000000e-03
3.629750270802e+00 2.702196830911e+00 -5.000000000000e-03
2.310961172566e+00 4.596831204776e+00 -5.000000000000e-03
2.970318013590e-01 1.363980065584e+00 -5.000000000000e-03
1.635910236759e+00 3.541500824622e+00 -5.000000000000e-03
3.137046080454e+00 3.475860514353e+00 -5.000000000000e-03
1.089881942466e+00 3.464722067610e+00 -5.000000000000e-03
1.544874112461e+00 3.049652411955e+00 -5.000000000000e-03
2.542927672516e+00 3.242149961163e-01 -5.000000000000e-03
1.857312782618e-01 3.282079320494e+00 -5.000000000000e-03
5.445493123269e+00 3.476371628777e-01 -5.000000000000e-03
1.227239164148e+00 1.937247503239e+00 -5.000000000000e-03
5.669858670727e+00 3.892733113450e+00 -5.000000000000e-03
5.318016378963e+00 3.982248494020e+00 -5.000000000000e-03
1.664231556809e+00 4.441239960345e-01 -5.000000000000e-03
3.351023729876e+00 2.096237101936e+00 -5.000000000000e-03
1.383208501328e+00 3.608970334900e-01 -5.000000000000e-03
2.367046001016e+00 6.210740760357e+00 -5.000000000000e-03
4.901284002608e+00 2.966810474741e-01 -5.000000000000e-03
4.429383966738e+00 8.871544359508e-01 -5.000000000000e-03
