5.134139415027e+00 5.960332409799e+00 5.000000000000e-03
6.392135904651e-01 2.903452913177e+00 5.000000000000e-03
3.215870651819e+00 1.948710922939e+00 5.000000000000e-03
6.030146456298e+00 3.390171509634e+00 5.000000000000e-03
6.241029353182e+00 3.321706040085e+00 5.000000000000e-03
1.214317391853e+00 3.902108727295e+00 5.000000000000e-03
2.072661341813e+00 5.649719987075e-01 5.000000000000e-03
9.751759251866e-01 5.429611287363e+00 5.000000000000e-03
1.632389638834e+00 9.291425057089e-01 5.000000000000e-03
4.272375806239e+00 6.134498537964e+00 5.000000000000e-03
4.250891448469e-01 2.200653532915e+00 5.000000000000e-03
3.988382129750e+00 5.498486041717e+00 5.000000000000e-03
4.848115521340e-02 5.192737288878e+00 5.000000000000e-03
3.806882035763e+00 1.155068575141e+00 5.000000000000e-03
4.528973589978e+00 5.530391226363e+00 5.000000000000e-03
1.107053165536e+00 2.779389159587e+00 5.000000000000e-03
2.722860103021e-02 1.585999234125e+00 5.000000000000e-03
2.744640385286e+00 1.025504698606e-01 5.000000000000e-03
3.684886635231e+00 1.447045223706e+00 5.000000000000e-03
1.275556092585e+00 2.561362073553e+00 5.000000000000e-03
4.982629609256e+00 8.039441885935e-01 5.000000000000e-03
3.706308283578e+00 6.014577956471e+00 5.000000000000e-03
1.517240729954e+00 3.334937715657e+00 5.000000000000e-03
2.848639190512e+00 1.680010574426e+00 5.000000000000e-03
2.402348276456e-01 5.215888814381e+00 5.000000000000e-03
2.628033293028e+00 3.208928722563e+00 5.000000000000e-03
2.288337158790e+00 7.687119044642e-01 5.000000000000e-03
2.798717294721e+00 3.309577668754e+00 5.000000000000e-03
6.136446201479e+00 5.205630964426e+00 5.000000000000e-03
3.374670752575e+00 4.356365127290e+00 5.000000000000e-03
1.294566840173e+00 3.903798548414e+00 5.000000000000e-03
3.721517388619e+00 4.707114996211e+00 5.000000000000e-03
1.541259763368e+00 4.770364788552e+00 5.000000000000e-03
5.130905318789e+00 5.683975483344e+00 5.000000000000e-03
1.701172451157e+00 5.294049239122e+00 5.000000000000e-03
5.967191989122e+00 3.421950636890e+00 5.000000000000e-03
3.858851382112e+00 3.079895515410e+00 5.000000000000e-03
4.464888639101e+00 5.932337286628e+00 5.000000000000e-03
2.104212727581e+00 2.530494669257e+00 5.000000000000e-03
3.169461518271e-02 3.557041697375e-01 5.000000000000e-03
3.412522891792e-01 1.303686770946e+00 5.000000000000e-03
6.079363300447e+00 3.873754555063e+00 5.000000000000e-03
3.794044781856e+00 5.541900473203e+00 5.000000000000e-03
1.558206272057e+00 1.897620388307e+00 5.000000000000e-03
8.147292460378e-01 3.690510086421e+00 5.000000000000e-03
2.025384168492e+00 5.563505672528e+00 5.000000000000e-03
3.687453053410e+00 4.321141933648e+00 5.000000000000e-03
6.057058892097e+00 6.126487620963e+00 5.000000000000e-03
5.053351523035e-01 3.053255211423e+00 5.000000000000e-03
4.472441998471e+00 1.133284572772e+00 5.000000000000e-03
1.039974146091e+00 2.238578027231e+00 5.000000000000e-03
4.954341638535e+00 4.532231976742e+00 5.000000000000e-03
2.351047354677e+00 3.687533148871e+00 5.000000000000e-03
2.792919876915e+00 2.030907185803e+00 5.000000000000e-03
5.090194491875e+00 1.172587657038e+00 5.000000000000e-03
5.111887181415e+00 3.385978929284e+00 5.000000000000e-03
2.100873344206e+00 2.474916762564e+00 5.000000000000e-03
3.023781085808e+00 4.644380927859e+00 5.000000000000e-03
5.459831358964e+00 6.208090842956e+00 5.000000000000e-03
5.675747378024e+00 5.153463914325e+00 5.000000000000e-03
5.202240856553e+00 4.533856106262e+00 5.000000000000e-03
3.390143506820e+00 4.121921738644e+00 5.000000000000e-03
4.608077253172e+00 5.214474388691e+00 5.000000000000e-03
1.242772592610e+00 5.163770953683e+00 5.000000000000e-03
4.244130733657e+00 5.327967529785e+00 5.000000000000e-03
8.675209349049e-01 3.141620023442e+00 5.000000000000e-03
4.082718266542e+00 3.658706691295e+00 5.000000000000e-03
3.288527762490e+00 3.594813839566e+00 5.000000000000e-03
2.180343274797e+00 7.794743019536e-01 5.000000000000e-03
2.709355090295e+00 2.670757867863e+00 5.000000000000e-03
1.734627005545e-01 4.030194680291e+00 5.000000000000e-03
2.219891873422e+00 3.489777543014e+00 5.000000000000e-03
1.202870133670e+00 5.414316193121e+00 5.000000000000e-03
3.473655993004e+00 1.579290388208e+00 5.000000000000e-03
5.673619759970e+00 2.372997000835e+00 5.000000000000e-03
3.501127868116e+00 1.990711661481e+00 5.000000000000e-03
4.237012673247e+00 3.470463849468e+00 5.000000000000e-03
2.866975568872e+00 2.317159671997e+00 5.000000000000e-03
1.663070472620e+00 2.573883416581e+00 5.000000000000e-03
4.345365176035e+00 3.689856659748e+00 5.000000000000e-03
1.217745821974e+00 4.703559858375e+00 5.000000000000e-03
4.602781647227e+00 9.426358943849e-01 5.000000000000e-03
1.082106822941e+00 1.400752541074e+00 5.000000000000e-03
4.874078502552e+00 2.667167481052e+00 5.000000000000e-03
6.064284961753e+00 2.835808276831e+00 5.000000000000e-03
1.126002803666e+00 1.193465981516e+00 5.000000000000e-03
5.283318164866e-02 2.504679853949e-01 5.000000000000e-03
2.170511744284e+00 2.466852919967e+00 5.000000000000e-03
9.281716970600e-02 2.962674352383e+00 5.000000000000e-03
3.459562707775e+00 5.612670012863e+00 5.000000000000e-03
2.812798239033e+00 1.516017229297e-01 5.000000000000e-03
2.265741153698e+00 3.923088502997e+00 5.000000000000e-03
4.864253337411e+00 4.469578083531e+00 5.000000000000e-03
3.171480013751e+00 1.069063924350e+00 5.000000000000e-03
4.231865528672e+00 1.301948788669e-03 5.000000000000e-03
3.359939697532e+00 4.726269684870e+00 5.000000000000e-03
3.690273622220e-01 2.324634525610e+00 5.000000000000e-03
1.687125670189e+00 3.567045740618e+00 5.000000000000e-03
4.993623392016e+00 3.744204660083e+00 5.000000000000e-03
3.082025742752e+00 4.616587779057e+00 5.000000000000e-03
3.093035200348e-01 4.261950991020e+00 -5.000000000000e-03
1.873198757219e+00 2.077537597338e+00 -5.000000000000e-03
3.789061499664e+00 3.597281079316e+00 -5.000000000000e-03
5.238470429007e+00 2.360517098726e+00 -5.000000000000e-03
7.916741818216e-01 3.489712428557e+00 -5.000000000000e-03
4.344667856248e+00 1.922048662373e+00 -5.000000000000e-03
2.590790976071e+00 3.849189250133e+00 -5.000000000000e-03
5.233689076141e-01 4.877212031506e-01 -5.000000000000e-03
8.398119453196e-01 2.814403748281e+00 -5.000000000000e-03
5.088659997366e+00 4.355764825124e+00 -5.000000000000e-03
4.325527530895e-01 4.179356252479e+00 -5.000000000000e-03
2.986649120425e+00 4.313853798451e+00 -5.000000000000e-03
2.129717758887e+00 4.372197931637e+00 -5.000000000000e-03
8.791441169141e-01 4.246102594692e+00 -5.000000000000e-03
7.692426769483e-01 4.674939588859e+00 -5.000000000000e-03
2.094381629669e+00 5.951962211764e+00 -5.000000000000e-03
1.072134050021e+00 4.369285180359e+00 -5.000000000000e-03
5.885864004228e+00 1.601720162327e+00 -5.000000000000e-03
4.086264767065e+00 3.070276878498e+00 -5.000000000000e-03
3.393843148479e+00 1.261473500828e+00 -5.000000000000e-03
2.175834704227e+00 1.393094775687e-01 -5.000000000000e-03
3.144615160985e+00 2.221686780958e-01 -5.000000000000e-03
4.906041408567e+00 2.238135115775e+00 -5.000000000000e-03
6.444189138935e-01 1.400868433317e+00 -5.000000000000e-03
5.802769067549e-01 1.891962859021e+00 -5.000000000000e-03
4.146342331323e-01 1.740176892355e+00 -5.000000000000e-03
3.736326676984e+00 3.526337196530e+00 -5.000000000000e-03
4.149213318962e+00 2.328218870327e+00 -5.000000000000e-03
6.781342578868e-01 5.141190615855e+00 -5.000000000000e-03
4.439499826489e+00 3.965404386248e+00 -5.000000000000e-03
2.186183280480e+00 4.187089460903e+00 -5.000000000000e-03
3.346911711034e+00 8.795201019073e-01 -5.000000000000e-03
1.552602723870e+00 5.898170261213e+00 -5.000000000000e-03
4.486221842320e-01 3.570991174636e+00 -5.000000000000e-03
1.724446067760e-01 3.895819564313e+00 -5.000000000000e-03
5.157201304748e+00 3.694539176338e+00 -5.000000000000e-03
2.208744716184e+00 1.646914969534e+00 -5.000000000000e-03
6.114568118681e+00 5.799051821755e+00 -5.000000000000e-03
2.583578661784e+00 2.305131970910e+00 -5.000000000000e-03
3.103107502759e-01 2.930898407397e-01 -5.000000000000e-03
2.205478052673e+00 1.529695682830e-01 -5.000000000000e-03
3.749224203558e+00 4.943467636770e+00 -5.000000000000e-03
2.905555842922e+00 4.397234996649e+00 -5.000000000000e-03
9.255820882386e-02 2.296334891618e+00 -5.000000000000e-03
4.945161106696e+00 3.215212190162e+00 -5.000000000000e-03
5.559756605597e+00 7.377142940640e-01 -5.000000000000e-03
2.636218171550e+00 1.678131198104e+00 -5.000000000000e-03
1.952443296556e+00 1.406364642616e-01 -5.000000000000e-03
5.588635185584e+00 2.045194059546e+00 -5.000000000000e-03
3.072981077649e-01 3.246313784559e+00 -5.000000000000e-03
1.367369337719e-01 2.850997611942e+00 -5.000000000000e-03
4.969643990060e+00 2.328267499056e+00 -5.000000000000e-03
2.968521842823e+00 6.393294994370e-01 -5.000000000000e-03
3.647528666366e+00 2.935969880815e+00 -5.000000000000e-03
4.819356497106e+00 2.555036921032e+00 -5.000000000000e-03
5.697933767905e+00 3.778446817551e+00 -5.000000000000e-03
2.912052492638e+00 3.153069053145e+00 -5.000000000000e-03
1.703377881460e+00 1.937892911642e+00 -5.000000000000e-03
3.172442921385e+00 1.322523603241e+00 -5.000000000000e-03
3.757062975199e-01 1.014351818859e+00 -5.000000000000e-03
3.516419416363e+00 3.476767390941e+00 -5.000000000000e-03
2.076091011771e+00 5.713486387783e+00 -5.000000000000e-03
4.517898698885e+00 6.058473482614e+00 -5.000000000000e-03
3.634239560252e+00 1.108221655959e+00 -5.000000000000e-03
3.450458421289e+00 1.447998570915e+00 -5.000000000000e-03
3.765457285477e+00 5.563265928532e+00 -5.000000000000e-03
4.303028662488e-01 4.030238027727e+00 -5.000000000000e-03
4.418788971180e+00 2.044670649213e+00 -5.000000000000e-03
1.197396188048e+00 3.084894183393e+00 -5.000000000000e-03
6.031206348384e+00 4.340593903337e+00 -5.000000000000e-03
4.801014620285e+00 1.804396991757e+00 -5.000000000000e-03
5.637231685754e+00 2.464084605788e+00 -5.000000000000e-03
6.254476551649e-01 5.131712973165e+00 -5.000000000000e-03
4.755806755574e+00 4.250159544479e+00 -5.000000000000e-03
3.072718591334e+00 3.804925273422e-01 -5.000000000000e-03
2.039396982115e+00 5.427993078191e+00 -5.000000000000e-03
2.004640430267e-01 4.847197220740e+00 -5.000000000000e-03
2.759858035070e+00 4.338380306043e+00 -5.000000000000e-03
1.957497314569e-01 2.922058186626e+00 -5.000000000000e-03
1.461799878293e+00 4.250841621323e+00 -5.000000000000e-03
6.240025764713e+00 1.295692929574e+00 -5.000000000000e-03
3.503150902627e+00 2.627786774131e+00 -5.000000000000e-03
2.426248480417e+00 3.521319512667e-01 -5.000000000000e-03
1.147739147640e+00 2.915020861017e+00 -5.000000000000e-03
4.056878849839e+00 1.332397452277e+00 -5.000000000000e-03
4.664041412588e+00 8.544879502272e-01 -5.000000000000e-03
5.713121593251e+00 3.198946833880e+00 -5.000000000000e-03
2.291751283784e+00 4.176856541440e+00 -5.000000000000e-03
8.998543100091e-01 3.768327757119e+00 -5.000000000000e-03
4.855297852038e+00 5.699074971783e+00 -5.000000000000e-03
5.399918726676e+00 4.396535353660e+00 -5.000000000000e-03
5.338286886855e+00 1.088534755010e+00 -5.000000000000e-03
5.573477560247e+00 5.838371828291e+00 -5.000000000000e-03
3.294717744518e+00 5.768593831591e+00 -5.000000000000e-03
6.562403681643e-01 6.601727819924e-01 -5.000000000000e-03
1.731279115433e+00 3.820358339810e+00 -5.000000000000e-03
3.571620573689e+00 9.898643637286e-01 -5.000000000000e-03
2.730497063134e+00 2.282771520163e+00 -5.000000000000e-03
6.830701166296e-01 2.171993977532e+00 -5.000000000000e-03
5.964794958622e-01 1.162432786374e-01 -5.000000000000e-03
