3.601014802351e+00 3.020968918627e-01 5.000000000000e-03
4.958506366681e+00 1.245672092686e+00 5.000000000000e-03
3.383491945892e+00 3.220699409974e+00 5.000000000000e-03
3.967781476669e+00 3.268221443736e+00 5.000000000000e-03
2.544069355502e+00 4.593669679865e+00 5.000000000000e-03
2.796724811970e+00 6.213165402075e+00 5.000000000000e-03
5.043094202427e+00 4.753460567496e+00 5.000000000000e-03
2.277552207991e+00 1.187040534440e+00 5.000000000000e-03
4.124430484848e+00 2.956144652579e+00 5.000000000000e-03
9.704593900052e-01 3.913148175258e+00 5.000000000000e-03
1.561678114912e+00 3.324936612791e+00 5.000000000000e-03
1.538914232870e+00 5.516168803436e+00 5.000000000000e-03
5.413573377151e+00 3.902438275978e+00 5.000000000000e-03
4.895017811152e+00 4.529176122782e+00 5.000000000000e-03
3.553927714860e+00 4.800715967476e+00 5.000000000000e-03
2.417886937566e+00 2.806575859126e+00 5.000000000000e-03
3.039379473133e+00 4.023610825000e+00 5.000000000000e-03
4.519881016234e+00 2.899048883263e-01 5.000000000000e-03
4.459090442667e+00 9.311947968534e-01 5.000000000000e-03
2.627413122308e+00 2.363153361283e+00 5.000000000000e-03
3.880029059303e+00 5.828842229358e+00 5.000000000000e-03
7.392643408654e-01 4.045157364291e+00 5.000000000000e-03
3.160118469907e+00 3.789232696952e+00 5.000000000000e-03
1.104433055609e+00 2.996529415518e+00 5.000000000000e-03
2.348857565398e+00 4.805307189271e+00 5.000000000000e-03
4.312221799350e+00 5.272423527910e+00 5.000000000000e-03
3.183340426032e+00 4.291072350403e+00 5.000000000000e-03
2.309519729475e+00 1.846370264961e+00 5.000000000000e-03
4.213841165872e-01 6.281984923359e+00 5.000000000000e-03
5.707139698904e+00 3.332179057695e-01 5.000000000000e-03
4.827638682447e+00 1.494302292504e+00 5.000000000000e-03
2.540829457021e+00 4.702608643251e+00 5.000000000000e-03
1.236005759312e-01 1.434472509860e+00 5.000000000000e-03
5.609550388594e+00 3.489508576595e+00 5.000000000000e-03
2.625003433071e+00 2.176743220257e+00 5.000000000000e-03
4.268538671266e+00 5.045003243973e+00 5.000000000000e-03
1.730128519567e+00 4.859638712511e+00 5.000000000000e-03
2.384734077522e+00 6.308149399493e-01 5.000000000000e-03
3.576504387489e+00 2.301778425569e+00 5.000000000000e-03
3.485158047232e+00 2.869599498680e+00 5.000000000000e-03
3.454011922040e+00 9.272789534286e-01 5.000000000000e-03
6.109023471633e+00 2.598332815062e+00 5.000000000000e-03
2.875373686762e+00 4.778448872261e+00 5.000000000000e-03
1.325533156367e+00 5.846241570718e+00 5.000000000000e-03
4.611423158601e+00 1.039667935963e+00 5.000000000000e-03
6.127817541165e-01 5.517962837026e+00 5.000000000000e-03
2.311512752353e+00 5.763296902950e+00 5.000000000000e-03
4.123149016677e+00 3.315370033238e+00 5.000000000000e-03
6.186231510545e+00 6.269528436653e+00 5.000000000000e-03
5.254714984663e+00 1.262127052809e+00 5.000000000000e-03
1.883169611228e+00 1.929276167094e+00 5.000000000000e-03
1.704706690512e+00 2.651163717335e+00 5.000000000000e-03
6.271351833663e-01 1.122272838065e+00 5.000000000000e-03
4.638171243874e+00 2.723900683200e+00 5.000000000000e-03
3.034222063880e+00 5.095438391429e-01 5.000000000000e-03
1.284785475786e+00 1.960870151321e+00 5.000000000000e-03
5.999330682685e+00 4.977190352534e+00 5.000000000000e-03
3.042874826100e+00 3.714731786673e-01 5.000000000000e-03
5.596723400220e+00 2.427789945768e+00 5.000000000000e-03
3.712114529047e+00 1.057922081505e-01 5.000000000000e-03
4.050645319200e+00 3.912477276144e+00 5.000000000000e-03
2.970647968756e+00 1.840517851560e+00 5.000000000000e-03
4.004125218880e+00 1.579268741016e-01 5.000000000000e-03
2.819087203309e+00 4.817257998203e+00 5.000000000000e-03
5.889575097117e+00 4.676983301718e+00 5.000000000000e-03
2.004460911954e+00 1.597559995811e-01 5.000000000000e-03
1.410432477846e-01 2.328854490953e+00 5.000000000000e-03
3.668252495130e-01 3.118957241620e+00 5.000000000000e-03
5.554465718584e+00 1.348803007108e-01 5.000000000000e-03
1.361375136631e+00 3.924058378907e+00 5.000000000000e-03
6.731552235727e-01 2.916678089793e+00 5.000000000000e-03
4.860604202753e-01 7.012118830548e-01 5.000000000000e-03
2.576036731883e+00 1.467626700452e+00 5.000000000000e-03
5.666085607322e+00 6.648128847264e-01 5.000000000000e-03
3.214271862974e+00 3.659925469107e+00 5.000000000000e-03
3.907573011301e+00 1.213720641411e+00 5.000000000000e-03
4.922186872117e-01 3.705018602155e+00 5.000000000000e-03
1.744751870015e+00 6.439402735506e-02 5.000000000000e-03
3.775936764197e+00 1.916044923522e+00 5.000000000000e-03
1.522013687341e+00 3.508432874718e+00 5.000000000000e-03
5.652906548539e+00 2.745598395330e+00 5.000000000000e-03
5.332293731412e+00 3.820326139883e+00 5.000000000000e-03
2.281568774861e+00 1.692650351426e+00 5.000000000000e-03
4.256596195378e+00 2.817202337606e+00 5.000000000000e-03
9.650206222034e-01 3.492733052664e+00 5.000000000000e-03
4.700298782459e+00 2.884585535404e+00 5.000000000000e-03
3.268531727309e-01 5.769162251123e+00 5.000000000000e-03
4.110581170883e+00 4.342079677355e+00 5.000000000000e-03
6.134497868220e+00 3.076901047203e+00 5.000000000000e-03
5.601233177531e+00 2.907146919230e+00 5.000000000000e-03
3.243237502325e+00 1.873629035552e+00 5.000000000000e-03
1.593678483250e-01 2.080066413203e+00 5.000000000000e-03
2.091092603491e+00 2.204128691239e-01 5.000000000000e-03
4.585072509216e-01 3.343772951291e+00 5.000000000000e-03
4.235004800216e+00 8.026090862898e-01 5.000000000000e-03
4.444097939684e+00 9.842153869553e-01 5.000000000000e-03
4.372841452789e+00 3.847975140055e+00 5.000000000000e-03
2.168611758959e+00 4.482335373715e-01 5.000000000000e-03
3.463519095716e+00 1.367527221731e+00 5.000000000000e-03
3.892778913742e+00 4.208654780408e+00 5.000000000000e-03
6.115266587747e+00 1.660549406559e+00 -5.000000000000e-03
1.177051017412e+00 4.509038329331e+00 -5.000000000000e-03
5.928812197863e+00 2.034353931655e+00 -5.000000000000e-03
3.279414461659e+00 4.516329684050e+00 -5.000000000000e-03
6.396786994380e-01 5.466869069235e-01 -5.000000000000e-03
8.212630900298e-01 4.538172770734e+00 -5.000000000000e-03
5.711283998031e+00 1.142608597074e+00 -5.000000000000e-03
2.980716394949e+00 1.141452352722e+00 -5.000000000000e-03
2.220381008501e+00 3.502481233695e+00 -5.000000000000e-03
4.571832245398e+00 5.969054571523e+00 -5.000000000000e-03
5.051811428566e+00 3.373722488165e+00 -5.000000000000e-03
2.617191285454e-01 2.905466337590e-02 -5.000000000000e-03
2.235548758642e+00 5.340197886524e+00 -5.000000000000e-03
2.759413045244e+00 5.805624833215e+00 -5.000000000000e-03
1.513573896103e+00 3.587549362762e+00 -5.000000000000e-03
1.883498908484e+00 3.927827179599e+00 -5.000000000000e-03
3.780692656526e+00 5.637874671280e+00 -5.000000000000e-03
3.772543830494e+00 7.477513311621e-01 -5.000000000000e-03
1.240371713712e+00 5.744114261221e+00 -5.000000000000e-03
4.912897535402e+00 3.523915820056e+00 -5.000000000000e-03
3.806918055129e+00 4.723765852308e+00 -5.000000000000e-03
1.240851945503e+00 3.082861362883e+00 -5.000000000000e-03
2.491573431426e+00 3.466395037889e+00 -5.000000000000e-03
5.933514145030e+00 3.264793721567e+00 -5.000000000000e-03
2.763336235006e+00 1.419838955506e+00 -5.000000000000e-03
1.076889853105e+00 1.762153320410e+00 -5.000000000000e-03
2.414282113166e+00 1.045805820965e+00 -5.000000000000e-03
6.503567410496e-01 4.260801206844e+00 -5.000000000000e-03
5.788802686303e+00 1.623377679570e+00 -5.000000000000e-03
3.154139822579e+00 5.357046342010e+00 -5.000000000000e-03
5.897867157554e+00 3.839589318878e+00 -5.000000000000e-03
4.900632850074e+00 1.815682455981e+00 -5.000000000000e-03
5.772961798241e+00 6.075238592233e+00 -5.000000000000e-03
5.026725912090e+00 5.315674902790e+00 -5.000000000000e-03
2.499801987611e+00 6.255032369365e+00 -5.000000000000e-03
3.657073774152e-01 2.558100111914e+00 -5.000000000000e-03
1.190112031926e+00 3.207779345200e+00 -5.000000000000e-03
5.931287124451e+00 5.465332672356e+00 -5.000000000000e-03
2.396097106638e+00 2.658711066708e+00 -5.000000000000e-03
3.295874008473e+00 1.166877637528e+00 -5.000000000000e-03
3.790484805804e+00 4.751487198311e+00 -5.000000000000e-03
3.775564824865e-02 2.432470989281e+00 -5.000000000000e-03
5.397963477275e+00 6.062906892301e-01 -5.000000000000e-03
3.050294576302e+00 2.448126622239e+00 -5.000000000000e-03
3.316267519997e-01 5.299811804747e+00 -5.000000000000e-03
4.773700432979e+00 2.713560523108e-01 -5.000000000000e-03
2.346785992769e-01 1.616692903418e+00 -5.000000000000e-03
5.924466323746e+00 4.824043601414e+00 -5.000000000000e-03
4.278839952039e+00 5.373717346149e+00 -5.000000000000e-03
2.657404511592e+00 4.262355042671e+00 -5.000000000000e-03
9.029924693824e-01 3.015667341435e+00 -5.000000000000e-03
1.369927190638e+00 2.806309970361e+00 -5.000000000000e-03
1.269979334906e+00 5.708934041555e+00 -5.000000000000e-03
5.214889310419e+00 7.503048515272e-01 -5.000000000000e-03
3.723615906795e+00 4.856699937736e+00 -5.000000000000e-03
3.645788073161e+00 1.921755590518e+00 -5.000000000000e-03
1.120723898410e+00 4.431154096568e-01 -5.000000000000e-03
4.397493698702e+00 5.287792098751e+00 -5.000000000000e-03
2.761397951798e+00 4.343107227542e+00 -5.000000000000e-03
1.578775392020e+00 1.261331149548e+00 -5.000000000000e-03
4.930128113469e+00 1.952113827515e+00 -5.000000000000e-03
2.777015862437e-01 4.931366080633e+00 -5.000000000000e-03
1.996096782583e+00 2.520981288096e+00 -5.000000000000e-03
4.496419039622e+00 5.584383975874e+00 -5.000000000000e-03
2.039786456880e+00 9.134703559136e-01 -5.000000000000e-03
9.005432914591e-01 3.654899777366e+00 -5.000000000000e-03
5.104181016406e+00 4.778153050217e+00 -5.000000000000e-03
4.829179518094e+00 5.655097597771e+00 -5.000000000000e-03
3.390694447424e+00 4.633723527375e+00 -5.000000000000e-03
3.930158774543e+00 5.642045058261e+00 -5.000000000000e-03
8.576641545353e-01 3.031370929444e+00 -5.000000000000e-03
3.095932296574e-01 2.823875325726e+00 -5.000000000000e-03
3.420749385538e+00 6.254021633431e+00 -5.000000000000e-03
5.882252496448e+00 5.560371800722e+00 -5.000000000000e-03
5.553268906206e+00 3.642370759370e+00 -5.000000000000e-03
4.282628640730e+00 3.549403045434e+00 -5.000000000000e-03
6.082106475556e-01 3.118544060556e+00 -5.000000000000e-03
3.460728318758e+00 3.309947954110e+00 -5.000000000000e-03
5.361455612943e+00 7.448920879918e-01 -5.000000000000e-03
4.864870172397e-01 5.296658376122e+00 -5.000000000000e-03
4.428339794677e+00 3.979031251973e+00 -5.000000000000e-03
4.372781092215e+00 4.988650762911e-02 -5.000000000000e-03
5.790029983274e+00 5.207301169178e+00 -5.000000000000e-03
5.672293688672e+00 4.609140218362e-01 -5.000000000000e-03
2.641861677619e+00 1.624768141425e+00 -5.000000000000e-03
2.652366525792e+00 3.498636654754e-01 -5.000000000000e-03
2.997697193965e+00 3.160592555999e+00 -5.000000000000e-03
2.990592417946e+00 1.761416749012e+00 -5.000000000000e-03
3.740000672912e+00 5.664855385033e-02 -5.000000000000e-03
3.816815543357e+00 3.211953155234e+00 -5.000000000000e-03
5.924551532353e+00 5.671229671873e+00 -5.000000000000e-03
2.650990160990e+00 1.468891983567e+00 -5.000000000000e-03
1.859959514460e+00 3.803001496278e+00 -5.000000000000e-03
5.209498597101e+00 4.460147160539e+00 -5.000000000000e-03
2.688035096010e+00 3.793382187272e+00 -5.000000000000e-03
4.366198806543e+00 3.980106977431e+00 -5.000000000000e-03
3.461965166009e-01 5.055822575149e+00 -5.000000000000e-03
4.619701157056e+00 5.543601095071e+00 -5.000000000000e-03
7.350723463538e-01 6.138086611663e+00 -5.000000000000e-03
6.125153596929e+00 1.528679210899e+00 -5.000000000000e-03
