6.213564894701e+00 3.541878182463e+00 5.000000000000e-03
3.758288583852e+00 3.635814335830e+00 5.000000000000e-03
4.411791280604e+00 2.083176952583e+00 5.000000000000e-03
2.452350112394e+00 2.522900625063e+00 5.000000000000e-03
5.306354246919e+00 2.414789888966e+00 5.000000000000e-03
2.257601467798e+00 5.421739643199e+00 5.000000000000e-03
2.828403910278e+00 6.837708017458e-01 5.000000000000e-03
2.095651054124e+00 4.977626549170e+00 5.000000000000e-03
6.360400607394e-01 1.000625220770e+00 5.000000000000e-03
1.577039984923e+00 5.607566130078e+00 5.000000000000e-03
2.456281088852e+00 1.294806913074e+00 5.000000000000e-03
5.644737837072e+00 4.292775172175e+00 5.000000000000e-03
5.416595786999e+00 4.187238920241e+00 5.000000000000e-03
5.090102474819e+00 1.697595205884e+00 5.000000000000e-03
5.560092686478e-01 3.432275403175e+00 5.000000000000e-03
8.536830974092e-02 3.806033065665e+00 5.000000000000e-03
5.746720268575e+00 5.636471459368e+00 5.000000000000e-03
6.193905002298e+00 6.131708550382e-02 5.000000000000e-03
8.675859356887e-01 6.252408401096e+00 5.000000000000e-03
5.011946538799e+00 3.007830295025e+00 5.000000000000e-03
2.589548943627e+00 3.452184015507e+00 5.000000000000e-03
5.961911001485e+00 2.639273566292e+00 5.000000000000e-03
3.294976465948e+00 1.328626121044e+00 5.000000000000e-03
2.152251094421e+00 3.800022257003e+00 5.000000000000e-03
1.965887546213e-02 3.377438666380e+00 5.000000000000e-03
4.683858888530e+00 4.870604414738e+00 5.000000000000e-03
4.248893555687e+00 5.001731858371e+00 5.000000000000e-03
5.103210311845e+00 4.807910382784e+00 5.000000000000e-03
1.305048026622e+00 6.128624679095e+00 5.000000000000e-03
5.503700073429e+00 5.840852382489e+00 5.000000000000e-03
5.271546430996e+00 3.219219012001e+00 5.000000000000e-03
1.492741943116e+00 5.880464359316e-01 5.000000000000e-03
4.794867906793e+00 8.544035205377e-01 5.000000000000e-03
1.109717158810e+00 4.226785088001e+00 5.000000000000e-03
5.462043212662e+00 2.567780219142e+00 5.000000000000e-03
6.003874292989e+00 6.231827259282e+00 5.000000000000e-03
8.589693302002e-01 3.633535876279e+00 5.000000000000e-03
2.723283951312e-01 4.718820617809e+00 5.000000000000e-03
3.102033347171e+00 5.527142808297e+00 5.000000000000e-03
4.976224616803e+00 1.215624929585e+00 5.000000000000e-03
1.854933397161e+00 4.461282985907e+00 5.000000000000e-03
3.882937928398e+00 2.045477834112e+00 5.000000000000e-03
5.651300301866e+00 5.174974348763e+00 5.000000000000e-03
4.670530128380e+00 3.613728517579e-01 5.000000000000e-03
6.239131758612e+00 3.410060148451e+00 5.000000000000e-03
1.391228921096e-01 2.745086915280e+00 5.000000000000e-03
2.764969625030e+00 4.977605694733e+00 5.000000000000e-03
2.721139776950e+00 7.399676641446e-01 5.000000000000e-03
1.313556004677e+00 2.259284892768e-01 5.000000000000e-03
2.352451670984e+00 2.233384810331e+00 5.000000000000e-03
5.981950320633e+00 3.393598517254e-01 5.000000000000e-03
3.364575945171e-01 3.762220210798e+00 5.000000000000e-03
5.945451888947e+00 1.417868709188e+00 5.000000000000e-03
5.209945672418e+00 1.489217827038e+00 5.000000000000e-03
1.286339016744e+00 1.272225423352e+00 5.000000000000e-03
5.003514603570e+00 3.952948211614e+00 5.000000000000e-03
5.746007386920e+00 4.294653576019e+00 5.000000000000e-03
6.208509178068e+00 1.506543493312e+00 5.000000000000e-03
5.016422056029e-02 1.156052270725e+00 5.000000000000e-03
1.131110975686e-01 3.366396940961e+00 5.000000000000e-03
5.734126966581e+00 5.389702335459e-01 5.000000000000e-03
2.821224820769e+00 1.173570554608e+00 5.000000000000e-03
5.124933521746e+00 2.051055425355e+00 5.000000000000e-03
4.295601997399e+00 6.048208868963e+00 5.000000000000e-03
5.885306051026e+00 5.225589012921e-01 5.000000000000e-03
6.484919209141e-01 3.674172314881e+00 5.000000000000e-03
4.561716525036e+00 4.971884421650e+00 5.000000000000e-03
3.064081906584e+00 4.582848895657e+00 5.000000000000e-03
5.977142278403e-01 4.039778266093e+00 5.000000000000e-03
5.541150134809e+00 8.935399474205e-01 5.000000000000e-03
3.920170227376e+00 1.785932226941e+00 5.000000000000e-03
3.839684193561e-01 5.255752678063e+00 5.000000000000e-03
1.601955213834e+00 1.577527048773e+00 5.000000000000e-03
1.147891774616e+00 5.726274078994e+00 5.000000000000e-03
5.967407706379e+00 1.231543707307e+00 5.000000000000e-03
5.767115985826e+00 1.891883286188e+00 5.000000000000e-03
1.717277067196e+00 3.446104738187e+00 5.000000000000e-03
2.282001499824e+00 1.418028101226e+00 5.000000000000e-03
2.313374574560e+00 5.055462075499e+00 5.000000000000e-03
2.330755870671e+00 1.844782831975e+00 5.000000000000e-03
1.969967228800e+00 1.893461098246e+00 5.000000000000e-03
1.680625713152e+00 4.881882377654e+00 5.000000000000e-03
1.042410676428e+00 6.132564849571e+00 5.000000000000e-03
2.921303960051e+00 4.606835922638e-01 5.000000000000e-03
3.332425197396e+00 2.927720139192e+00 5.000000000000e-03
2.126612915749e+00 6.103634786982e-01 5.000000000000e-03
3.730387507439e+00 2.064519088991e+00 5.000000000000e-03
1.630419818801e+00 5.668672790108e+00 5.000000000000e-03
3.874890085911e+00 3.763956025710e+00 5.000000000000e-03
6.171829776244e+00 6.132506973172e+00 5.000000000000e-03
3.316553133013e+00 6.020927013396e+00 5.000000000000e-03
3.845699476170e+00 4.032491808120e+00 5.000000000000e-03
2.970620341478e+00 4.236706197535e+00 5.000000000000e-03
1.048147548907e+00 5.064379978394e+00 5.000000000000e-03
9.556491341434e-01 5.701683663235e+00 5.000000000000e-03
5.238976646304e+00 3.968884909448e+00 5.000000000000e-03
2.120558959888e+00 5.817220386374e+00 5.000000000000e-03
5.625087350859e+00 3.390775533611e+00 5.000000000000e-03
2.244662627383e+00 3.706421340956e+00 5.000000000000e-03
1.015763860815e+00 4.648450259333e+00 5.000000000000e-03
4.333568806232e+00 4.505298542818e+00 -5.000000000000e-03
2.867299057056e+00 1.247255912598e+00 -5.000000000000e-03
3.150050123391e+00 3.496059284273e+00 -5.000000000000e-03
3.638581328402e+00 2.325971549687e+00 -5.000000000000e-03
6.095705266557e+00 2.819551428225e+00 -5.000000000000e-03
4.458718223208e+00 3.367503342459e+00 -5.000000000000e-03
4.008549156379e+00 4.302891070967e+00 -5.000000000000e-03
3.911025767986e+00 3.522040327451e+00 -5.000000000000e-03
5.956967016205e+00 1.970454768087e+00 -5.000000000000e-03
1.201784233226e+00 3.229759433300e-01 -5.000000000000e-03
2.372219617853e+00 4.165143293532e+00 -5.000000000000e-03
4.236424794471e+00 2.452030040325e+00 -5.000000000000e-03
2.527110052103e+00 4.006447193934e+00 -5.000000000000e-03
6.031164085110e-02 6.112904324205e+00 -5.000000000000e-03
5.501790047283e+00 4.066507721274e+00 -5.000000000000e-03
2.611601844285e+00 4.883182856864e+00 -5.000000000000e-03
5.629800695856e+00 1.911618556718e+00 -5.000000000000e-03
1.180818644523e+00 5.739131864885e+00 -5.000000000000e-03
4.920036855607e+00 4.194288159806e+00 -5.000000000000e-03
4.474930283309e+00 6.256325005669e-01 -5.000000000000e-03
5.612451332541e+00 3.149451437240e+00 -5.000000000000e-03
5.618952378358e+00 1.303901718105e-01 -5.000000000000e-03
5.704564688241e+00 3.960027420180e+00 -5.000000000000e-03
4.955856640228e+00 9.572573891259e-01 -5.000000000000e-03
5.531836858524e+00 4.805261661920e-01 -5.000000000000e-03
8.422112062317e-01 4.672517043104e+00 -5.000000000000e-03
3.309142494398e+00 3.500721486115e+00 -5.000000000000e-03
6.103160853320e+00 3.297701388580e+00 -5.000000000000e-03
3.217791880518e+00 3.568884675405e+00 -5.000000000000e-03
4.487335507484e+00 2.784587427092e+00 -5.000000000000e-03
5.256464677541e+00 7.764685900181e-01 -5.000000000000e-03
1.832404613521e+00 5.511356745168e+00 -5.000000000000e-03
4.413542675635e+00 4.462173371076e+00 -5.000000000000e-03
3.397923170211e+00 1.767068462722e+00 -5.000000000000e-03
5.142190424954e+00 4.488826987727e-01 -5.000000000000e-03
9.098978233375e-01 2.755007817712e-01 -5.000000000000e-03
2.881971972947e+00 2.783243604542e+00 -5.000000000000e-03
5.649430321912e+00 2.214647420473e+00 -5.000000000000e-03
4.152053739421e+00 3.523263148062e+00 -5.000000000000e-03
2.545557166147e+00 2.476553705296e-01 -5.000000000000e-03
5.582427225424e+00 3.136863572336e+00 -5.000000000000e-03
5.856689390305e-01 5.594852803365e+00 -5.000000000000e-03
4.502541577677e-01 1.356125066672e+00 -5.000000000000e-03
5.690038114896e+00 9.011512160689e-01 -5.000000000000e-03
4.004553126452e+00 1.248632358222e+00 -5.000000000000e-03
5.975436014804e+00 6.151762245759e+00 -5.000000000000e-03
5.615644772178e+00 4.609152581406e+00 -5.000000000000e-03
5.794606770201e-01 2.744948711962e+00 -5.000000000000e-03
4.186574781546e+00 3.350130886829e+00 -5.000000000000e-03
9.331985039344e-01 2.686082769294e+00 -5.000000000000e-03
5.881802836208e+00 3.258143802527e+00 -5.000000000000e-03
2.207464371763e+00 2.898018727701e+00 -5.000000000000e-03
5.962063308308e+00 5.920100636091e+00 -5.000000000000e-03
5.268307837509e+00 5.867462520166e+00 -5.000000000000e-03
5.973373846664e+00 3.107321096100e+00 -5.000000000000e-03
2.596933504780e+00 5.555714868335e+00 -5.000000000000e-03
2.985450605747e-02 1.769969169610e+00 -5.000000000000e-03
5.740192541925e+00 4.663610248078e-01 -5.000000000000e-03
1.816401426185e+00 5.323213443486e+00 -5.000000000000e-03
5.646410683863e+00 1.902547285299e-01 -5.000000000000e-03
3.812736494813e-01 3.505746053320e+00 -5.000000000000e-03
6.113819703642e+00 1.941524268319e+00 -5.000000000000e-03
1.638366098902e+00 5.429110634463e-01 -5.000000000000e-03
1.813896028373e+00 6.202381320094e+00 -5.000000000000e-03
4.946324893709e+00 5.713930435975e+00 -5.000000000000e-03
4.950234178745e+00 1.660933782513e+00 -5.000000000000e-03
4.189421256732e+00 3.158736243790e+00 -5.000000000000e-03
4.061273976505e+00 2.257011097473e+00 -5.000000000000e-03
9.500842172080e-01 3.420557964102e+00 -5.000000000000e-03
3.667826083911e-02 5.767415733540e+00 -5.000000000000e-03
4.528294943859e+00 5.325040503627e+00 -5.000000000000e-03
7.343262970451e-01 2.487503728495e+00 -5.000000000000e-03
4.961499281278e+00 4.218675347884e+00 -5.000000000000e-03
3.749026301361e+00 2.206990273586e+00 -5.000000000000e-03
8.126586968042e-01 6.219074350740e+00 -5.000000000000e-03
4.651740593869e+00 3.158602478529e+00 -5.000000000000e-03
5.758903010073e+00 2.245132449351e+00 -5.000000000000e-03
4.819238450184e+00 2.933228875547e+00 -5.000000000000e-03
5.593661950462e+00 5.271495134808e+00 -5.000000000000e-03
3.678693883339e+00 5.697733191471e+00 -5.000000000000e-03
5.087354448024e-01 2.221102565114e+00 -5.000000000000e-03
1.137788547294e+00 4.343330931911e+00 -5.000000000000e-03
3.385199272653e+00 3.604231272693e-01 -5.000000000000e-03
3.948182755955e+00 4.663249410162e+00 -5.000000000000e-03
1.897735794576e+00 4.590000239935e+00 -5.000000000000e-03
5.786581191606e+00 4.517743495640e+00 -5.000000000000e-03
3.583446173050e+00 1.017590188559e+00 -5.000000000000e-03
2.507485320123e-01 2.286495956451e+00 -5.000000000000e-03
3.278444624943e-01 4.657105758048e+00 -5.000000000000e-03
5.801585448611e+00 3.612472799607e+00 -5.000000000000e-03
4.322051960543e-01 1.111614103949e-01 -5.000000000000e-03
2.474270265089e+00 4.169153618976e+00 -5.000000000000e-03
8.108048508217e-01 1.851051194867e+00 -5.000000000000e-03
3.302382037383e+00 4.641940676223e+00 -5.000000000000e-03
5.713744069581e-01 5.311259457371e+00 -5.000000000000e-03
6.698257870427e-01 2.234256964794e+00 -5.000000000000e-03
4.557393104345e+00 2.589535396809e+00 -5.000000000000e-03
1.855434372661e+00 6.122528306301e-01 -5.000000000000e-03
5.238056867579e+00 2.891243229803e+00 -5.000000000000e-03
5.500805081249e+00 3.721804847399e+00 -5.000000000000e-03
