3.132593291572e+00 6.209652525710e-01 5.000000000000e-03
6.206707854329e+00 4.450178554168e+00 5.000000000000e-03
5.351429583726e+00 2.878006972384e+00 5.000000000000e-03
3.080093470711e+00 4.267900165123e+00 5.000000000000e-03
1.958845216195e+00 4.942379288005e+00 5.000000000000e-03
9.033938059353e-01 5.870714259005e+00 5.000000000000e-03
4.835634774719e+00 5.566477359610e+00 5.000000000000e-03
3.593149890295e+00 6.001047361056e+00 5.000000000000e-03
1.563065832361e+00 3.045324493368e+00 5.000000000000e-03
1.599791869948e-01 5.043600373526e+00 5.000000000000e-03
5.748479421822e-02 1.776950342499e+00 5.000000000000e-03
4.594927004477e+00 5.759045787394e+00 5.000000000000e-03
3.257660412555e+00 5.077966402299e+00 5.000000000000e-03
1.732230144218e+00 4.234404182834e+00 5.000000000000e-03
5.917106207128e-01 1.018146371631e+00 5.000000000000e-03
6.199170399857e+00 1.334900590985e+00 5.000000000000e-03
3.854142641920e-01 5.224814723949e+00 5.000000000000e-03
3.004133835099e+00 4.757254348588e+00 5.000000000000e-03
5.272309819257e+00 2.432195461548e+00 5.000000000000e-03
7.593243636048e-01 5.876260182870e+00 5.000000000000e-03
3.944317814002e+00 6.144184896788e+00 5.000000000000e-03
3.787402818371e+00 1.659360062205e+00 5.000000000000e-03
5.204349939823e+00 1.022520005425e+00 5.000000000000e-03
5.687913449517e+00 4.836281793628e+00 5.000000000000e-03
4.729040728795e+00 3.856504532541e+00 5.000000000000e-03
7.133685915696e-01 5.303480259004e+00 5.000000000000e-03
5.515895810729e+00 5.478696592234e+00 5.000000000000e-03
6.051554016781e+00 5.165921674712e+00 5.000000000000e-03
3.692650762979e+00 4.082004443505e+00 5.000000000000e-03
1.077230991710e+00 5.475448412765e+00 5.000000000000e-03
3.576317123655e+00 2.607995767287e+00 5.000000000000e-03
2.609004483251e+00 4.982373133140e+00 5.000000000000e-03
5.876417194309e+00 4.754435461557e+00 5.000000000000e-03
1.955150684021e+00 2.162821393319e+00 5.000000000000e-03
3.008249518070e+00 4.442112475249e+00 5.000000000000e-03
1.308869981667e-01 2.808864716609e+00 5.000000000000e-03
1.163238296568e+00 1.581087819376e+00 5.000000000000e-03
3.055256302086e+00 3.104187355287e+00 5.000000000000e-03
3.115007489432e+00 3.681218129225e+00 5.000000000000e-03
2.609584129393e+00 4.043694114267e+00 5.000000000000e-03
4.429922125102e+00 3.945994323445e+00 5.000000000000e-03
4.533648899946e+00 4.716238918784e-01 5.000000000000e-03
4.189276049626e+00 9.503778343748e-01 5.000000000000e-03
4.183414484980e+00 3.934095674199e+00 5.000000000000e-03
6.213833631441e+00 4.965755328054e+00 5.000000000000e-03
1.106219286127e+00 1.589079006838e+00 5.000000000000e-03
4.647693152396e+00 5.419645857748e+00 5.000000000000e-03
4.725101004689e-01 3.058202989264e+00 5.000000000000e-03
4.767495280068e+00 2.665214136038e+00 5.000000000000e-03
3.673431437418e+00 1.271221828473e+00 5.000000000000e-03
5.243223390787e+00 5.617634080524e+00 5.000000000000e-03
1.635431276195e+00 1.720470664323e+00 5.000000000000e-03
1.970856565587e+00 2.440285746250e+00 5.000000000000e-03
1.835067542562e+00 4.084076811715e+00 5.000000000000e-03
2.928938670284e+00 4.056957302315e+00 5.000000000000e-03
5.903748144968e-01 1.772121566201e+00 5.000000000000e-03
5.974600855269e+00 1.942383039648e+00 5.000000000000e-03
5.719955308364e+00 6.264304575916e+00 5.000000000000e-03
3.919978042688e+00 3.771294492326e+00 5.000000000000e-03
1.236948244922e+00 3.321327015011e+00 5.000000000000e-03
4.157824485416e+00 1.965657834206e+00 5.000000000000e-03
4.451671989344e+00 6.761543677285e-02 5.000000000000e-03
5.736677821017e+00 2.159297260452e+00 5.000000000000e-03
6.107085082507e+00 4.282225510350e+00 5.000000000000e-03
1.314914544218e+00 1.739292299674e+00 5.000000000000e-03
4.599331257069e+00 2.391780518880e+00 5.000000000000e-03
6.892680976379e-01 4.426520875831e+00 5.000000000000e-03
4.576055774974e+00 3.060340232610e+00 5.000000000000e-03
2.015239829257e+00 2.201396720020e+00 5.000000000000e-03
4.365472608652e+00 2.117631224757e+00 5.000000000000e-03
4.291337645103e+00 1.189275337450e+00 5.000000000000e-03
8.369977589964e-01 1.124816817325e+00 5.000000000000e-03
2.675710188818e+00 3.885647251278e+00 5.000000000000e-03
1.314587360041e+00 1.279677641648e+00 5.000000000000e-03
3.730297940471e+00 2.239068782840e-01 5.000000000000e-03
3.927816493285e+00 3.090610759062e+00 5.000000000000e-03
1.451263487126e+00 1.724609820686e+00 5.000000000000e-03
1.813805311090e+00 2.387390521511e+00 5.000000000000e-03
2.512233819706e+00 5.585664555677e+00 5.000000000000e-03
9.490986015141e-01 3.241088715787e+00 5.000000000000e-03
5.824188723942e+00 2.133757635481e-01 5.000000000000e-03
3.071419817718e-01 1.678974599746e+00 5.000000000000e-03
5.870527863701e+00 5.519828243617e+00 5.000000000000e-03
3.087860269215e-01 2.766994523459e+00 5.000000000000e-03
3.319692515847e+00 1.261113073065e-01 5.000000000000e-03
3.743496338608e+00 3.217451535477e+00 5.000000000000e-03
2.840791137136e+00 2.632553331998e+00 5.000000000000e-03
4.143323801727e+00 5.460745671037e+00 5.000000000000e-03
5.459111205093e+00 5.171520705732e+00 5.000000000000e-03
5.796577608435e+00 5.428971667991e+00 5.000000000000e-03
4.720173744500e+00 2.315825606661e+00 5.000000000000e-03
4.178105264917e+00 2.331905188070e+00 5.000000000000e-03
2.181931086600e+00 2.024062922573e+00 5.000000000000e-03
4.154076307098e+00 7.824477292890e-01 5.000000000000e-03
2.942366064337e+00 3.428451110004e-01 5.000000000000e-03
1.865627443296e+00 6.027833515711e+00 5.000000000000e-03
4.294344825148e+00 5.727685892937e+00 5.000000000000e-03
2.748249915698e+00 4.916089113228e+00 5.000000000000e-03
3.159042149247e+00 3.626977662533e+00 5.000000000000e-03
1.744156083438e+00 4.462260898956e-01 5.000000000000e-03
6.108475361417e+00 1.547831232673e+00 -5.000000000000e-03
4.636926296929e+00 4.868737311050e-03 -5.000000000000e-03
6.230664647916e-01 3.214685594177e-01 -5.000000000000e-03
3.475937921992e+00 5.898681831081e+00 -5.000000000000e-03
6.117507420770e+00 2.318960493368e+00 -5.000000000000e-03
2.946409023216e+00 3.210511881015e+00 -5.000000000000e-03
4.569541772217e+00 1.539348302343e+00 -5.000000000000e-03
4.692909705499e+00 4.732891003939e+00 -5.000000000000e-03
3.833959581827e+00 4.075919520135e+00 -5.000000000000e-03
1.818372341019e+00 2.739332925203e+00 -5.000000000000e-03
5.322638799200e+00 5.627794392880e+00 -5.000000000000e-03
2.154006564393e+00 6.218835621774e+00 -5.000000000000e-03
6.160300473261e+00 2.331160412040e-01 -5.000000000000e-03
5.430070550758e+00 5.039764378019e+00 -5.000000000000e-03
2.569646784008e+00 2.137107438269e+00 -5.000000000000e-03
2.106324305495e+00 3.301489316636e+00 -5.000000000000e-03
1.385216641055e+00 5.581185128720e+00 -5.000000000000e-03
5.678820948224e+00 3.534244420001e+00 -5.000000000000e-03
6.007983613896e+00 2.043315970195e+00 -5.000000000000e-03
8.138729352138e-01 5.532237715274e+00 -5.000000000000e-03
4.067732388646e+00 2.391785562553e+00 -5.000000000000e-03
2.466935294680e+00 1.985763883573e+00 -5.000000000000e-03
1.912958932039e+00 1.312177364767e+00 -5.000000000000e-03
4.072122702000e+00 3.808274702493e-02 -5.000000000000e-03
4.785490564348e+00 1.786446961035e-01 -5.000000000000e-03
4.208564925431e+00 4.173288682778e+00 -5.000000000000e-03
1.155700828239e+00 5.805491193235e+00 -5.000000000000e-03
4.746058902851e+00 5.380003801128e+00 -5.000000000000e-03
1.184570490566e+00 5.795395330343e+00 -5.000000000000e-03
2.987190803249e+00 1.613094976523e+00 -5.000000000000e-03
3.392481356978e+00 1.693652049920e+00 -5.000000000000e-03
5.540166706996e+00 5.885167986771e+00 -5.000000000000e-03
2.611512744263e+00 2.417047078374e+00 -5.000000000000e-03
3.868095633503e+00 3.399490265945e+00 -5.000000000000e-03
1.790757504197e+00 5.462567353840e+00 -5.000000000000e-03
4.317015679594e+00 4.207806419092e+00 -5.000000000000e-03
1.700517643065e+00 2.568230835735e+00 -5.000000000000e-03
4.318262398841e+00 1.390006219245e+00 -5.000000000000e-03
7.215329534212e-01 6.219501620477e+00 -5.000000000000e-03
3.887768967724e+00 3.644937801985e-01 -5.000000000000e-03
4.945809289778e+00 5.772504841574e+00 -5.000000000000e-03
1.463397015440e+00 1.091783030036e+00 -5.000000000000e-03
4.921301912754e+00 1.252612840230e+00 -5.000000000000e-03
4.897116213623e+00 3.789223621554e+00 -5.000000000000e-03
4.354084252794e+00 3.872330306581e+00 -5.000000000000e-03
5.803210152800e+00 1.873072937747e+00 -5.000000000000e-03
1.420335761537e+00 5.919353036117e+00 -5.000000000000e-03
2.000696822848e+00 1.532232203686e+00 -5.000000000000e-03
7.785822485641e-01 4.576129130080e+00 -5.000000000000e-03
4.754069079559e+00 4.558734018348e+00 -5.000000000000e-03
2.156015764482e+00 2.361037719199e+00 -5.000000000000e-03
4.080074448557e-01 5.653139967488e+00 -5.000000000000e-03
3.853884512507e+00 2.367838238282e+00 -5.000000000000e-03
4.811510488134e+00 4.540306908558e+00 -5.000000000000e-03
4.938503710317e+00 3.510280407213e-01 -5.000000000000e-03
1.913534553780e+00 4.832299180794e-01 -5.000000000000e-03
6.217922164004e+00 6.254484504409e+00 -5.000000000000e-03
1.586276383575e+00 4.412182066339e+00 -5.000000000000e-03
5.576070314428e+00 9.216383775805e-01 -5.000000000000e-03
5.803536841127e-01 2.150388907056e+00 -5.000000000000e-03
3.698980217732e+00 1.601989682388e+00 -5.000000000000e-03
1.594100382453e+00 5.032192815423e+00 -5.000000000000e-03
3.495700480859e+00 2.798299844064e+00 -5.000000000000e-03
5.258345440794e-01 1.384791059604e-01 -5.000000000000e-03
1.520864619152e+00 3.312577025045e+00 -5.000000000000e-03
9.871285457774e-01 3.831738836429e+00 -5.000000000000e-03
3.547860608381e+00 5.938185138980e+00 -5.000000000000e-03
5.074558223332e+00 3.311187246999e+00 -5.000000000000e-03
1.128020554786e+00 6.060164148300e+00 -5.000000000000e-03
4.888158324456e+00 4.913064240116e-01 -5.000000000000e-03
5.946654213280e+00 2.963241862828e+00 -5.000000000000e-03
1.323103229738e+00 2.205143289772e+00 -5.000000000000e-03
9.876519937975e-01 2.739636103886e+00 -5.000000000000e-03
5.006695868118e+00 4.277764956408e+00 -5.000000000000e-03
2.862108784030e+00 1.906068516618e+00 -5.000000000000e-03
6.099398103785e+00 4.372200701877e-01 -5.000000000000e-03
5.657493216669e+00 2.275129700760e+00 -5.000000000000e-03
4.070484507982e+00 2.463926585380e+00 -5.000000000000e-03
3.570992339719e+00 4.428440796029e+00 -5.000000000000e-03
3.876727500916e+00 1.656386629324e+00 -5.000000000000e-03
5.266628321362e+00 4.356670216010e-02 -5.000000000000e-03
1.064993815370e-01 2.853568735934e+00 -5.000000000000e-03
1.102430709857e-01 1.292621589096e-01 -5.000000000000e-03
5.232741758622e+00 1.475470968540e+00 -5.000000000000e-03
3.216688165736e+00 4.870498292095e+00 -5.000000000000e-03
3.296344994016e+00 3.526943517291e+00 -5.000000000000e-03
2.984547263262e+00 4.497060165397e-02 -5.000000000000e-03
9.175369111176e-01 1.808346557431e+00 -5.000000000000e-03
1.871899359146e+00 3.251644144792e+00 -5.000000000000e-03
5.490720161756e+00 4.698687179147e+00 -5.000000000000e-03
1.631217387332e+00 2.642543676820e+00 -5.000000000000e-03
2.634050456759e+00 8.502145113911e-01 -5.000000000000e-03
3.098616871289e+00 1.520215767087e+00 -5.000000000000e-03
6.742078059532e-01 4.226684328549e+00 -5.000000000000e-03
2.157890225138e-02 3.148394683368e+00 -5.000000000000e-03
5.862585977178e+00 4.162918820874e+00 -5.000000000000e-03
1.758663455977e+00 5.280683669726e+00 -5.000000000000e-03
2.059166239912e+00 6.068922762192e+00 -5.000000000000e-03
6.399618110079e-02 3.428135691983e+00 -5.000000000000e-03
2.655803708249e+00 1.063095916410e+00 -5.000000000000e-03
