1.945969077735e+00 6.039680698999e+00 5.000000000000e-03
2.019621859034e+00 5.290769970091e+00 5.000000000000e-03
4.433865341543e+00 1.635168208576e+00 5.000000000000e-03
4.721754402782e+00 3.354288545906e-01 5.000000000000e-03
1.378179379886e-01 5.540423594497e-03 5.000000000000e-03
5.371974085213e-01 9.910644937961e-01 5.000000000000e-03
2.072586014797e-01 5.364938301477e+00 5.000000000000e-03
3.321743583588e+00 1.582582611703e+00 5.000000000000e-03
6.331836701003e-01 6.240350854933e+00 5.000000000000e-03
3.753445967010e+00 2.810621226029e+00 5.000000000000e-03
1.998725617989e+00 4.353380269695e+00 5.000000000000e-03
2.181076035634e+00 1.736587707626e+00 5.000000000000e-03
6.083595118441e+00 2.529684898124e+00 5.000000000000e-03
5.626759211065e+00 3.770315716945e+00 5.000000000000e-03
4.232456437844e+00 1.475144367547e-01 5.000000000000e-03
3.295078102809e+00 2.458733248653e+00 5.000000000000e-03
4.779178097262e+00 3.849905979034e+00 5.000000000000e-03
2.846823279039e-01 1.567886785867e+00 5.000000000000e-03
2.720240213574e+00 1.222182946228e+00 5.000000000000e-03
5.377925237195e+00 3.998344023388e+00 5.000000000000e-03
6.066992868321e+00 3.763561876704e+00 5.000000000000e-03
2.207052500171e+00 4.279826014633e+00 5.000000000000e-03
5.917929269565e+00 4.401695554596e+00 5.000000000000e-03
1.371405975201e+00 4.292958833212e+00 5.000000000000e-03
9.114833883763e-01 5.219686356247e+00 5.000000000000e-03
1.321665330905e+00 3.585639883440e+00 5.000000000000e-03
5.834146411277e+00 5.817172063946e+00 5.000000000000e-03
3.102503792215e+00 2.662833463760e+00 5.000000000000e-03
1.247185328592e+00 1.606185968450e+00 5.000000000000e-03
4.365598069819e+00 5.064776631355e+00 5.000000000000e-03
2.954126496105e+00 8.039494721057e-02 5.000000000000e-03
2.759523295871e-01 5.036019791053e+00 5.000000000000e-03
5.169398161087e-01 1.426743622345e+00 5.000000000000e-03
2.846225333991e+00 2.999411961697e+00 5.000000000000e-03
4.883083205060e+00 2.009096319484e+00 5.000000000000e-03
5.870551198777e+00 1.838767524297e-01 5.000000000000e-03
1.392643651047e+00 2.574444809743e+00 5.000000000000e-03
1.785907547874e+00 6.517016482055e-01 5.000000000000e-03
5.981931865681e+00 3.589029194646e+00 5.000000000000e-03
5.642250466546e+00 1.320378435805e+00 5.000000000000e-03
4.639420842998e+00 2.817616634777e+00 5.000000000000e-03
2.854796877926e+00 8.641900114023e-01 5.000000000000e-03
1.290065910288e+00 5.605422253698e+00 5.000000000000e-03
9.260859282239e-01 2.443936641837e+00 5.000000000000e-03
1.691085716572e+00 6.187576412066e-01 5.000000000000e-03
3.059780717723e+00 4.203254452042e+00 5.000000000000e-03
2.142965133529e+00 1.131009332918e+00 5.000000000000e-03
4.344997192189e+00 1.963030689182e+00 5.000000000000e-03
3.286462384151e+00 4.359618060215e+00 5.000000000000e-03
1.110293330831e+00 2.009725779780e-01 5.000000000000e-03
3.500040535264e+00 3.346079064085e+00 5.000000000000e-03
5.180690423991e+00 1.350352532841e+00 5.000000000000e-03
4.249092159618e+00 6.861297223573e-01 5.000000000000e-03
5.082882778017e+00 1.501360589880e+00 5.000000000000e-03
2.187512639611e+00 5.145549530737e+00 5.000000000000e-03
1.420805097720e+00 4.835997166262e+00 5.000000000000e-03
1.871199558377e+00 5.828456801061e+00 5.000000000000e-03
1.846718641892e+00 6.151224327335e+00 5.000000000000e-03
4.106493692466e+00 2.197960294188e+00 5.000000000000e-03
1.175275842226e+00 1.546915415325e-01 5.000000000000e-03
7.383092390013e-01 2.255128897799e+00 5.000000000000e-03
1.392188978605e+00 2.077951779422e+00 5.000000000000e-03
2.498486310776e+00 7.296447805882e-01 5.000000000000e-03
6.757945405415e-01 6.033882935549e+00 5.000000000000e-03
4.994072962795e-01 1.770402073329e+00 5.000000000000e-03
2.089901956652e+00 8.896173384079e-01 5.000000000000e-03
2.432135977810e+00 2.539640818461e+00 5.000000000000e-03
1.701131546394e+00 4.094040757970e-01 5.000000000000e-03
2.343205929315e+00 5.292810036296e+00 5.000000000000e-03
2.792032207782e+00 3.651446722790e+00 5.000000000000e-03
5.227307330798e+00 2.388167349197e+00 5.000000000000e-03
3.642846507230e+00 1.168856721602e+00 5.000000000000e-03
4.988498701039e+00 2.144636491477e+00 5.000000000000e-03
3.843657249962e+00 4.206208282661e+00 5.000000000000e-03
5.977806940649e+00 4.227734483368e+00 5.000000000000e-03
3.393884745963e+00 2.984623022704e-01 5.000000000000e-03
9.602985390810e-01 4.613988914247e+00 5.000000000000e-03
1.941581229942e+00 2.268299932559e+00 5.000000000000e-03
1.077551611390e+00 3.536166867281e+00 5.000000000000e-03
3.773965168347e+00 2.013049115499e+00 5.000000000000e-03
4.456792072165e+00 9.350657619487e-01 5.000000000000e-03
2.244490276481e-01 5.274636250012e+00 5.000000000000e-03
1.260284304034e+00 2.054309690305e+00 5.000000000000e-03
4.895798933042e+00 1.686010276925e+00 5.000000000000e-03
1.744170638596e+00 3.309534095385e+00 5.000000000000e-03
4.574280795902e+00 1.773757507450e+00 5.000000000000e-03
3.696429197371e+00 3.186563503265e+00 5.000000000000e-03
5.275432468539e+00 5.210786714772e+00 5.000000000000e-03
1.845125693713e+00 2.381297943984e+00 5.000000000000e-03
4.589261662981e+00 1.069170845536e+00 5.000000000000e-03
3.910578960643e+00 2.899547232634e+00 5.000000000000e-03
2.241359203883e+00 5.573901079397e+00 5.000000000000e-03
2.327527913545e+00 7.346308897359e-01 5.000000000000e-03
3.147665604749e+00 1.192880177183e+00 5.000000000000e-03
1.336591670185e+00 6.044112498916e+00 5.000000000000e-03
2.219411625105e+00 8.293505426938e-01 5.000000000000e-03
5.718565752377e+00 5.968242156477e+00 5.000000000000e-03
1.259284524606e+00 2.452456584965e+00 5.000000000000e-03
2.308484370114e+00 1.983905816097e+00 5.000000000000e-03
7.731586398559e-02 3.685821929084e-01 5.000000000000e-03
3.440730728793e+00 5.585727761215e+00 -5.000000000000e-03
6.206997222552e+00 1.397556191176e+00 -5.000000000000e-03
2.712778229958e+00 4.996027050334e+00 -5.000000000000e-03
5.616809314954e+00 2.047099446250e+00 -5.000000000000e-03
1.003923535837e+00 2.762182843209e+00 -5.000000000000e-03
1.039084661355e+00 5.323678090316e+00 -5.000000000000e-03
3.372389230908e+00 4.882565482157e-01 -5.000000000000e-03
1.109688437460e+00 1.846080820577e+00 -5.000000000000e-03
6.664316465149e-01 1.342948979461e-03 -5.000000000000e-03
1.125180364780e-02 4.744595513188e+00 -5.000000000000e-03
6.154572173280e-01 2.241977689906e+00 -5.000000000000e-03
4.165446609002e+00 4.282517303024e+00 -5.000000000000e-03
1.219804749759e+00 3.766242904568e-01 -5.000000000000e-03
4.245528726566e-01 4.989848402157e+00 -5.000000000000e-03
4.825787595464e+00 4.022247673164e+00 -5.000000000000e-03
4.285228455302e+00 2.610548643578e+00 -5.000000000000e-03
5.262954636250e+00 5.949784562528e+00 -5.000000000000e-03
3.166601574703e+00 8.103462326574e-02 -5.000000000000e-03
8.715147098008e-01 2.543034148456e+00 -5.000000000000e-03
6.171283729215e+00 5.523878872077e+00 -5.000000000000e-03
5.038026162271e+00 5.296393357847e+00 -5.000000000000e-03
3.357039805580e+00 3.301293281381e+00 -5.000000000000e-03
3.744484604821e+00 3.098507694073e+00 -5.000000000000e-03
7.454442529030e-01 4.267535672184e+00 -5.000000000000e-03
2.955842406461e+00 2.074734026301e+00 -5.000000000000e-03
2.241627702725e+00 2.533519239367e+00 -5.000000000000e-03
4.876964284558e+00 3.857197438953e+00 -5.000000000000e-03
7.743500992476e-01 5.727060884027e+00 -5.000000000000e-03
3.306072498639e+00 5.657395150836e+00 -5.000000000000e-03
4.648871589430e+00 5.605246123703e+00 -5.000000000000e-03
1.679239738130e+00 5.969217979137e+00 -5.000000000000e-03
2.577151223965e+00 5.040005594503e+00 -5.000000000000e-03
2.667293019200e+00 4.628140858320e+00 -5.000000000000e-03
5.285305722414e+00 5.355704012584e+00 -5.000000000000e-03
1.558984287740e+00 5.842606627671e+00 -5.000000000000e-03
2.456729942575e+00 2.893757386405e+00 -5.000000000000e-03
1.831480077666e+00 1.857095627574e+00 -5.000000000000e-03
4.147076451129e+00 3.404640105114e+00 -5.000000000000e-03
4.447633342575e+00 4.317249667869e+00 -5.000000000000e-03
3.177286657765e+00 1.280925894670e+00 -5.000000000000e-03
5.061944204354e+00 5.275945610335e+00 -5.000000000000e-03
5.246294400411e+00 5.480687359561e-01 -5.000000000000e-03
1.306837350280e+00 8.280020446310e-01 -5.000000000000e-03
5.626327789769e+00 4.428564619779e+00 -5.000000000000e-03
6.110507061909e+00 8.816435406117e-01 -5.000000000000e-03
2.944259731899e+00 4.157207313469e+00 -5.000000000000e-03
7.455988321534e-01 1.164863357624e+00 -5.000000000000e-03
7.854730681690e-01 5.517102467450e+00 -5.000000000000e-03
4.252029537734e+00 3.966829106306e+00 -5.000000000000e-03
7.619676530064e-01 5.426321733567e+00 -5.000000000000e-03
1.479084887065e+00 4.637428927703e+00 -5.000000000000e-03
5.305040475327e+00 2.926023857749e+00 -5.000000000000e-03
8.488307466594e-01 2.501447846943e+00 -5.000000000000e-03
9.659286027620e-01 1.228380537448e-01 -5.000000000000e-03
4.069850079530e+00 1.962614728454e-01 -5.000000000000e-03
1.216533554245e+00 3.656088337922e+00 -5.000000000000e-03
2.626980370348e+00 1.527889780510e+00 -5.000000000000e-03
2.800188416453e-01 2.936228390021e+00 -5.000000000000e-03
1.371368213094e+00 5.520176832069e+00 -5.000000000000e-03
3.341346104611e+00 3.196657933993e+00 -5.000000000000e-03
2.852870637215e+00 5.720505061373e+00 -5.000000000000e-03
5.857339090385e+00 9.662372712985e-01 -5.000000000000e-03
4.898448453467e+00 1.641987300984e+00 -5.000000000000e-03
4.909003908230e+00 5.775702250813e+00 -5.000000000000e-03
1.918705712171e+00 2.687943830475e-01 -5.000000000000e-03
1.457761866170e+00 4.690388941523e+00 -5.000000000000e-03
1.979514998380e+00 2.043526265772e+00 -5.000000000000e-03
6.010377303940e+00 4.831917840949e+00 -5.000000000000e-03
4.945853624161e+00 5.234999647700e+00 -5.000000000000e-03
4.670469858271e+00 5.222487233085e+00 -5.000000000000e-03
1.443169256203e+00 4.275972785467e+00 -5.000000000000e-03
3.037372652424e+00 5.960670302278e-01 -5.000000000000e-03
1.296185466368e+00 3.029111252145e+00 -5.000000000000e-03
4.301950267477e+00 3.504956725096e+00 -5.000000000000e-03
1.273136379491e+00 3.999278970566e+00 -5.000000000000e-03
4.735073543698e+00 1.866658982077e+00 -5.000000000000e-03
5.650117352236e+00 5.345334348635e-01 -5.000000000000e-03
3.937449669327e+00 1.463672906064e+00 -5.000000000000e-03
1.362017007144e+00 9.046264823351e-01 -5.000000000000e-03
6.124243703240e+00 4.415511867153e+00 -5.000000000000e-03
6.023511681597e+00 2.006338183504e+00 -5.000000000000e-03
1.251540150800e+00 5.871116957360e+00 -5.000000000000e-03
8.300978302842e-02 8.687238612205e-01 -5.000000000000e-03
2.673008600212e+00 1.296163312557e+00 -5.000000000000e-03
2.953983433844e+00 2.248279112971e+00 -5.000000000000e-03
1.328736932477e+00 1.712842996605e+00 -5.000000000000e-03
4.097346960334e+00 3.706923768228e+00 -5.000000000000e-03
3.719244687161e+00 2.201507051865e+00 -5.000000000000e-03
2.487075980544e+00 8.276318921269e-01 -5.000000000000e-03
5.561137860245e+00 3.679933661148e+00 -5.000000000000e-03
4.227902352585e+00 3.545230044670e+00 -5.000000000000e-03
2.517940352739e+00 1.720467717448e+00 -5.000000000000e-03
4.228750514376e+00 2.786539167482e+00 -5.000000000000e-03
6.094024723621e+00 5.387033722603e+00 -5.000000000000e-03
6.147388665760e+00 6.224039630222e+00 -5.000000000000e-03
5.719830935628e-01 2.153434861743e+00 -5.000000000000e-03
5.821755780514e+00 1.088119773455e+00 -5.000000000000e-03
5.367138144430e+00 6.159859552310e+00 -5.000000000000e-03
3.848068361837e+00 6.263183911399e+00 -5.000000000000e-03
3.403136456645e+00 5.853055962378e+00 -5.000000000000e-03
