5.006587162398e+00 4.118432364506e+00 5.000000000000e-03
4.882195481386e+00 1.433085610828e+00 5.000000000000e-03
4.624885712156e+00 5.626046051744e+00 5.000000000000e-03
1.314217738916e+00 1.507560618289e+00 5.000000000000e-03
4.299290021251e+00 2.436604832973e+00 5.000000000000e-03
6.048760013644e+00 3.842359531645e+00 5.000000000000e-03
3.658191902194e+00 3.353571612208e+00 5.000000000000e-03
2.277065406350e+00 1.297427205287e+00 5.000000000000e-03
7.574061731466e-01 3.302959434349e+00 5.000000000000e-03
4.519367081668e+00 5.065300506614e-01 5.000000000000e-03
5.767306780165e+00 5.990545026185e+00 5.000000000000e-03
2.146784846897e+00 5.609877273138e-01 5.000000000000e-03
4.626034405272e+00 1.428563754417e+00 5.000000000000e-03
9.167940409391e-01 3.725197447947e+00 5.000000000000e-03
2.098547803836e+00 5.150542892777e+00 5.000000000000e-03
3.157538814387e+00 4.460402246156e+00 5.000000000000e-03
5.679320777303e+00 1.254859667074e-01 5.000000000000e-03
5.754776225843e+00 3.659402231864e+00 5.000000000000e-03
1.633609486560e+00 1.789180745730e+00 5.000000000000e-03
2.343672914283e+00 2.634297505116e+00 5.000000000000e-03
8.754323922956e-01 2.177386778042e+00 5.000000000000e-03
4.466831821780e+00 1.825036187696e+00 5.000000000000e-03
4.226561404635e+00 5.717484399713e+00 5.000000000000e-03
2.478436578566e+00 4.988095725290e-01 5.000000000000e-03
1.418891110617e+00 4.453531969968e+00 5.000000000000e-03
3.694022065199e+00 3.329480608893e+00 5.000000000000e-03
3.275466653895e+00 2.930304660260e-01 5.000000000000e-03
1.737795215959e-01 3.617341706493e-02 5.000000000000e-03
4.102559395586e+00 3.367639170020e+00 5.000000000000e-03
6.552293630901e-01 4.747619180848e+00 5.000000000000e-03
3.158588642281e+00 4.629322067621e-01 5.000000000000e-03
9.474454762700e-01 2.269203846867e+00 5.000000000000e-03
1.817069487694e+00 2.193291843533e-02 5.000000000000e-03
2.181087147999e+00 5.956038550610e+00 5.000000000000e-03
8.057614023166e-01 2.912888021707e+00 5.000000000000e-03
4.994416439455e+00 5.323052710673e+00 5.000000000000e-03
1.220756235020e-02 6.042468745586e+00 5.000000000000e-03
1.881645927733e-01 4.534771595966e+00 5.000000000000e-03
2.335415354091e-01 2.787363970268e+00 5.000000000000e-03
5.326111051618e+00 2.516214675172e+00 5.000000000000e-03
5.144978702416e+00 5.265928799236e-02 5.000000000000e-03
5.572167060160e+00 7.711519379054e-01 5.000000000000e-03
1.042182468359e+00 4.228758987641e+00 5.000000000000e-03
3.163661266015e+00 3.754229903790e+00 5.000000000000e-03
3.585514616454e+00 4.860655576420e+00 5.000000000000e-03
5.519241095895e+00 1.406471176772e+00 5.000000000000e-03
4.196288448405e+00 4.058228966481e+00 5.000000000000e-03
5.260671807924e+00 6.078273711288e+00 5.000000000000e-03
4.245491872382e+00 3.830640822051e+00 5.000000000000e-03
3.035378224731e+00 3.704818322234e-01 5.000000000000e-03
3.008001711352e+00 5.181853580444e+00 5.000000000000e-03
2.367784149221e-01 6.115796286316e+00 5.000000000000e-03
4.422335514248e+00 2.132056135708e+00 5.000000000000e-03
6.231176670862e+00 3.772296589511e+00 5.000000000000e-03
4.122003902553e-01 7.274673897303e-01 5.000000000000e-03
3.919287942196e+00 1.990401213755e-01 5.000000000000e-03
5.986878603519e+00 3.799711439838e+00 5.000000000000e-03
4.479977657742e+00 5.969253474224e+00 5.000000000000e-03
4.956628207853e+00 5.436015176988e+00 5.000000000000e-03
2.306020581136e+00 2.394302028705e+00 5.000000000000e-03
1.654296147065e+00 4.813604380310e+00 5.000000000000e-03
2.633415341199e+00 2.410131820908e+00 5.000000000000e-03
2.498946028038e+00 5.868443816004e+00 5.000000000000e-03
4.907882988142e+00 6.080043420782e+00 5.000000000000e-03
6.006758293136e+00 1.888813581896e+00 5.000000000000e-03
6.088866843696e+00 1.652403847447e-01 5.000000000000e-03
1.887945488357e+00 1.655569497339e+00 5.000000000000e-03
4.338906526423e+00 1.877933568289e+00 5.000000000000e-03
5.601088699918e+00 3.377510848058e-01 5.000000000000e-03
4.605814811972e+00 5.907041011106e-01 5.000000000000e-03
2.622844818133e+00 1.861518839156e+00 5.000000000000e-03
6.018630691973e+00 1.037712262019e+00 5.000000000000e-03
3.952615924836e-01 6.121110244712e+00 5.000000000000e-03
4.023071663255e-01 6.255048210420e+00 5.000000000000e-03
2.849367570455e+00 5.525375774042e+00 5.000000000000e-03
2.245743084994e+00 3.900361059590e+00 5.000000000000e-03
3.673485198276e+00 4.516295729664e+00 5.000000000000e-03
7.820414542574e-01 4.767022258489e+00 5.000000000000e-03
5.322657436773e+00 5.263680764224e-01 5.000000000000e-03
5.524587830530e+00 4.527037966291e+00 5.000000000000e-03
2.440462919456e+00 1.884434037543e+00 5.000000000000e-03
5.576609829919e+00 3.313737048824e+00 5.000000000000e-03
1.508885170606e+00 2.428996367223e+00 5.000000000000e-03
2.202564910522e+00 6.045460402295e-01 5.000000000000e-03
5.409086096143e+00 2.032976818974e+00 5.000000000000e-03
3.566558653032e-01 2.284750321198e+00 5.000000000000e-03
3.156811551377e+00 4.115155064108e-01 5.000000000000e-03
4.653051403443e+00 3.891229799803e+00 5.000000000000e-03
4.312794762421e+00 6.074973308907e-01 5.000000000000e-03
1.152365030520e+00 5.536351478481e+00 5.000000000000e-03
6.806918142103e-01 3.311912101816e+00 5.000000000000e-03
3.561181726915e+00 5.465939864008e+00 5.000000000000e-03
5.413877906552e-01 4.608560581764e+00 5.000000000000e-03
3.894386903627e+00 5.990369270834e+00 5.000000000000e-03
1.325089065366e+00 4.460787728851e+00 5.000000000000e-03
4.576393661759e+00 6.492846958345e-01 5.000000000000e-03
5.277428417489e+00 1.299221802809e-01 5.000000000000e-03
5.853858070130e+00 3.403317836883e+00 5.000000000000e-03
6.760127797503e-01 3.027664385274e+00 5.000000000000e-03
5.097080187393e-01 5.683375136812e+00 5.000000000000e-03
5.857375951235e+00 1.449114577433e+00 -5.000000000000e-03
5.793594965234e+00 5.750711126062e+00 -5.000000000000e-03
3.886258988407e+00 4.207408856128e+00 -5.000000000000e-03
3.448552811799e+00 2.878344082886e+00 -5.000000000000e-03
5.914088796509e+00 4.388284902524e+00 -5.000000000000e-03
5.280431894184e+00 6.239007669794e+00 -5.000000000000e-03
2.950210293542e+00 2.303840882893e+00 -5.000000000000e-03
8.228709779334e-01 4.989076163802e+00 -5.000000000000e-03
1.802795893292e+00 6.960406134019e-01 -5.000000000000e-03
7.421475460977e-01 7.345589255545e-01 -5.000000000000e-03
5.218094511526e+00 4.866220269301e+00 -5.000000000000e-03
1.983517353203e+00 2.583994063428e+00 -5.000000000000e-03
1.391669449188e+00 3.096612347193e+00 -5.000000000000e-03
3.542402303445e+00 5.890326373561e+00 -5.000000000000e-03
2.337695203357e+00 1.425218246861e+00 -5.000000000000e-03
2.028719711252e+00 3.612600811194e-01 -5.000000000000e-03
6.136443563429e+00 1.028067365105e+00 -5.000000000000e-03
5.046189303134e-01 3.357910746899e+00 -5.000000000000e-03
4.633319671697e+00 4.737212460133e+00 -5.000000000000e-03
3.894326818696e+00 1.155883216720e+00 -5.000000000000e-03
6.910760464537e-01 5.299755532290e+00 -5.000000000000e-03
4.613688329683e+00 4.884450150686e+00 -5.000000000000e-03
3.098826449537e+00 2.648544432606e+00 -5.000000000000e-03
5.538132456328e+00 1.934009186077e+00 -5.000000000000e-03
4.873542077478e+00 4.454645590583e+00 -5.000000000000e-03
3.031298720433e+00 4.461078853333e+00 -5.000000000000e-03
5.712473987486e+00 6.114296502912e+00 -5.000000000000e-03
5.019458744179e-01 5.177750069453e-02 -5.000000000000e-03
2.993042526182e+00 5.253974391691e+00 -5.000000000000e-03
1.126238227608e+00 2.499618029825e+00 -5.000000000000e-03
2.916620446816e+00 3.157249419698e+00 -5.000000000000e-03
3.154677616315e+00 3.895440796649e+00 -5.000000000000e-03
2.513027452261e+00 3.128631926919e+00 -5.000000000000e-03
1.878675229921e+00 1.592428437116e+00 -5.000000000000e-03
7.958594802154e-02 2.008837073437e-02 -5.000000000000e-03
3.453143509533e+00 1.690061152696e+00 -5.000000000000e-03
5.916572692025e+00 2.046825759773e+00 -5.000000000000e-03
4.775206996991e+00 2.327649997948e-02 -5.000000000000e-03
7.763816972297e-02 3.360422835372e+00 -5.000000000000e-03
7.956785112646e-01 2.604135552957e+00 -5.000000000000e-03
6.607459327556e-01 5.306350934813e+00 -5.000000000000e-03
1.684362260935e+00 2.385689405465e-01 -5.000000000000e-03
2.933010281687e+00 4.643371682728e+00 -5.000000000000e-03
1.689942029347e+00 4.837430946734e+00 -5.000000000000e-03
2.961748426720e+00 5.233737991856e+00 -5.000000000000e-03
1.571244098837e+00 7.004636435096e-01 -5.000000000000e-03
1.627947131263e+00 5.103514464459e+00 -5.000000000000e-03
9.542141229026e-01 4.602387879930e-01 -5.000000000000e-03
6.088262085247e+00 3.433004687538e+00 -5.000000000000e-03
5.104103908230e+00 1.736445454001e+00 -5.000000000000e-03
8.608824513073e-01 1.061109437015e+00 -5.000000000000e-03
3.618611238416e-01 5.018682903192e+00 -5.000000000000e-03
1.273347785939e+00 2.515710892816e+00 -5.000000000000e-03
3.820294889480e+00 2.379635413028e+00 -5.000000000000e-03
4.724683781730e+00 4.431437170656e+00 -5.000000000000e-03
2.604522629498e+00 2.073306607251e-02 -5.000000000000e-03
4.879197296457e+00 4.176248735803e+00 -5.000000000000e-03
5.159063648310e+00 3.923487461406e+00 -5.000000000000e-03
5.614604994664e+00 4.329359664697e+00 -5.000000000000e-03
1.169398583559e+00 5.971102995845e+00 -5.000000000000e-03
1.200311711885e+00 4.395953429875e+00 -5.000000000000e-03
2.231711645435e+00 1.182319958210e+00 -5.000000000000e-03
4.414472604947e+00 4.371009572251e+00 -5.000000000000e-03
2.837925270994e+00 9.534490752141e-01 -5.000000000000e-03
1.355591375485e-01 2.686163040842e+00 -5.000000000000e-03
1.749632487405e+00 4.056061736307e+00 -5.000000000000e-03
8.368175437306e-01 2.885873889251e+00 -5.000000000000e-03
5.649217960192e-01 2.183606970324e+00 -5.000000000000e-03
7.778908439260e-01 5.567674825232e+00 -5.000000000000e-03
2.756947221220e+00 1.186097127227e+00 -5.000000000000e-03
3.600887933078e+00 2.170209093087e+00 -5.000000000000e-03
3.028098298357e+00 6.047525265125e+00 -5.000000000000e-03
5.940163434568e+00 2.972563542498e+00 -5.000000000000e-03
1.660043340912e+00 6.198690319298e-01 -5.000000000000e-03
2.753173936528e+00 2.916506462104e-01 -5.000000000000e-03
5.396150872102e+00 1.898131743497e+00 -5.000000000000e-03
9.535770343998e-01 3.629283159082e+00 -5.000000000000e-03
5.376190038482e+00 2.150931239118e+00 -5.000000000000e-03
9.109263199732e-01 4.178388954887e-02 -5.000000000000e-03
1.431451350960e+00 2.780341309827e+00 -5.000000000000e-03
2.432954360984e-01 6.888810619942e-01 -5.000000000000e-03
2.278857030531e+00 3.628717221162e+00 -5.000000000000e-03
1.149978900867e+00 1.020554020606e-01 -5.000000000000e-03
5.122723456480e+00 2.202797382316e+00 -5.000000000000e-03
6.234614197656e+00 2.286157615773e+00 -5.000000000000e-03
6.148789768548e+00 7.260922219385e-02 -5.000000000000e-03
5.709076201432e+00 2.590639702518e+00 -5.000000000000e-03
4.576123633423e+00 2.191073132670e+00 -5.000000000000e-03
1.213374723323e+00 2.789756209347e+00 -5.000000000000e-03
3.400456640273e+00 1.433195996951e+00 -5.000000000000e-03
6.100752076243e+00 5.835897335588e+00 -5.000000000000e-03
3.871449576981e+00 4.519128267605e+00 -5.000000000000e-03
5.575071199913e+00 5.582933876782e-01 -5.000000000000e-03
3.447410230733e+00 1.608913216856e+00 -5.000000000000e-03
5.061932312580e+00 3.262357096618e+00 -5.000000000000e-03
3.246498275767e-01 2.411901307416e+00 -5.000000000000e-03
5.317712468353e+00 4.099177400168e+00 -5.000000000000e-03
3.770793601442e+00 5.983231070516e-01 -5.000000000000e-03
5.021115951206e+00 5.519633182628e+00 -5.000000000000e-03
1.501070732865e+00 1.928611995401e+00 -5.000000000000e-03
