2.320064090330e+00 1.986050196216e+00 5.000000000000e-03
4.884129625448e+00 4.496095764606e+00 5.000000000000e-03
3.340473891145e+00 4.851673076438e+00 5.000000000000e-03
2.603143693009e+00 2.310740954715e+00 5.000000000000e-03
1.272140090711e+00 3.910387509847e+00 5.000000000000e-03
4.064889709520e+00 2.749574120951e-01 5.000000000000e-03
6.377387245441e-01 2.679053357468e+00 5.000000000000e-03
4.615395577581e+00 9.004600078221e-01 5.000000000000e-03
3.204668220700e+00 3.467700489408e+00 5.000000000000e-03
4.026963640132e+00 1.930956296656e+00 5.000000000000e-03
5.364969844866e+00 1.447194936515e+00 5.000000000000e-03
2.232284550076e+00 4.909271974438e-01 5.000000000000e-03
6.025558947276e+00 6.940659885811e-01 5.000000000000e-03
5.902408495766e+00 2.527172825840e+00 5.000000000000e-03
2.619689156904e+00 4.372632022267e-01 5.000000000000e-03
2.241598993441e+00 5.294694132827e+00 5.000000000000e-03
3.609926566700e+00 2.154312291361e+00 5.000000000000e-03
4.810220308562e+00 2.291549791101e+00 5.000000000000e-03
6.223770798196e+00 4.731804771306e+00 5.000000000000e-03
3.867318468936e+00 3.532354003402e+00 5.000000000000e-03
1.896208484557e+00 4.763171941072e+00 5.000000000000e-03
4.895381885577e+00 2.473760252896e+00 5.000000000000e-03
1.167628391102e+00 3.332436691662e-01 5.000000000000e-03
2.489419348304e+00 2.297784651242e+00 5.000000000000e-03
2.611267325548e+00 1.663987397914e+00 5.000000000000e-03
8.353985735787e-01 5.700642029849e+00 5.000000000000e-03
9.984019817396e-01 2.161734898131e+00 5.000000000000e-03
8.472491446870e-01 2.770151842331e+00 5.000000000000e-03
5.304853818218e-01 5.091526279826e+00 5.000000000000e-03
5.890471811246e+00 9.715356692873e-01 5.000000000000e-03
2.668983750734e+00 1.078634017201e+00 5.000000000000e-03
5.329261932512e+00 6.150290362715e+00 5.000000000000e-03
2.884285607558e+00 1.016013236677e+00 5.000000000000e-03
2.058134049192e+00 3.952456015387e+00 5.000000000000e-03
1.961521101928e+00 5.286954319317e+00 5.000000000000e-03
3.479707767084e+00 5.393037680634e+00 5.000000000000e-03
6.604388102032e-02 5.756300583907e+00 5.000000000000e-03
3.993012891443e+00 8.206635191555e-01 5.000000000000e-03
5.337670875607e+00 2.102465415705e+00 5.000000000000e-03
5.820648397281e+00 1.940776334973e+00 5.000000000000e-03
4.868530552800e+00 1.659101263566e+00 5.000000000000e-03
3.507495572472e-01 1.031722582653e+00 5.000000000000e-03
5.198736479679e+00 6.126182308712e+00 5.000000000000e-03
3.144796105275e+00 6.003477395361e+00 5.000000000000e-03
2.166128842324e+00 1.813664897274e+00 5.000000000000e-03
3.161849886233e+00 5.455189489986e-02 5.000000000000e-03
4.227771439450e-01 4.707833677710e+00 5.000000000000e-03
2.518973326384e-01 6.004535339751e+00 5.000000000000e-03
4.749544234419e-01 5.032765989262e+00 5.000000000000e-03
4.629938752419e+00 2.022399672162e+00 5.000000000000e-03
3.366816604018e+00 4.128547480018e+00 5.000000000000e-03
2.603811815221e+00 3.373128292293e+00 5.000000000000e-03
9.387880120864e-01 3.946277443996e+00 5.000000000000e-03
7.353298314769e-02 3.430326732793e-01 5.000000000000e-03
3.251829167900e-01 2.367357514398e+00 5.000000000000e-03
2.431318147828e+00 5.567196936657e-02 5.000000000000e-03
4.668510516415e+00 4.559557890477e+00 5.000000000000e-03
4.520030193619e+00 1.093069740569e+00 5.000000000000e-03
6.103706160374e+00 1.690305025618e+00 5.000000000000e-03
2.596123088440e+00 1.391556239165e+00 5.000000000000e-03
1.743502186180e+00 5.794448447642e+00 5.000000000000e-03
3.357304473255e+00 1.297509449613e+00 5.000000000000e-03
2.307158181627e-01 5.534853385756e+00 5.000000000000e-03
4.518368655884e-01 1.440712744287e+00 5.000000000000e-03
1.746959896171e+00 1.043908528549e+00 5.000000000000e-03
2.530049657466e+00 2.107643390811e+00 5.000000000000e-03
6.027672616955e+00 4.633742164893e+00 5.000000000000e-03
2.057167880271e+00 2.688811041283e+00 5.000000000000e-03
1.230572140238e+00 1.306209586217e+00 5.000000000000e-03
1.276125726628e-01 3.138302878579e+00 5.000000000000e-03
4.816244579752e+00 2.377079896261e+00 5.000000000000e-03
3.804398904031e+00 1.412293854180e+00 5.000000000000e-03
5.843410004022e+00 3.509445477118e+00 5.000000000000e-03
1.954857382503e+00 3.816545360031e+00 5.000000000000e-03
3.737248002820e+00 8.737834698190e-02 5.000000000000e-03
2.651282980990e+00 6.198013266010e+00 5.000000000000e-03
4.454499445883e+00 2.283416972935e+00 5.000000000000e-03
1.793453236400e+00 5.970665589334e+00 5.000000000000e-03
3.989953829919e+00 4.154357585626e+00 5.000000000000e-03
4.956257647536e+00 4.204136230675e+00 5.000000000000e-03
4.957643663806e+00 2.399747355577e+00 5.000000000000e-03
3.261110997899e+00 3.803251886038e+00 5.000000000000e-03
1.071353900038e+00 3.565588341392e+00 5.000000000000e-03
1.672141602171e+00 4.198307297511e+00 5.000000000000e-03
3.679890509906e+00 4.669072241162e+00 5.000000000000e-03
5.824793490216e+00 2.244343852984e+00 5.000000000000e-03
1.210554106342e+00 5.040090311281e+00 5.000000000000e-03
3.641565795621e+00 1.025332317665e+00 5.000000000000e-03
1.861414437910e-01 7.223417493540e-01 5.000000000000e-03
5.566554194843e+00 3.908315304248e+00 5.000000000000e-03
2.098915284127e+00 5.847895150261e+00 5.000000000000e-03
3.855631731805e-02 3.379430566741e+00 5.000000000000e-03
5.165202711509e+00 1.743674320254e+00 5.000000000000e-03
6.103884926328e+00 5.241858827873e+00 5.000000000000e-03
5.716149055916e-01 1.642576243794e+00 5.000000000000e-03
2.174937998688e+00 5.504410801816e+00 5.000000000000e-03
5.073013426257e+00 1.734441809698e+00 5.000000000000e-03
3.007499058088e+00 7.950821292142e-01 5.000000000000e-03
6.457489141692e-01 6.175063917287e+00 5.000000000000e-03
2.726993656430e+00 1.739267732885e+00 5.000000000000e-03
3.234819631103e-01 5.975251300585e+00 -5.000000000000e-03
1.566855500156e-01 5.268176839849e+00 -5.000000000000e-03
5.332056391234e+00 5.194267845381e+00 -5.000000000000e-03
5.619999263381e+00 5.266670695850e+00 -5.000000000000e-03
4.777848531602e+00 1.754953190737e+00 -5.000000000000e-03
2.231422627395e-01 2.518055736853e+00 -5.000000000000e-03
3.207679138951e+00 2.692354566828e+00 -5.000000000000e-03
5.472540252696e+00 1.534125365189e+00 -5.000000000000e-03
6.074062667441e+00 4.915609790219e+00 -5.000000000000e-03
5.056981212039e+00 4.369805918456e+00 -5.000000000000e-03
3.898322517552e+00 4.096004242401e+00 -5.000000000000e-03
5.791424275859e+00 6.242218191772e+00 -5.000000000000e-03
1.617982541802e-01 1.129201185467e+00 -5.000000000000e-03
5.007072924102e+00 5.493992910615e+00 -5.000000000000e-03
8.985636415811e-01 1.462396912785e+00 -5.000000000000e-03
2.007097495669e+00 1.824336486577e+00 -5.000000000000e-03
2.699223460798e+00 3.391353932208e+00 -5.000000000000e-03
4.781945008043e+00 3.034400550424e+00 -5.000000000000e-03
1.556460474492e+00 1.212103700112e+00 -5.000000000000e-03
2.986671277054e+00 1.762082705432e+00 -5.000000000000e-03
2.904170571017e+00 3.879783305405e+00 -5.000000000000e-03
1.249533548731e+00 2.094230168292e+00 -5.000000000000e-03
6.352538580763e-01 3.575285581198e+00 -5.000000000000e-03
1.564123345674e+00 2.409383303814e+00 -5.000000000000e-03
2.949260125328e+00 4.659742533376e+00 -5.000000000000e-03
3.840174154094e+00 1.092385853492e+00 -5.000000000000e-03
7.117701515850e-01 2.407626176565e+00 -5.000000000000e-03
4.085805012823e+00 5.646649949196e+00 -5.000000000000e-03
1.765410589258e-01 3.097112198584e+00 -5.000000000000e-03
2.862846778747e+00 1.660725507971e+00 -5.000000000000e-03
3.558519502114e+00 5.985931544241e+00 -5.000000000000e-03
1.355863008187e+00 3.532067946656e+00 -5.000000000000e-03
3.539732887864e+00 6.176226308176e+00 -5.000000000000e-03
5.127617704929e+00 2.312890942175e+00 -5.000000000000e-03
4.694395226364e+00 1.279013750179e+00 -5.000000000000e-03
2.220353713435e+00 3.726230231333e+00 -5.000000000000e-03
1.302781486376e+00 5.430508009577e+00 -5.000000000000e-03
1.736801467356e-01 4.950627042019e+00 -5.000000000000e-03
2.934668377566e-01 2.990045396049e+00 -5.000000000000e-03
4.786368215249e+00 3.753998335129e+00 -5.000000000000e-03
2.873254326292e+00 3.841875265434e+00 -5.000000000000e-03
6.294481462349e-01 3.040375535001e+00 -5.000000000000e-03
3.523331976579e+00 6.053098105346e+00 -5.000000000000e-03
4.820023010042e+00 3.516975750330e+00 -5.000000000000e-03
4.594235623922e+00 8.558390130815e-01 -5.000000000000e-03
1.165631145153e+00 2.794257177611e+00 -5.000000000000e-03
5.186779049888e+00 1.926064206428e+00 -5.000000000000e-03
2.153154352201e+00 1.540815227225e+00 -5.000000000000e-03
1.814578263188e+00 6.206760360888e+00 -5.000000000000e-03
4.255811229339e+00 4.625146199138e+00 -5.000000000000e-03
6.441926727709e-01 3.698853740490e+00 -5.000000000000e-03
2.010108806536e+00 3.563014382689e+00 -5.000000000000e-03
6.080612246922e+00 1.005634050814e+00 -5.000000000000e-03
1.465728895207e+00 2.522087818363e+00 -5.000000000000e-03
3.619631980622e+00 4.881661696633e-01 -5.000000000000e-03
2.446007012287e+00 2.668238320851e+00 -5.000000000000e-03
6.216600242935e+00 1.688443124019e+00 -5.000000000000e-03
2.002678282233e+00 4.700885858885e+00 -5.000000000000e-03
8.168828045849e-01 3.516190134066e+00 -5.000000000000e-03
4.037484995974e+00 1.849091013924e+00 -5.000000000000e-03
5.827298636362e+00 1.235959707579e+00 -5.000000000000e-03
5.684199176235e+00 3.516332834119e+00 -5.000000000000e-03
5.626329825519e+00 3.241877358728e+00 -5.000000000000e-03
5.257465923637e+00 1.441972851914e+00 -5.000000000000e-03
4.171258624718e+00 5.137258035805e-01 -5.000000000000e-03
2.759542718026e+00 2.298316451094e+00 -5.000000000000e-03
3.453735915209e+00 6.087663323736e+00 -5.000000000000e-03
1.902483515056e+00 2.982387371795e+00 -5.000000000000e-03
4.543244644158e+00 4.355498567358e+00 -5.000000000000e-03
5.807785611645e+00 5.103581473322e+00 -5.000000000000e-03
2.220451147514e+00 6.001531359648e+00 -5.000000000000e-03
2.310855027756e-01 7.135108435717e-01 -5.000000000000e-03
5.142269211706e+00 3.233154618222e+00 -5.000000000000e-03
4.457947807645e+00 4.267138913511e+00 -5.000000000000e-03
4.193548297659e+00 1.847239714463e+00 -5.000000000000e-03
5.774003634603e+00 2.252033465020e+00 -5.000000000000e-03
9.775387758324e-01 2.447487526297e+00 -5.000000000000e-03
4.993618422256e+00 3.160191611138e+00 -5.000000000000e-03
2.948966372380e+00 4.943807003237e+00 -5.000000000000e-03
2.888623911647e+00 1.287190422729e+00 -5.000000000000e-03
3.338069137257e+00 6.084779277241e+00 -5.000000000000e-03
6.066502212890e+00 2.298666924070e+00 -5.000000000000e-03
5.265108478852e+00 3.008340729311e+00 -5.000000000000e-03
6.222009660831e-01 5.154841581303e+00 -5.000000000000e-03
3.072532238083e+00 1.297237455477e+00 -5.000000000000e-03
3.878047348378e+00 4.355112180360e+00 -5.000000000000e-03
3.090380351827e+00 3.530969657667e+00 -5.000000000000e-03
5.131716157846e+00 2.141891257863e+00 -5.000000000000e-03
3.982573597416e+00 5.464987389286e+00 -5.000000000000e-03
4.194640349587e+00 4.721776926463e+00 -5.000000000000e-03
3.951541895619e+00 2.861760961123e+00 -5.000000000000e-03
3.885922584918e+00 3.353411875793e+00 -5.000000000000e-03
1.558698091346e+00 5.378736320465e+00 -5.000000000000e-03
2.967535652428e+00 5.495433976146e+00 -5.000000000000e-03
5.790474651280e-02 3.154296895757e+00 -5.000000000000e-03
3.312684786005e+00 5.826710514491e+00 -5.000000000000e-03
8.323876673183e-02 3.857740911295e+00 -5.000000000000e-03
6.277380356430e+00 8.739442942310e-01 -5.000000000000e-03
5.451260280412e+00 3.417648367626e+00 -5.000000000000e-03
1.622793387867e+00 2.723207482655e+00 -5.000000000000e-03
