4.128348848744e+00 3.192088803452e+00 5.000000000000e-03
3.897901064195e+00 4.131574658781e+00 5.000000000000e-03
1.472200197918e+00 6.109813083218e+00 5.000000000000e-03
2.204046260691e+00 3.932898212477e+00 5.000000000000e-03
5.702262025131e+00 4.879404115392e+00 5.000000000000e-03
2.442198426563e+00 5.296426014282e+00 5.000000000000e-03
3.577828665609e+00 2.654386352580e+00 5.000000000000e-03
5.383151933746e-01 1.718694016768e+00 5.000000000000e-03
5.165468350102e+00 9.893319398955e-01 5.000000000000e-03
4.334383386059e+00 1.984822252863e+00 5.000000000000e-03
4.274744372169e+00 4.705694407463e+00 5.000000000000e-03
2.244777226243e+00 3.602276197355e+00 5.000000000000e-03
5.514993201979e+00 2.757952185913e+00 5.000000000000e-03
6.587473262733e-01 1.700158458621e+00 5.000000000000e-03
3.884133206188e+00 2.052876990763e+00 5.000000000000e-03
4.958991798485e+00 2.102045539847e+00 5.000000000000e-03
3.683490042398e+00 1.696268663606e+00 5.000000000000e-03
2.681944482435e-01 4.404557724807e+00 5.000000000000e-03
2.109636930411e+00 4.959701150723e+00 5.000000000000e-03
3.627751283063e+00 4.084080206169e+00 5.000000000000e-03
3.922496707731e+00 3.126045395982e+00 5.000000000000e-03
1.793507763836e+00 2.343345540184e+00 5.000000000000e-03
4.975571796383e+00 4.087014982252e+00 5.000000000000e-03
2.621388192872e+00 1.038997207632e+00 5.000000000000e-03
3.055497007496e-02 1.510459715778e+00 5.000000000000e-03
3.852288704774e+00 1.963439196382e+00 5.000000000000e-03
5.449685278718e+00 5.262188653940e+00 5.000000000000e-03
5.908750821880e+00 4.146597005575e+00 5.000000000000e-03
6.053480978703e+00 1.422985167550e-01 5.000000000000e-03
2.318386632908e+00 1.250086228654e+00 5.000000000000e-03
1.835207863114e-01 5.402640654739e+00 5.000000000000e-03
5.852440690051e+00 5.674292536118e-01 5.000000000000e-03
3.880185767914e+00 4.671817945011e+00 5.000000000000e-03
3.750299414277e-01 5.350712822126e-02 5.000000000000e-03
3.020836937806e+00 5.910387659641e+00 5.000000000000e-03
6.858781964746e-01 1.133491958680e+00 5.000000000000e-03
5.566178980356e+00 2.905626967869e+00 5.000000000000e-03
4.445278407449e+00 5.071516921563e+00 5.000000000000e-03
8.035043150225e-01 1.947142313941e+00 5.000000000000e-03
5.158349727852e+00 3.553076045930e+00 5.000000000000e-03
5.400446776138e+00 2.503072082990e+00 5.000000000000e-03
5.011721732635e+00 3.782098608110e+00 5.000000000000e-03
5.982043937997e+00 5.743308910019e+00 5.000000000000e-03
1.257442877816e+00 4.573529711690e-01 5.000000000000e-03
5.750712865372e+00 5.761380394494e+00 5.000000000000e-03
4.510554050063e+00 5.952020271844e+00 5.000000000000e-03
3.330193473155e+00 3.241110133724e+00 5.000000000000e-03
6.271446813695e+00 1.098425586010e+00 5.000000000000e-03
3.615523596709e+00 5.164320334145e+00 5.000000000000e-03
1.320755240674e+00 5.832520636541e+00 5.000000000000e-03
1.597705594154e+00 8.452347089709e-01 5.000000000000e-03
2.618096588849e+00 5.674637741452e+00 5.000000000000e-03
4.516434305681e+00 5.062157589885e+00 5.000000000000e-03
5.684691526809e+00 2.810501041752e+00 5.000000000000e-03
5.144596038502e+00 3.132754586855e+00 5.000000000000e-03
6.187784293086e+00 5.948566046631e+00 5.000000000000e-03
6.020544875328e+00 3.790850959467e+00 5.000000000000e-03
2.423212322800e+00 1.266388943041e+00 5.000000000000e-03
3.613174030891e+00 2.528695507972e+00 5.000000000000e-03
1.677981862822e+00 3.934069838934e+00 5.000000000000e-03
1.577419682170e+00 4.409350151068e+00 5.000000000000e-03
5.551171567253e+00 3.371514443954e+00 5.000000000000e-03
3.032017003750e-01 4.503030981385e+00 5.000000000000e-03
2.915561255946e+00 2.450094804581e-01 5.000000000000e-03
1.923199200500e+00 2.619683297339e+00 5.000000000000e-03
2.720558757313e+00 1.479199796814e+00 5.000000000000e-03
3.503616241230e+00 9.696184488099e-01 5.000000000000e-03
2.330301076061e+00 4.196718744494e+00 5.000000000000e-03
1.098463819477e+00 6.000551381765e-01 5.000000000000e-03
4.015294182692e-02 9.305971395666e-01 5.000000000000e-03
1.006160739535e+00 5.786606753503e+00 5.000000000000e-03
1.208139225325e+00 4.812217088241e+00 5.000000000000e-03
1.610395105520e+00 9.362523985492e-01 5.000000000000e-03
2.081348583835e+00 3.125122013011e+00 5.000000000000e-03
6.048483303815e+00 4.543972346850e+00 5.000000000000e-03
8.436188445224e-01 3.444524554292e+00 5.000000000000e-03
4.101565687432e+00 4.780613742390e+00 5.000000000000e-03
3.072603858545e+00 5.260208091797e+00 5.000000000000e-03
2.507165604351e+00 1.224417543675e+00 5.000000000000e-03
5.620775670311e+00 3.512114026535e+00 5.000000000000e-03
4.359499980437e+00 5.142448515172e+00 5.000000000000e-03
2.241559227750e+00 3.092739583446e+00 5.000000000000e-03
1.722326274475e+00 3.879442883114e+00 5.000000000000e-03
5.550037650986e-01 5.337634194298e+00 5.000000000000e-03
5.835517476700e+00 6.982962584097e-01 5.000000000000e-03
4.548557757063e+00 3.562220599974e+00 5.000000000000e-03
5.554901141366e+00 2.520567186204e+00 5.000000000000e-03
8.851433387095e-01 1.776195035294e+00 5.000000000000e-03
4.614527619673e-01 1.408280368672e+00 5.000000000000e-03
2.173375700931e+00 2.561415212795e-01 5.000000000000e-03
6.199879987566e+00 1.585052796040e+00 5.000000000000e-03
3.773617729559e+00 4.919025453358e+00 5.000000000000e-03
4.492685067382e+00 5.354131151241e+00 5.000000000000e-03
5.934527614268e+00 5.965285902763e+00 5.000000000000e-03
4.338380510443e+00 6.118494135817e+00 5.000000000000e-03
4.009516280530e+00 4.617603702127e+00 5.000000000000e-03
5.652489634590e+00 2.759351768446e+00 5.000000000000e-03
4.638338797765e+00 4.881009388492e+00 5.000000000000e-03
3.506977904592e+00 4.186981138375e+00 5.000000000000e-03
1.296427901751e+00 1.413474440971e+00 5.000000000000e-03
3.040382853901e+00 6.004773041449e+00 -5.000000000000e-03
4.745458819470e+00 1.931137587713e+00 -5.000000000000e-03
4.514459213770e+00 1.306675425474e+00 -5.000000000000e-03
5.487948548623e+00 2.647697376856e+00 -5.000000000000e-03
5.555696574538e+00 4.871890033429e+00 -5.000000000000e-03
1.340995782638e-01 1.483352556062e+00 -5.000000000000e-03
3.012115276966e+00 3.761635165312e+00 -5.000000000000e-03
5.557093521897e+00 2.960253775984e+00 -5.000000000000e-03
7.936757130618e-01 5.247373596628e+00 -5.000000000000e-03
1.955777134502e+00 1.055908064606e+00 -5.000000000000e-03
6.253977945795e+00 1.970334743171e+00 -5.000000000000e-03
1.632375901797e+00 3.781501013532e+00 -5.000000000000e-03
3.152450096769e+00 4.024652738426e+00 -5.000000000000e-03
5.449493029410e+00 4.722388888099e+00 -5.000000000000e-03
4.439771842019e+00 3.906488777188e+00 -5.000000000000e-03
1.095196678705e-01 2.847163722137e+00 -5.000000000000e-03
4.762134111031e+00 1.182741335315e+00 -5.000000000000e-03
7.590335179004e-01 1.559844903822e-01 -5.000000000000e-03
3.210953142725e+00 9.613994290364e-02 -5.000000000000e-03
2.782184216003e+00 2.906817620844e+00 -5.000000000000e-03
1.323575578180e-01 6.034197839005e+00 -5.000000000000e-03
2.858307974385e-02 4.068317119396e+00 -5.000000000000e-03
6.139276370147e+00 1.603724012652e+00 -5.000000000000e-03
5.367034735231e+00 2.997259125629e+00 -5.000000000000e-03
1.418794360527e+00 2.564809226288e+00 -5.000000000000e-03
6.189816390122e+00 7.591712666991e-01 -5.000000000000e-03
1.661536591937e-01 5.453378061148e+00 -5.000000000000e-03
5.564989058841e+00 5.199204140457e+00 -5.000000000000e-03
3.748963942433e+00 3.792291840610e+00 -5.000000000000e-03
3.419184167399e+00 4.076655031592e+00 -5.000000000000e-03
5.127281226789e+00 5.675652095977e-02 -5.000000000000e-03
5.558026120501e+00 5.506215460200e+00 -5.000000000000e-03
5.461872045613e+00 6.029803126485e-01 -5.000000000000e-03
1.312126521945e+00 3.775709562978e+00 -5.000000000000e-03
2.086180750597e+00 2.990056687141e+00 -5.000000000000e-03
1.431028840705e+00 3.311329272003e+00 -5.000000000000e-03
3.641340354482e+00 4.524994442980e+00 -5.000000000000e-03
4.474721249692e+00 3.867156056435e+00 -5.000000000000e-03
4.849876163511e+00 6.544626507707e-01 -5.000000000000e-03
4.028130735413e+00 5.175669607421e+00 -5.000000000000e-03
3.454072812938e+00 2.120021657465e+00 -5.000000000000e-03
5.183456866970e+00 4.402509946593e+00 -5.000000000000e-03
6.992781389288e-01 5.513333803757e-01 -5.000000000000e-03
1.420400359610e-01 5.056754114273e+00 -5.000000000000e-03
4.173106267779e+00 4.178901737120e+00 -5.000000000000e-03
4.216926649338e+00 5.758389968678e+00 -5.000000000000e-03
3.390329340415e+00 4.002317880559e+00 -5.000000000000e-03
5.128026452759e+00 5.073590141201e+00 -5.000000000000e-03
6.241095274326e+00 4.068396173305e+00 -5.000000000000e-03
5.873492986214e+00 1.668096882104e+00 -5.000000000000e-03
6.213093407468e+00 3.200503391734e+00 -5.000000000000e-03
5.312662919146e+00 4.962585812572e+00 -5.000000000000e-03
5.757353716692e+00 1.871739422263e+00 -5.000000000000e-03
1.909572474012e-01 2.289037174207e+00 -5.000000000000e-03
4.457847623477e+00 2.919442820528e+00 -5.000000000000e-03
3.787780044551e+00 9.782330441806e-01 -5.000000000000e-03
4.286451761941e+00 1.460875516514e-01 -5.000000000000e-03
4.166691540981e+00 1.417588277814e+00 -5.000000000000e-03
4.962190531406e+00 5.983319054998e+00 -5.000000000000e-03
2.605191609443e+00 5.355369865156e+00 -5.000000000000e-03
1.070679636786e+00 5.781638176903e+00 -5.000000000000e-03
8.107726209875e-02 4.617228967617e+00 -5.000000000000e-03
4.335103969886e+00 4.518373506062e+00 -5.000000000000e-03
4.920595469131e+00 3.634931444148e+00 -5.000000000000e-03
3.913170694245e+00 1.336990093768e+00 -5.000000000000e-03
6.012031050827e+00 1.051303033171e+00 -5.000000000000e-03
2.154029833317e+00 2.510979946003e+00 -5.000000000000e-03
4.935221797103e+00 5.799031747553e+00 -5.000000000000e-03
3.377808938517e+00 3.732770788222e+00 -5.000000000000e-03
4.026228494648e+00 8.841413933829e-01 -5.000000000000e-03
3.682800179409e+00 2.051115022925e+00 -5.000000000000e-03
4.091861095836e+00 1.935850847826e+00 -5.000000000000e-03
3.131286951911e+00 9.996337499492e-01 -5.000000000000e-03
2.163756946566e+00 3.946274013580e+00 -5.000000000000e-03
2.749411765988e+00 3.161939628549e+00 -5.000000000000e-03
3.627589182643e+00 3.686592205474e+00 -5.000000000000e-03
8.889039030364e-01 3.408840250936e+00 -5.000000000000e-03
3.961079580073e+00 1.607929676287e+00 -5.000000000000e-03
2.503238671060e+00 9.148638583728e-01 -5.000000000000e-03
2.704464220499e+00 5.323553251075e+00 -5.000000000000e-03
3.458867204586e+00 1.911321742580e+00 -5.000000000000e-03
5.920657470801e+00 5.244276435135e+00 -5.000000000000e-03
3.799279343757e+00 4.194819851634e+00 -5.000000000000e-03
3.142123852609e+00 2.184377571693e+00 -5.000000000000e-03
4.889480223450e+00 4.055743900724e-02 -5.000000000000e-03
4.347698290350e+00 5.896620067014e+00 -5.000000000000e-03
4.605847028788e+00 3.832131371148e-02 -5.000000000000e-03
5.329102516023e+00 8.842617081177e-02 -5.000000000000e-03
1.816133193901e+00 4.090239382264e+00 -5.000000000000e-03
1.824718086246e+00 1.674859240917e+00 -5.000000000000e-03
2.865021634694e+00 4.714810003973e+00 -5.000000000000e-03
4.469744804115e+00 3.396373931144e+00 -5.000000000000e-03
5.034718948425e-01 4.725334326730e+00 -5.000000000000e-03
1.258853232396e+00 4.216853747603e+00 -5.000000000000e-03
1.033379097611e+00 5.594795894812e+00 -5.000000000000e-03
1.015107293873e+00 2.325782801568e+00 -5.000000000000e-03
6.227384123890e+00 3.817343821640e+00 -5.000000000000e-03
4.527976351952e-01 1.924043878484e+00 -5.000000000000e-03
4.505163625319e+00 6.096693443099e+00 -5.000000000000e-03
2.650733804616e+00 2.480931650882e+00 -5.000000000000e-03
