6.347400174522e-01 2.370086052276e+00 5.000000000000e-03
3.172611604925e+00 1.888472149297e+00 5.000000000000e-03
1.419083831875e+00 2.508746279513e+00 5.000000000000e-03
2.892318455755e-02 1.451947922842e+00 5.000000000000e-03
4.016911810843e+00 4.046107835330e+00 5.000000000000e-03
6.260561790642e-01 3.613335398822e+00 5.000000000000e-03
1.200775721118e+00 3.993159717042e+00 5.000000000000e-03
5.763381593598e+00 2.619219174277e+00 5.000000000000e-03
5.002012694256e+00 2.294008051151e+00 5.000000000000e-03
5.168304116352e+00 4.093936825775e+00 5.000000000000e-03
7.529475015943e-01 2.680375278575e+00 5.000000000000e-03
2.662838908252e+00 2.384865729821e+00 5.000000000000e-03
2.197262139687e+00 4.636304443976e+00 5.000000000000e-03
2.090460926500e+00 5.365703504514e+00 5.000000000000e-03
3.018629666816e+00 4.672075825787e+00 5.000000000000e-03
1.932523105821e-01 3.164533035506e+00 5.000000000000e-03
1.503529588481e-01 1.943572600663e+00 5.000000000000e-03
7.284991096431e-01 5.405092490922e+00 5.000000000000e-03
1.557895594809e-04 3.493756360121e+00 5.000000000000e-03
3.785869835493e+00 5.685765981475e+00 5.000000000000e-03
2.255482229253e-01 4.813355592726e+00 5.000000000000e-03
3.682369172620e+00 2.397450875250e+00 5.000000000000e-03
6.698300460439e-02 2.713026361310e-01 5.000000000000e-03
1.883219097088e+00 3.147676695473e+00 5.000000000000e-03
6.271440972513e+00 1.796173482233e+00 5.000000000000e-03
3.854232790173e+00 5.203129006234e+00 5.000000000000e-03
5.149907201296e+00 5.029858365503e+00 5.000000000000e-03
8.879423359018e-01 6.235591435454e+00 5.000000000000e-03
3.590744739189e+00 3.161547978535e+00 5.000000000000e-03
1.326603664719e-01 5.629677838140e+00 5.000000000000e-03
1.201747995282e+00 3.124283030919e+00 5.000000000000e-03
1.484744990299e+00 6.261438463731e-01 5.000000000000e-03
1.765979584965e+00 2.037520874009e+00 5.000000000000e-03
5.875353791375e+00 3.029111332103e+00 5.000000000000e-03
4.384666415209e+00 4.218506635515e+00 5.000000000000e-03
2.203407384924e+00 1.789545372139e-01 5.000000000000e-03
2.522397331472e+00 3.131163523210e+00 5.000000000000e-03
2.910307491937e+00 1.194549318941e+00 5.000000000000e-03
2.437615211029e+00 7.018037724678e-01 5.000000000000e-03
1.186445569684e+00 5.806751463949e+00 5.000000000000e-03
2.869417558180e+00 4.860407731393e+00 5.000000000000e-03
1.939732946161e+00 3.905058985823e+00 5.000000000000e-03
3.667177005547e+00 1.182083887641e+00 5.000000000000e-03
1.865405355746e+00 4.039006082060e+00 5.000000000000e-03
2.792778863720e+00 1.413765128877e-01 5.000000000000e-03
3.126751210737e+00 1.469915309448e+00 5.000000000000e-03
1.695708516451e+00 6.182479615123e+00 5.000000000000e-03
2.828410921063e-01 5.689582887995e+00 5.000000000000e-03
6.223489909980e+00 2.704275305318e+00 5.000000000000e-03
4.461199336127e+00 1.828323804262e+00 5.000000000000e-03
4.518107837552e+00 1.811257226645e+00 5.000000000000e-03
4.605996338344e+00 7.512469922548e-01 5.000000000000e-03
5.707218609833e+00 2.520906739672e+00 5.000000000000e-03
1.169193598457e+00 2.601702604138e+00 5.000000000000e-03
2.940133795303e+00 5.706026113358e+00 5.000000000000e-03
3.658652101293e+00 1.413348841438e+00 5.000000000000e-03
3.936948310136e+00 1.679788248963e-01 5.000000000000e-03
9.871304160065e-01 4.801579985629e+00 5.000000000000e-03
3.472177291377e-01 5.567398988246e+00 5.000000000000e-03
3.289315068773e+00 1.395602500643e-01 5.000000000000e-03
3.700826127120e+00 1.204357381091e-01 5.000000000000e-03
2.500099638975e+00 2.316392424445e+00 5.000000000000e-03
4.949376515176e-01 3.421349820364e+00 5.000000000000e-03
2.399689147165e+00 2.112881134477e+00 5.000000000000e-03
9.734991534098e-01 3.369358135801e+00 5.000000000000e-03
2.905126149745e+00 2.118171178799e+00 5.000000000000e-03
3.422812694803e+00 2.406657935399e-01 5.000000000000e-03
2.226964485110e+00 5.547681931737e+00 5.000000000000e-03
5.529426935040e+00 1.490663592679e-01 5.000000000000e-03
2.541732023734e+00 5.037323741890e-01 5.000000000000e-03
3.039974221365e+00 4.747168257204e+00 5.000000000000e-03
4.048248033279e+00 3.621744838821e-01 5.000000000000e-03
5.645166886097e+00 5.818077464858e+00 5.000000000000e-03
6.117161768610e+00 8.127210165191e-01 5.000000000000e-03
4.303774800288e-01 2.304691810084e+00 5.000000000000e-03
1.439033265339e+00 4.986139720009e+00 5.000000000000e-03
4.603995683298e+00 3.750716793251e+00 5.000000000000e-03
1.319894426934e+00 5.722431323772e-01 5.000000000000e-03
4.743948226427e+00 3.794268842907e+00 5.000000000000e-03
5.211614253560e-01 5.957568475199e+00 5.000000000000e-03
5.403159255244e+00 2.205533224830e-01 5.000000000000e-03
1.915904728338e+00 5.815851630144e+00 5.000000000000e-03
6.099522490924e+00 3.619852468453e+00 5.000000000000e-03
3.092853661500e+00 5.177665927654e+00 5.000000000000e-03
4.373955430139e+00 3.169975985084e+00 5.000000000000e-03
4.359850754430e+00 1.422196648957e+00 5.000000000000e-03
4.260037486160e-01 3.377290085566e+00 5.000000000000e-03
1.767647813703e+00 3.858880519902e+00 5.000000000000e-03
5.764062892197e+00 1.264244004102e+00 5.000000000000e-03
3.714884456388e+00 4.231872348550e+00 5.000000000000e-03
2.758255776483e+00 5.460331502392e+00 5.000000000000e-03
7.634570431541e-02 4.795970305574e+00 5.000000000000e-03
3.433167407664e+00 1.395930978443e+00 5.000000000000e-03
3.961345414976e-01 5.466122782227e+00 5.000000000000e-03
2.135832640072e+00 2.959447965956e+00 5.000000000000e-03
2.162377365381e-01 5.748157734740e+00 5.000000000000e-03
3.982376216254e+00 5.270153481250e-01 5.000000000000e-03
4.359264210191e+00 1.343951355836e+00 5.000000000000e-03
1.817271847627e+00 4.846204093951e+00 5.000000000000e-03
3.340730141346e+00 8.794966815628e-01 5.000000000000e-03
4.500067675997e+00 3.219377179307e+00 -5.000000000000e-03
4.484237578355e+00 2.875051085130e+00 -5.000000000000e-03
2.031091042835e+00 1.031116167890e-01 -5.000000000000e-03
4.373003711423e-01 6.018626738062e+00 -5.000000000000e-03
3.111616001682e+00 2.111324764028e+00 -5.000000000000e-03
3.406114961730e+00 3.905134530855e+00 -5.000000000000e-03
3.206280340898e+00 5.665403170760e+00 -5.000000000000e-03
4.003053367122e+00 1.045953796916e+00 -5.000000000000e-03
5.722484381183e+00 5.635495341781e+00 -5.000000000000e-03
9.221945714515e-01 9.219522474171e-01 -5.000000000000e-03
3.253880950148e+00 4.618972875062e+00 -5.000000000000e-03
4.918228666445e+00 1.398103130952e+00 -5.000000000000e-03
2.893649280080e+00 3.912425937166e+00 -5.000000000000e-03
5.148815901511e+00 1.909668249194e+00 -5.000000000000e-03
2.106192995034e+00 1.608668556756e+00 -5.000000000000e-03
4.849523249563e+00 3.526105201625e+00 -5.000000000000e-03
2.257173625306e+00 3.085555645836e+00 -5.000000000000e-03
1.679801856442e+00 5.354312978294e+00 -5.000000000000e-03
3.091086612688e+00 3.343581440224e+00 -5.000000000000e-03
9.940050418080e-01 1.972054499302e+00 -5.000000000000e-03
4.557578763738e+00 4.457236207678e+00 -5.000000000000e-03
1.185208323949e+00 4.176708319115e+00 -5.000000000000e-03
4.009692550416e+00 9.585859980248e-01 -5.000000000000e-03
5.250734659424e-01 1.147356902733e+00 -5.000000000000e-03
4.216831974649e+00 3.467924340889e-01 -5.000000000000e-03
1.596887126639e+00 4.340567556903e+00 -5.000000000000e-03
7.443813636849e-01 3.800934816521e+00 -5.000000000000e-03
3.859206806691e-01 3.640104694626e+00 -5.000000000000e-03
1.967014803244e+00 2.491089550554e+00 -5.000000000000e-03
7.161351500496e-01 5.619917051339e+00 -5.000000000000e-03
3.225049816368e+00 5.726772268355e+00 -5.000000000000e-03
2.053995350963e+00 1.495324333594e+00 -5.000000000000e-03
4.389634786697e+00 4.369825245559e+00 -5.000000000000e-03
5.241195102228e+00 7.243931788314e-01 -5.000000000000e-03
1.041282311947e+00 4.861426528594e+00 -5.000000000000e-03
1.564029312660e+00 1.187522297628e+00 -5.000000000000e-03
3.178298623289e+00 2.998650679243e+00 -5.000000000000e-03
1.937322600021e+00 2.120501423113e+00 -5.000000000000e-03
1.345153126700e+00 5.353839284705e+00 -5.000000000000e-03
1.704369651045e+00 4.598401654617e+00 -5.000000000000e-03
5.786442142227e+00 2.174827714059e+00 -5.000000000000e-03
7.181913509728e-01 9.115006969910e-01 -5.000000000000e-03
3.061091449660e+00 2.432141964653e+00 -5.000000000000e-03
9.426120673115e-01 3.504465361481e+00 -5.000000000000e-03
1.899785553694e+00 5.486948668518e+00 -5.000000000000e-03
4.097387247616e+00 2.113486029163e+00 -5.000000000000e-03
4.193730807443e+00 3.276625574940e+00 -5.000000000000e-03
2.342866677268e+00 4.752878653874e-01 -5.000000000000e-03
1.099098985166e+00 4.172101496883e+00 -5.000000000000e-03
5.482290457924e+00 4.815599253219e+00 -5.000000000000e-03
3.478656952640e+00 2.299849480514e+00 -5.000000000000e-03
5.314823534791e+00 2.660167237700e-01 -5.000000000000e-03
4.722892942474e+00 5.936030009867e+00 -5.000000000000e-03
5.341078579756e+00 6.043714390381e-01 -5.000000000000e-03
4.549386802424e-01 3.554882838523e+00 -5.000000000000e-03
1.903682732552e+00 1.235509094478e+00 -5.000000000000e-03
6.079896740520e+00 2.547481605888e+00 -5.000000000000e-03
4.571055322275e+00 3.779359775756e+00 -5.000000000000e-03
8.423101980860e-01 5.313100175328e+00 -5.000000000000e-03
5.681036087360e+00 2.072018778274e+00 -5.000000000000e-03
5.817570150259e+00 3.306107149588e+00 -5.000000000000e-03
1.756094150855e+00 2.780903315036e+00 -5.000000000000e-03
1.695163062270e+00 5.535723499008e-01 -5.000000000000e-03
2.620376826348e+00 4.092069172034e+00 -5.000000000000e-03
5.439228276939e+00 3.321325714307e+00 -5.000000000000e-03
6.137098889769e+00 2.881115132060e+00 -5.000000000000e-03
1.521529710020e+00 2.621881961968e+00 -5.000000000000e-03
8.005068113032e-01 1.870221442737e+00 -5.000000000000e-03
4.931399121372e+00 2.742708578712e+00 -5.000000000000e-03
7.824013316060e-01 1.263034988829e+00 -5.000000000000e-03
5.142192148878e+00 3.964331609827e+00 -5.000000000000e-03
4.001273156520e+00 5.943642124150e+00 -5.000000000000e-03
1.130412549180e+00 1.098797638588e+00 -5.000000000000e-03
5.512208086378e+00 3.014630267512e+00 -5.000000000000e-03
3.420359209244e+00 5.281985094042e+00 -5.000000000000e-03
3.829508663870e+00 6.221927485155e+00 -5.000000000000e-03
3.946735857987e+00 3.523724030946e+00 -5.000000000000e-03
1.434292397423e+00 3.654427540503e+00 -5.000000000000e-03
2.511921108287e+00 2.535793240293e+00 -5.000000000000e-03
2.578134014105e+00 3.450050820672e+00 -5.000000000000e-03
2.614525764250e-02 5.319683248511e+00 -5.000000000000e-03
3.250494387207e+00 1.094604847534e+00 -5.000000000000e-03
4.592138850253e+00 2.123402941477e+00 -5.000000000000e-03
3.985067907729e+00 2.328088509499e+00 -5.000000000000e-03
5.024883979084e+00 4.298882493759e+00 -5.000000000000e-03
1.617750659637e+00 1.876217943802e+00 -5.000000000000e-03
4.057794717121e+00 2.745796273532e+00 -5.000000000000e-03
6.238781216858e+00 1.152969035794e+00 -5.000000000000e-03
5.066762188545e+00 7.856881185898e-01 -5.000000000000e-03
4.473108265973e+00 2.479568582469e+00 -5.000000000000e-03
3.697502855468e+00 4.424982154024e-01 -5.000000000000e-03
3.000657544139e+00 2.578467028513e+00 -5.000000000000e-03
5.754128888585e+00 2.276634169951e+00 -5.000000000000e-03
5.005510422897e+00 5.798661568461e+00 -5.000000000000e-03
5.906227590409e+00 4.677865952207e+00 -5.000000000000e-03
5.327707126576e+00 5.155016634148e+00 -5.000000000000e-03
3.123075520581e+00 5.579518893421e+00 -5.000000000000e-03
2.118704333479e+00 2.557656432289e+00 -5.000000000000e-03
5.643425020461e+00 1.405178248578e+00 -5.000000000000e-03
1.035268659863e+00 3.912339404712e+00 -5.000000000000e-03
