3.375174847712e+00 1.906855161313e-01 5.000000000000e-03
3.430199086921e+00 6.247226804314e+00 5.000000000000e-03
4.044311271030e+00 5.299334796767e+00 5.000000000000e-03
1.480563575837e+00 3.321304446996e+00 5.000000000000e-03
3.489155653757e+00 3.357429208249e-01 5.000000000000e-03
5.317794941565e+00 1.949732518314e-01 5.000000000000e-03
3.341966433560e+00 1.998616031637e+00 5.000000000000e-03
1.905006860671e+00 3.587036019034e+00 5.000000000000e-03
4.896635928803e+00 5.339593141362e+00 5.000000000000e-03
3.293424766218e+00 5.528104849583e-01 5.000000000000e-03
2.546157048477e+00 3.913171197016e+00 5.000000000000e-03
8.395960577734e-01 4.209828651049e+00 5.000000000000e-03
2.308767618996e-01 4.226058771491e+00 5.000000000000e-03
3.865968770749e+00 2.839818039872e+00 5.000000000000e-03
6.006063793981e+00 4.048177956976e-01 5.000000000000e-03
4.613065097076e+00 2.974214391924e+00 5.000000000000e-03
4.803342712662e+00 1.472366327468e-01 5.000000000000e-03
2.546778771374e+00 3.637047504725e+00 5.000000000000e-03
4.131735138295e+00 2.384030047485e+00 5.000000000000e-03
2.101962705181e+00 1.748529542340e+00 5.000000000000e-03
4.585272624399e+00 2.777906253985e+00 5.000000000000e-03
5.679766907500e+00 4.131855123707e+00 5.000000000000e-03
4.126763502098e+00 5.201572084050e+00 5.000000000000e-03
3.265028779178e+00 4.122529487794e+00 5.000000000000e-03
3.686905001862e+00 2.829212482396e+00 5.000000000000e-03
3.305140800911e+00 2.021664185139e+00 5.000000000000e-03
4.889563402917e+00 2.440824165149e-01 5.000000000000e-03
6.222412108090e-01 3.081125939457e+00 5.000000000000e-03
6.911794468097e-01 5.088401004832e+00 5.000000000000e-03
5.431258984404e+00 6.199784759776e+00 5.000000000000e-03
1.008488674953e+00 4.872035707317e+00 5.000000000000e-03
1.004976672159e+00 4.010003105477e+00 5.000000000000e-03
4.768659049232e+00 5.559208992778e+00 5.000000000000e-03
9.698796048729e-01 3.957842760762e+00 5.000000000000e-03
1.411573776492e+00 8.859446380966e-01 5.000000000000e-03
5.225876431601e+00 3.748051255934e+00 5.000000000000e-03
1.301231272303e+00 4.933289976963e+00 5.000000000000e-03
4.984901834114e+00 4.349824275088e+00 5.000000000000e-03
4.317614480408e+00 5.943733525477e+00 5.000000000000e-03
9.658231912513e-01 1.670119757545e+00 5.000000000000e-03
5.231724455491e+00 4.341988089058e+00 5.000000000000e-03
6.251026130181e+00 1.690104849549e+00 5.000000000000e-03
3.728628465089e+00 5.981748153187e+00 5.000000000000e-03
1.989624041246e+00 5.491441319209e+00 5.000000000000e-03
5.142832016280e+00 4.098933098420e+00 5.000000000000e-03
5.818020199469e-01 5.348536208587e+00 5.000000000000e-03
3.065474126228e-02 1.066275502544e-01 5.000000000000e-03
3.817454167298e+00 2.724402127825e+00 5.000000000000e-03
1.834223453778e+00 5.606016363505e+00 5.000000000000e-03
4.175486851592e+00 4.092478862674e+00 5.000000000000e-03
5.336151001208e+00 3.976408190869e+00 5.000000000000e-03
3.480735887040e+00 4.236347420709e+00 5.000000000000e-03
2.297266339204e+00 1.094608558027e+00 5.000000000000e-03
6.192213818625e+00 5.647004521034e+00 5.000000000000e-03
4.587948261958e+00 2.307805659972e+00 5.000000000000e-03
1.223821835648e+00 4.683658563272e+00 5.000000000000e-03
4.281210247238e+00 5.862542661302e+00 5.000000000000e-03
1.155464077119e+00 3.037479572259e-01 5.000000000000e-03
5.498469136072e+00 6.228505856600e+00 5.000000000000e-03
5.772357732028e+00 2.967560722719e+00 5.000000000000e-03
1.020259735591e+00 4.662296953433e+00 5.000000000000e-03
5.506428131705e+00 4.812140022264e+00 5.000000000000e-03
2.064980092566e+00 5.523323674599e+00 5.000000000000e-03
3.110447184994e+00 5.095016826747e-02 5.000000000000e-03
3.488721195814e+00 1.879270270678e+00 5.000000000000e-03
2.084842728150e+00 2.392938750624e+00 5.000000000000e-03
1.568511533432e+00 3.219777938348e+00 5.000000000000e-03
2.927455990679e+00 4.141079765495e+00 5.000000000000e-03
2.709413502973e+00 4.651181284951e+00 5.000000000000e-03
6.065566303809e+00 2.013931934039e+00 5.000000000000e-03
5.579724319311e+00 1.766237787782e+00 5.000000000000e-03
2.369463634389e+00 5.572966340214e+00 5.000000000000e-03
1.746620592494e+00 3.789666366177e+00 5.000000000000e-03
3.390238011599e+00 1.377417112755e+00 5.000000000000e-03
3.925427199399e-01 2.667992858749e+00 5.000000000000e-03
4.401805747155e+00 5.508975266757e+00 5.000000000000e-03
4.354254746294e+00 3.005945629641e+00 5.000000000000e-03
2.595400420049e-01 9.344793097945e-01 5.000000000000e-03
3.991467743975e+00 5.613172588315e+00 5.000000000000e-03
1.581711471053e+00 3.946836560984e-01 5.000000000000e-03
4.703185823305e+00 4.402271771958e+00 5.000000000000e-03
4.218240401656e+00 5.917566893460e+00 5.000000000000e-03
1.444747453648e+00 1.311388561723e+00 5.000000000000e-03
5.384481987575e+00 6.174322391923e+00 5.000000000000e-03
4.297205050237e+00 5.075026477154e+00 5.000000000000e-03
1.155701688733e+00 1.055866922946e+00 5.000000000000e-03
2.082315389654e+00 5.446083663101e+00 5.000000000000e-03
3.175599935461e+00 3.767774879276e+00 5.000000000000e-03
3.983871808058e+00 6.108314945451e+00 5.000000000000e-03
4.848741225311e+00 3.492165991416e+00 5.000000000000e-03
1.522684489996e+00 1.492319906968e+00 5.000000000000e-03
1.522621626009e+00 1.438477799011e+00 5.000000000000e-03
1.747643164013e+00 3.697365285268e-01 5.000000000000e-03
5.979706698206e+00 3.893851667303e+00 5.000000000000e-03
4.251735356995e+00 5.044514434639e-01 5.000000000000e-03
6.000060081593e+00 1.996570211248e+00 5.000000000000e-03
5.603148301601e+00 4.562437252065e+00 5.000000000000e-03
5.576352172914e+00 2.256547323909e+00 5.000000000000e-03
6.228861781978e-01 2.187479757977e+00 5.000000000000e-03
5.580330392982e+00 2.550819927182e+00 5.000000000000e-03
6.711969431361e-01 4.782330509324e+00 -5.000000000000e-03
3.717382673752e+00 3.791605164638e+00 -5.000000000000e-03
3.683367619324e-01 5.300599680616e+00 -5.000000000000e-03
5.870428710906e+00 4.510151848439e-01 -5.000000000000e-03
2.829214650936e+00 1.343217071284e+00 -5.000000000000e-03
4.413709075680e+00 3.606454414197e+00 -5.000000000000e-03
2.719158793242e+00 2.352816941655e+00 -5.000000000000e-03
5.857745971175e+00 1.630929618558e+00 -5.000000000000e-03
5.091029229081e-01 1.991048986169e+00 -5.000000000000e-03
6.221960631431e+00 5.185293636951e+00 -5.000000000000e-03
3.154404502708e+00 7.005232135533e-02 -5.000000000000e-03
5.090114042470e+00 3.334746592430e+00 -5.000000000000e-03
3.186117771338e+00 3.127450285157e+00 -5.000000000000e-03
4.272569322489e+00 1.960480957223e+00 -5.000000000000e-03
6.158762884134e+00 5.990052798563e+00 -5.000000000000e-03
2.422272906436e+00 3.814514739339e+00 -5.000000000000e-03
5.423336398738e+00 2.784054264476e+00 -5.000000000000e-03
5.218410848388e+00 4.279060151547e+00 -5.000000000000e-03
4.492405949867e+00 4.499616992136e+00 -5.000000000000e-03
4.698759852868e+00 1.008015675235e+00 -5.000000000000e-03
1.137039420467e+00 5.269317293582e+00 -5.000000000000e-03
5.850957735342e+00 2.905278987179e+00 -5.000000000000e-03
3.799596030430e+00 2.836266516043e+00 -5.000000000000e-03
5.533586751578e+00 2.527058318616e+00 -5.000000000000e-03
6.133693647345e+00 1.490290783205e+00 -5.000000000000e-03
1.517551361305e+00 5.583635529518e+00 -5.000000000000e-03
2.254086939124e-01 2.229522670359e+00 -5.000000000000e-03
4.606035279363e+00 4.772120584040e+00 -5.000000000000e-03
5.442336239151e+00 1.035653296857e+00 -5.000000000000e-03
3.338724304983e+00 8.825437963694e-01 -5.000000000000e-03
5.226979729846e+00 1.330668141094e+00 -5.000000000000e-03
5.578142507944e+00 2.066468383364e+00 -5.000000000000e-03
2.265782375434e+00 6.238908763257e+00 -5.000000000000e-03
4.926425793389e+00 5.246601176585e+00 -5.000000000000e-03
4.490718076510e+00 4.871705036121e-02 -5.000000000000e-03
5.976365044653e+00 3.264542011392e+00 -5.000000000000e-03
5.500012866189e+00 1.014638542723e+00 -5.000000000000e-03
4.486033892093e+00 4.178269040054e+00 -5.000000000000e-03
2.141047547790e+00 1.531795284313e+00 -5.000000000000e-03
2.094287632765e+00 4.782797150987e-01 -5.000000000000e-03
1.106877405472e+00 5.276902130737e+00 -5.000000000000e-03
4.273115334374e+00 6.501048180002e-01 -5.000000000000e-03
5.396863346756e+00 2.506845112175e+00 -5.000000000000e-03
3.467983633458e+00 3.637285775407e+00 -5.000000000000e-03
3.769673539567e+00 5.898522640968e+00 -5.000000000000e-03
1.848881049572e+00 7.200061337468e-01 -5.000000000000e-03
4.253073535865e+00 3.891087650405e+00 -5.000000000000e-03
6.161390667637e+00 8.690600522634e-01 -5.000000000000e-03
8.579271962507e-01 3.386063078501e+00 -5.000000000000e-03
4.894214159356e+00 2.464082426022e+00 -5.000000000000e-03
4.567433072474e+00 3.113199078712e+00 -5.000000000000e-03
1.661100947643e+00 3.458127892017e+00 -5.000000000000e-03
3.597888438360e+00 1.687160455968e-01 -5.000000000000e-03
4.257534551236e+00 3.360193925311e+00 -5.000000000000e-03
1.875032952102e-01 1.881201713186e+00 -5.000000000000e-03
1.808671790995e+00 4.428153291565e+00 -5.000000000000e-03
3.748237765048e+00 2.107439827163e+00 -5.000000000000e-03
1.733189739494e+00 2.846732457892e+00 -5.000000000000e-03
4.102893411875e+00 4.567235688564e+00 -5.000000000000e-03
5.905155819772e+00 4.530719477255e+00 -5.000000000000e-03
3.311270051522e+00 2.741934652787e+00 -5.000000000000e-03
5.466256438111e-01 1.474155673857e+00 -5.000000000000e-03
1.462847661331e+00 2.538981105310e+00 -5.000000000000e-03
4.984171417017e+00 6.005317507918e+00 -5.000000000000e-03
2.197202203481e+00 1.070094109994e-02 -5.000000000000e-03
2.221320667602e+00 1.562493920079e+00 -5.000000000000e-03
2.075430755782e+00 1.528793301698e-01 -5.000000000000e-03
6.134406378470e-01 5.323250890576e+00 -5.000000000000e-03
2.671273663379e+00 1.521677954212e+00 -5.000000000000e-03
9.321224130861e-01 2.699671135409e+00 -5.000000000000e-03
1.045127331276e+00 4.556905471573e+00 -5.000000000000e-03
3.569635667418e+00 5.190485318610e+00 -5.000000000000e-03
4.631853209611e+00 4.072572847822e+00 -5.000000000000e-03
1.570487857815e+00 1.729522447679e+00 -5.000000000000e-03
1.389041912537e+00 4.569071257644e+00 -5.000000000000e-03
4.009503740758e+00 2.311650657643e+00 -5.000000000000e-03
2.765953882074e+00 9.365200247977e-01 -5.000000000000e-03
5.008044339178e-01 4.348616961662e+00 -5.000000000000e-03
8.307418315484e-01 2.133538360955e+00 -5.000000000000e-03
4.225396115068e+00 3.479268454684e+00 -5.000000000000e-03
2.417952053201e+00 5.559289622280e+00 -5.000000000000e-03
9.136636074024e-01 1.608758964715e-01 -5.000000000000e-03
2.733417762282e+00 5.396644869760e+00 -5.000000000000e-03
5.406753937610e+00 3.658922905842e+00 -5.000000000000e-03
3.009679965849e+00 1.628618719788e+00 -5.000000000000e-03
3.505699017006e+00 4.455545987336e-01 -5.000000000000e-03
5.829734460707e+00 5.982417699324e+00 -5.000000000000e-03
1.139888714755e+00 2.173657988057e+00 -5.000000000000e-03
4.950437305256e+00 3.368479968429e+00 -5.000000000000e-03
1.022879351642e+00 2.186391945101e+00 -5.000000000000e-03
3.608071473171e+00 3.377439764183e+00 -5.000000000000e-03
2.824393221556e-01 1.111382154782e+00 -5.000000000000e-03
3.678537248975e+00 1.810631260257e+00 -5.000000000000e-03
5.958694490838e+00 3.338459560233e+00 -5.000000000000e-03
4.548537014840e+00 2.731092715264e+00 -5.000000000000e-03
2.079757195770e+00 2.829071598004e+00 -5.000000000000e-03
6.268048839826e+00 3.863190957094e+00 -5.000000000000e-03
5.178557405871e+00 3.746100101287e-01 -5.000000000000e-03
4.195125053148e+00 4.769834838441e+00 -5.000000000000e-03
1.126542262850e-01 2.062714222637e+00 -5.000000000000e-03
