5.699670628467e+00 2.037543897297e+00 5.000000000000e-03
8.660681034542e-01 6.212047031603e+00 5.000000000000e-03
2.205843146864e+00 5.990046415147e+00 5.000000000000e-03
4.558963094441e+00 5.445560542165e+00 5.000000000000e-03
1.829184510460e+00 1.377717040676e+00 5.000000000000e-03
2.712441067248e+00 2.893973583086e+00 5.000000000000e-03
6.748280664349e-01 1.182609754059e+00 5.000000000000e-03
4.323856353802e+00 2.940134533269e+00 5.000000000000e-03
6.181634040207e+00 3.009146235547e-01 5.000000000000e-03
1.770296525666e+00 5.155262664761e+00 5.000000000000e-03
2.727601656410e+00 2.817786851422e+00 5.000000000000e-03
5.444511243285e+00 5.641984501797e+00 5.000000000000e-03
2.333285690880e+00 1.321539697822e+00 5.000000000000e-03
3.775012673777e+00 2.663759614149e+00 5.000000000000e-03
5.053026126941e+00 4.574865135045e+00 5.000000000000e-03
2.456542465797e-01 1.266235014012e+00 5.000000000000e-03
7.530549880516e-01 1.315957772330e+00 5.000000000000e-03
3.871070424065e+00 2.443951387724e+00 5.000000000000e-03
2.393250789190e+00 8.421690571849e-01 5.000000000000e-03
3.821257413743e+00 2.721315543626e+00 5.000000000000e-03
1.129785522970e+00 4.155363451422e+00 5.000000000000e-03
5.880808712882e+00 6.131795251872e+00 5.000000000000e-03
3.976487011358e+00 5.169024617130e+00 5.000000000000e-03
4.072524861713e+00 2.319250944301e+00 5.000000000000e-03
4.682838523086e+00 2.796341167877e+00 5.000000000000e-03
5.062832565043e+00 2.214554312893e-01 5.000000000000e-03
6.157603389477e+00 1.678492730556e+00 5.000000000000e-03
5.917748387029e+00 4.067922338083e+00 5.000000000000e-03
2.733812499466e+00 1.146600349475e+00 5.000000000000e-03
4.954173180248e-01 2.572060613717e+00 5.000000000000e-03
3.085997077742e+00 1.736481010654e+00 5.000000000000e-03
4.509122958615e+00 1.011880116523e+00 5.000000000000e-03
2.209215991833e+00 6.209426857139e+00 5.000000000000e-03
1.345304390291e+00 5.713521438968e+00 5.000000000000e-03
4.947826386883e+00 5.764337783093e+00 5.000000000000e-03
3.586048150953e-01 3.623208018830e+00 5.000000000000e-03
6.281908978813e+00 3.607193870890e+00 5.000000000000e-03
1.377749457414e+00 4.550031362834e+00 5.000000000000e-03
8.330136140782e-01 3.569646306883e+00 5.000000000000e-03
5.681577359548e+00 7.004081350269e-02 5.000000000000e-03
4.509528945438e+00 2.599858315365e+00 5.000000000000e-03
6.179841303514e-01 5.424645393170e+00 5.000000000000e-03
2.751131537242e+00 3.356428385697e+00 5.000000000000e-03
2.908395117645e+00 2.502771660523e+00 5.000000000000e-03
3.541240059502e-01 2.443696731232e+00 5.000000000000e-03
4.198139909239e+00 1.450073504871e+00 5.000000000000e-03
3.679570280010e-01 2.102699146831e+00 5.000000000000e-03
4.708785520229e+00 2.887933892564e+00 5.000000000000e-03
6.010193879594e+00 6.255033175401e+00 5.000000000000e-03
1.213904816210e+00 1.213881322411e+00 5.000000000000e-03
1.264676937707e+00 4.550937239145e+00 5.000000000000e-03
6.864033993705e-01 5.673499587099e+00 5.000000000000e-03
6.142352309951e-01 3.938556917489e+00 5.000000000000e-03
1.675090992765e+00 3.054287903906e+00 5.000000000000e-03
6.038925292705e+00 6.122357592665e+00 5.000000000000e-03
1.629168951473e+00 3.484014488520e+00 5.000000000000e-03
3.552378407293e+00 4.280101079113e+00 5.000000000000e-03
1.643781584691e+00 4.960974193631e-01 5.000000000000e-03
1.416010253138e+00 2.917761125194e+00 5.000000000000e-03
3.466471884032e+00 2.746081506882e+00 5.000000000000e-03
3.242178131863e+00 4.638266562718e+00 5.000000000000e-03
1.490448165034e+00 1.870734432951e+00 5.000000000000e-03
1.439359488601e+00 4.540393479779e+00 5.000000000000e-03
2.049955232066e+00 1.968961483077e+00 5.000000000000e-03
5.308549992460e+00 2.022302154308e+00 5.000000000000e-03
3.924437319340e+00 5.828631620014e+00 5.000000000000e-03
5.330476567823e+00 8.158957497964e-01 5.000000000000e-03
2.056956663763e+00 4.044526242810e+00 5.000000000000e-03
9.749680085563e-01 8.232820119710e-01 5.000000000000e-03
5.298363649308e+00 9.439145039347e-01 5.000000000000e-03
7.982939958088e-01 6.042787790716e+00 5.000000000000e-03
1.609925085055e+00 6.726149687341e-01 5.000000000000e-03
2.696693087188e+00 1.076021035476e+00 5.000000000000e-03
2.731475192143e+00 1.789112699748e+00 5.000000000000e-03
3.817021087985e+00 4.000826466190e-01 5.000000000000e-03
7.040215724174e-01 1.111653622019e+00 5.000000000000e-03
2.884506556737e+00 6.280411313909e+00 5.000000000000e-03
3.668161855017e+00 5.710882809023e+00 5.000000000000e-03
2.264422465317e+00 5.604828338666e+00 5.000000000000e-03
1.218463967384e-01 3.341817050809e+00 5.000000000000e-03
1.604519580620e+00 5.775896809194e+00 5.000000000000e-03
3.122301473211e-01 5.823601124740e+00 5.000000000000e-03
1.174314027733e+00 2.670602573721e+00 5.000000000000e-03
6.851589291731e-01 1.825373867692e+00 5.000000000000e-03
1.723118984487e+00 5.621690936880e+00 5.000000000000e-03
5.123117273071e+00 1.831174122319e+00 5.000000000000e-03
3.998452421523e+00 3.894806845325e+00 5.000000000000e-03
6.052980175014e+00 3.202804876328e+00 5.000000000000e-03
2.517370768891e+00 4.913433502525e+00 5.000000000000e-03
2.706017834153e-02 5.891914393420e+00 5.000000000000e-03
5.580854593710e+00 2.454232083305e+00 5.000000000000e-03
2.904840238208e+00 3.241419408280e+00 5.000000000000e-03
4.931429512346e+00 4.706283122229e+00 5.000000000000e-03
3.566476687628e+00 5.506372685350e+00 5.000000000000e-03
1.177846425175e+00 1.290239421168e+00 5.000000000000e-03
5.468476504318e-01 3.561616482531e+00 5.000000000000e-03
2.206743024288e+00 1.878136971341e+00 5.000000000000e-03
3.790943208288e+00 1.038667333841e+00 5.000000000000e-03
9.382989387586e-01 3.261765731677e-01 5.000000000000e-03
1.292071355545e+00 3.775400019128e+00 5.000000000000e-03
5.538908286681e+00 5.800541070608e+00 -5.000000000000e-03
4.340764836110e-01 1.550629862595e+00 -5.000000000000e-03
1.072157286074e+00 1.814980540926e+00 -5.000000000000e-03
6.624145012515e-01 5.822514606633e-01 -5.000000000000e-03
5.561642917420e+00 3.560491208785e+00 -5.000000000000e-03
6.125811247272e+00 5.683782806000e+00 -5.000000000000e-03
1.786915526270e+00 4.696359747731e-01 -5.000000000000e-03
2.507507509357e+00 4.125543803890e+00 -5.000000000000e-03
6.148550573953e+00 3.008961910238e+00 -5.000000000000e-03
1.731893253552e-01 1.066213435894e+00 -5.000000000000e-03
1.065898266173e+00 4.201218705242e+00 -5.000000000000e-03
4.334681640594e+00 7.553884189130e-01 -5.000000000000e-03
6.213060100180e+00 4.778410097014e+00 -5.000000000000e-03
9.966546474607e-01 3.035394971751e+00 -5.000000000000e-03
3.647471369405e+00 3.193061075624e+00 -5.000000000000e-03
4.216856642709e+00 3.250419871157e+00 -5.000000000000e-03
1.205943516477e+00 2.402880785250e+00 -5.000000000000e-03
2.446859578455e+00 4.061627108017e+00 -5.000000000000e-03
4.023996684230e+00 4.690967420581e+00 -5.000000000000e-03
3.793184563275e+00 5.211091127442e+00 -5.000000000000e-03
3.900934561124e+00 5.665406786577e+00 -5.000000000000e-03
5.972837748937e+00 2.393350552283e+00 -5.000000000000e-03
3.188047371181e+00 3.492619057437e+00 -5.000000000000e-03
3.625036190365e+00 3.071684592792e+00 -5.000000000000e-03
4.188861924244e+00 1.663883204071e+00 -5.000000000000e-03
3.576673142211e+00 5.232456949347e+00 -5.000000000000e-03
4.180368964499e+00 3.234459329443e+00 -5.000000000000e-03
3.966693549900e+00 3.203465179899e+00 -5.000000000000e-03
3.804311797456e+00 3.368234517957e+00 -5.000000000000e-03
1.713110785956e+00 1.502123174706e+00 -5.000000000000e-03
2.629137803922e+00 3.008668976721e+00 -5.000000000000e-03
7.196526594087e-02 4.256077759260e+00 -5.000000000000e-03
1.697009284331e+00 4.237198104022e+00 -5.000000000000e-03
5.447185356246e-01 1.249696911120e+00 -5.000000000000e-03
1.137632425765e+00 9.340807156078e-01 -5.000000000000e-03
2.400655107441e+00 6.135868924758e+00 -5.000000000000e-03
3.016371826573e+00 1.280145510216e+00 -5.000000000000e-03
2.067696568003e+00 4.799003964668e+00 -5.000000000000e-03
1.824820247136e+00 4.339033622691e+00 -5.000000000000e-03
1.297880951167e+00 2.750051307312e+00 -5.000000000000e-03
1.760536572883e+00 3.044658567954e+00 -5.000000000000e-03
5.187785628950e+00 1.513938961307e+00 -5.000000000000e-03
9.486916743085e-01 2.811027811248e-01 -5.000000000000e-03
4.086399203778e+00 6.012748975250e+00 -5.000000000000e-03
2.079218246489e+00 6.242418431269e+00 -5.000000000000e-03
3.085076454644e+00 1.422840783009e+00 -5.000000000000e-03
2.935381717300e+00 2.961349353482e+00 -5.000000000000e-03
4.783347660456e+00 1.388943386648e+00 -5.000000000000e-03
5.918228516131e+00 2.438753313067e+00 -5.000000000000e-03
6.054203223072e+00 1.036817469339e+00 -5.000000000000e-03
1.573675521672e+00 2.053723562858e+00 -5.000000000000e-03
2.894732238449e+00 3.776504931412e+00 -5.000000000000e-03
3.184060985904e+00 3.189725113755e+00 -5.000000000000e-03
6.219411281901e+00 1.394856360233e+00 -5.000000000000e-03
1.568183095084e+00 1.637808525181e+00 -5.000000000000e-03
1.973611939169e+00 7.621505634441e-01 -5.000000000000e-03
9.614294666863e-01 4.300910570994e+00 -5.000000000000e-03
1.631659722404e+00 5.943589947445e+00 -5.000000000000e-03
5.082287885841e+00 1.289587959456e+00 -5.000000000000e-03
4.016530343993e+00 3.857322285094e+00 -5.000000000000e-03
6.441854895895e-01 5.123428307591e+00 -5.000000000000e-03
1.484610817113e+00 3.049846160696e+00 -5.000000000000e-03
6.058872073460e+00 2.873824677026e+00 -5.000000000000e-03
1.003791799093e+00 1.537883008375e+00 -5.000000000000e-03
6.086147631979e+00 3.437891331990e+00 -5.000000000000e-03
1.654147378577e+00 5.715856020581e+00 -5.000000000000e-03
3.877979029614e+00 1.489000711181e+00 -5.000000000000e-03
2.317662078208e+00 4.883504089545e+00 -5.000000000000e-03
1.677866011052e+00 3.991523783641e+00 -5.000000000000e-03
3.913735726803e+00 2.477590695911e+00 -5.000000000000e-03
2.583607050209e+00 2.714569002552e+00 -5.000000000000e-03
2.092130680535e+00 4.735642110245e+00 -5.000000000000e-03
5.253600484728e-01 6.266928461746e+00 -5.000000000000e-03
3.691693331313e+00 3.522403499193e+00 -5.000000000000e-03
1.747612501017e+00 3.099375074115e+00 -5.000000000000e-03
2.142712733762e-01 2.006508254515e+00 -5.000000000000e-03
3.684279417843e+00 2.199400973458e+00 -5.000000000000e-03
2.025295921876e+00 4.386770144303e+00 -5.000000000000e-03
4.137635912260e+00 4.976822387125e+00 -5.000000000000e-03
4.766377628881e+00 5.279507901393e+00 -5.000000000000e-03
2.489693923523e+00 3.251201320634e+00 -5.000000000000e-03
7.725428965339e-01 1.975389307828e+00 -5.000000000000e-03
1.419815890062e-01 2.744688461735e+00 -5.000000000000e-03
7.682121520390e-01 2.053005867970e+00 -5.000000000000e-03
3.657640046592e+00 4.205470269440e+00 -5.000000000000e-03
5.963989276319e+00 1.265229933789e-02 -5.000000000000e-03
2.502230954723e+00 1.986835128050e+00 -5.000000000000e-03
1.545454095975e+00 3.543137131868e+00 -5.000000000000e-03
4.764532934950e+00 1.866626475836e+00 -5.000000000000e-03
5.086160690254e+00 1.561791027089e+00 -5.000000000000e-03
3.873420057191e+00 1.204860916635e+00 -5.000000000000e-03
3.073124008775e+00 4.788553592798e+00 -5.000000000000e-03
2.626190168448e+00 1.950735376677e+00 -5.000000000000e-03
8.030391234761e-01 4.245851572544e+00 -5.000000000000e-03
2.356460012309e+00 4.121368805853e+00 -5.000000000000e-03
2.085898781704e+00 5.019364632925e+00 -5.000000000000e-03
6.195140774782e+00 1.937866747717e+00 -5.000000000000e-03
4.756370016480e+00 4.081542313651e+00 -5.000000000000e-03
9.873163894629e-01 3.825051891083e+00 -5.000000000000e-03
3.250472170213e+00 3.692693506627e+00 -5.000000000000e-03
