5.114327151396e-01 3.699076366643e+00 5.000000000000e-03
1.171318426996e+00 2.250538728013e+00 5.000000000000e-03
5.008563462088e-01 5.215098977910e+00 5.000000000000e-03
2.881516565032e+00 3.215609046863e+00 5.000000000000e-03
8.445953912166e-01 3.159206618630e+00 5.000000000000e-03
3.891966026268e+00 4.223716022493e+00 5.000000000000e-03
1.365898794690e+00 3.116890120435e+00 5.000000000000e-03
5.354793126977e+00 5.994940764287e+00 5.000000000000e-03
6.074270500210e+00 3.377450407632e+00 5.000000000000e-03
3.361052144893e+00 5.786685898420e+00 5.000000000000e-03
5.559150167513e+00 1.195862371877e+00 5.000000000000e-03
4.396793735208e+00 2.259794687969e+00 5.000000000000e-03
3.807069978519e+00 2.415101404228e+00 5.000000000000e-03
1.066137012573e+00 4.679218061333e+00 5.000000000000e-03
5.618587891742e+00 4.916563046733e+00 5.000000000000e-03
1.294909402455e+00 4.912512638304e+00 5.000000000000e-03
4.975008471376e+00 5.842831031419e+00 5.000000000000e-03
5.631592912779e+00 7.503373024375e-01 5.000000000000e-03
4.286838384066e+00 1.205242528467e+00 5.000000000000e-03
3.768334100829e+00 5.464618912079e+00 5.000000000000e-03
1.848338385154e+00 4.515872150464e+00 5.000000000000e-03
2.925166809999e+00 1.702152821110e+00 5.000000000000e-03
2.145530431207e+00 2.690940557075e+00 5.000000000000e-03
9.149043426585e-01 5.890087919661e+00 5.000000000000e-03
5.779967970484e+00 1.827627130335e+00 5.000000000000e-03
3.323763335202e+00 5.076461459022e+00 5.000000000000e-03
7.631706042660e-01 6.200162245214e+00 5.000000000000e-03
2.665333391056e+00 6.095063232410e+00 5.000000000000e-03
2.076920340043e+00 3.839713685590e+00 5.000000000000e-03
4.088416194859e+00 2.239132158675e-01 5.000000000000e-03
4.113266072604e-01 4.920221539428e+00 5.000000000000e-03
5.102897554117e+00 4.185333738085e+00 5.000000000000e-03
5.274116183747e+00 2.216958601707e+00 5.000000000000e-03
3.270446579604e+00 3.128856392032e+00 5.000000000000e-03
1.543165445343e+00 8.812805369043e-01 5.000000000000e-03
3.808856234237e+00 2.236175840852e+00 5.000000000000e-03
4.688044724448e+00 1.069950916897e+00 5.000000000000e-03
5.519251261434e+00 4.186613954317e+00 5.000000000000e-03
6.007016512502e+00 5.090813985490e+00 5.000000000000e-03
5.747976101897e+00 4.487415761525e+00 5.000000000000e-03
3.089579397435e+00 1.129518142752e+00 5.000000000000e-03
6.908092061327e-02 2.241858514282e+00 5.000000000000e-03
1.407281645366e+00 5.324665868707e+00 5.000000000000e-03
3.409727211037e+00 6.083443155191e+00 5.000000000000e-03
3.555851327827e+00 1.996149489295e+00 5.000000000000e-03
4.685192900389e+00 1.015408410049e+00 5.000000000000e-03
1.147195467961e-01 6.248060370419e+00 5.000000000000e-03
4.132660882873e+00 9.199881683076e-01 5.000000000000e-03
3.602043693252e+00 2.562511971013e+00 5.000000000000e-03
2.987715304950e+00 2.552613637242e+00 5.000000000000e-03
2.877916979954e+00 5.531863465311e+00 5.000000000000e-03
2.451626605790e+00 5.915728270244e+00 5.000000000000e-03
4.553761155300e+00 1.751185170886e+00 5.000000000000e-03
5.958350470593e+00 2.191242048362e-01 5.000000000000e-03
2.280571540222e+00 2.990250001311e+00 5.000000000000e-03
5.407698076912e+00 5.724929110909e+00 5.000000000000e-03
1.310331358177e+00 6.178557805421e+00 5.000000000000e-03
5.019926404767e+00 4.719145857168e+00 5.000000000000e-03
4.649175897786e+00 5.483147180750e+00 5.000000000000e-03
5.372735279363e+00 3.147968257338e+00 5.000000000000e-03
3.125847594370e+00 4.507402418554e+00 5.000000000000e-03
4.202386145576e+00 4.577764552153e-01 5.000000000000e-03
4.113706913128e+00 3.772660556103e+00 5.000000000000e-03
3.156356936872e+00 5.516526800996e+00 5.000000000000e-03
4.234443477345e+00 3.456954044361e-01 5.000000000000e-03
1.691218186763e+00 6.762831844646e-01 5.000000000000e-03
3.647443439900e-04 4.061272025587e+00 5.000000000000e-03
2.456508913536e+00 6.210176141172e+00 5.000000000000e-03
5.104369048496e+00 2.019785333005e+00 5.000000000000e-03
7.668947113546e-01 7.443824667816e-01 5.000000000000e-03
2.193898089468e+00 8.010608545811e-01 5.000000000000e-03
3.618540636150e+00 4.278241760127e+00 5.000000000000e-03
4.188815881223e+00 1.136082767476e+00 5.000000000000e-03
3.079622396103e+00 6.056910638659e+00 5.000000000000e-03
1.691057164986e+00 2.162528146816e+00 5.000000000000e-03
3.057786641591e+00 5.967575073875e+00 5.000000000000e-03
4.286181888093e+00 1.054371392287e+00 5.000000000000e-03
4.405361552696e+00 4.070656260295e+00 5.000000000000e-03
2.595812650536e+00 2.052402039340e+00 5.000000000000e-03
1.651541447025e+00 3.694172655975e+00 5.000000000000e-03
1.748874961448e+00 4.806227657837e-01 5.000000000000e-03
8.507535404711e-01 5.710187976899e+00 5.000000000000e-03
3.570704193919e+00 3.702912094105e+00 5.000000000000e-03
2.870780735199e+00 2.826033615307e+00 5.000000000000e-03
1.869810556560e+00 4.829804301777e+00 5.000000000000e-03
1.963093909183e+00 5.919981073138e+00 5.000000000000e-03
5.095565156774e+00 1.565844562486e+00 5.000000000000e-03
1.858991264288e+00 1.726400105198e+00 5.000000000000e-03
4.963619431218e+00 1.488524100777e+00 5.000000000000e-03
3.547325969891e+00 3.324364160443e+00 5.000000000000e-03
2.690666167557e+00 1.401604603036e+00 5.000000000000e-03
1.656874667811e+00 5.103702265239e+00 5.000000000000e-03
2.869972021315e+00 6.065099900185e+00 5.000000000000e-03
5.413850860050e+00 4.704166571922e+00 5.000000000000e-03
3.008283910772e+00 1.916170656806e+00 5.000000000000e-03
2.814665044319e+00 5.472551240159e+00 5.000000000000e-03
1.329690920164e+00 2.669263593269e+00 5.000000000000e-03
3.854606470480e+00 2.353244607832e+00 5.000000000000e-03
5.933524060393e+00 5.013613616203e+00 5.000000000000e-03
4.623444489821e+00 2.662635921678e+00 5.000000000000e-03
5.213848369878e+00 3.803812909383e+00 -5.000000000000e-03
1.127994680830e+00 2.922685724740e+00 -5.000000000000e-03
3.045955731593e+00 1.847252890419e+00 -5.000000000000e-03
5.691809322582e-01 1.737941848566e+00 -5.000000000000e-03
5.194056918005e+00 5.067084585358e+00 -5.000000000000e-03
3.603103393361e+00 4.836485189253e+00 -5.000000000000e-03
1.027213495427e+00 3.182168618238e+00 -5.000000000000e-03
4.995241396202e+00 3.408145634326e+00 -5.000000000000e-03
6.323921745234e-01 5.507629539992e+00 -5.000000000000e-03
3.148248810254e+00 5.759537365132e+00 -5.000000000000e-03
5.517822780292e+00 2.204318295979e+00 -5.000000000000e-03
5.024064885614e+00 2.404096881888e+00 -5.000000000000e-03
2.354529871072e+00 1.897755365640e+00 -5.000000000000e-03
2.872017250667e+00 2.311725502212e+00 -5.000000000000e-03
1.188454132055e+00 4.254387173094e+00 -5.000000000000e-03
5.159462002254e-02 8.224650902749e-01 -5.000000000000e-03
6.050308547987e-02 3.951886194301e-01 -5.000000000000e-03
5.270111901780e+00 4.331166902117e+00 -5.000000000000e-03
3.874444447930e+00 1.098150684683e+00 -5.000000000000e-03
8.740081515478e-01 5.264482016482e+00 -5.000000000000e-03
2.424454094310e-01 3.114755886173e+00 -5.000000000000e-03
5.742240419472e+00 4.660634538663e+00 -5.000000000000e-03
1.854415389494e+00 1.500047746828e+00 -5.000000000000e-03
3.855261295937e+00 2.092281334145e+00 -5.000000000000e-03
1.373100049319e+00 2.180988986666e+00 -5.000000000000e-03
4.292537582822e+00 2.039800959046e+00 -5.000000000000e-03
3.590468923660e-01 2.324651893527e+00 -5.000000000000e-03
4.200069982784e+00 4.344556459107e+00 -5.000000000000e-03
3.359521078727e-01 2.304701455755e+00 -5.000000000000e-03
2.930558896273e-01 4.673623531217e+00 -5.000000000000e-03
3.687480942649e+00 3.951476624985e+00 -5.000000000000e-03
4.061369922612e+00 7.364297946021e-01 -5.000000000000e-03
1.255336312134e+00 2.151901288320e+00 -5.000000000000e-03
4.927527363654e+00 4.691762878785e+00 -5.000000000000e-03
4.272206990176e+00 2.925445078722e+00 -5.000000000000e-03
7.197066121178e-01 4.432385372031e+00 -5.000000000000e-03
5.856874738417e+00 5.163848257036e+00 -5.000000000000e-03
5.338889805621e-01 2.297615466944e+00 -5.000000000000e-03
1.130875783759e+00 3.360698708157e+00 -5.000000000000e-03
5.269791548014e+00 8.688524911225e-01 -5.000000000000e-03
2.570801528818e+00 5.059721294306e+00 -5.000000000000e-03
1.720711495568e+00 1.616661853136e+00 -5.000000000000e-03
8.717245925008e-01 6.205690546074e+00 -5.000000000000e-03
1.678362142711e+00 1.006148128617e+00 -5.000000000000e-03
2.060912441733e+00 2.932262280173e+00 -5.000000000000e-03
1.701425915373e+00 1.325431424432e+00 -5.000000000000e-03
4.173932978366e+00 3.273731246957e+00 -5.000000000000e-03
1.510800914214e+00 5.812789516784e+00 -5.000000000000e-03
3.524181386792e+00 1.255572887333e+00 -5.000000000000e-03
1.689185310273e+00 5.516383866308e+00 -5.000000000000e-03
2.513967284521e+00 5.931006963706e+00 -5.000000000000e-03
3.852736518883e+00 1.957459401348e+00 -5.000000000000e-03
3.480558091783e+00 4.747648945463e+00 -5.000000000000e-03
4.108843352805e+00 3.438925569706e+00 -5.000000000000e-03
1.986348795554e+00 4.671405631922e+00 -5.000000000000e-03
1.261047745155e+00 2.457527641064e+00 -5.000000000000e-03
3.752018134158e+00 3.725243805595e+00 -5.000000000000e-03
2.611422112185e+00 2.543567406792e+00 -5.000000000000e-03
1.136420023116e+00 5.436348049702e+00 -5.000000000000e-03
4.898744208994e+00 6.988400963433e-01 -5.000000000000e-03
9.305246308294e-01 9.114866765579e-01 -5.000000000000e-03
1.650480737755e+00 3.158811441891e+00 -5.000000000000e-03
6.262123405566e+00 2.524045627203e+00 -5.000000000000e-03
1.040315551225e+00 4.718161359567e+00 -5.000000000000e-03
1.308457602830e+00 1.807370696384e-01 -5.000000000000e-03
9.381956424434e-01 2.621014126198e+00 -5.000000000000e-03
4.613847872764e+00 3.414337197100e+00 -5.000000000000e-03
1.464458100338e-01 1.546653395716e+00 -5.000000000000e-03
1.225494078977e+00 7.744484415322e-01 -5.000000000000e-03
3.845226055986e+00 6.210236052788e+00 -5.000000000000e-03
5.060318829390e+00 8.256799447271e-01 -5.000000000000e-03
1.219732822384e+00 4.881080785226e+00 -5.000000000000e-03
2.929711385885e+00 1.442730118543e+00 -5.000000000000e-03
2.178528308853e+00 2.482785844528e+00 -5.000000000000e-03
1.997213658840e+00 3.316212992718e+00 -5.000000000000e-03
2.820319892776e+00 8.015467420836e-02 -5.000000000000e-03
1.046604169266e+00 2.880493514419e+00 -5.000000000000e-03
3.878179394873e+00 4.737107678303e-01 -5.000000000000e-03
6.157938239342e+00 5.014904756082e-01 -5.000000000000e-03
8.054432569976e-01 6.109453114233e+00 -5.000000000000e-03
9.189948672906e-01 1.628319125303e+00 -5.000000000000e-03
3.980294984200e+00 5.152022625935e+00 -5.000000000000e-03
1.633798062530e+00 1.228679059819e+00 -5.000000000000e-03
2.569584629835e+00 3.225362074850e+00 -5.000000000000e-03
5.823299209332e-01 5.576602639286e+00 -5.000000000000e-03
3.464538339709e+00 6.055999949410e+00 -5.000000000000e-03
3.442910953694e+00 1.025821458670e+00 -5.000000000000e-03
3.198544902745e+00 2.148253663662e-01 -5.000000000000e-03
4.776268535364e+00 4.825209970642e+00 -5.000000000000e-03
2.465535099129e+00 2.590671679847e+00 -5.000000000000e-03
3.432071639816e+00 1.569423125922e+00 -5.000000000000e-03
5.527309935076e+00 3.628357751593e+00 -5.000000000000e-03
3.732680013249e+00 1.109903030647e-01 -5.000000000000e-03
4.656997701120e+00 4.959333567102e+00 -5.000000000000e-03
6.426559366421e-01 3.732423950507e+00 -5.000000000000e-03
2.867116955578e+00 3.458125373133e+00 -5.000000000000e-03
5.348217689353e+00 1.521608091570e+00 -5.000000000000e-03
1.876376599867e+00 4.965969272161e+00 -5.000000000000e-03
2.237415692950e-01 1.234198383023e+00 -5.000000000000e-03
4.536866977107e+00 2.394219090570e+00 -5.000000000000e-03
