4.051017329259e+00 1.280884556044e+00 5.000000000000e-03
3.709659228194e+00 4.934425250081e+00 5.000000000000e-03
1.822792778098e+00 5.426376754307e+00 5.000000000000e-03
9.762682127654e-01 3.160651565632e+00 5.000000000000e-03
5.851952164294e+00 4.782036744405e+00 5.000000000000e-03
4.444809155873e+00 5.682410489268e+00 5.000000000000e-03
6.947364602729e-01 5.051805060406e+00 5.000000000000e-03
5.059618799439e+00 1.417415491782e+00 5.000000000000e-03
1.290151538883e+00 3.642313634272e+00 5.000000000000e-03
4.181191669502e+00 1.576447127499e-01 5.000000000000e-03
4.689176254893e+00 2.477395499961e+00 5.000000000000e-03
6.225085113485e+00 4.864866786823e+00 5.000000000000e-03
3.262730176490e+00 2.890408620066e+00 5.000000000000e-03
2.058467490082e+00 6.193873256297e+00 5.000000000000e-03
2.316367290237e+00 5.682306843737e+00 5.000000000000e-03
4.965801300794e-01 2.962050389824e+00 5.000000000000e-03
5.815348249348e+00 4.797337828109e-01 5.000000000000e-03
4.487368186103e+00 5.782128616993e+00 5.000000000000e-03
2.023753893811e+00 1.755819353370e+00 5.000000000000e-03
9.923671734143e-01 3.286666081252e-01 5.000000000000e-03
7.286376693636e-01 2.843723291294e+00 5.000000000000e-03
2.875379900064e+00 5.270410831413e+00 5.000000000000e-03
3.651477225878e+00 3.748644976598e+00 5.000000000000e-03
4.044163394863e+00 1.580138094300e+00 5.000000000000e-03
6.141903836579e-01 4.036676777568e+00 5.000000000000e-03
5.776757027034e-01 4.555756202644e+00 5.000000000000e-03
4.966953744792e+00 4.629876647931e-01 5.000000000000e-03
3.550432964406e+00 5.824663169778e-01 5.000000000000e-03
5.428390316283e-01 1.097535686483e+00 5.000000000000e-03
5.357328798156e-01 4.452308041929e-01 5.000000000000e-03
6.302076524937e-01 3.983978660551e+00 5.000000000000e-03
5.723397132786e+00 6.223938064716e-01 5.000000000000e-03
3.241278044643e+00 3.742675517684e+00 5.000000000000e-03
4.736488685745e+00 2.976089632676e+00 5.000000000000e-03
9.160809633672e-01 2.930737890922e+00 5.000000000000e-03
6.034161144689e+00 4.746779614419e+00 5.000000000000e-03
4.158362883197e-01 2.779979923650e+00 5.000000000000e-03
9.140068020555e-01 4.103700554556e+00 5.000000000000e-03
4.402756546010e+00 3.017968420447e+00 5.000000000000e-03
2.184593693797e+00 2.540388846996e-01 5.000000000000e-03
1.618897114576e+00 5.677771589934e+00 5.000000000000e-03
3.714902128112e+00 1.971500826314e+00 5.000000000000e-03
3.560788552746e+00 3.294928140829e+00 5.000000000000e-03
2.290623058179e+00 1.955642812078e+00 5.000000000000e-03
1.632400700808e+00 6.183109859794e-01 5.000000000000e-03
2.830704139403e+00 5.646160971747e-01 5.000000000000e-03
3.309212425619e+00 4.327446098130e+00 5.000000000000e-03
1.714077407032e+00 5.649102284245e+00 5.000000000000e-03
5.769035501119e+00 3.191235525971e+00 5.000000000000e-03
1.808381830278e+00 1.247713403482e+00 5.000000000000e-03
1.232292720185e-02 1.397605526346e+00 5.000000000000e-03
2.528835655937e+00 3.600464129277e+00 5.000000000000e-03
4.485038303895e-01 3.286815042652e+00 5.000000000000e-03
9.279166939275e-01 3.580912322209e+00 5.000000000000e-03
1.442606792102e+00 3.997461884398e+00 5.000000000000e-03
2.076433557100e+00 5.602174735954e+00 5.000000000000e-03
5.325024472604e+00 2.711384741451e+00 5.000000000000e-03
8.122872941186e-01 1.044326164386e+00 5.000000000000e-03
2.727635746907e+00 5.115019106651e+00 5.000000000000e-03
4.750568824597e+00 9.858852064464e-01 5.000000000000e-03
1.509902361723e+00 4.576693474689e+00 5.000000000000e-03
5.645746572012e+00 5.200205322522e+00 5.000000000000e-03
9.615252303782e-01 4.137004201053e+00 5.000000000000e-03
6.270260292234e+00 3.612319881074e-01 5.000000000000e-03
3.263356552431e+00 4.039390347866e+00 5.000000000000e-03
6.117625475636e+00 4.994333020931e-01 5.000000000000e-03
3.112410842060e+00 3.356314136177e+00 5.000000000000e-03
5.050821911722e+00 7.980591978930e-01 5.000000000000e-03
6.038778402047e+00 4.693445748109e+00 5.000000000000e-03
4.089183216639e+00 2.434271262763e+00 5.000000000000e-03
1.407419553752e+00 5.219685745857e+00 5.000000000000e-03
1.776809957867e+00 5.649170206075e-01 5.000000000000e-03
5.157327376947e-01 1.016284889334e+00 5.000000000000e-03
1.578324710945e-01 4.068680985032e+00 5.000000000000e-03
2.952240157028e+00 4.701660863725e+00 5.000000000000e-03
5.257844304586e+00 5.433231984457e+00 5.000000000000e-03
2.144932973822e+00 3.821125385937e+00 5.000000000000e-03
1.944105813095e+00 2.735532846535e+00 5.000000000000e-03
4.547467765625e+00 4.803602386274e+00 5.000000000000e-03
5.195526323714e+00 5.556183881365e+00 5.000000000000e-03
1.802597324653e+00 1.316260729513e+00 5.000000000000e-03
1.966617662836e+00 7.402961648013e-02 5.000000000000e-03
6.157636162739e+00 5.769895546209e+00 5.000000000000e-03
3.813368340724e+00 5.617491870809e-01 5.000000000000e-03
3.307895053061e+00 4.600068097682e+00 5.000000000000e-03
1.490813721607e+00 1.451701643447e+00 5.000000000000e-03
3.946893753354e+00 4.348428407959e-01 5.000000000000e-03
2.337840318405e+00 4.121351880439e+00 5.000000000000e-03
4.340501898690e+00 4.058753583996e+00 5.000000000000e-03
5.105904171039e+00 4.673410909259e+00 5.000000000000e-03
2.690215477704e+00 4.487252687271e+00 5.000000000000e-03
4.960880298117e+00 3.096860242002e+00 5.000000000000e-03
4.221388416141e+00 2.707979714776e-02 5.000000000000e-03
2.594022104780e-01 4.832572228731e+00 5.000000000000e-03
2.893581796057e+00 1.703508682728e+00 5.000000000000e-03
3.720436545882e+00 5.890909818348e+00 5.000000000000e-03
5.669223009269e-01 1.581874145850e+00 5.000000000000e-03
3.919396442825e+00 2.900553984302e+00 5.000000000000e-03
2.364109760442e+00 1.412972981233e+00 5.000000000000e-03
3.262294313121e+00 1.166681019992e+00 5.000000000000e-03
4.555889625316e-01 5.196984982855e+00 -5.000000000000e-03
6.178708542237e-01 2.418974671861e+00 -5.000000000000e-03
4.401623210370e+00 1.097528617977e+00 -5.000000000000e-03
4.482024027419e+00 4.469133764138e+00 -5.000000000000e-03
5.964794233173e+00 3.713252946113e+00 -5.000000000000e-03
4.925182188735e+00 3.939283055647e+00 -5.000000000000e-03
2.900036321459e+00 2.132998968448e+00 -5.000000000000e-03
5.257742958825e+00 1.545848784561e+00 -5.000000000000e-03
3.221549455442e+00 3.045223511823e+00 -5.000000000000e-03
5.822329656720e+00 5.810117088249e-01 -5.000000000000e-03
4.061092431703e+00 1.748686825969e-01 -5.000000000000e-03
6.169155070305e-01 1.657278381046e+00 -5.000000000000e-03
1.522636187671e+00 6.282520864445e+00 -5.000000000000e-03
5.305337285565e-01 4.998133115183e-01 -5.000000000000e-03
5.473426708839e+00 6.226435867412e+00 -5.000000000000e-03
3.953905712879e+00 2.793518269457e+00 -5.000000000000e-03
3.667772539688e+00 1.902443117422e+00 -5.000000000000e-03
5.559886781310e+00 2.837376682267e+00 -5.000000000000e-03
1.079788243674e-01 5.026931909407e+00 -5.000000000000e-03
2.030835516712e+00 5.353412965476e+00 -5.000000000000e-03
5.621968225046e+00 2.671128336651e+00 -5.000000000000e-03
3.424609380246e+00 5.958409576292e+00 -5.000000000000e-03
3.085172432872e+00 5.291300364737e+00 -5.000000000000e-03
4.047585891227e+00 3.869145782399e+00 -5.000000000000e-03
7.808619198781e-01 2.128319328386e+00 -5.000000000000e-03
4.064060914715e+00 4.500017261679e+00 -5.000000000000e-03
2.044809423967e+00 4.502731954211e+00 -5.000000000000e-03
3.627787677287e+00 4.597358796978e+00 -5.000000000000e-03
3.556643952584e+00 4.738788917721e+00 -5.000000000000e-03
6.984862582120e-01 5.009245345885e+00 -5.000000000000e-03
3.187806719200e+00 5.078606957691e+00 -5.000000000000e-03
2.762098333602e-01 4.920591206197e+00 -5.000000000000e-03
3.282526373632e+00 2.060013966418e+00 -5.000000000000e-03
1.183899870212e+00 4.615963692367e+00 -5.000000000000e-03
4.915259740655e+00 4.553456126590e-01 -5.000000000000e-03
4.992891536312e+00 4.364117214816e+00 -5.000000000000e-03
3.604835982302e+00 6.719546979944e-01 -5.000000000000e-03
6.188744747798e-01 3.447185441505e+00 -5.000000000000e-03
3.285024615526e+00 4.839407625962e+00 -5.000000000000e-03
2.117189994640e+00 3.104230578790e+00 -5.000000000000e-03
3.915346562399e+00 3.848268489866e+00 -5.000000000000e-03
1.268212957625e+00 5.685103817475e+00 -5.000000000000e-03
2.349227726537e+00 2.952751126739e+00 -5.000000000000e-03
2.775963442593e+00 4.241979728212e+00 -5.000000000000e-03
2.812269968514e+00 5.104472845335e+00 -5.000000000000e-03
1.565355697279e+00 3.274021231368e+00 -5.000000000000e-03
3.135574764677e+00 5.534214419160e+00 -5.000000000000e-03
3.850919526822e+00 1.066173464667e+00 -5.000000000000e-03
3.361080355794e+00 5.986317405160e+00 -5.000000000000e-03
2.439847737360e+00 4.810188344900e+00 -5.000000000000e-03
2.912390743633e+00 1.539103836363e+00 -5.000000000000e-03
4.358552400480e+00 4.678599839840e+00 -5.000000000000e-03
4.784261773677e+00 5.386247555560e+00 -5.000000000000e-03
5.036142731908e+00 6.384782894380e-01 -5.000000000000e-03
1.523416574813e+00 2.065781351937e+00 -5.000000000000e-03
5.346228593332e+00 2.480374394160e+00 -5.000000000000e-03
4.227863592955e+00 4.684191653112e+00 -5.000000000000e-03
5.185275426278e+00 5.626813144458e+00 -5.000000000000e-03
2.687013694844e+00 3.299147379636e+00 -5.000000000000e-03
3.802242672938e+00 2.663443041910e+00 -5.000000000000e-03
1.146105347123e-01 6.081307205129e+00 -5.000000000000e-03
8.689417190530e-02 4.464319903704e+00 -5.000000000000e-03
5.952917052669e+00 6.611448159688e-01 -5.000000000000e-03
8.799686703332e-02 2.068847234798e+00 -5.000000000000e-03
1.564175632587e+00 3.177554400125e+00 -5.000000000000e-03
1.181552053669e+00 5.189627866829e-01 -5.000000000000e-03
1.374045589639e+00 6.864690405806e-01 -5.000000000000e-03
5.375892637130e+00 2.053816448223e+00 -5.000000000000e-03
4.808984663400e+00 2.938669940728e-01 -5.000000000000e-03
3.694052138164e+00 5.977287041582e+00 -5.000000000000e-03
6.445693532645e-01 5.627078674149e+00 -5.000000000000e-03
5.611007715844e+00 2.724909393145e+00 -5.000000000000e-03
5.391724337546e+00 3.277339175703e+00 -5.000000000000e-03
5.222536652422e+00 4.373568491672e+00 -5.000000000000e-03
1.709026948848e+00 5.752605280754e+00 -5.000000000000e-03
2.651180800724e+00 3.486293790188e+00 -5.000000000000e-03
4.950068752618e+00 1.425518812891e+00 -5.000000000000e-03
4.683844681065e+00 5.392111871203e+00 -5.000000000000e-03
4.104210036809e+00 2.360978215129e+00 -5.000000000000e-03
6.943306391158e-01 4.095481937645e+00 -5.000000000000e-03
3.597163520528e+00 5.300792939942e+00 -5.000000000000e-03
3.731721294077e+00 2.949051112089e+00 -5.000000000000e-03
3.746371147781e+00 3.750262993290e+00 -5.000000000000e-03
3.676339148822e+00 2.656961000233e+00 -5.000000000000e-03
5.745837473009e+00 4.090165072354e+00 -5.000000000000e-03
2.011902060938e+00 1.933512996299e+00 -5.000000000000e-03
1.298435408927e+00 3.927007780386e-01 -5.000000000000e-03
1.455407060087e+00 4.868502861789e-01 -5.000000000000e-03
6.071051339203e-01 3.630477329116e+00 -5.000000000000e-03
3.787861779289e+00 4.159677046186e+00 -5.000000000000e-03
2.009588479454e+00 4.492672613177e+00 -5.000000000000e-03
3.096629158485e+00 5.719245367258e+00 -5.000000000000e-03
1.734403520966e+00 2.213188125930e-01 -5.000000000000e-03
4.060951596944e+00 2.874610630128e+00 -5.000000000000e-03
5.281805108247e+00 1.455480985030e+00 -5.000000000000e-03
4.953561681281e+00 4.265361572155e+00 -5.000000000000e-03
3.470468529478e+00 3.501519546701e+00 -5.000000000000e-03
3.521411261896e+00 8.461104725260e-02 -5.000000000000e-03
4.411746555131e+00 4.294324412397e+00 -5.000000000000e-03
5.679145041431e+00 2.320994180782e+00 -5.000000000000e-03
