1.791548623508e+00 4.938862658409e+00 5.000000000000e-03
4.447504888570e+00 5.386997761796e+00 5.000000000000e-03
2.752105318547e+00 4.317859046588e+00 5.000000000000e-03
2.955549606377e+00 2.227664721210e+00 5.000000000000e-03
4.937818253002e+00 2.197132045661e-01 5.000000000000e-03
3.049133998163e-01 3.671998654743e+00 5.000000000000e-03
1.096006393653e+00 4.726376456397e+00 5.000000000000e-03
4.753424027732e+00 3.162694788923e+00 5.000000000000e-03
2.171796713030e+00 5.323149326183e+00 5.000000000000e-03
2.889752337551e+00 3.988237684261e+00 5.000000000000e-03
5.315583866213e+00 3.979624758174e-01 5.000000000000e-03
7.185399346554e-01 2.026963470147e+00 5.000000000000e-03
4.891866605905e-01 3.334894010984e+00 5.000000000000e-03
5.503485017163e+00 1.806406600674e+00 5.000000000000e-03
5.575751151927e+00 4.519695672084e+00 5.000000000000e-03
8.320981955559e-01 2.786366540497e+00 5.000000000000e-03
1.532850652174e-01 4.864804144391e+00 5.000000000000e-03
4.845534126952e+00 2.329927670333e-01 5.000000000000e-03
5.848976073778e+00 4.578692320980e-01 5.000000000000e-03
4.343632221933e+00 1.682371914492e+00 5.000000000000e-03
4.313688493162e+00 4.065854878794e+00 5.000000000000e-03
3.162369292534e+00 2.762544765268e+00 5.000000000000e-03
1.295145630268e+00 3.999609025026e+00 5.000000000000e-03
5.369959209047e+00 5.109117338754e-01 5.000000000000e-03
3.080423460564e+00 1.118426175858e-02 5.000000000000e-03
5.406659542494e+00 2.789814277073e+00 5.000000000000e-03
5.135900411427e+00 4.663918708723e+00 5.000000000000e-03
4.195532482834e+00 1.100504257407e+00 5.000000000000e-03
2.315161285406e-01 3.831193754640e-01 5.000000000000e-03
4.965409552580e+00 5.044137605332e+00 5.000000000000e-03
2.007346187371e+00 4.958767975361e-01 5.000000000000e-03
4.282721924763e+00 5.700810166787e+00 5.000000000000e-03
4.868151591910e+00 3.274057750670e+00 5.000000000000e-03
5.326844577397e+00 4.062443403220e+00 5.000000000000e-03
2.697784264016e+00 1.143690674785e+00 5.000000000000e-03
4.620175302515e+00 1.968475951172e+00 5.000000000000e-03
6.425778449957e-01 2.657101397608e-01 5.000000000000e-03
3.410351728884e+00 1.674186898897e+00 5.000000000000e-03
1.035643832932e+00 9.708263695625e-01 5.000000000000e-03
8.953586528351e-01 4.439908974963e+00 5.000000000000e-03
6.142887240163e+00 1.077767505218e+00 5.000000000000e-03
1.839682555040e+00 2.128674891302e+00 5.000000000000e-03
3.841957422368e-01 3.080468910548e+00 5.000000000000e-03
4.983247053297e+00 2.870387185456e+00 5.000000000000e-03
5.372172270221e+00 3.810372213748e+00 5.000000000000e-03
3.926932596722e+00 3.459772991810e+00 5.000000000000e-03
2.369255382255e+00 6.000109253659e+00 5.000000000000e-03
1.603144349468e+00 2.635068944004e+00 5.000000000000e-03
3.604308465146e+00 5.775125430447e+00 5.000000000000e-03
3.232283886574e+00 1.753197978876e+00 5.000000000000e-03
2.258924042628e+00 2.387752361239e+00 5.000000000000e-03
5.499949241468e+00 4.494262616825e+00 5.000000000000e-03
2.548375711057e+00 1.341511082915e+00 5.000000000000e-03
2.228553136302e-02 3.360021806043e+00 5.000000000000e-03
1.890001202530e+00 5.062357256518e-01 5.000000000000e-03
4.235306320337e+00 1.868926790615e+00 5.000000000000e-03
7.069413555081e-01 2.440058783956e+00 5.000000000000e-03
5.536431766055e+00 5.800302963621e+00 5.000000000000e-03
3.556897327316e+00 1.998857194257e+00 5.000000000000e-03
3.021842616551e+00 2.349553598198e+00 5.000000000000e-03
4.755398953005e-01 3.075112699957e+00 5.000000000000e-03
5.981104772270e+00 1.774278160271e+00 5.000000000000e-03
4.297620701784e+00 2.398748792661e+00 5.000000000000e-03
1.366033304086e+00 1.426855646830e-01 5.000000000000e-03
4.351653552601e-01 3.740198183603e-01 5.000000000000e-03
4.782008839750e+00 3.006787949802e+00 5.000000000000e-03
5.888089988521e+00 4.550315811439e+00 5.000000000000e-03
1.863337702308e+00 2.064528370325e+00 5.000000000000e-03
4.110715578150e+00 6.795847171350e-01 5.000000000000e-03
3.453514190676e+00 4.501965134446e+00 5.000000000000e-03
5.502426476058e+00 6.193779359605e+00 5.000000000000e-03
3.585692772151e+00 5.696056518601e+00 5.000000000000e-03
5.327511347195e+00 6.717249280503e-01 5.000000000000e-03
1.276177486974e-01 3.994316166657e+00 5.000000000000e-03
2.842833941466e+00 5.995802463152e+00 5.000000000000e-03
6.168901194581e+00 6.036702292674e+00 5.000000000000e-03
5.757473155678e+00 4.876407803870e+00 5.000000000000e-03
2.027941460557e+00 6.026730425367e-01 5.000000000000e-03
3.019513675304e+00 3.811078963179e+00 5.000000000000e-03
1.728650635078e+00 3.339046394761e+00 5.000000000000e-03
4.430435094013e+00 2.408800543701e+00 5.000000000000e-03
1.528361733070e-01 1.329453559066e-01 5.000000000000e-03
3.745341108874e+00 6.461364579711e-01 5.000000000000e-03
4.829725515529e+00 2.930527338975e-01 5.000000000000e-03
5.477918363785e-01 6.012532080473e+00 5.000000000000e-03
2.828127103595e+00 2.182943797627e+00 5.000000000000e-03
3.822529300910e+00 4.257182135373e+00 5.000000000000e-03
2.863694708004e+00 5.663021794369e+00 5.000000000000e-03
4.574406863661e+00 4.464942349808e+00 5.000000000000e-03
8.597486643352e-01 4.797359921256e+00 5.000000000000e-03
2.283041681422e+00 5.364536811307e+00 5.000000000000e-03
3.504623868264e+00 4.959360824585e+00 5.000000000000e-03
2.007311041924e-01 2.381517517558e+00 5.000000000000e-03
3.258293145201e+00 4.412811715681e+00 5.000000000000e-03
2.871031042378e+00 2.823954007024e+00 5.000000000000e-03
5.637233252056e+00 3.162935447705e+00 5.000000000000e-03
5.325124912252e+00 3.468268805364e+00 5.000000000000e-03
2.714214462195e+00 1.534883358123e+00 5.000000000000e-03
5.897503218639e-01 1.133660344006e-01 5.000000000000e-03
4.930779313622e+00 1.369496591552e-01 5.000000000000e-03
3.441328994493e+00 2.325880740788e+00 -5.000000000000e-03
2.223797363232e+00 3.249257596890e+00 -5.000000000000e-03
6.158530437166e-01 3.668569414024e+00 -5.000000000000e-03
4.617278810477e+00 3.762637241003e+00 -5.000000000000e-03
5.620897279945e+00 3.466612549852e+00 -5.000000000000e-03
3.272403178254e+00 2.126458459818e+00 -5.000000000000e-03
1.705516349140e+00 4.314757236864e+00 -5.000000000000e-03
2.888645427523e+00 8.914834968879e-01 -5.000000000000e-03
1.887836692662e+00 3.952728366756e+00 -5.000000000000e-03
4.089909592405e+00 2.718181648033e+00 -5.000000000000e-03
8.838649217638e-01 2.797928139225e+00 -5.000000000000e-03
3.504058650205e+00 5.766258454993e+00 -5.000000000000e-03
1.879477518896e+00 3.851957810354e+00 -5.000000000000e-03
1.794712652605e+00 1.132024405187e+00 -5.000000000000e-03
3.655376922948e+00 2.835925370490e+00 -5.000000000000e-03
4.755001352803e+00 3.524768256339e+00 -5.000000000000e-03
3.637966035190e+00 1.074159790569e-01 -5.000000000000e-03
4.480817506278e+00 1.273320478666e+00 -5.000000000000e-03
8.537260469957e-01 3.048227793152e+00 -5.000000000000e-03
5.869802420280e+00 4.713770471831e+00 -5.000000000000e-03
2.578637686106e+00 3.612722921207e+00 -5.000000000000e-03
5.792870417856e+00 1.328077277932e-01 -5.000000000000e-03
2.543379107271e-01 2.297346135672e+00 -5.000000000000e-03
3.520040026139e+00 5.074830768243e+00 -5.000000000000e-03
4.234861267185e+00 2.994863879609e+00 -5.000000000000e-03
8.631776103986e-01 2.771405997206e+00 -5.000000000000e-03
1.618558741721e+00 1.808309237629e+00 -5.000000000000e-03
4.745057924613e+00 8.648142497629e-02 -5.000000000000e-03
3.154183499273e+00 2.995046620611e+00 -5.000000000000e-03
4.780641088393e+00 4.373605037228e+00 -5.000000000000e-03
4.032194305416e+00 5.687467914005e+00 -5.000000000000e-03
2.205740759401e+00 1.448264041432e+00 -5.000000000000e-03
4.116489156790e+00 5.758134898148e-01 -5.000000000000e-03
4.050728841605e-01 3.958127503024e+00 -5.000000000000e-03
3.744678277349e-01 2.725559136304e+00 -5.000000000000e-03
2.021098010952e+00 1.726321409400e+00 -5.000000000000e-03
2.369158616922e+00 1.484079115511e+00 -5.000000000000e-03
2.132988977180e+00 1.418218715534e+00 -5.000000000000e-03
3.163730674999e+00 1.352642641037e+00 -5.000000000000e-03
6.485220862463e-01 5.562453777421e-01 -5.000000000000e-03
2.573637675025e+00 3.579449917310e+00 -5.000000000000e-03
8.440966933813e-01 4.577469539096e+00 -5.000000000000e-03
3.436092236907e+00 3.906952296093e+00 -5.000000000000e-03
5.677368690469e+00 6.155173157084e+00 -5.000000000000e-03
3.136083034607e+00 3.024206499817e+00 -5.000000000000e-03
1.955598535030e+00 6.087633163870e+00 -5.000000000000e-03
4.623549576044e-01 3.571392075256e+00 -5.000000000000e-03
5.603187622592e+00 3.434607755010e-01 -5.000000000000e-03
9.797834206479e-01 1.565262293484e-01 -5.000000000000e-03
1.911518323723e+00 6.046282187021e+00 -5.000000000000e-03
1.329594387958e+00 3.204029169653e+00 -5.000000000000e-03
4.106270081809e+00 2.970589218571e+00 -5.000000000000e-03
4.042761314714e+00 6.134399508293e+00 -5.000000000000e-03
5.835534574069e+00 5.105998454683e-01 -5.000000000000e-03
2.232573829885e+00 4.902634703711e+00 -5.000000000000e-03
2.185792002998e+00 2.423321421365e+00 -5.000000000000e-03
4.691085460316e+00 2.418009282007e+00 -5.000000000000e-03
2.781064766208e+00 1.077611840102e+00 -5.000000000000e-03
5.121094763941e-01 1.363736988389e-01 -5.000000000000e-03
3.763572098392e-01 2.873049566193e+00 -5.000000000000e-03
7.433625999132e-01 4.672576108358e+00 -5.000000000000e-03
9.839451993015e-01 2.756560950678e-01 -5.000000000000e-03
1.224128016989e+00 8.145145948236e-01 -5.000000000000e-03
9.938408809820e-01 6.192174420156e+00 -5.000000000000e-03
2.707363608777e-01 4.465407024758e-03 -5.000000000000e-03
6.231375759126e+00 2.089613645548e+00 -5.000000000000e-03
3.952198611441e+00 5.913087110770e+00 -5.000000000000e-03
1.579422011814e+00 2.630397447605e+00 -5.000000000000e-03
2.900438003714e+00 1.853003122830e+00 -5.000000000000e-03
4.492998524870e+00 7.226873746057e-01 -5.000000000000e-03
3.956498255025e+00 2.966430014021e+00 -5.000000000000e-03
1.604945163460e+00 5.594047911916e+00 -5.000000000000e-03
6.124017360994e+00 4.520520388694e+00 -5.000000000000e-03
1.915456835132e+00 5.951228470280e+00 -5.000000000000e-03
2.337821473949e+00 5.919281081344e+00 -5.000000000000e-03
3.559956576533e+00 5.295678397941e-01 -5.000000000000e-03
2.264696385173e+00 1.732212504739e-01 -5.000000000000e-03
4.058931509341e+00 1.460199304413e+00 -5.000000000000e-03
2.818843979976e+00 1.306028840066e+00 -5.000000000000e-03
4.833425334342e+00 2.885590217912e+00 -5.000000000000e-03
7.948814966800e-01 3.657625341035e+00 -5.000000000000e-03
1.829593922810e+00 3.761532211676e+00 -5.000000000000e-03
1.669529433082e+00 1.415401643347e+00 -5.000000000000e-03
2.019870206584e+00 4.316940526973e+00 -5.000000000000e-03
3.302587259276e+00 3.951244078785e+00 -5.000000000000e-03
1.591261498745e+00 5.931774320854e+00 -5.000000000000e-03
4.593316061502e+00 5.893123845070e+00 -5.000000000000e-03
4.971707089961e+00 1.772777004615e+00 -5.000000000000e-03
2.842631811349e+00 1.112967871018e-02 -5.000000000000e-03
4.505405580383e-01 2.378144374365e+00 -5.000000000000e-03
1.530694636911e+00 3.956265718027e+00 -5.000000000000e-03
5.705718467584e+00 5.685617124915e+00 -5.000000000000e-03
4.559045522917e+00 8.757362814522e-02 -5.000000000000e-03
5.916395069324e+00 3.768382658713e+00 -5.000000000000e-03
5.829045845334e+00 5.863887629293e+00 -5.000000000000e-03
1.148118510857e+00 2.446366763098e+00 -5.000000000000e-03
2.478769310362e+00 4.333319452656e+00 -5.000000000000e-03
4.577504513643e+00 2.802098180242e+00 -5.000000000000e-03
3.283863143645e+00 2.563677275267e+00 -5.000000000000e-03
1.246308863587e+00 6.261309780534e+00 -5.000000000000e-03
