3.850539545863e+00 4.282846403182e-01 5.000000000000e-03
1.777855705045e+00 2.204966369981e+00 5.000000000000e-03
3.354786175674e+00 3.452479595427e+00 5.000000000000e-03
6.130455822497e+00 3.486795626157e+00 5.000000000000e-03
5.594030121482e+00 4.138951365896e+00 5.000000000000e-03
5.782391302487e+00 4.017379042511e+00 5.000000000000e-03
2.771876542369e+00 1.785292805820e+00 5.000000000000e-03
5.245266671030e-01 3.561946483078e+00 5.000000000000e-03
2.942904796188e+00 5.681669691500e-01 5.000000000000e-03
3.499857004096e+00 4.659724103600e+00 5.000000000000e-03
2.183007956048e+00 9.349787796622e-01 5.000000000000e-03
3.945576404491e+00 5.461712987205e+00 5.000000000000e-03
6.230850763254e+00 6.156680046568e+00 5.000000000000e-03
1.954305204987e+00 5.238653273347e+00 5.000000000000e-03
3.344169468341e+00 5.081426633265e+00 5.000000000000e-03
8.613202009392e-01 2.014271049285e+00 5.000000000000e-03
8.962368610519e-01 5.569281931094e-01 5.000000000000e-03
1.516447941207e+00 5.790249606756e+00 5.000000000000e-03
4.334176102955e+00 2.350791864929e+00 5.000000000000e-03
1.453988917953e+00 1.340699207835e+00 5.000000000000e-03
3.309229417337e+00 4.379816775166e+00 5.000000000000e-03
3.716638893386e+00 4.896976144009e+00 5.000000000000e-03
2.226604427686e+00 2.067793265063e+00 5.000000000000e-03
4.249664777935e+00 3.849176982077e+00 5.000000000000e-03
1.989410546459e-01 6.201621781716e+00 5.000000000000e-03
9.259552491916e-01 3.245405071595e+00 5.000000000000e-03
2.561833928078e+00 1.627930367163e+00 5.000000000000e-03
9.214846893112e-01 3.025577299464e+00 5.000000000000e-03
1.519832767974e-02 5.994657109446e+00 5.000000000000e-03
4.630456568729e+00 4.235243965140e+00 5.000000000000e-03
5.744927025675e+00 3.948908886610e+00 5.000000000000e-03
5.031291136585e+00 4.188263644736e+00 5.000000000000e-03
1.484712281341e+00 4.156271551136e+00 5.000000000000e-03
4.116907177568e+00 3.543275853204e-01 5.000000000000e-03
1.103267050017e+00 5.674359658879e+00 5.000000000000e-03
6.119068994434e+00 3.555346964477e+00 5.000000000000e-03
4.891028688900e+00 3.203707232465e+00 5.000000000000e-03
3.264651767694e+00 4.234678459393e+00 5.000000000000e-03
2.777527830915e+00 3.071182425489e+00 5.000000000000e-03
4.981408681224e+00 1.091849153385e+00 5.000000000000e-03
4.122178442009e-01 4.033791634380e-01 5.000000000000e-03
8.580167982287e-01 7.653448865624e-02 5.000000000000e-03
5.310447470596e+00 5.151644619582e+00 5.000000000000e-03
2.767969454895e+00 3.291219634401e+00 5.000000000000e-03
1.036432236849e+00 4.634373984917e+00 5.000000000000e-03
5.280401736095e+00 5.714805824363e+00 5.000000000000e-03
4.810733506621e+00 4.858411769336e+00 5.000000000000e-03
5.503914240920e+00 1.286954848333e+00 5.000000000000e-03
1.162929545880e+00 1.758518138703e+00 5.000000000000e-03
3.384706234226e+00 1.290005812761e+00 5.000000000000e-03
2.880568098857e+00 1.232878833766e+00 5.000000000000e-03
4.799417753888e-02 5.632247056627e+00 5.000000000000e-03
1.168659517786e+00 2.425350505084e+00 5.000000000000e-03
3.878975297017e+00 1.292799915697e+00 5.000000000000e-03
3.873686030199e+00 2.609577579659e+00 5.000000000000e-03
2.086161565111e-01 3.119293614124e+00 5.000000000000e-03
2.721411356912e+00 2.994094322529e+00 5.000000000000e-03
4.563294850091e+00 4.654105285422e+00 5.000000000000e-03
3.793819712933e+00 1.951164319554e-01 5.000000000000e-03
5.368044873444e+00 5.793591827479e+00 5.000000000000e-03
6.979534396982e-01 4.370184749940e+00 5.000000000000e-03
4.869339500667e+00 4.133542529102e+00 5.000000000000e-03
2.962801518097e+00 4.606348300921e+00 5.000000000000e-03
1.502901281750e+00 3.692705402468e+00 5.000000000000e-03
4.253948519650e+00 6.053140764839e+00 5.000000000000e-03
3.438048926157e-01 1.504715905352e+00 5.000000000000e-03
5.449699169660e+00 3.668022730406e+00 5.000000000000e-03
4.193059597114e+00 5.315983610651e+00 5.000000000000e-03
2.669654309723e+00 1.698134322534e+00 5.000000000000e-03
1.998180028519e+00 3.230158006704e+00 5.000000000000e-03
2.201911057222e+00 5.003629305891e+00 5.000000000000e-03
9.053026000382e-01 2.537381078946e+00 5.000000000000e-03
6.290640322214e-01 3.402499961476e+00 5.000000000000e-03
3.893695764466e+00 2.892331339351e+00 5.000000000000e-03
5.343716262870e+00 4.369654193279e-01 5.000000000000e-03
3.479252111750e+00 3.690523430928e+00 5.000000000000e-03
5.619531228518e+00 2.620712618629e+00 5.000000000000e-03
4.081685518645e+00 2.086967112910e+00 5.000000000000e-03
2.020448877609e+00 2.558991776364e+00 5.000000000000e-03
5.458327453424e+00 3.750501830920e+00 5.000000000000e-03
1.837563449037e+00 3.671738519532e+00 5.000000000000e-03
3.267723785119e+00 6.707511991433e-01 5.000000000000e-03
2.076020522172e+00 1.766248613459e-01 5.000000000000e-03
7.266527115136e-01 6.630920269346e-01 5.000000000000e-03
6.016704348411e+00 1.449170793561e+00 5.000000000000e-03
1.761637254120e+00 3.007995899102e-01 5.000000000000e-03
4.888587150108e+00 1.137018611110e+00 5.000000000000e-03
2.781374319665e+00 3.010311164760e+00 5.000000000000e-03
7.399133861305e-01 2.024101550213e+00 5.000000000000e-03
4.184285137362e+00 5.143250577401e+00 5.000000000000e-03
1.471642061046e+00 5.904689883546e+00 5.000000000000e-03
1.525951781550e+00 2.118222386266e+00 5.000000000000e-03
1.510138045186e-01 5.615010066828e+00 5.000000000000e-03
4.164866528122e+00 2.463292655579e+00 5.000000000000e-03
2.637948578793e+00 5.127160142929e+00 5.000000000000e-03
4.809243385416e+00 3.482983126307e+00 5.000000000000e-03
2.180124694283e+00 7.867675374267e-01 5.000000000000e-03
1.917601458122e+00 2.153837753545e+00 5.000000000000e-03
4.978114008884e+00 5.234755494453e+00 5.000000000000e-03
4.625437352548e+00 4.662210936640e+00 5.000000000000e-03
2.291106785068e+00 4.925767510558e+00 -5.000000000000e-03
2.958213689015e+00 2.628618972578e+00 -5.000000000000e-03
5.602218291969e+00 2.904361590306e+00 -5.000000000000e-03
5.162495607275e+00 2.201699173907e+00 -5.000000000000e-03
5.902953081477e+00 1.574992129494e+00 -5.000000000000e-03
4.920775743542e+00 3.411219114988e+00 -5.000000000000e-03
1.159474903205e+00 3.360020385809e+00 -5.000000000000e-03
6.003508231070e+00 9.923151835025e-01 -5.000000000000e-03
2.035520891570e+00 1.924170219684e+00 -5.000000000000e-03
4.825231396324e-01 4.378758191773e+00 -5.000000000000e-03
6.515436185038e-01 3.917624586311e+00 -5.000000000000e-03
4.346884032790e+00 3.406471432275e+00 -5.000000000000e-03
5.154384165434e-01 3.061735567940e+00 -5.000000000000e-03
1.045113748110e+00 4.175162374071e+00 -5.000000000000e-03
6.015377739039e+00 4.423550715788e+00 -5.000000000000e-03
1.421660460698e+00 5.447646423860e+00 -5.000000000000e-03
5.455709095990e+00 3.976081982973e+00 -5.000000000000e-03
4.778857212889e+00 2.368049313750e+00 -5.000000000000e-03
1.559670291243e-02 2.776670764066e+00 -5.000000000000e-03
3.358244208053e+00 1.166678635579e+00 -5.000000000000e-03
2.864376342706e+00 6.053903908719e+00 -5.000000000000e-03
1.754123792800e+00 5.821287118392e+00 -5.000000000000e-03
5.228484211646e+00 2.078630523191e+00 -5.000000000000e-03
1.383076756443e-01 1.729707704924e-01 -5.000000000000e-03
1.749583757296e+00 6.144668526221e-01 -5.000000000000e-03
1.930485959349e+00 5.729138915496e-01 -5.000000000000e-03
5.548581177352e+00 2.973034686611e+00 -5.000000000000e-03
5.438320393232e+00 2.575318040690e+00 -5.000000000000e-03
3.993992378752e-01 3.604954949125e+00 -5.000000000000e-03
4.722038388231e+00 5.072132793494e+00 -5.000000000000e-03
1.334987912816e+00 3.320948164832e+00 -5.000000000000e-03
3.209027099530e+00 1.779878637369e+00 -5.000000000000e-03
1.898429259646e+00 6.101420455287e+00 -5.000000000000e-03
5.617301870827e+00 4.685681619930e+00 -5.000000000000e-03
3.546199449899e-01 4.526336601810e+00 -5.000000000000e-03
2.322114739757e-01 5.091387614782e+00 -5.000000000000e-03
3.138563148539e+00 3.145413829936e+00 -5.000000000000e-03
5.342627878841e+00 3.728285201104e-01 -5.000000000000e-03
2.620285082976e+00 2.775965667498e+00 -5.000000000000e-03
6.270251860198e+00 8.561496042961e-01 -5.000000000000e-03
2.833720439677e+00 6.064085025597e+00 -5.000000000000e-03
4.250185602228e+00 5.112663692051e+00 -5.000000000000e-03
4.403255189216e+00 3.788620523619e+00 -5.000000000000e-03
5.854254146865e-01 5.142089399437e-01 -5.000000000000e-03
1.524204309443e-01 2.210299928211e+00 -5.000000000000e-03
4.124927410073e+00 1.723734784926e+00 -5.000000000000e-03
3.587893714596e+00 1.062234697049e+00 -5.000000000000e-03
2.172885556977e+00 5.809950411713e+00 -5.000000000000e-03
4.535408496442e+00 1.917856761844e+00 -5.000000000000e-03
9.941287250260e-01 4.494991507873e+00 -5.000000000000e-03
1.094097603493e+00 1.859130641775e+00 -5.000000000000e-03
5.038247657970e+00 2.303963941426e+00 -5.000000000000e-03
3.449867047827e+00 1.827558360805e+00 -5.000000000000e-03
5.432954214523e+00 3.258226171986e+00 -5.000000000000e-03
2.236183629830e-01 5.974437192433e-01 -5.000000000000e-03
5.364371510865e+00 3.661676851128e+00 -5.000000000000e-03
2.253541962893e+00 3.845931614320e+00 -5.000000000000e-03
3.368118831702e+00 3.061797834939e+00 -5.000000000000e-03
4.195217121999e+00 3.502751471478e+00 -5.000000000000e-03
1.129792126415e+00 5.336038041023e-01 -5.000000000000e-03
4.475818552573e+00 5.500891961889e+00 -5.000000000000e-03
5.158321095362e+00 5.754536004894e+00 -5.000000000000e-03
2.830300323207e+00 4.412785587051e+00 -5.000000000000e-03
2.713713196641e+00 5.656070518957e+00 -5.000000000000e-03
3.441769378498e+00 2.009931457056e+00 -5.000000000000e-03
4.458953579214e+00 3.728172077249e+00 -5.000000000000e-03
5.201779986987e-01 4.232358300010e+00 -5.000000000000e-03
5.049331710566e+00 3.396357864376e+00 -5.000000000000e-03
1.523659524093e+00 1.989643312042e+00 -5.000000000000e-03
8.057689147697e-01 4.054615475424e+00 -5.000000000000e-03
3.878270437425e+00 3.520887431264e+00 -5.000000000000e-03
4.333196711915e+00 8.154951844484e-01 -5.000000000000e-03
4.144712860218e-01 3.549845140751e+00 -5.000000000000e-03
5.173549428326e+00 5.445129801440e+00 -5.000000000000e-03
1.744391279101e+00 5.940339202708e+00 -5.000000000000e-03
1.905879843322e+00 3.312832411149e-02 -5.000000000000e-03
3.996020832028e-01 3.950042999063e+00 -5.000000000000e-03
5.509658797142e+00 5.007005428640e+00 -5.000000000000e-03
1.024508389863e+00 1.807758591110e+00 -5.000000000000e-03
1.185010399471e+00 2.262776316294e+00 -5.000000000000e-03
6.052442418611e+00 5.020367179549e-01 -5.000000000000e-03
3.948613564640e+00 3.987215839323e+00 -5.000000000000e-03
1.527992293175e+00 6.110377923602e+00 -5.000000000000e-03
1.936738888091e+00 1.698673596604e+00 -5.000000000000e-03
3.533654334596e+00 1.172993950267e+00 -5.000000000000e-03
3.140619039665e+00 4.126577137276e+00 -5.000000000000e-03
5.879601636216e+00 1.850178831097e+00 -5.000000000000e-03
1.321139714630e+00 3.436317536194e+00 -5.000000000000e-03
1.038741863324e+00 5.679875664368e+00 -5.000000000000e-03
2.841736661525e+00 4.859884628615e+00 -5.000000000000e-03
6.648312696009e-01 5.910059531489e+00 -5.000000000000e-03
4.488261714354e+00 3.009523603973e+00 -5.000000000000e-03
5.199978062222e+00 4.339079681015e-01 -5.000000000000e-03
3.815999757041e+00 4.378302217925e+00 -5.000000000000e-03
8.601396283050e-02 1.118463330851e+00 -5.000000000000e-03
6.267682956015e+00 4.696202894443e+00 -5.000000000000e-03
2.657690472530e+00 5.762446608141e+00 -5.000000000000e-03
4.203978335143e+00 1.978775676651e+00 -5.000000000000e-03
2.836025589100e+00 1.037966393108e+00 -5.000000000000e-03
3.272728198124e-01 7.258774602170e-01 -5.000000000000e-03
