3.342026392092e-02 1.870950808618e+00 5.000000000000e-03
2.633999434531e+00 5.746563858711e-01 5.000000000000e-03
5.861284999989e+00 2.559749478026e+00 5.000000000000e-03
6.072858384703e+00 5.842753870527e+00 5.000000000000e-03
4.592486357505e-01 5.735080736713e+00 5.000000000000e-03
2.711764181333e-01 5.857739161358e+00 5.000000000000e-03
1.736395478711e-01 2.934032261432e+00 5.000000000000e-03
1.787055563797e+00 4.698557625672e+00 5.000000000000e-03
2.498780036005e+00 4.811999448171e+00 5.000000000000e-03
7.535705056382e-02 2.451990216487e-01 5.000000000000e-03
4.328579004012e+00 4.612899332453e+00 5.000000000000e-03
2.894968014141e+00 6.097131083975e-01 5.000000000000e-03
3.377541763198e+00 2.913108990359e+00 5.000000000000e-03
3.428124250647e+00 1.963187756245e-01 5.000000000000e-03
1.428439169097e+00 2.171548692470e-01 5.000000000000e-03
4.815583875378e+00 4.110544702184e+00 5.000000000000e-03
1.226020364973e+00 2.428707618535e-01 5.000000000000e-03
4.654573713844e-01 2.867145859221e+00 5.000000000000e-03
3.855345055625e+00 5.040060157631e+00 5.000000000000e-03
3.069069062261e+00 9.517779448101e-01 5.000000000000e-03
5.539373258083e+00 1.280204599675e+00 5.000000000000e-03
1.532679882880e+00 3.595972898793e+00 5.000000000000e-03
1.950573065359e+00 1.136257472108e+00 5.000000000000e-03
7.308208864592e-01 3.825342512731e+00 5.000000000000e-03
1.695009823310e+00 4.409483597691e+00 5.000000000000e-03
6.437372154618e-01 4.595727805261e-01 5.000000000000e-03
5.072909044649e+00 3.453867844795e+00 5.000000000000e-03
2.722721899011e+00 6.584322431605e-01 5.000000000000e-03
1.084533756143e+00 5.781764274941e+00 5.000000000000e-03
5.548479156793e+00 3.661295232537e+00 5.000000000000e-03
3.935372594869e+00 5.966269576246e+00 5.000000000000e-03
1.802614676781e+00 4.489057043908e+00 5.000000000000e-03
1.405142968433e+00 6.057773255758e+00 5.000000000000e-03
5.432026379815e+00 1.890493857374e+00 5.000000000000e-03
2.364790962029e+00 2.770735298338e+00 5.000000000000e-03
4.250745518131e+00 2.057382081976e+00 5.000000000000e-03
7.802988860228e-01 2.303671983388e+00 5.000000000000e-03
1.612516374403e+00 3.845154071323e-01 5.000000000000e-03
1.518076710696e+00 1.399046306453e+00 5.000000000000e-03
3.274266912966e-01 5.615329626711e+00 5.000000000000e-03
5.611077094174e-01 3.617161382625e+00 5.000000000000e-03
1.848923593368e+00 5.647455210794e+00 5.000000000000e-03
1.767516243563e+00 5.766257462233e+00 5.000000000000e-03
7.209610469620e-01 3.561372620366e+00 5.000000000000e-03
3.931811583630e+00 1.473547638610e+00 5.000000000000e-03
5.140995440208e+00 6.049650575120e+00 5.000000000000e-03
4.203194286270e+00 3.318264020612e+00 5.000000000000e-03
1.718179089692e+00 4.901367462799e+00 5.000000000000e-03
2.205777124853e+00 3.775301348268e+00 5.000000000000e-03
4.749263678865e+00 4.851770033683e+00 5.000000000000e-03
4.713378477048e+00 4.880618223973e+00 5.000000000000e-03
9.008178175665e-01 4.331880568385e+00 5.000000000000e-03
5.437728911378e+00 1.084499828243e+00 5.000000000000e-03
2.689674198810e+00 1.690397945902e+00 5.000000000000e-03
5.752724447571e+00 2.778950781956e+00 5.000000000000e-03
4.543189980256e+00 5.279558714078e-01 5.000000000000e-03
4.859045311730e+00 3.381719411566e+00 5.000000000000e-03
1.268361428744e+00 5.396004357965e-01 5.000000000000e-03
3.746995677710e+00 1.631766408865e+00 5.000000000000e-03
4.744646619157e+00 1.464081041497e+00 5.000000000000e-03
2.693538243308e+00 5.365521872137e+00 5.000000000000e-03
5.806079335970e+00 2.876958476215e+00 5.000000000000e-03
5.214077019275e+00 3.986245343303e+00 5.000000000000e-03
5.921145770032e-01 2.011938421979e+00 5.000000000000e-03
1.701187462135e+00 2.207861532410e+00 5.000000000000e-03
5.708181167873e+00 3.746899380512e+00 5.000000000000e-03
3.084936745515e+00 4.334169418619e+00 5.000000000000e-03
1.646621172247e+00 4.685350405623e+00 5.000000000000e-03
2.301491341069e+00 4.295884334209e+00 5.000000000000e-03
5.476565262470e-02 5.200475302656e-01 5.000000000000e-03
1.920994615921e+00 4.600790727180e+00 5.000000000000e-03
1.904268278518e+00 1.273163370558e+00 5.000000000000e-03
5.871205917021e+00 6.194375144381e+00 5.000000000000e-03
4.992372517787e+00 4.761752918148e+00 5.000000000000e-03
2.701355131155e+00 7.743132260562e-01 5.000000000000e-03
3.639482337438e+00 3.917184812950e+00 5.000000000000e-03
1.092506537664e+00 4.908951869749e+00 5.000000000000e-03
4.692314265145e+00 3.288514910290e+00 5.000000000000e-03
2.904285959942e+00 4.884874303905e+00 5.000000000000e-03
2.176524270704e+00 5.801817052043e+00 5.000000000000e-03
1.546424451063e+00 4.431993174849e+00 5.000000000000e-03
4.124102215104e+00 8.218553718335e-02 5.000000000000e-03
3.750109720929e+00 2.533362896618e+00 5.000000000000e-03
6.837632162243e-02 4.791675918039e+00 5.000000000000e-03
2.718819592921e+00 5.444335432591e+00 5.000000000000e-03
1.331900829775e+00 1.840189819285e+00 5.000000000000e-03
1.643307676058e-01 6.546613467221e-01 5.000000000000e-03
5.837373919227e+00 3.892018777335e+00 5.000000000000e-03
4.156251728889e+00 3.967814614506e+00 5.000000000000e-03
1.573892141890e+00 2.802964868148e-01 5.000000000000e-03
2.429957952624e+00 1.361532950373e+00 5.000000000000e-03
5.549828461597e+00 1.710463832907e+00 5.000000000000e-03
2.178235681398e+00 5.478440515284e+00 5.000000000000e-03
6.097850895875e+00 2.338245742498e+00 5.000000000000e-03
2.957507504486e-01 4.735604369227e+00 5.000000000000e-03
1.188636532200e+00 4.369789294523e+00 5.000000000000e-03
8.365693600940e-01 1.193318792610e+00 5.000000000000e-03
1.392217341670e+00 1.802903247718e+00 5.000000000000e-03
3.217668984032e+00 5.284321142746e+00 5.000000000000e-03
4.702205171232e+00 1.214345498417e+00 5.000000000000e-03
3.998007404244e+00 6.175408333791e+00 -5.000000000000e-03
6.092815561594e+00 2.081058562922e+00 -5.000000000000e-03
3.232137473165e+00 6.045723518043e+00 -5.000000000000e-03
1.789577415730e+00 2.850764942953e-01 -5.000000000000e-03
4.468023035484e+00 4.832825399246e+00 -5.000000000000e-03
3.173054130411e+00 2.643327049479e+00 -5.000000000000e-03
5.348586598529e-01 1.542853841540e+00 -5.000000000000e-03
5.804012263753e+00 2.320553643791e+00 -5.000000000000e-03
2.202773196810e+00 1.289322018348e+00 -5.000000000000e-03
3.760071456641e+00 5.422434296006e+00 -5.000000000000e-03
4.629347358858e+00 5.575197526383e+00 -5.000000000000e-03
6.465773616503e-01 4.682556142055e+00 -5.000000000000e-03
3.198072747252e+00 9.057303524144e-01 -5.000000000000e-03
5.158390536991e+00 3.154295805077e+00 -5.000000000000e-03
4.766431786620e+00 5.164268084817e+00 -5.000000000000e-03
5.720215270864e-01 3.628735414137e+00 -5.000000000000e-03
5.255865526156e+00 8.200071606866e-04 -5.000000000000e-03
6.046509553338e+00 4.939817429915e+00 -5.000000000000e-03
1.266856623870e+00 1.203582872475e+00 -5.000000000000e-03
2.011386268862e+00 7.419686706192e-01 -5.000000000000e-03
2.725089110839e+00 6.188074251370e+00 -5.000000000000e-03
2.427019458183e+00 5.871495430476e+00 -5.000000000000e-03
5.459437236814e+00 2.767856566383e+00 -5.000000000000e-03
3.423065329667e+00 5.225268846913e+00 -5.000000000000e-03
5.546011414198e+00 4.556240054440e-01 -5.000000000000e-03
4.453761785023e-01 6.799456571910e-01 -5.000000000000e-03
4.229697066773e+00 4.952139104087e+00 -5.000000000000e-03
3.596247004745e+00 2.270531579366e+00 -5.000000000000e-03
4.033481607574e+00 1.961831383458e+00 -5.000000000000e-03
3.580405711670e+00 4.975960596349e+00 -5.000000000000e-03
5.033079587154e+00 6.009378179894e+00 -5.000000000000e-03
3.076046781537e+00 4.263940728288e+00 -5.000000000000e-03
4.721823568627e+00 6.169062713602e+00 -5.000000000000e-03
4.344620036719e-02 2.193285394397e+00 -5.000000000000e-03
4.417296447895e+00 2.990060184737e+00 -5.000000000000e-03
5.275044676689e+00 5.362227242314e-01 -5.000000000000e-03
1.238810919415e+00 1.411012051110e+00 -5.000000000000e-03
6.853402053276e-01 4.911568794363e+00 -5.000000000000e-03
7.153494493196e-02 1.807461839116e+00 -5.000000000000e-03
2.751474066483e+00 5.234227318130e+00 -5.000000000000e-03
3.058983936228e+00 1.961052031168e+00 -5.000000000000e-03
5.386820556453e+00 7.982982248848e-01 -5.000000000000e-03
4.083478579304e+00 5.172842078815e+00 -5.000000000000e-03
2.074744246314e-01 4.611963095396e+00 -5.000000000000e-03
4.384560708524e+00 5.376132820005e-01 -5.000000000000e-03
8.095480568107e-01 2.164609534843e+00 -5.000000000000e-03
6.272740540500e+00 1.645779534194e+00 -5.000000000000e-03
2.616415846614e+00 7.454043542681e-01 -5.000000000000e-03
2.486601451260e+00 5.823188518139e+00 -5.000000000000e-03
4.684341089059e+00 1.750974483288e-01 -5.000000000000e-03
1.126344518461e+00 4.126860165149e+00 -5.000000000000e-03
5.318400086353e+00 2.517121619530e+00 -5.000000000000e-03
3.829847763945e+00 2.740286626601e+00 -5.000000000000e-03
3.805415270038e+00 5.624115288510e+00 -5.000000000000e-03
5.930471513686e+00 7.163159824425e-01 -5.000000000000e-03
5.098404947064e+00 4.968217539979e+00 -5.000000000000e-03
4.653180144509e+00 1.708121069364e+00 -5.000000000000e-03
3.560313723416e+00 5.949249962078e+00 -5.000000000000e-03
3.462103169775e+00 2.596860037073e+00 -5.000000000000e-03
2.953376656919e+00 1.506330197850e+00 -5.000000000000e-03
1.922411031206e+00 1.511762285058e+00 -5.000000000000e-03
1.560564415055e+00 4.304157639144e+00 -5.000000000000e-03
6.841259748185e-01 6.006386586169e+00 -5.000000000000e-03
1.237983570888e+00 7.917411082732e-01 -5.000000000000e-03
1.876662450797e+00 1.807025241202e+00 -5.000000000000e-03
1.460973911209e+00 2.303357593223e+00 -5.000000000000e-03
2.611732578275e+00 5.406546676183e+00 -5.000000000000e-03
4.449431048184e+00 5.077835201084e-01 -5.000000000000e-03
5.761940460195e+00 2.572789904541e+00 -5.000000000000e-03
5.212714168815e-01 1.617123783454e+00 -5.000000000000e-03
1.136463049583e+00 6.137150536190e-01 -5.000000000000e-03
3.509093401414e+00 4.556133742881e+00 -5.000000000000e-03
5.979872685861e-01 3.254179291803e+00 -5.000000000000e-03
5.256606772540e+00 8.543296744352e-01 -5.000000000000e-03
3.605012529605e+00 1.766577896669e+00 -5.000000000000e-03
2.558336517147e-01 2.319879811913e-01 -5.000000000000e-03
2.471565962574e+00 1.281327680470e+00 -5.000000000000e-03
2.628191167276e+00 4.808637050966e+00 -5.000000000000e-03
1.729361383881e-01 4.195185888424e+00 -5.000000000000e-03
1.747462301698e+00 3.687097417718e+00 -5.000000000000e-03
2.362304123364e+00 3.265869254998e+00 -5.000000000000e-03
6.098768746561e+00 6.159292907025e+00 -5.000000000000e-03
3.734486512798e+00 4.660797590652e+00 -5.000000000000e-03
4.726529145598e+00 2.096492433652e+00 -5.000000000000e-03
3.059996315601e+00 4.828157810762e+00 -5.000000000000e-03
9.691998691001e-01 2.185252638967e+00 -5.000000000000e-03
2.188027132948e+00 2.871108219945e-01 -5.000000000000e-03
5.772610825328e+00 5.584480922391e+00 -5.000000000000e-03
4.584204046149e+00 5.385106607692e+00 -5.000000000000e-03
1.509077859585e+00 4.661681532433e+00 -5.000000000000e-03
4.146846260530e+00 2.591782649249e+00 -5.000000000000e-03
5.228935427037e+00 5.289766081634e+00 -5.000000000000e-03
3.387325073193e+00 3.641246907387e+00 -5.000000000000e-03
1.755507895008e+00 3.194363442003e+00 -5.000000000000e-03
5.669684504855e+00 3.434644855074e+00 -5.000000000000e-03
1.934022945396e+00 1.987100253604e+00 -5.000000000000e-03
1.403602680535e+00 6.036932371909e+00 -5.000000000000e-03
2.309075717664e+00 4.633650618994e+00 -5.000000000000e-03
5.538561469062e+00 3.762709138064e+00 -5.000000000000e-03
4.939881439246e+00 5.617164592944e-02 -5.000000000000e-03
