7.613971039482e-01 4.476941813382e+00 5.000000000000e-03
1.196390512984e+00 2.043891243472e+00 5.000000000000e-03
2.989735695987e-01 5.767260231575e+00 5.000000000000e-03
2.718496461017e+00 2.335030207211e+00 5.000000000000e-03
1.469704943703e+00 3.371135069491e+00 5.000000000000e-03
3.871573161559e+00 4.674893035959e+00 5.000000000000e-03
1.583178518282e+00 2.523431610347e+00 5.000000000000e-03
5.094859323133e+00 6.140283534585e+00 5.000000000000e-03
2.935361123120e-01 3.674058084149e+00 5.000000000000e-03
3.032672053931e+00 6.025341403360e+00 5.000000000000e-03
5.516847978534e+00 1.881356097711e+00 5.000000000000e-03
3.848569729368e+00 2.927331727802e+00 5.000000000000e-03
3.872115263528e+00 2.603349132555e+00 5.000000000000e-03
5.254518171661e-01 5.336634339295e+00 5.000000000000e-03
5.885912558238e+00 4.936318473919e+00 5.000000000000e-03
1.929081020769e+00 3.599279727675e+00 5.000000000000e-03
5.187819090123e+00 5.825542411944e+00 5.000000000000e-03
5.373473262176e+00 1.218249930842e+00 5.000000000000e-03
4.147595061940e+00 7.244347743568e-01 5.000000000000e-03
3.924959720766e+00 5.659839012584e+00 5.000000000000e-03
1.995991406265e+00 4.314469051998e+00 5.000000000000e-03
2.958655237682e+00 1.344111813173e+00 5.000000000000e-03
2.997124742418e+00 1.718303364115e+00 5.000000000000e-03
9.191134561613e-01 5.503254086959e+00 5.000000000000e-03
5.639419792263e+00 2.478573110480e+00 5.000000000000e-03
3.987300447286e+00 5.386758754298e+00 5.000000000000e-03
9.439077533095e-01 6.203132296326e+00 5.000000000000e-03
2.450636229106e+00 5.361829875562e+00 5.000000000000e-03
2.399599693938e+00 3.552434924905e+00 5.000000000000e-03
3.964970624098e+00 6.051845591944e+00 5.000000000000e-03
7.078480096797e-01 5.203863307846e+00 5.000000000000e-03
5.311476860139e+00 4.341641174530e+00 5.000000000000e-03
4.820582247541e+00 2.628571434198e+00 5.000000000000e-03
3.103872111248e+00 2.705401953379e+00 5.000000000000e-03
8.413112610282e-01 3.045318588408e-01 5.000000000000e-03
3.784864794723e+00 2.583761165315e+00 5.000000000000e-03
4.890407961516e+00 1.672112794801e+00 5.000000000000e-03
6.031173989450e+00 4.098218144866e+00 5.000000000000e-03
6.141370521235e+00 5.072327176967e+00 5.000000000000e-03
5.701818030126e+00 4.606068809084e+00 5.000000000000e-03
2.834468430524e+00 1.059102224173e+00 5.000000000000e-03
7.677381821307e-03 3.039942222833e+00 5.000000000000e-03
1.304972507704e+00 4.864836402344e+00 5.000000000000e-03
3.171367510852e+00 6.538821240398e-01 5.000000000000e-03
3.903319976800e+00 2.205294148228e+00 5.000000000000e-03
4.836520890297e+00 1.675890901646e+00 5.000000000000e-03
5.982376797929e+00 3.666693910216e-01 5.000000000000e-03
4.257870149990e+00 7.046782133986e-01 5.000000000000e-03
3.634212498980e+00 2.219159664400e+00 5.000000000000e-03
3.300865255334e+00 1.944255978960e+00 5.000000000000e-03
3.230506705701e+00 5.435392810843e+00 5.000000000000e-03
2.591503548611e+00 5.858538415001e+00 5.000000000000e-03
4.208610338696e+00 1.539388553180e+00 5.000000000000e-03
5.407911274170e+00 8.833833683992e-01 5.000000000000e-03
2.289733941260e+00 2.222182370885e+00 5.000000000000e-03
5.454944773511e+00 6.160448156957e+00 5.000000000000e-03
9.019030350341e-01 5.778484603912e+00 5.000000000000e-03
5.131687272470e+00 4.120058743223e+00 5.000000000000e-03
5.234093378691e+00 5.427208044894e+00 5.000000000000e-03
5.260462738522e+00 3.302450017274e+00 5.000000000000e-03
3.239833221319e+00 4.448153912988e+00 5.000000000000e-03
4.085853421233e+00 6.262113520019e+00 5.000000000000e-03
4.614898712111e+00 3.866803536703e+00 5.000000000000e-03
2.920554005625e+00 5.608805795413e+00 5.000000000000e-03
4.025511349514e+00 5.974682099082e+00 5.000000000000e-03
1.169312246197e+00 1.036800376067e-01 5.000000000000e-03
2.729739369428e-01 4.374916090292e+00 5.000000000000e-03
2.165214525019e+00 5.613665123707e+00 5.000000000000e-03
4.612534488128e+00 2.185904504089e+00 5.000000000000e-03
2.272906292867e-02 1.093753636225e+00 5.000000000000e-03
1.408692834795e+00 4.581747149840e-01 5.000000000000e-03
4.001416726172e+00 4.511182319264e+00 5.000000000000e-03
4.360290555083e+00 6.496485487423e-01 5.000000000000e-03
2.458029528806e+00 6.020259483175e+00 5.000000000000e-03
1.472179567384e+00 1.444062208216e+00 5.000000000000e-03
2.434737068156e+00 5.777141305471e+00 5.000000000000e-03
4.202198074793e+00 8.883720202413e-01 5.000000000000e-03
4.461702629159e+00 4.182283667140e+00 5.000000000000e-03
2.325501763895e+00 1.476349991385e+00 5.000000000000e-03
2.246041864400e+00 3.171197266689e+00 5.000000000000e-03
1.404159831787e+00 2.165785670513e-01 5.000000000000e-03
1.153345164700e+00 5.630681230787e+00 5.000000000000e-03
3.632992366039e+00 4.163551949663e+00 5.000000000000e-03
3.056483983220e+00 1.867695387388e+00 5.000000000000e-03
1.823510078811e+00 4.779304936598e+00 5.000000000000e-03
2.205079280398e+00 5.310776876271e+00 5.000000000000e-03
4.882742942348e+00 2.073919875858e+00 5.000000000000e-03
1.822668720919e+00 8.561444564696e-01 5.000000000000e-03
4.770197210891e+00 2.237205248531e+00 5.000000000000e-03
3.469371257274e+00 3.481685363372e+00 5.000000000000e-03
2.407432872559e+00 1.039113508360e+00 5.000000000000e-03
1.635473010662e+00 4.993008442595e+00 5.000000000000e-03
2.494977725663e+00 6.104607062868e+00 5.000000000000e-03
5.767500686327e+00 4.413038373926e+00 5.000000000000e-03
3.786285761461e+00 2.464173651152e+00 5.000000000000e-03
3.234222465175e+00 5.520664878596e+00 5.000000000000e-03
1.731835115796e+00 1.899635584947e+00 5.000000000000e-03
3.819273844173e+00 2.732917849909e+00 5.000000000000e-03
6.193401186130e+00 4.997076082510e+00 5.000000000000e-03
4.338584424979e+00 2.887293727524e+00 5.000000000000e-03
5.752429527987e+00 3.848130053130e+00 -5.000000000000e-03
1.202896772052e+00 2.278960244772e+00 -5.000000000000e-03
3.891222097513e+00 2.550503027221e+00 -5.000000000000e-03
4.069483827124e-01 1.984835328841e+00 -5.000000000000e-03
5.354011190872e+00 4.708147663373e+00 -5.000000000000e-03
3.925551625515e+00 5.121719125432e+00 -5.000000000000e-03
1.703989150112e+00 3.232898950898e+00 -5.000000000000e-03
4.839521075472e+00 3.367802865972e+00 -5.000000000000e-03
5.717620814543e-01 5.642813919022e+00 -5.000000000000e-03
2.883734345982e+00 5.879313252818e+00 -5.000000000000e-03
5.296720477314e+00 2.769481741416e+00 -5.000000000000e-03
4.583580723092e+00 2.500183762469e+00 -5.000000000000e-03
2.112927938513e+00 1.236152614265e+00 -5.000000000000e-03
2.646533822703e+00 1.613109581419e+00 -5.000000000000e-03
1.526322255521e+00 3.972079963701e+00 -5.000000000000e-03
5.908434223532e+00 1.151353108217e+00 -5.000000000000e-03
5.579682218945e+00 1.058451677945e+00 -5.000000000000e-03
5.689018961813e+00 4.297492671639e+00 -5.000000000000e-03
4.011526836234e+00 2.990585028748e-01 -5.000000000000e-03
1.074643529374e+00 5.352330913021e+00 -5.000000000000e-03
8.612166986958e-01 3.369244294301e+00 -5.000000000000e-03
5.823605431765e+00 4.779252548687e+00 -5.000000000000e-03
1.030803198741e+00 8.671323514265e-01 -5.000000000000e-03
4.183006316190e+00 2.120502687833e+00 -5.000000000000e-03
1.248866378386e+00 1.654389530798e+00 -5.000000000000e-03
4.039706428744e+00 2.082970346353e+00 -5.000000000000e-03
6.265618305224e-01 2.662796457806e+00 -5.000000000000e-03
4.169102568010e+00 4.691081068310e+00 -5.000000000000e-03
6.569964892087e-01 2.664234610595e+00 -5.000000000000e-03
6.944279692175e-01 4.956887820137e+00 -5.000000000000e-03
3.958227188393e+00 4.141407907431e+00 -5.000000000000e-03
3.812109568398e+00 6.107845445890e+00 -5.000000000000e-03
1.224774566980e+00 1.778123532629e+00 -5.000000000000e-03
4.947927546965e+00 4.180550241209e+00 -5.000000000000e-03
3.795735983122e+00 3.232619826900e+00 -5.000000000000e-03
8.320889394883e-01 4.629677724258e+00 -5.000000000000e-03
6.134775315098e+00 4.891367612129e+00 -5.000000000000e-03
5.930742946666e-01 2.863902896447e+00 -5.000000000000e-03
1.533340604467e+00 3.016499294857e+00 -5.000000000000e-03
5.103618319336e+00 1.345997006567e+00 -5.000000000000e-03
2.932751553583e+00 4.804378028641e+00 -5.000000000000e-03
1.605658352018e+00 6.840514036414e-01 -5.000000000000e-03
7.748120659136e-01 5.896295973989e+00 -5.000000000000e-03
7.564140989778e-01 1.003624280298e+00 -5.000000000000e-03
2.084282809356e+00 2.179419672486e+00 -5.000000000000e-03
1.215878202756e+00 8.488959910611e-01 -5.000000000000e-03
4.185874283228e+00 3.711139207443e+00 -5.000000000000e-03
1.702703354974e+00 5.406497134580e+00 -5.000000000000e-03
3.362346364582e+00 8.568731412439e-01 -5.000000000000e-03
1.519044874526e+00 5.134151149869e+00 -5.000000000000e-03
2.412450217724e+00 5.417381141778e+00 -5.000000000000e-03
4.184361970149e+00 2.465855182710e+00 -5.000000000000e-03
3.811407301057e+00 5.045284667244e+00 -5.000000000000e-03
4.296009925931e+00 3.536679500556e+00 -5.000000000000e-03
2.106335758668e+00 4.633740714904e+00 -5.000000000000e-03
1.691822174973e+00 1.796906900680e+00 -5.000000000000e-03
4.056591708957e+00 4.296476527818e+00 -5.000000000000e-03
2.668324269397e+00 1.924824400338e+00 -5.000000000000e-03
1.134542553548e+00 5.054102730806e+00 -5.000000000000e-03
5.185273581578e+00 1.641136959277e+00 -5.000000000000e-03
2.014681319483e-01 1.271566009640e+00 -5.000000000000e-03
1.953578141835e+00 2.775341787467e+00 -5.000000000000e-03
4.022349733707e-02 3.168487790220e+00 -5.000000000000e-03
5.481096403275e-01 5.364512801273e+00 -5.000000000000e-03
1.083585118647e+00 6.188414254665e+00 -5.000000000000e-03
1.125528969966e+00 2.551450438390e+00 -5.000000000000e-03
4.772620764603e+00 3.589858848232e+00 -5.000000000000e-03
1.439777831785e-01 2.296819824620e+00 -5.000000000000e-03
7.850240509203e-01 2.576264270277e-01 -5.000000000000e-03
3.391117555960e+00 6.369179020343e-02 -5.000000000000e-03
5.040502352900e+00 1.182182513927e+00 -5.000000000000e-03
1.864088934722e+00 3.578474832767e+00 -5.000000000000e-03
2.747461264515e+00 1.158343515991e+00 -5.000000000000e-03
2.950778460401e+00 1.657706812081e+00 -5.000000000000e-03
2.385248204181e+00 2.778164456042e+00 -5.000000000000e-03
2.116287928042e+00 5.956571607296e+00 -5.000000000000e-03
1.215425808013e+00 2.370726180529e+00 -5.000000000000e-03
3.552589588054e+00 6.038493850087e+00 -5.000000000000e-03
5.838173794212e+00 1.337414395581e+00 -5.000000000000e-03
6.416464385675e-01 6.185837861548e+00 -5.000000000000e-03
5.533472060084e-01 1.608931225651e+00 -5.000000000000e-03
4.426582644652e+00 5.329453028446e+00 -5.000000000000e-03
1.301965708097e+00 9.028163227065e-01 -5.000000000000e-03
2.452449737267e+00 2.437850091466e+00 -5.000000000000e-03
5.284745103007e-01 5.711250753427e+00 -5.000000000000e-03
3.264600996918e+00 6.363032362984e-01 -5.000000000000e-03
3.398028824169e+00 1.107788159669e+00 -5.000000000000e-03
2.595640992350e+00 2.099727918231e-01 -5.000000000000e-03
4.973303362116e+00 4.979546949653e+00 -5.000000000000e-03
2.768034371982e+00 1.702752396600e+00 -5.000000000000e-03
3.652844719879e+00 1.190083150754e+00 -5.000000000000e-03
5.618405237277e+00 3.673472500354e+00 -5.000000000000e-03
3.628010680350e+00 6.195084842694e+00 -5.000000000000e-03
5.124703227359e+00 4.844837599719e+00 -5.000000000000e-03
9.042028158529e-01 4.391077798234e+00 -5.000000000000e-03
2.840431415540e+00 2.835972537110e+00 -5.000000000000e-03
5.080589706353e+00 2.369753914810e+00 -5.000000000000e-03
1.799328156826e+00 4.961160471517e+00 -5.000000000000e-03
6.209042570421e+00 1.851756700930e+00 -5.000000000000e-03
3.915005177620e+00 2.964559849983e+00 -5.000000000000e-03
