4.864962934140e+00 1.618168008087e+00 5.000000000000e-03
4.156905184284e+00 2.390387922348e+00 5.000000000000e-03
3.481802804279e+00 2.533349437899e+00 5.000000000000e-03
4.287304910071e+00 3.848310369410e-01 5.000000000000e-03
1.949292328580e+00 3.727831753600e+00 5.000000000000e-03
5.349724512485e+00 5.878641779746e+00 5.000000000000e-03
3.301506485481e+00 2.550059487164e+00 5.000000000000e-03
4.796752866494e-01 2.611601655372e+00 5.000000000000e-03
4.239278816741e+00 4.090636772551e+00 5.000000000000e-03
5.364211416980e+00 3.465409155710e+00 5.000000000000e-03
3.797946902665e+00 2.906414974067e+00 5.000000000000e-03
4.201140615227e+00 2.741525180649e-01 5.000000000000e-03
4.820948395830e-01 5.488385511994e+00 5.000000000000e-03
2.180262018951e+00 3.017990832626e+00 5.000000000000e-03
4.251295014750e+00 3.164535071114e+00 5.000000000000e-03
3.875116531421e-01 1.684474580963e+00 5.000000000000e-03
2.270587326287e+00 9.384330657091e-01 5.000000000000e-03
2.547298117416e+00 1.487362635164e+00 5.000000000000e-03
1.753977864386e+00 1.920680986283e+00 5.000000000000e-03
4.894519405122e-01 6.992777194724e-01 5.000000000000e-03
1.011691458561e+00 2.964620941161e+00 5.000000000000e-03
1.355619644897e+00 2.484306387232e+00 5.000000000000e-03
2.867317283743e+00 2.748120511627e+00 5.000000000000e-03
5.024680573544e+00 1.650538821438e+00 5.000000000000e-03
1.849642770110e+00 7.882955263260e-01 5.000000000000e-03
6.061221843572e+00 2.731020863726e+00 5.000000000000e-03
2.982578661957e+00 4.252212359596e+00 5.000000000000e-03
1.290230101795e-01 2.367892166513e+00 5.000000000000e-03
6.062714135654e+00 5.576655835972e+00 5.000000000000e-03
2.085439378873e+00 1.208640067374e-01 5.000000000000e-03
1.040971873481e+00 3.391227854651e-01 5.000000000000e-03
4.866248503243e+00 4.707105602717e+00 5.000000000000e-03
3.337412125317e+00 5.376080112668e+00 5.000000000000e-03
1.584450450364e+00 4.688326345784e+00 5.000000000000e-03
3.566978269481e+00 1.727414875987e+00 5.000000000000e-03
2.225485265015e+00 2.626942519366e+00 5.000000000000e-03
2.881625948770e+00 3.688748627014e+00 5.000000000000e-03
4.769703495703e-02 4.951990579626e-01 5.000000000000e-03
3.285131092021e+00 8.248712289151e-01 5.000000000000e-03
1.242461668174e+00 7.603125124389e-01 5.000000000000e-03
4.930830738040e+00 4.458848928670e+00 5.000000000000e-03
2.646852911514e+00 2.223009872414e+00 5.000000000000e-03
3.989576444565e-02 3.536106804023e+00 5.000000000000e-03
1.038368390221e+00 5.988541167568e+00 5.000000000000e-03
2.729726115046e+00 3.687045111912e-01 5.000000000000e-03
5.066458433021e+00 3.051950960409e-01 5.000000000000e-03
4.906201719836e+00 4.132205593529e+00 5.000000000000e-03
3.348599755213e+00 4.860557126109e+00 5.000000000000e-03
2.720962088886e+00 1.790593637802e+00 5.000000000000e-03
5.463608385409e+00 4.768855750481e+00 5.000000000000e-03
5.826521069439e+00 4.691326361779e+00 5.000000000000e-03
1.555361564165e-01 5.963111744688e+00 5.000000000000e-03
5.386106878123e+00 6.207870171143e+00 5.000000000000e-03
4.400424284196e+00 1.914928661538e+00 5.000000000000e-03
5.382114918671e+00 5.785108222325e+00 5.000000000000e-03
6.260101255470e+00 3.922746920643e+00 5.000000000000e-03
2.067326578567e+00 4.169218983940e+00 5.000000000000e-03
6.180297738798e+00 5.871696818161e+00 5.000000000000e-03
3.784852826054e+00 4.828459459768e-01 5.000000000000e-03
2.686512372393e+00 5.049722575253e+00 5.000000000000e-03
1.881800533481e+00 1.527454319972e+00 5.000000000000e-03
4.428160149291e+00 3.882832084573e+00 5.000000000000e-03
6.255271911210e+00 3.461376975275e+00 5.000000000000e-03
3.002417329340e+00 6.282458993783e+00 5.000000000000e-03
6.034106517069e+00 3.818905086851e+00 5.000000000000e-03
2.278711797262e+00 4.823309590525e+00 5.000000000000e-03
3.254465044725e+00 7.584817036478e-01 5.000000000000e-03
2.119195828488e+00 2.959484564560e+00 5.000000000000e-03
2.606258124878e+00 2.270999272199e+00 5.000000000000e-03
1.753154687918e+00 4.175643753367e+00 5.000000000000e-03
1.597016872074e+00 1.253583683994e+00 5.000000000000e-03
5.365703023716e+00 3.359383024879e+00 5.000000000000e-03
3.775588184520e+00 1.110456361171e+00 5.000000000000e-03
6.391620022509e-01 6.314726313265e-01 5.000000000000e-03
5.669168861588e-01 1.467864912929e+00 5.000000000000e-03
8.699961096098e-01 2.559938476545e-01 5.000000000000e-03
4.667461263733e+00 3.740695383851e+00 5.000000000000e-03
6.156403993841e+00 5.242929160665e+00 5.000000000000e-03
5.567709032886e+00 3.841779920384e+00 5.000000000000e-03
4.900174427219e+00 2.937241909692e+00 5.000000000000e-03
4.164966500277e+00 6.125890198808e-01 5.000000000000e-03
3.736147466817e+00 7.259909807160e-01 5.000000000000e-03
2.243646868926e+00 2.577067036313e+00 5.000000000000e-03
7.044137684907e-01 1.869393293561e+00 5.000000000000e-03
2.662415307463e-02 5.931456208349e+00 5.000000000000e-03
3.420158735043e+00 5.546804036717e+00 5.000000000000e-03
2.396612341630e+00 5.535226194913e+00 5.000000000000e-03
8.815856745767e-01 1.820119759055e+00 5.000000000000e-03
2.900182888770e+00 3.532200889651e+00 5.000000000000e-03
4.111900173642e+00 1.238642113612e+00 5.000000000000e-03
1.246232961271e+00 4.920243016991e+00 5.000000000000e-03
4.154791861606e+00 9.804392798447e-01 5.000000000000e-03
1.000483026925e-01 1.986985203918e+00 5.000000000000e-03
6.335753557881e-01 5.555082416443e+00 5.000000000000e-03
1.222725572231e+00 4.072809023638e+00 5.000000000000e-03
4.939179479366e+00 3.644557801798e-01 5.000000000000e-03
4.758208421562e+00 5.972436284910e+00 5.000000000000e-03
1.693898705583e-01 5.061775992070e+00 5.000000000000e-03
2.533660629721e+00 1.545531351976e+00 5.000000000000e-03
3.326242516961e+00 2.629386844127e+00 5.000000000000e-03
3.759376225572e+00 3.760589390858e+00 -5.000000000000e-03
2.810174156105e+00 2.042794633222e+00 -5.000000000000e-03
5.354214822563e+00 5.822747209211e+00 -5.000000000000e-03
3.491788264460e+00 6.087582054087e+00 -5.000000000000e-03
2.627949304379e+00 3.560691132410e+00 -5.000000000000e-03
4.180989244078e+00 7.932479302676e-01 -5.000000000000e-03
2.588433494197e+00 3.108481271167e+00 -5.000000000000e-03
5.401218245207e+00 1.383238381204e+00 -5.000000000000e-03
3.957813276213e+00 3.597761081358e+00 -5.000000000000e-03
1.121362493823e+00 4.079820699185e+00 -5.000000000000e-03
4.023649489820e+00 2.319605844402e+00 -5.000000000000e-03
4.458928303466e+00 4.219459523243e+00 -5.000000000000e-03
1.995722671879e+00 1.112856201587e+00 -5.000000000000e-03
5.354814414922e+00 2.569818714382e+00 -5.000000000000e-03
6.327751719248e-01 5.462728264870e+00 -5.000000000000e-03
6.097154626383e+00 1.275718879102e+00 -5.000000000000e-03
5.439053803343e+00 5.838261229664e+00 -5.000000000000e-03
2.648616622061e+00 3.335827173310e+00 -5.000000000000e-03
2.240028563547e+00 4.981849101882e+00 -5.000000000000e-03
1.801582126989e-01 3.240754589791e+00 -5.000000000000e-03
8.353936908124e-01 7.995564104775e-01 -5.000000000000e-03
4.391384000822e+00 5.909572110588e+00 -5.000000000000e-03
2.930838913735e+00 5.283224388665e+00 -5.000000000000e-03
2.233338686957e+00 3.370269734106e+00 -5.000000000000e-03
2.214800587459e+00 3.090022215488e+00 -5.000000000000e-03
3.653004212788e+00 4.218424164138e+00 -5.000000000000e-03
2.127372078923e+00 3.775442853232e+00 -5.000000000000e-03
5.462198715588e+00 1.208588874033e+00 -5.000000000000e-03
2.145419961441e+00 3.750513460688e+00 -5.000000000000e-03
4.259084367002e+00 2.602877028851e+00 -5.000000000000e-03
2.547109541835e+00 1.418075519989e+00 -5.000000000000e-03
5.534893408778e+00 1.690115716689e+00 -5.000000000000e-03
2.749462096489e+00 3.723520600072e+00 -5.000000000000e-03
1.493357888350e-02 3.033379365791e+00 -5.000000000000e-03
4.448549838826e+00 2.355583458171e+00 -5.000000000000e-03
2.542999217265e-01 8.848146816830e-01 -5.000000000000e-03
1.934650217329e+00 3.362488851568e+00 -5.000000000000e-03
1.783791915474e+00 2.120374395214e-01 -5.000000000000e-03
2.745600283839e+00 2.322859369930e+00 -5.000000000000e-03
6.043916552192e+00 4.039071156253e+00 -5.000000000000e-03
1.485752442386e+00 5.512131019669e+00 -5.000000000000e-03
3.926689152894e+00 5.107416794436e+00 -5.000000000000e-03
3.430599298384e+00 1.854498192555e+00 -5.000000000000e-03
3.441542427494e+00 1.898270706624e-01 -5.000000000000e-03
5.829657498273e+00 5.575591581702e+00 -5.000000000000e-03
3.074246911194e+00 5.425785835247e+00 -5.000000000000e-03
5.530418124255e+00 2.543571702599e+00 -5.000000000000e-03
4.061378878309e+00 3.613671795035e+00 -5.000000000000e-03
1.168901025838e+00 1.500044158189e+00 -5.000000000000e-03
4.357257581076e+00 5.959828581625e+00 -5.000000000000e-03
1.631574367129e+00 3.340303620702e+00 -5.000000000000e-03
2.913091533966e+00 5.678010938876e+00 -5.000000000000e-03
3.412791494703e+00 2.074487763733e+00 -5.000000000000e-03
1.870539949024e-01 5.693967252414e+00 -5.000000000000e-03
8.822683494020e-01 2.568639867879e+00 -5.000000000000e-03
3.687848339929e+00 1.028800122931e+00 -5.000000000000e-03
2.983108348215e+00 1.211778413132e+00 -5.000000000000e-03
2.517781023181e+00 2.291680971131e+00 -5.000000000000e-03
4.154240602097e+00 5.968099519525e+00 -5.000000000000e-03
5.128583373088e+00 8.876250274843e-01 -5.000000000000e-03
1.231004289619e+00 2.154068090747e+00 -5.000000000000e-03
3.588034372303e+00 4.527322172881e+00 -5.000000000000e-03
5.391465171766e+00 3.879261725201e+00 -5.000000000000e-03
5.253321502987e+00 2.307617865655e+00 -5.000000000000e-03
4.257497399763e+00 5.602764176454e+00 -5.000000000000e-03
5.839227311726e-01 6.081873740630e+00 -5.000000000000e-03
5.721104207868e+00 1.335073029610e+00 -5.000000000000e-03
1.711373348306e+00 2.030180895443e+00 -5.000000000000e-03
4.773214263372e+00 2.315337209885e+00 -5.000000000000e-03
5.984014918661e+00 2.913626472457e+00 -5.000000000000e-03
6.766758615815e-01 1.014705462377e+00 -5.000000000000e-03
8.751337221720e-01 8.345184636440e-01 -5.000000000000e-03
5.059591624758e+00 2.182122109619e+00 -5.000000000000e-03
4.915737290610e+00 7.722843998742e-01 -5.000000000000e-03
3.318933203104e+00 4.419588918691e+00 -5.000000000000e-03
4.031119944641e+00 4.857733865077e+00 -5.000000000000e-03
4.792030992603e+00 3.412625230964e+00 -5.000000000000e-03
6.068257254175e+00 9.238687763905e-02 -5.000000000000e-03
4.835379401145e+00 1.837762046353e+00 -5.000000000000e-03
2.495157153255e+00 3.526497809829e+00 -5.000000000000e-03
5.465120519912e+00 5.325643576471e+00 -5.000000000000e-03
2.174699421625e+00 5.387772502368e+00 -5.000000000000e-03
5.895644723664e+00 2.020148937926e+00 -5.000000000000e-03
8.774115604619e-01 6.007940984327e+00 -5.000000000000e-03
2.747609458955e+00 3.372774370837e+00 -5.000000000000e-03
3.854863881512e+00 6.116772752870e-01 -5.000000000000e-03
5.840408022529e+00 1.659620656422e+00 -5.000000000000e-03
5.855324249983e+00 4.838771149997e+00 -5.000000000000e-03
3.701720590615e+00 2.047849155865e+00 -5.000000000000e-03
2.624474758664e+00 3.701294419773e+00 -5.000000000000e-03
1.730564113665e+00 5.602619909729e+00 -5.000000000000e-03
3.867071106685e+00 5.978487899246e+00 -5.000000000000e-03
1.441348355548e+00 4.383306168149e+00 -5.000000000000e-03
2.949022390251e+00 5.428754940271e+00 -5.000000000000e-03
4.597752901200e-01 1.902148831585e+00 -5.000000000000e-03
1.707940373834e+00 4.047123104042e+00 -5.000000000000e-03
5.455608367864e+00 8.973340234945e-01 -5.000000000000e-03
5.984837986359e+00 3.159473359534e+00 -5.000000000000e-03
1.109904536150e+00 4.452877715649e+00 -5.000000000000e-03
3.237491313948e+00 3.276965539481e+00 -5.000000000000e-03
