1.970130946754e+00 3.228757801902e+00 5.000000000000e-03
3.343894503552e+00 4.418546796537e+00 5.000000000000e-03
2.780529493680e+00 5.425794048519e+00 5.000000000000e-03
2.612717576343e+00 2.788970443718e+00 5.000000000000e-03
9.959719175837e-01 1.384361346616e+00 5.000000000000e-03
8.258368900873e-01 3.496158071275e+00 5.000000000000e-03
3.880258394420e+00 5.647525453667e+00 5.000000000000e-03
9.441561202824e-01 2.867712836438e+00 5.000000000000e-03
4.980938156140e+00 4.045146422547e+00 5.000000000000e-03
4.485439134970e+00 5.511448768696e+00 5.000000000000e-03
5.816237603763e+00 3.526768227466e+00 5.000000000000e-03
1.743412433183e+00 1.967162561434e+00 5.000000000000e-03
2.807058824909e+00 4.090863782168e+00 5.000000000000e-03
6.175035695623e+00 3.971430560853e+00 5.000000000000e-03
4.942704581278e+00 4.446144982513e+00 5.000000000000e-03
1.297156644994e+00 1.496942386430e+00 5.000000000000e-03
3.593513815316e-01 1.836590945931e+00 5.000000000000e-03
4.777779024738e+00 3.021126990204e-01 5.000000000000e-03
4.163623246891e+00 2.648588399089e+00 5.000000000000e-03
4.077933886039e-01 7.848276114461e-01 5.000000000000e-03
5.215040667150e+00 2.022264712113e+00 5.000000000000e-03
5.963973363457e-01 1.575030965095e-02 5.000000000000e-03
3.350900701289e+00 4.311355855911e+00 5.000000000000e-03
1.908651425173e+00 2.937076036288e+00 5.000000000000e-03
3.305055362142e+00 8.081882238615e-01 5.000000000000e-03
4.831973343339e+00 4.665991685137e+00 5.000000000000e-03
8.341954968033e-01 6.042447006057e+00 5.000000000000e-03
1.565495786727e+00 4.021607139464e+00 5.000000000000e-03
5.851280927055e+00 4.135254464968e+00 5.000000000000e-03
1.535780163282e+00 6.040391249384e+00 5.000000000000e-03
5.526371438099e+00 8.704240794035e-01 5.000000000000e-03
3.883230691512e+00 4.953686694436e-02 5.000000000000e-03
1.001042141996e+00 1.596355120546e+00 5.000000000000e-03
4.732188012595e+00 3.930850896357e+00 5.000000000000e-03
1.755655270881e+00 4.691883836972e+00 5.000000000000e-03
5.653156717328e+00 3.515998710159e+00 5.000000000000e-03
4.193848660859e+00 9.628822746882e-01 5.000000000000e-03
9.770309091623e-01 4.500545113708e+00 5.000000000000e-03
2.994737920949e-01 8.228580812334e-01 5.000000000000e-03
2.314297398429e+00 2.475336979751e+00 5.000000000000e-03
2.773707930726e+00 6.279629940874e+00 5.000000000000e-03
5.419193185796e-01 4.237781822525e-01 5.000000000000e-03
5.586070286145e+00 1.848966005562e+00 5.000000000000e-03
4.160689271705e+00 3.558486234792e-01 5.000000000000e-03
5.717720545030e+00 5.141311772321e-01 5.000000000000e-03
2.278976781621e+00 3.059760846849e+00 5.000000000000e-03
2.545102205755e+00 3.825722621766e+00 5.000000000000e-03
5.442709325034e+00 5.571011802697e+00 5.000000000000e-03
3.151098455513e+00 2.285345373611e+00 5.000000000000e-03
1.621677972304e+00 2.174478348085e+00 5.000000000000e-03
4.459132160304e+00 6.101614361520e+00 5.000000000000e-03
2.165056067061e+00 3.901486067966e+00 5.000000000000e-03
5.315674403166e+00 1.458101178354e+00 5.000000000000e-03
2.617983607260e+00 5.967703710032e+00 5.000000000000e-03
2.730512706111e+00 3.945998851956e-01 5.000000000000e-03
2.101864113893e-01 6.112392001151e+00 5.000000000000e-03
5.445053694437e+00 3.305635398592e+00 5.000000000000e-03
2.704817301884e+00 1.603227625323e+00 5.000000000000e-03
3.325583278902e+00 2.421888950088e-01 5.000000000000e-03
3.712002440277e+00 2.856491895421e+00 5.000000000000e-03
5.270257442444e+00 2.965269002062e+00 5.000000000000e-03
2.886770689622e+00 3.652558751206e+00 5.000000000000e-03
5.720971451631e+00 1.069055614920e+00 5.000000000000e-03
1.819914063089e+00 5.857523826727e+00 5.000000000000e-03
3.237787472991e+00 4.850593949897e+00 5.000000000000e-03
4.866012584399e-01 1.936383746915e-01 5.000000000000e-03
1.506438983316e+00 1.969832935426e+00 5.000000000000e-03
4.729768775627e+00 3.530824554828e+00 5.000000000000e-03
1.428230048036e+00 2.027883601574e+00 5.000000000000e-03
1.350360632604e+00 9.921410622790e-01 5.000000000000e-03
7.857840429534e-01 2.714050423987e+00 5.000000000000e-03
4.422881934532e+00 5.789123706876e+00 5.000000000000e-03
2.526883309049e+00 2.827292882391e+00 5.000000000000e-03
4.468191597149e+00 1.593818926573e+00 5.000000000000e-03
3.963591433541e+00 3.315869204641e-01 5.000000000000e-03
2.718068197753e+00 1.548263511487e+00 5.000000000000e-03
8.654188922563e-01 4.836365477524e+00 5.000000000000e-03
4.460783236734e-01 3.842580952103e+00 5.000000000000e-03
3.789396878067e-01 1.230754649015e+00 5.000000000000e-03
9.672526651627e-01 1.561353754663e+00 5.000000000000e-03
4.184014489198e+00 5.479591142267e+00 5.000000000000e-03
6.079424207897e-02 8.727295342568e-01 5.000000000000e-03
8.512890199391e-01 4.303741177616e+00 5.000000000000e-03
3.253854315937e+00 3.055424987297e+00 5.000000000000e-03
3.997201168740e+00 5.513477327643e+00 5.000000000000e-03
1.233522016678e+00 3.367177431197e+00 5.000000000000e-03
4.539602590499e+00 2.918597453619e+00 5.000000000000e-03
8.256955000940e-01 1.435270431272e-01 5.000000000000e-03
6.059874402913e-01 1.534352123855e+00 5.000000000000e-03
3.446158461209e+00 2.843042973118e+00 5.000000000000e-03
3.516170231616e+00 3.126155420152e+00 5.000000000000e-03
1.319128056040e+00 2.268367637604e+00 5.000000000000e-03
3.162658674661e+00 2.766886656783e+00 5.000000000000e-03
4.754689038420e-01 3.093296426645e-01 5.000000000000e-03
4.713203689117e+00 3.223316597375e+00 5.000000000000e-03
2.948431746230e+00 3.278772944965e+00 5.000000000000e-03
5.852593338436e+00 2.775965583115e+00 5.000000000000e-03
5.353221570080e+00 2.629803234267e+00 5.000000000000e-03
4.518609113827e+00 5.931906547123e+00 5.000000000000e-03
5.963150737748e+00 4.192801228661e+00 5.000000000000e-03
2.509721897214e+00 6.283148981000e-01 -5.000000000000e-03
4.937948731621e+00 3.849676063364e+00 -5.000000000000e-03
5.522816613394e+00 4.797909170421e+00 -5.000000000000e-03
3.217038079090e+00 2.871175302343e+00 -5.000000000000e-03
6.186068711024e+00 5.453783597130e+00 -5.000000000000e-03
4.210641169505e+00 3.913991273773e+00 -5.000000000000e-03
4.022078849336e+00 2.135601547370e+00 -5.000000000000e-03
4.634089273957e+00 2.553386324528e+00 -5.000000000000e-03
1.207311346600e+00 2.980920478549e-01 -5.000000000000e-03
4.716772022388e+00 4.487746847082e-01 -5.000000000000e-03
6.256410963033e+00 6.930561105899e-01 -5.000000000000e-03
3.602609966448e+00 3.826804150865e+00 -5.000000000000e-03
4.993192757528e+00 4.770422529215e+00 -5.000000000000e-03
3.629329194119e+00 1.715628825606e+00 -5.000000000000e-03
1.889344079801e+00 5.135446801970e+00 -5.000000000000e-03
1.646713503557e+00 1.716083942377e+00 -5.000000000000e-03
5.648697441860e-01 9.254224167663e-01 -5.000000000000e-03
2.087507986199e+00 1.022690304052e+00 -5.000000000000e-03
4.643510534889e+00 3.616660572242e+00 -5.000000000000e-03
2.427972198554e+00 5.260586383409e+00 -5.000000000000e-03
5.597361246648e+00 1.423373753851e+00 -5.000000000000e-03
4.725101871087e+00 5.899515021110e+00 -5.000000000000e-03
4.224203867713e+00 5.690990410539e+00 -5.000000000000e-03
2.453386614484e+00 3.841668249638e+00 -5.000000000000e-03
3.544020991371e+00 2.012918545350e+00 -5.000000000000e-03
4.868453216913e+00 4.266288415267e+00 -5.000000000000e-03
5.603899729758e+00 5.687683963988e+00 -5.000000000000e-03
3.836679611456e+00 4.841435539727e+00 -5.000000000000e-03
5.618293734785e+00 5.660411891308e+00 -5.000000000000e-03
5.780800609778e+00 3.342327982756e+00 -5.000000000000e-03
2.800758459688e+00 5.658944994379e+00 -5.000000000000e-03
1.450163611300e+00 1.942474487614e+00 -5.000000000000e-03
3.601008921202e+00 1.172099876365e+00 -5.000000000000e-03
5.435547261988e+00 9.138228075391e-01 -5.000000000000e-03
5.957228881941e+00 2.757346312786e+00 -5.000000000000e-03
4.664107398964e+00 1.157721544150e+00 -5.000000000000e-03
4.981610141308e+00 6.044090685922e+00 -5.000000000000e-03
1.926812831979e+00 3.964677431834e+00 -5.000000000000e-03
3.825488649159e+00 5.969308921597e+00 -5.000000000000e-03
5.001955947723e+00 2.792441559627e+00 -5.000000000000e-03
1.877867189552e+00 3.529530839720e+00 -5.000000000000e-03
6.170855192021e+00 8.744626753909e-01 -5.000000000000e-03
4.797473559120e+00 3.352604925722e+00 -5.000000000000e-03
5.393165573757e+00 3.748140530739e+00 -5.000000000000e-03
5.879994075037e-01 5.354463479620e+00 -5.000000000000e-03
2.255007494228e-01 2.265682728618e+00 -5.000000000000e-03
6.244642576468e+00 6.075789086060e+00 -5.000000000000e-03
6.237602190886e+00 1.977396908819e+00 -5.000000000000e-03
5.571984425731e+00 4.391426026022e+00 -5.000000000000e-03
5.740843430189e+00 4.189182531439e+00 -5.000000000000e-03
2.171306097373e+00 5.774723677936e+00 -5.000000000000e-03
4.511155399926e+00 6.034853126061e+00 -5.000000000000e-03
2.650717892405e+00 5.526400616533e+00 -5.000000000000e-03
1.098847230331e+00 3.519698427598e+00 -5.000000000000e-03
4.806688920777e+00 3.918935224002e+00 -5.000000000000e-03
1.924679716289e+00 4.226051296795e+00 -5.000000000000e-03
5.933153411026e-01 3.306750674770e+00 -5.000000000000e-03
4.445900413141e+00 1.667244421935e+00 -5.000000000000e-03
3.209218394111e+00 4.566883436742e+00 -5.000000000000e-03
2.716613677217e+00 4.316119056900e+00 -5.000000000000e-03
3.898532874317e+00 4.464889195608e+00 -5.000000000000e-03
2.197166163817e+00 4.393946363536e+00 -5.000000000000e-03
4.729400460640e+00 1.092522789993e+00 -5.000000000000e-03
1.682036431872e+00 8.473039134078e-01 -5.000000000000e-03
5.467265025067e+00 4.183815044699e+00 -5.000000000000e-03
5.029695826877e+00 6.257971421091e-01 -5.000000000000e-03
1.650368958993e+00 3.078882274119e+00 -5.000000000000e-03
2.136686831744e+00 8.786899262616e-01 -5.000000000000e-03
2.627045797793e+00 6.058759016109e+00 -5.000000000000e-03
5.916376369599e+00 8.346385805871e-01 -5.000000000000e-03
7.523531640515e-01 5.211999625482e+00 -5.000000000000e-03
2.608336449021e+00 1.231261083170e+00 -5.000000000000e-03
5.437169531519e+00 6.649929455253e-01 -5.000000000000e-03
2.907397828162e+00 1.626397038079e+00 -5.000000000000e-03
4.182309890631e+00 3.717672787983e+00 -5.000000000000e-03
3.387276717120e+00 3.411129970272e-01 -5.000000000000e-03
2.679141647622e-01 1.862333598456e+00 -5.000000000000e-03
2.548764948130e+00 4.858412278019e+00 -5.000000000000e-03
1.421768791766e+00 5.809537667106e+00 -5.000000000000e-03
5.639901293332e+00 8.199254972766e-01 -5.000000000000e-03
1.587349042901e+00 6.045124269698e-01 -5.000000000000e-03
4.052021514800e+00 5.403667343222e+00 -5.000000000000e-03
3.380554933105e+00 4.342894493697e+00 -5.000000000000e-03
4.264297154413e-01 4.721112988813e+00 -5.000000000000e-03
3.527386900253e+00 2.735136181947e+00 -5.000000000000e-03
5.050367539200e+00 2.590867703838e+00 -5.000000000000e-03
3.154466912309e+00 3.702520447930e+00 -5.000000000000e-03
5.514687012152e+00 4.113489992761e+00 -5.000000000000e-03
2.312634812282e+00 2.274558216808e+00 -5.000000000000e-03
3.942359703761e+00 9.529442079177e-01 -5.000000000000e-03
3.153495770469e+00 9.389635483572e-02 -5.000000000000e-03
4.840778509554e+00 1.235083477516e+00 -5.000000000000e-03
3.541647854835e+00 5.726758522624e+00 -5.000000000000e-03
2.347721281361e+00 8.016419003404e-01 -5.000000000000e-03
4.469726836321e+00 1.186819694076e+00 -5.000000000000e-03
2.683010346252e+00 9.205537833572e-01 -5.000000000000e-03
1.221689889860e+00 5.606716624221e+00 -5.000000000000e-03
5.323162811260e-01 5.649336471370e-01 -5.000000000000e-03
5.955354276243e+00 3.694987080086e+00 -5.000000000000e-03
6.696346716852e-01 4.024003251496e-01 -5.000000000000e-03
