3.033335712936e+00 5.042350646834e+00 1.000000000000e-02
2.253041873140e+00 5.780501729126e+00 1.000000000000e-02
5.698119144292e+00 2.555772799866e+00 1.000000000000e-02
4.714099748714e+00 1.187792392612e+00 1.000000000000e-02
3.381864689651e+00 9.815501075920e-01 1.000000000000e-02
1.919733920772e-02 -4.887908533246e-01 1.000000000000e-02
6.070699565025e-01 1.270799668681e+00 1.000000000000e-02
4.554465070968e+00 1.377110620499e+00 1.000000000000e-02
2.861871822976e+00 3.019315076359e+00 1.000000000000e-02
3.197639706432e+00 2.057272731706e+00 1.000000000000e-02
3.560287837970e-01 2.804781343934e+00 1.000000000000e-02
2.330224525619e+00 4.334798279170e+00 1.000000000000e-02
5.011631104800e+00 3.883642716534e+00 1.000000000000e-02
3.164839559257e-01 3.573771296801e+00 1.000000000000e-02
2.536911869624e+00 -8.258073201977e-01 1.000000000000e-02
1.777059530218e+00 5.232140869215e+00 1.000000000000e-02
3.224016347989e+00 2.128967176586e+00 1.000000000000e-02
3.385523349965e+00 7.495585996846e+00 1.000000000000e-02
1.000571546059e+00 8.513152698316e+00 1.000000000000e-02
5.544207834069e+00 1.707320269844e+00 1.000000000000e-02
4.079572894138e+00 8.091757920026e+00 1.000000000000e-02
3.425382128477e+00 -1.649699401126e+00 1.000000000000e-02
5.538309657163e+00 2.509449275772e+00 1.000000000000e-02
5.012169259837e+00 6.845626161491e+00 1.000000000000e-02
2.972096418659e+00 6.573478366301e+00 1.000000000000e-02
4.773497920287e+00 -1.159019627057e+00 1.000000000000e-02
1.172564957869e+00 -4.723971015064e-01 1.000000000000e-02
3.278230336512e+00 9.246749637062e-01 1.000000000000e-02
4.952827999345e+00 5.012543884174e+00 1.000000000000e-02
4.453647990972e+00 4.180660964933e+00 1.000000000000e-02
4.529999249522e+00 -1.463818637787e+00 1.000000000000e-02
6.756690791340e-01 6.072111885772e+00 1.000000000000e-02
1.882761170918e+00 2.758546234084e+00 1.000000000000e-02
4.947169902036e+00 5.354244659185e+00 1.000000000000e-02
1.752351824257e+00 2.979782933600e+00 1.000000000000e-02
3.343777289116e-01 4.779026883274e-01 1.000000000000e-02
4.077593617258e+00 5.527272244558e-01 1.000000000000e-02
3.162877575622e+00 7.039153774315e+00 1.000000000000e-02
5.040512189564e+00 7.495791060425e+00 1.000000000000e-02
1.121684244732e+00 -1.162075777259e+00 1.000000000000e-02
2.749267499670e+00 2.952087026611e+00 1.000000000000e-02
1.954958169956e+00 7.032910854164e+00 1.000000000000e-02
2.809130492686e+00 6.439450972258e+00 1.000000000000e-02
4.420795165801e+00 2.748469123158e+00 1.000000000000e-02
4.189369040879e+00 5.941281745076e+00 1.000000000000e-02
4.165541392405e+00 7.011767467201e-02 1.000000000000e-02
4.159519017698e+00 1.607140984646e+00 1.000000000000e-02
1.455056059617e+00 1.755969670794e+00 1.000000000000e-02
4.922703219218e+00 6.496886770117e+00 1.000000000000e-02
1.536668510259e-01 2.038103194546e+00 1.000000000000e-02
5.942059851823e+00 5.969912815776e+00 -1.000000000000e-02
2.838354444132e+00 -1.253187072482e+00 -1.000000000000e-02
1.680079934752e+00 2.735107779409e+00 -1.000000000000e-02
6.032874006733e-01 6.787675498368e+00 -1.000000000000e-02
2.678601126604e+00 7.117202479998e-01 -1.000000000000e-02
6.136888304449e+00 -1.468883196994e+00 -1.000000000000e-02
5.800816504649e+00 4.866208299618e+00 -1.000000000000e-02
4.119715144808e+00 5.232270494193e+00 -1.000000000000e-02
6.632796833856e-01 6.595996978738e-02 -1.000000000000e-02
4.123044085553e+00 6.662589427668e+00 -1.000000000000e-02
1.518458919518e+00 4.337060343523e+00 -1.000000000000e-02
2.608236766555e+00 8.685783081496e-01 -1.000000000000e-02
5.096752320512e+00 -2.540405922452e-01 -1.000000000000e-02
4.830339595757e+00 4.196506925412e+00 -1.000000000000e-02
4.220781394627e+00 4.585730667287e+00 -1.000000000000e-02
3.536766586098e+00 3.176882057386e+00 -1.000000000000e-02
1.910756208717e+00 5.493674568550e-02 -1.000000000000e-02
6.663099310386e-01 3.633661900867e+00 -1.000000000000e-02
1.073405703066e+00 1.521485620937e+00 -1.000000000000e-02
4.131726540943e+00 5.530967943682e+00 -1.000000000000e-02
3.928332659672e+00 4.325334686782e-01 -1.000000000000e-02
5.006137175332e+00 -1.590806875667e+00 -1.000000000000e-02
1.623175549133e+00 2.757110863405e+00 -1.000000000000e-02
5.361662649154e+00 3.611453443364e+00 -1.000000000000e-02
4.742409943850e+00 4.150044039184e+00 -1.000000000000e-02
3.757665209301e+00 3.755290573149e+00 -1.000000000000e-02
5.763910132449e+00 3.191612358706e+00 -1.000000000000e-02
1.597358449925e+00 2.148009596367e-01 -1.000000000000e-02
2.674192320004e+00 5.931468405586e+00 -1.000000000000e-02
3.329325026741e+00 8.161188524572e+00 -1.000000000000e-02
1.954001258792e+00 5.392737035404e+00 -1.000000000000e-02
4.674287782071e+00 3.948396104775e-01 -1.000000000000e-02
5.043094960076e+00 -1.288724875493e+00 -1.000000000000e-02
2.676080402915e+00 1.132421239100e+00 -1.000000000000e-02
1.729087988520e+00 8.564454680498e+00 -1.000000000000e-02
7.319484594791e-01 1.395168549494e+00 -1.000000000000e-02
4.397393496133e+00 4.212098698187e+00 -1.000000000000e-02
1.161398362523e+00 7.161122289331e+00 -1.000000000000e-02
3.582594848548e+00 2.325381855332e+00 -1.000000000000e-02
3.360995892281e+00 3.890824473222e+00 -1.000000000000e-02
6.233603720083e-01 5.620641557837e+00 -1.000000000000e-02
1.831267616817e+00 7.515665940109e+00 -1.000000000000e-02
6.279426940649e+00 1.863139109497e+00 -1.000000000000e-02
7.521330891403e-01 3.311654607309e+00 -1.000000000000e-02
9.403614648147e-02 5.810232392233e-01 -1.000000000000e-02
1.061534051578e+00 3.042140161449e+00 -1.000000000000e-02
5.188640875017e+00 2.524138426567e+00 -1.000000000000e-02
4.034567123034e+00 1.104503399316e+00 -1.000000000000e-02
1.422485780362e+00 7.274958513431e+00 -1.000000000000e-02
1.173508665571e+00 5.098934749671e+00 -1.000000000000e-02
