4.714638572046e+00 3.493732628459e+00 1.000000000000e-02
4.921724492055e+00 7.413768305200e+00 1.000000000000e-02
5.989716731370e+00 6.146424303627e+00 1.000000000000e-02
3.502950076293e+00 4.600473442466e+00 1.000000000000e-02
3.529146649023e+00 4.004455347884e+00 1.000000000000e-02
4.471992556752e+00 1.582371272396e-01 1.000000000000e-02
5.132610110264e+00 7.752938163938e-01 1.000000000000e-02
2.330386081746e+00 2.122138985444e+00 1.000000000000e-02
3.324905127936e+00 9.285611301946e-01 1.000000000000e-02
6.030032302777e+00 1.810800750530e+00 1.000000000000e-02
5.583527280468e+00 7.773276913258e-01 1.000000000000e-02
8.064466876628e-01 2.453683378065e+00 1.000000000000e-02
2.920052101732e+00 5.841482481681e+00 1.000000000000e-02
2.856742792545e+00 3.731880061087e+00 1.000000000000e-02
1.567013136406e+00 1.774973059946e+00 1.000000000000e-02
1.124486451718e+00 -6.678874060879e-01 1.000000000000e-02
5.740845939859e+00 1.348035798941e+00 1.000000000000e-02
3.569574820547e+00 6.618434610856e+00 1.000000000000e-02
2.756013688642e+00 3.210505270552e+00 1.000000000000e-02
9.822492347734e-02 2.237760279579e+00 1.000000000000e-02
2.954975776635e+00 8.076544228637e+00 1.000000000000e-02
3.487766954390e+00 -4.087804324988e-01 1.000000000000e-02
3.962880670359e+00 5.050315471037e+00 1.000000000000e-02
3.675538666313e+00 5.772644067661e+00 1.000000000000e-02
3.263605484019e+00 3.674580501174e+00 1.000000000000e-02
1.493935473941e+00 -2.555229870153e-01 1.000000000000e-02
2.366467532643e+00 9.681931483908e-01 1.000000000000e-02
2.642850648820e+00 3.291223271741e+00 1.000000000000e-02
3.582538473707e+00 4.431175120545e+00 1.000000000000e-02
1.531756541082e+00 7.382154641357e+00 1.000000000000e-02
1.301345477732e+00 6.251909652205e+00 1.000000000000e-02
4.148391538436e+00 6.480254299337e+00 1.000000000000e-02
5.656887477682e+00 2.996198178891e+00 1.000000000000e-02
6.453761523503e-01 4.634788318858e+00 1.000000000000e-02
6.134253657423e+00 4.709969166097e+00 1.000000000000e-02
4.878161073721e+00 1.050569364990e+00 1.000000000000e-02
1.881389393345e-01 4.336531148926e+00 1.000000000000e-02
3.652851938241e+00 4.087539187094e+00 1.000000000000e-02
6.007681925449e-01 7.734211757450e+00 1.000000000000e-02
2.056535566768e+00 1.444484445225e+00 1.000000000000e-02
3.352514496340e+00 7.937122173855e-01 1.000000000000e-02
2.654509270397e+00 6.369335639379e+00 1.000000000000e-02
3.007404585915e+00 4.554386285956e+00 1.000000000000e-02
4.853590421977e+00 3.412912421453e+00 1.000000000000e-02
5.376368144712e+00 2.772842946646e+00 1.000000000000e-02
1.115359355072e+00 -1.446529891948e+00 1.000000000000e-02
2.820595793574e+00 3.289137298755e+00 1.000000000000e-02
5.759827101812e+00 4.312229511312e+00 1.000000000000e-02
2.212955453903e+00 6.115014204912e+00 1.000000000000e-02
4.789433638023e+00 4.223832810047e+00 1.000000000000e-02
3.168625471647e-01 4.238226364102e+00 -1.000000000000e-02
5.698921768365e-01 1.043675573976e+00 -1.000000000000e-02
5.628090959201e+00 4.012659121960e+00 -1.000000000000e-02
4.361390657497e-01 7.388959725776e+00 -1.000000000000e-02
5.716387069457e+00 1.815299841746e+00 -1.000000000000e-02
2.203280178965e-01 -1.546436581827e+00 -1.000000000000e-02
3.044000033650e+00 1.727418444098e+00 -1.000000000000e-02
2.822410702434e-02 5.365327198191e+00 -1.000000000000e-02
8.863758965827e-01 -6.775147181064e-01 -1.000000000000e-02
2.913290987659e+00 8.054597288242e+00 -1.000000000000e-02
5.968872065618e+00 1.998245403356e+00 -1.000000000000e-02
3.451359447432e+00 2.226851698558e+00 -1.000000000000e-02
5.022852220794e-01 1.685333952912e+00 -1.000000000000e-02
3.702703728023e-01 4.841512352246e+00 -1.000000000000e-02
3.822761170687e+00 1.715488618218e+00 -1.000000000000e-02
5.598661615756e+00 4.605097202615e+00 -1.000000000000e-02
2.422441631969e+00 1.582409054000e+00 -1.000000000000e-02
3.479675916529e+00 6.380791905903e+00 -1.000000000000e-02
2.801823520096e+00 3.497765606955e+00 -1.000000000000e-02
4.539493134885e+00 6.611369638457e+00 -1.000000000000e-02
4.989955903103e+00 3.916540835222e+00 -1.000000000000e-02
4.066591911255e-01 4.640531247204e+00 -1.000000000000e-02
5.610971025169e+00 3.960612192882e+00 -1.000000000000e-02
4.290999039163e+00 3.103190348095e+00 -1.000000000000e-02
7.116322989465e-01 4.868001298566e+00 -1.000000000000e-02
1.560122823190e+00 7.357178157057e+00 -1.000000000000e-02
6.132108089171e+00 3.967811086391e+00 -1.000000000000e-02
1.455485946489e+00 1.109169196585e+00 -1.000000000000e-02
1.113592094249e+00 1.185139747388e+00 -1.000000000000e-02
3.698728730623e+00 6.664343179223e+00 -1.000000000000e-02
1.218988926190e+00 8.526474667494e-01 -1.000000000000e-02
3.556493869075e+00 1.051983616562e+00 -1.000000000000e-02
5.037398930497e+00 2.290454147633e+00 -1.000000000000e-02
7.061833935276e-01 4.201563034933e+00 -1.000000000000e-02
5.995823812043e+00 7.092840107660e+00 -1.000000000000e-02
4.358650704989e+00 8.567845210481e-01 -1.000000000000e-02
4.917015986110e+00 3.358701658123e+00 -1.000000000000e-02
4.492071246973e+00 3.728491087948e+00 -1.000000000000e-02
3.041240556287e+00 1.935379493493e+00 -1.000000000000e-02
2.586595733230e-01 5.039527654355e+00 -1.000000000000e-02
1.220059036101e+00 4.729039967917e+00 -1.000000000000e-02
5.883068218073e+00 5.251786904053e+00 -1.000000000000e-02
4.616569804715e-01 -5.591197592767e-02 -1.000000000000e-02
3.000282667536e+00 5.005605253268e-01 -1.000000000000e-02
3.755644541271e+00 2.538382426738e-01 -1.000000000000e-02
5.868343541424e+00 2.971953500502e+00 -1.000000000000e-02
2.803887541813e+00 5.713634785527e+00 -1.000000000000e-02
2.190600676230e+00 5.938228128337e+00 -1.000000000000e-02
5.196590080447e+00 7.037001459260e+00 -1.000000000000e-02
3.337259051330e+00 4.814913240941e+00 -1.000000000000e-02
