3.473596113830e-02 6.283110298823e+00 1.000000000000e-02
3.815911844199e+00 6.957932141502e+00 1.000000000000e-02
3.883423112161e+00 5.220855921332e+00 1.000000000000e-02
3.738917655968e+00 3.985934524958e+00 1.000000000000e-02
4.031389154530e+00 4.062566056200e+00 1.000000000000e-02
5.144279719115e+00 -1.843099319750e-01 1.000000000000e-02
3.656869168106e+00 1.298434572812e+00 1.000000000000e-02
5.131960588263e+00 4.690758869910e+00 1.000000000000e-02
1.427435642766e+00 1.412921030191e+00 1.000000000000e-02
3.965739876069e+00 1.688130398396e+00 1.000000000000e-02
3.110795711256e+00 8.842204287180e-01 1.000000000000e-02
2.040617948363e-01 2.632050752367e+00 1.000000000000e-02
4.694041330543e+00 6.224005528593e+00 1.000000000000e-02
4.675939725253e+00 4.566741127242e+00 1.000000000000e-02
4.115538524665e-02 2.916727853050e-01 1.000000000000e-02
1.233378082420e+00 -1.282120854729e+00 1.000000000000e-02
3.739877215835e+00 -8.953660074485e-01 1.000000000000e-02
5.263061261333e+00 8.412121016041e+00 1.000000000000e-02
4.986088980408e+00 4.065966501797e+00 1.000000000000e-02
3.110895309425e-01 2.005466842885e+00 1.000000000000e-02
1.247265911144e+00 8.240582006893e+00 1.000000000000e-02
3.345305158061e+00 -9.497941193062e-02 1.000000000000e-02
4.785017574347e-01 6.619807232801e+00 1.000000000000e-02
4.541887220142e+00 5.999769535573e+00 1.000000000000e-02
5.053168126667e+00 5.891439566034e+00 1.000000000000e-02
2.363869647688e+00 2.468462224188e-03 1.000000000000e-02
4.916703031923e+00 -4.653345780715e-01 1.000000000000e-02
3.968118817359e+00 3.978727922958e+00 1.000000000000e-02
5.466592298982e+00 2.604084482440e+00 1.000000000000e-02
4.938197070401e+00 1.506312830722e+00 1.000000000000e-02
3.191054543522e+00 3.326193759571e+00 1.000000000000e-02
4.301109744495e+00 7.876407352102e+00 1.000000000000e-02
1.290295185254e+00 4.084689718873e+00 1.000000000000e-02
2.041831440691e+00 2.710398507981e+00 1.000000000000e-02
6.279354956354e+00 4.032314984909e+00 1.000000000000e-02
1.454387607184e+00 -3.240458402235e-01 1.000000000000e-02
2.799733009697e+00 4.339242235934e+00 1.000000000000e-02
4.803358168194e+00 4.081189181964e+00 1.000000000000e-02
3.008672794387e-01 7.438567266293e+00 1.000000000000e-02
5.110372285094e+00 6.561262690028e-02 1.000000000000e-02
1.528016978967e+00 1.330137794412e+00 1.000000000000e-02
4.298569171252e+00 5.134960212582e+00 1.000000000000e-02
5.700371695452e+00 3.843765306415e+00 1.000000000000e-02
2.419290130957e+00 3.710656631361e+00 1.000000000000e-02
5.937755887026e+00 4.534705071751e+00 1.000000000000e-02
6.461528860259e-01 -1.750948840748e+00 1.000000000000e-02
4.060178853813e+00 3.840855590294e+00 1.000000000000e-02
2.342002808184e+00 4.221470333695e+00 1.000000000000e-02
4.919074854901e+00 6.331651225773e+00 1.000000000000e-02
1.709234831962e+00 3.992644109478e+00 1.000000000000e-02
6.270938857496e+00 4.545139986999e+00 -1.000000000000e-02
4.650337370995e+00 -2.919818734927e-01 -1.000000000000e-02
1.587173938757e+00 4.022899486307e+00 -1.000000000000e-02
6.523743648831e-01 7.096936947039e+00 -1.000000000000e-02
3.676510189207e+00 -8.221796640692e-01 -1.000000000000e-02
4.522440725048e+00 -1.788933871495e+00 -1.000000000000e-02
5.455520205974e+00 4.234832723876e+00 -1.000000000000e-02
3.153324702097e-01 4.472989412360e+00 -1.000000000000e-02
1.363645293435e+00 -1.287826862446e+00 -1.000000000000e-02
1.287805520022e+00 8.201846937902e+00 -1.000000000000e-02
4.698328001059e+00 2.752282841577e+00 -1.000000000000e-02
2.679583216295e+00 1.036423379745e+00 -1.000000000000e-02
4.908123597784e+00 7.311262274085e-01 -1.000000000000e-02
1.906134487675e+00 2.976244195856e+00 -1.000000000000e-02
4.890136009670e+00 1.457760923110e+00 -1.000000000000e-02
1.768475853879e+00 4.324797269007e+00 -1.000000000000e-02
1.218568767943e+00 1.723297136310e+00 -1.000000000000e-02
3.145006438449e+00 6.439997818085e+00 -1.000000000000e-02
3.584972548498e+00 4.346605309946e+00 -1.000000000000e-02
3.638062428303e+00 7.605072230144e+00 -1.000000000000e-02
2.202514363860e+00 3.767921448258e+00 -1.000000000000e-02
1.413686539404e+00 3.755355946277e+00 -1.000000000000e-02
1.550249062923e+00 3.980189721735e+00 -1.000000000000e-02
6.039458719776e+00 6.145233073170e+00 -1.000000000000e-02
1.813063004225e+00 2.989289949757e+00 -1.000000000000e-02
2.677585089495e+00 1.601308617427e+00 -1.000000000000e-02
5.753777200715e-01 5.833134327144e+00 -1.000000000000e-02
4.981411354433e+00 1.604352870611e-01 -1.000000000000e-02
5.608842180785e+00 1.168081806680e+00 -1.000000000000e-02
1.682423983540e-01 8.512917460747e+00 -1.000000000000e-02
5.309229394917e+00 7.175674719532e-01 -1.000000000000e-02
1.893145901808e-01 7.814878156804e-01 -1.000000000000e-02
5.545952827703e+00 2.400016823060e+00 -1.000000000000e-02
8.044434763786e-01 4.107313182170e+00 -1.000000000000e-02
5.477896701689e+00 7.046169138777e+00 -1.000000000000e-02
7.942060510262e-01 -7.049688685304e-02 -1.000000000000e-02
2.550020591141e+00 3.612173941642e+00 -1.000000000000e-02
1.776044378484e-01 6.486459331156e+00 -1.000000000000e-02
5.425473264497e+00 4.022288358354e+00 -1.000000000000e-02
7.006458696867e-01 4.376118307229e+00 -1.000000000000e-02
5.763538206556e-01 4.968444250811e+00 -1.000000000000e-02
3.914276042968e+00 5.079517550682e+00 -1.000000000000e-02
3.637437318908e+00 8.443741728753e-01 -1.000000000000e-02
1.971940364219e+00 1.257979841764e+00 -1.000000000000e-02
5.917334093480e+00 6.223400260251e-02 -1.000000000000e-02
1.212920151455e+00 5.325449019982e+00 -1.000000000000e-02
5.181380595638e+00 2.488428583311e+00 -1.000000000000e-02
4.341099115248e+00 4.861448697813e+00 -1.000000000000e-02
1.516490945645e+00 7.150370497349e+00 -1.000000000000e-02
5.904718123353e+00 4.232970478819e+00 -1.000000000000e-02
