2.974773238957e+00 3.994505432895e+00 1.000000000000e-02
4.036035016365e+00 5.930993228537e+00 1.000000000000e-02
3.446312588620e+00 3.155196930103e+00 1.000000000000e-02
5.038111900267e+00 3.708400974652e+00 1.000000000000e-02
5.033649766115e+00 3.423708789524e+00 1.000000000000e-02
9.152577623570e-01 9.495093789193e-01 1.000000000000e-02
6.271049421031e+00 1.284359527070e+00 1.000000000000e-02
4.489319773170e+00 4.483146670273e+00 1.000000000000e-02
1.348385490791e-01 1.779466987864e+00 1.000000000000e-02
4.821443345628e+00 2.267671370975e+00 1.000000000000e-02
2.502668619662e+00 1.047716976553e+00 1.000000000000e-02
4.980578805773e-01 3.668760989588e+00 1.000000000000e-02
5.461817365089e+00 6.380957890291e+00 1.000000000000e-02
3.215924069248e+00 3.321383660304e+00 1.000000000000e-02
1.064602010364e+00 -3.321740441673e-01 1.000000000000e-02
5.165515352557e+00 2.686530036278e+00 1.000000000000e-02
4.973349071147e+00 3.645150260203e+00 1.000000000000e-02
4.685244189709e+00 8.466726042566e+00 1.000000000000e-02
1.429181731202e+00 7.029379002153e+00 1.000000000000e-02
1.830237191160e+00 -9.212485700084e-01 1.000000000000e-02
4.505935721717e+00 8.178292498320e+00 1.000000000000e-02
4.761463050772e+00 6.780248481640e-01 1.000000000000e-02
4.267505319138e+00 4.200605948950e+00 1.000000000000e-02
5.462805550251e+00 5.667674186778e+00 1.000000000000e-02
6.847301390878e-01 7.602325004894e+00 1.000000000000e-02
1.361219214925e+00 -4.680707871587e-01 1.000000000000e-02
5.786927385704e+00 -4.652722484183e-01 1.000000000000e-02
5.099774765142e+00 3.579528722444e+00 1.000000000000e-02
1.341515879720e-01 3.608829968742e+00 1.000000000000e-02
1.912549112224e-01 8.038207420379e+00 1.000000000000e-02
2.842242145055e+00 1.493847453931e+00 1.000000000000e-02
5.502834108595e+00 7.288487216374e+00 1.000000000000e-02
1.591427313860e+00 4.781392780887e+00 1.000000000000e-02
2.199220176905e+00 3.829028800653e+00 1.000000000000e-02
2.500732486755e+00 5.217679808997e+00 1.000000000000e-02
5.354497565044e+00 1.305769802424e-01 1.000000000000e-02
3.560807381312e+00 1.342183061078e+00 1.000000000000e-02
1.293385270231e+00 6.798040826861e+00 1.000000000000e-02
3.583634118223e+00 5.972564709840e+00 1.000000000000e-02
4.667409557841e+00 2.211941426287e-01 1.000000000000e-02
1.004301741037e-01 1.910736972095e+00 1.000000000000e-02
1.250397210241e+00 6.584155554300e+00 1.000000000000e-02
1.326062127722e+00 6.026146419973e+00 1.000000000000e-02
3.958170565532e+00 2.714775572639e+00 1.000000000000e-02
4.190855700758e+00 7.948214298110e+00 1.000000000000e-02
4.019954224838e+00 -1.771771737313e+00 1.000000000000e-02
4.735566637309e+00 3.179688341238e+00 1.000000000000e-02
3.596035491562e+00 1.616114014855e+00 1.000000000000e-02
5.699023661329e+00 6.420169794502e+00 1.000000000000e-02
1.776189254038e+00 2.333021809562e+00 1.000000000000e-02
2.955825541758e+00 3.676909725375e+00 -1.000000000000e-02
5.595989553317e-01 -5.054413071217e-01 -1.000000000000e-02
1.366707757067e+00 4.844218774996e+00 -1.000000000000e-02
4.300779304729e+00 7.875169849537e+00 -1.000000000000e-02
5.157594173627e+00 3.770218258853e+00 -1.000000000000e-02
4.506803303665e-01 -1.815045752299e+00 -1.000000000000e-02
2.648123412110e+00 5.382449834544e+00 -1.000000000000e-02
3.521528440631e+00 4.023859541203e+00 -1.000000000000e-02
5.967153186341e+00 1.354928208013e+00 -1.000000000000e-02
4.002706035712e+00 6.717545797387e+00 -1.000000000000e-02
6.166588726208e+00 4.873606495050e+00 -1.000000000000e-02
2.698494609516e+00 1.040027384706e+00 -1.000000000000e-02
3.967797487031e+00 8.178000392233e-01 -1.000000000000e-02
1.716519296083e+00 4.657359895146e+00 -1.000000000000e-02
4.982785356619e+00 1.731732762089e+00 -1.000000000000e-02
1.086814744371e+00 2.535377911805e+00 -1.000000000000e-02
6.177230501586e+00 1.034538257301e+00 -1.000000000000e-02
3.104569061306e+00 4.427974802381e+00 -1.000000000000e-02
2.334182989415e+00 2.258405330868e+00 -1.000000000000e-02
1.303174951785e-01 8.032910967617e+00 -1.000000000000e-02
3.592016372103e+00 1.163686941946e+00 -1.000000000000e-02
2.795998763039e+00 1.317067551753e+00 -1.000000000000e-02
1.365568200376e+00 4.788769080579e+00 -1.000000000000e-02
2.853595915929e+00 3.902728658615e+00 -1.000000000000e-02
1.810608627124e+00 4.670720252430e+00 -1.000000000000e-02
3.552810923375e-01 2.253923985073e+00 -1.000000000000e-02
3.328663677564e+00 4.958590995920e+00 -1.000000000000e-02
5.937000501688e+00 1.007188358293e+00 -1.000000000000e-02
2.365565886160e-01 7.119271531388e+00 -1.000000000000e-02
3.513267569066e+00 8.515727888393e+00 -1.000000000000e-02
5.633226602531e+00 2.599222440396e+00 -1.000000000000e-02
2.631631475727e+00 6.083448788592e-01 -1.000000000000e-02
1.823861963563e+00 -7.964769793640e-01 -1.000000000000e-02
4.185226393381e+00 4.575954989048e+00 -1.000000000000e-02
5.393216639367e+00 8.168704536797e+00 -1.000000000000e-02
7.150333717638e-01 3.443377330759e-01 -1.000000000000e-02
5.312856094355e+00 3.711174966394e+00 -1.000000000000e-02
4.499253900585e+00 6.990471420373e+00 -1.000000000000e-02
3.488102018887e+00 4.325463922335e+00 -1.000000000000e-02
4.389313472548e+00 4.796323761155e+00 -1.000000000000e-02
4.255180961004e+00 5.484175085874e+00 -1.000000000000e-02
3.317374719886e+00 7.337150165253e+00 -1.000000000000e-02
1.589667570758e+00 9.959513043414e-01 -1.000000000000e-02
8.691395459409e-01 3.212879982323e+00 -1.000000000000e-02
5.749153566961e+00 -2.473340089056e-01 -1.000000000000e-02
2.112945307616e+00 3.708625762500e+00 -1.000000000000e-02
1.453637061575e-01 2.999254904744e+00 -1.000000000000e-02
4.861557512285e+00 2.612308615329e+00 -1.000000000000e-02
2.780214945851e+00 7.251361138113e+00 -1.000000000000e-02
2.477139004197e+00 5.533492769145e+00 -1.000000000000e-02
