4.709222326071e+00 3.056489208372e+00 1.000000000000e-02
2.728379958514e+00 7.203388084412e+00 1.000000000000e-02
5.178612496690e+00 6.000704137907e+00 1.000000000000e-02
3.623886014603e+00 3.957060857667e+00 1.000000000000e-02
3.094115308468e+00 3.623879730576e+00 1.000000000000e-02
5.130638187005e+00 4.718865506244e-01 1.000000000000e-02
5.523736447549e+00 9.701754732592e-01 1.000000000000e-02
2.112319045720e+00 1.849030610844e+00 1.000000000000e-02
3.839204521317e+00 7.281303546433e-01 1.000000000000e-02
2.575449453749e-03 2.179435568675e+00 1.000000000000e-02
5.886868481000e+00 4.484080930601e-01 1.000000000000e-02
8.544438051542e-01 2.633798172022e+00 1.000000000000e-02
1.553230667430e+00 6.797692142157e+00 1.000000000000e-02
3.087376817369e+00 4.147913286193e+00 1.000000000000e-02
1.139272060283e+00 2.011436725489e+00 1.000000000000e-02
2.139491090818e+00 2.248877924854e-01 1.000000000000e-02
6.283023894516e+00 9.163574683225e-01 1.000000000000e-02
2.001901471770e+00 6.167156025042e+00 1.000000000000e-02
2.153674589718e+00 3.491344841239e+00 1.000000000000e-02
2.072228032224e-01 2.593817043734e+00 1.000000000000e-02
2.305134407084e+00 7.437046758784e+00 1.000000000000e-02
4.731045769113e+00 -3.282992781374e-01 1.000000000000e-02
4.161993946723e+00 4.536373865680e+00 1.000000000000e-02
3.542182723335e+00 5.652612932205e+00 1.000000000000e-02
2.832781238876e+00 3.918255374235e+00 1.000000000000e-02
2.562206396562e+00 -1.513995673042e-01 1.000000000000e-02
2.949826978465e+00 8.998065990987e-01 1.000000000000e-02
2.249474774863e+00 3.404390514836e+00 1.000000000000e-02
3.739584828140e+00 4.126779377901e+00 1.000000000000e-02
5.634420078095e+00 5.485258065447e+00 1.000000000000e-02
2.025156385498e-01 6.482720039332e+00 1.000000000000e-02
3.836371699513e+00 5.961958766800e+00 1.000000000000e-02
5.869854739434e+00 2.500403785246e+00 1.000000000000e-02
1.723744889210e-01 5.546793927749e+00 1.000000000000e-02
2.599108254896e-01 4.487927085925e+00 1.000000000000e-02
5.581065919315e+00 1.361682591099e+00 1.000000000000e-02
1.459672110145e-01 4.237772820237e+00 1.000000000000e-02
2.980185229028e+00 3.531142346700e+00 1.000000000000e-02
3.370203683442e+00 7.576688031456e+00 1.000000000000e-02
1.860457576991e+00 1.537965672746e+00 1.000000000000e-02
3.965488784196e+00 7.318198272898e-01 1.000000000000e-02
1.785325224173e+00 6.498503500480e+00 1.000000000000e-02
3.462477218625e+00 4.603902368240e+00 1.000000000000e-02
4.082692223358e+00 2.819122164427e+00 1.000000000000e-02
5.521958008160e+00 2.851719065932e+00 1.000000000000e-02
4.042731561085e+00 -1.248282171124e+00 1.000000000000e-02
2.219313427200e+00 3.301112867910e+00 1.000000000000e-02
5.828487819397e+00 4.060879934232e+00 1.000000000000e-02
6.632740612011e-01 6.266529199962e+00 1.000000000000e-02
4.431186559146e+00 3.555755369536e+00 1.000000000000e-02
5.113958397042e-01 4.097169185814e+00 -1.000000000000e-02
1.071846058952e+00 6.862070059125e-01 -1.000000000000e-02
5.691503412081e+00 3.718373412418e+00 -1.000000000000e-02
3.937612763537e+00 7.314380523532e+00 -1.000000000000e-02
6.048008466981e+00 1.906109936814e+00 -1.000000000000e-02
3.529090030792e+00 -1.360760466724e+00 -1.000000000000e-02
3.086104854601e+00 1.764200203428e+00 -1.000000000000e-02
5.502082379312e+00 5.022558998397e+00 -1.000000000000e-02
1.956339480926e+00 1.678778915204e-01 -1.000000000000e-02
2.380756551273e+00 7.414318653035e+00 -1.000000000000e-02
6.267485980059e+00 2.419231684142e+00 -1.000000000000e-02
2.822852203019e+00 1.907300292786e+00 -1.000000000000e-02
4.256866414499e-01 1.365989871412e+00 -1.000000000000e-02
4.054133180927e-02 5.051553403204e+00 -1.000000000000e-02
3.906518265583e+00 1.883281008357e+00 -1.000000000000e-02
5.891469605344e+00 4.248948380710e+00 -1.000000000000e-02
2.806806249532e+00 1.199477471790e+00 -1.000000000000e-02
2.052044097934e+00 6.093505260664e+00 -1.000000000000e-02
2.065636185077e+00 3.203208162997e+00 -1.000000000000e-02
4.078569190723e+00 6.036308311343e+00 -1.000000000000e-02
5.075736231556e+00 3.190939428313e+00 -1.000000000000e-02
2.410105921241e-01 4.930338778048e+00 -1.000000000000e-02
5.672313653272e+00 3.666636565247e+00 -1.000000000000e-02
3.859440833952e+00 2.877322271307e+00 -1.000000000000e-02
6.282497153075e+00 5.574351382022e+00 -1.000000000000e-02
5.679268457833e+00 5.476114765861e+00 -1.000000000000e-02
6.192609192798e+00 4.228652330661e+00 -1.000000000000e-02
9.411077192574e-01 1.364700501968e+00 -1.000000000000e-02
1.223069917907e+00 1.156660871551e+00 -1.000000000000e-02
2.891399461366e+00 6.442003220804e+00 -1.000000000000e-02
1.387973203615e+00 1.421531840751e+00 -1.000000000000e-02
4.171296399030e+00 5.681245640016e-01 -1.000000000000e-02
5.064850107767e+00 2.408204826139e+00 -1.000000000000e-02
9.051546804249e-01 4.818505321443e+00 -1.000000000000e-02
4.331752410220e+00 7.093248706556e+00 -1.000000000000e-02
4.856588209925e+00 1.314646287467e+00 -1.000000000000e-02
4.208083646524e+00 2.691649825982e+00 -1.000000000000e-02
4.005261332513e+00 3.334784144999e+00 -1.000000000000e-02
3.260072626023e+00 1.557956754805e+00 -1.000000000000e-02
4.670033211495e-01 4.795345280789e+00 -1.000000000000e-02
7.759142763769e-01 5.350106650019e+00 -1.000000000000e-02
5.690061380219e+00 4.726988673492e+00 -1.000000000000e-02
1.464434911362e+00 -1.032164504360e-01 -1.000000000000e-02
3.525104056571e+00 7.064835058460e-01 -1.000000000000e-02
4.602422920479e+00 4.771449838861e-01 -1.000000000000e-02
6.158183916033e+00 2.690356508815e+00 -1.000000000000e-02
1.466765127306e+00 6.750577644231e+00 -1.000000000000e-02
7.092706407229e-01 6.128797080288e+00 -1.000000000000e-02
3.769250888802e+00 6.711452394357e+00 -1.000000000000e-02
3.837207320921e+00 4.647361642603e+00 -1.000000000000e-02
