4.712822684926e+00 3.494900945016e+00 1.000000000000e-02
4.961433077547e+00 7.417800720702e+00 1.000000000000e-02
6.003704800421e+00 6.148099938575e+00 1.000000000000e-02
3.487884303270e+00 4.596090526340e+00 1.000000000000e-02
3.540940131367e+00 4.003948357456e+00 1.000000000000e-02
4.460594092768e+00 1.549108559571e-01 1.000000000000e-02
5.128243218927e+00 7.736868552914e-01 1.000000000000e-02
2.335264426296e+00 2.126291213463e+00 1.000000000000e-02
3.305146645416e+00 9.305062957321e-01 1.000000000000e-02
6.019328910419e+00 1.806444195590e+00 1.000000000000e-02
5.578980022096e+00 7.833518315695e-01 1.000000000000e-02
8.061729662260e-01 2.451432361869e+00 1.000000000000e-02
2.932890420485e+00 5.833504439726e+00 1.000000000000e-02
2.860202695515e+00 3.723634299747e+00 1.000000000000e-02
1.570968124735e+00 1.769872806939e+00 1.000000000000e-02
1.099993194878e+00 -6.779583160259e-01 1.000000000000e-02
5.731337950306e+00 1.351359644296e+00 1.000000000000e-02
3.583275500017e+00 6.628536942944e+00 1.000000000000e-02
2.779637559002e+00 3.209878675317e+00 1.000000000000e-02
9.782303677569e-02 2.235837174345e+00 1.000000000000e-02
3.037855368432e+00 8.047208914976e+00 1.000000000000e-02
3.467910628370e+00 -4.091600425674e-01 1.000000000000e-02
3.962065461485e+00 5.057260040812e+00 1.000000000000e-02
3.677361794893e+00 5.774530979905e+00 1.000000000000e-02
3.272857246244e+00 3.677337931452e+00 1.000000000000e-02
1.474649705542e+00 -2.574864161789e-01 1.000000000000e-02
2.361946639720e+00 9.686678844827e-01 1.000000000000e-02
2.641680608146e+00 3.271368763932e+00 1.000000000000e-02
3.582119451087e+00 4.438196845046e+00 1.000000000000e-02
1.595020711251e+00 7.411812609613e+00 1.000000000000e-02
1.315295996249e+00 6.246865813382e+00 1.000000000000e-02
4.158338769651e+00 6.485694841044e+00 1.000000000000e-02
5.651469365159e+00 3.007020427141e+00 1.000000000000e-02
6.400167245015e-01 4.623883966970e+00 1.000000000000e-02
6.133080469117e+00 4.716658352788e+00 1.000000000000e-02
4.868512251230e+00 1.042892643946e+00 1.000000000000e-02
1.907747305427e-01 4.347184288982e+00 1.000000000000e-02
3.654242069157e+00 4.104761531338e+00 1.000000000000e-02
6.547422052362e-01 7.730422350029e+00 1.000000000000e-02
2.055992323383e+00 1.445472805614e+00 1.000000000000e-02
3.353448814314e+00 7.987439468343e-01 1.000000000000e-02
2.665197110652e+00 6.368508693982e+00 1.000000000000e-02
3.002207839284e+00 4.547011458924e+00 1.000000000000e-02
4.868056348133e+00 3.439492873545e+00 1.000000000000e-02
5.377181003964e+00 2.772239445272e+00 1.000000000000e-02
1.065885602224e+00 -1.449248924321e+00 1.000000000000e-02
2.808912721399e+00 3.301500686678e+00 1.000000000000e-02
5.765897221560e+00 4.313695179596e+00 1.000000000000e-02
2.232883232005e+00 6.108703857152e+00 1.000000000000e-02
4.795705237520e+00 4.237475942730e+00 1.000000000000e-02
3.181121988361e-01 4.246243273283e+00 -1.000000000000e-02
5.653824205221e-01 1.049582222974e+00 -1.000000000000e-02
5.648136908249e+00 3.997482921959e+00 -1.000000000000e-02
4.761098228927e-01 7.384285289462e+00 -1.000000000000e-02
5.706807177226e+00 1.814709850676e+00 -1.000000000000e-02
1.651693812895e-01 -1.547677268979e+00 -1.000000000000e-02
3.035790748328e+00 1.732053173505e+00 -1.000000000000e-02
4.213834920621e-02 5.367690318796e+00 -1.000000000000e-02
8.607485576189e-01 -6.874735468154e-01 -1.000000000000e-02
2.994650939574e+00 8.025226749967e+00 -1.000000000000e-02
5.961495578084e+00 1.991842058874e+00 -1.000000000000e-02
3.459725641329e+00 2.227942311304e+00 -1.000000000000e-02
5.062172893658e-01 1.687762211443e+00 -1.000000000000e-02
3.719348970081e-01 4.840590755808e+00 -1.000000000000e-02
3.819964838325e+00 1.712522561153e+00 -1.000000000000e-02
5.600295256944e+00 4.610572682922e+00 -1.000000000000e-02
2.420722136484e+00 1.590076901114e+00 -1.000000000000e-02
3.490194842349e+00 6.382363985366e+00 -1.000000000000e-02
2.797250761270e+00 3.493676586088e+00 -1.000000000000e-02
4.553526845566e+00 6.618458917927e+00 -1.000000000000e-02
4.992640408875e+00 3.929626413798e+00 -1.000000000000e-02
3.975521343767e-01 4.636977460622e+00 -1.000000000000e-02
5.593813181184e+00 3.986570976336e+00 -1.000000000000e-02
4.296477334956e+00 3.108092233938e+00 -1.000000000000e-02
7.127039058865e-01 4.857492573414e+00 -1.000000000000e-02
1.622416700278e+00 7.386801163053e+00 -1.000000000000e-02
6.130627090347e+00 3.967552123828e+00 -1.000000000000e-02
1.456443126152e+00 1.097379103444e+00 -1.000000000000e-02
1.117472092573e+00 1.184767641745e+00 -1.000000000000e-02
3.710749889042e+00 6.674082041961e+00 -1.000000000000e-02
1.207075240899e+00 8.499561336268e-01 -1.000000000000e-02
3.543143586431e+00 1.059030793960e+00 -1.000000000000e-02
5.036933653073e+00 2.289691639849e+00 -1.000000000000e-02
7.019340060059e-01 4.193914773585e+00 -1.000000000000e-02
6.023093949050e+00 7.092889306002e+00 -1.000000000000e-02
4.350302733972e+00 8.499137532939e-01 -1.000000000000e-02
4.930037510163e+00 3.381274131001e+00 -1.000000000000e-02
4.494618309219e+00 3.736334556848e+00 -1.000000000000e-02
3.050154318218e+00 1.941266642308e+00 -1.000000000000e-02
2.689594149152e-01 5.043018585666e+00 -1.000000000000e-02
1.222009884860e+00 4.717354063111e+00 -1.000000000000e-02
5.890284584395e+00 5.260200717786e+00 -1.000000000000e-02
4.474036128590e-01 -5.492667588210e-02 -1.000000000000e-02
2.993829101960e+00 4.995457895897e-01 -1.000000000000e-02
3.743203864436e+00 2.526098118450e-01 -1.000000000000e-02
5.863696053756e+00 2.980799366802e+00 -1.000000000000e-02
2.816080249732e+00 5.704055739416e+00 -1.000000000000e-02
2.209245650952e+00 5.932218815383e+00 -1.000000000000e-02
5.224644005866e+00 7.041365326287e+00 -1.000000000000e-02
3.326883261053e+00 4.810135988229e+00 -1.000000000000e-02
