2.659622811033e+00 4.688390429702e+00 1.000000000000e-02
9.478787948380e-01 5.826042232348e+00 1.000000000000e-02
4.785695732129e-02 2.725422409030e+00 1.000000000000e-02
4.859130346613e+00 1.427913859738e+00 1.000000000000e-02
3.247662401149e+00 1.707992562877e+00 1.000000000000e-02
2.165659440248e+00 -6.232362232177e-01 1.000000000000e-02
1.784333953929e+00 4.779256299074e-01 1.000000000000e-02
4.683297821221e+00 1.261685119862e+00 1.000000000000e-02
3.330941796228e+00 2.804913929255e+00 1.000000000000e-02
3.555406493145e+00 2.083223327355e+00 1.000000000000e-02
9.843906062380e-01 2.363926143384e+00 1.000000000000e-02
2.048574130855e+00 4.579945703133e+00 1.000000000000e-02
5.366182634319e+00 4.302109006228e+00 1.000000000000e-02
8.203296657195e-01 2.746702421743e+00 1.000000000000e-02
4.915716201355e+00 -8.735352893138e-01 1.000000000000e-02
1.623357978089e+00 5.078360772959e+00 1.000000000000e-02
3.479082296429e+00 2.081237683050e+00 1.000000000000e-02
5.871866186412e+00 7.760778956270e+00 1.000000000000e-02
6.186615634400e+00 7.930212629656e+00 1.000000000000e-02
5.824331691725e+00 1.307108838180e+00 1.000000000000e-02
2.966774604240e+00 8.355892060239e+00 1.000000000000e-02
2.218366032674e+00 -1.479604232588e+00 1.000000000000e-02
2.113619917395e-01 2.694784749835e+00 1.000000000000e-02
3.420454141246e+00 6.246234485539e+00 1.000000000000e-02
6.896351857427e-01 6.913034881904e+00 1.000000000000e-02
4.191605881593e+00 -2.086795837053e+00 1.000000000000e-02
3.360801635567e+00 -3.345572680825e-01 1.000000000000e-02
3.132322718521e+00 1.726472158123e+00 1.000000000000e-02
4.019887856306e+00 5.230477812136e+00 1.000000000000e-02
5.218657004354e+00 4.085144217753e+00 1.000000000000e-02
3.356900958588e+00 -1.663029292646e+00 1.000000000000e-02
5.633831763617e+00 6.363527925655e+00 1.000000000000e-02
1.039635367433e+00 4.339829848221e+00 1.000000000000e-02
4.092535620002e+00 4.931437024813e+00 1.000000000000e-02
1.038576854654e+00 4.223795307743e+00 1.000000000000e-02
1.128659859473e+00 7.025431201768e-01 1.000000000000e-02
4.067383054366e+00 1.292942956596e+00 1.000000000000e-02
1.009681137000e+00 6.646449565658e+00 1.000000000000e-02
1.909067062279e+00 7.246825968762e+00 1.000000000000e-02
4.091531000377e+00 -9.703868457260e-01 1.000000000000e-02
3.449551130044e+00 2.855437260551e+00 1.000000000000e-02
4.350345629607e+00 7.897994148778e+00 1.000000000000e-02
1.002499159577e+00 6.821438581295e+00 1.000000000000e-02
5.147382543994e+00 2.752250716506e+00 1.000000000000e-02
2.790514608538e+00 5.923544010341e+00 1.000000000000e-02
5.388324259747e+00 -2.697238074790e-01 1.000000000000e-02
4.797157583963e+00 1.931953783352e+00 1.000000000000e-02
1.459008226283e+00 1.847776339881e+00 1.000000000000e-02
3.395180848209e+00 6.538261508877e+00 1.000000000000e-02
6.167139603084e+00 1.996564850852e+00 1.000000000000e-02
5.015970135287e+00 5.645869910817e+00 -1.000000000000e-02
2.183917067092e-01 -1.284066258745e+00 -1.000000000000e-02
8.450680524789e-01 4.145920385991e+00 -1.000000000000e-02
5.188543195355e+00 6.967576356966e+00 -1.000000000000e-02
2.790996451678e+00 1.351947732225e+00 -1.000000000000e-02
3.834644466390e+00 -1.370084675792e+00 -1.000000000000e-02
5.503395730370e+00 4.791719929167e+00 -1.000000000000e-02
3.149366693632e+00 5.383406108233e+00 -1.000000000000e-02
2.124298315465e+00 -1.800490685545e-01 -1.000000000000e-02
2.360653353424e+00 6.617076563126e+00 -1.000000000000e-02
1.260617988311e+00 4.795224939797e+00 -1.000000000000e-02
2.563279922721e+00 1.767308240716e+00 -1.000000000000e-02
2.591217449353e-01 -3.123134494683e-01 -1.000000000000e-02
5.146052950051e+00 4.254778293008e+00 -1.000000000000e-02
3.723737696996e+00 4.282614860210e+00 -1.000000000000e-02
4.342229099726e+00 3.069517524173e+00 -1.000000000000e-02
2.941223103868e+00 3.815118788726e-01 -1.000000000000e-02
1.086585454284e+00 2.625357408904e+00 -1.000000000000e-02
1.077026945207e+00 1.525003483274e+00 -1.000000000000e-02
3.143042683591e+00 5.077751521782e+00 -1.000000000000e-02
3.836981249278e+00 1.194961279032e+00 -1.000000000000e-02
4.500155115459e+00 -1.900173377006e+00 -1.000000000000e-02
8.968208546780e-01 4.113481118900e+00 -1.000000000000e-02
5.650341084352e+00 3.470038710702e+00 -1.000000000000e-02
5.166668766529e+00 4.353449932053e+00 -1.000000000000e-02
3.930202068035e+00 3.655712608795e+00 -1.000000000000e-02
2.384313825294e-01 3.263267270063e+00 -1.000000000000e-02
3.195097794445e+00 1.579996204803e-01 -1.000000000000e-02
1.319526129168e+00 5.781095933752e+00 -1.000000000000e-02
1.583356958259e+00 8.322444663381e+00 -1.000000000000e-02
1.738411483773e+00 5.145485250180e+00 -1.000000000000e-02
5.508503608285e+00 -3.054521426560e-02 -1.000000000000e-02
4.954391688440e+00 -1.962547909367e+00 -1.000000000000e-02
2.662275866705e+00 1.476697283284e+00 -1.000000000000e-02
2.978300381754e-02 7.996625945469e+00 -1.000000000000e-02
1.862510657062e+00 6.305486306996e-01 -1.000000000000e-02
4.155266355354e+00 4.443411073357e+00 -1.000000000000e-02
4.114588815441e+00 7.549709394334e+00 -1.000000000000e-02
4.253452230054e+00 2.134849138866e+00 -1.000000000000e-02
3.877393316587e+00 3.173990307677e+00 -1.000000000000e-02
5.816746494958e+00 5.799280739638e+00 -1.000000000000e-02
3.589878304482e+00 7.583212303616e+00 -1.000000000000e-02
6.086230980678e+00 1.729677532701e+00 -1.000000000000e-02
1.347020935395e+00 3.047892609794e+00 -1.000000000000e-02
8.065688719206e-01 7.950610316244e-01 -1.000000000000e-02
1.268474360521e+00 3.375362251894e+00 -1.000000000000e-02
6.043261734638e+00 2.880198942033e+00 -1.000000000000e-02
4.320811821441e+00 1.504050544096e+00 -1.000000000000e-02
4.232531528075e+00 7.701434966386e+00 -1.000000000000e-02
4.326682300922e-01 5.511967365013e+00 -1.000000000000e-02
