3.997898804916e+00 5.325962400419e+00 1.000000000000e-02
3.319359884935e+00 5.617512965157e+00 1.000000000000e-02
4.767171115362e+00 2.392470685017e+00 1.000000000000e-02
4.592226863368e+00 1.574861616578e+00 1.000000000000e-02
2.389936274007e+00 3.060861427274e-02 1.000000000000e-02
3.196347253590e+00 -6.357440251279e-01 1.000000000000e-02
6.034051144596e+00 1.809829302938e+00 1.000000000000e-02
4.380560853600e+00 1.526241652535e+00 1.000000000000e-02
2.134321183576e+00 2.958650647120e+00 1.000000000000e-02
1.726236669466e+00 2.387627862250e-01 1.000000000000e-02
6.033245800171e+00 3.277266460712e+00 1.000000000000e-02
2.495870527347e+00 4.257855925589e+00 1.000000000000e-02
3.943169518106e+00 4.246139046934e+00 1.000000000000e-02
6.811297212792e-01 4.373473720917e+00 1.000000000000e-02
5.436692316020e+00 -6.191167325164e-01 1.000000000000e-02
2.168432395639e+00 4.946235511699e+00 1.000000000000e-02
2.644020493126e+00 1.983346142810e+00 1.000000000000e-02
1.813284773351e+00 7.347996256073e+00 1.000000000000e-02
3.276076955891e+00 8.670361918698e+00 1.000000000000e-02
5.226640230615e+00 2.389897994651e+00 1.000000000000e-02
6.095752114004e+00 7.876924880844e+00 1.000000000000e-02
2.731419797405e+00 -1.296874432189e+00 1.000000000000e-02
4.734649243385e+00 2.247997580465e+00 1.000000000000e-02
2.058344636333e+00 7.253764053744e+00 1.000000000000e-02
4.639755963253e+00 6.252316879200e+00 1.000000000000e-02
1.008701965510e+00 -1.400220285120e+00 1.000000000000e-02
4.991548305184e+00 -7.353872365237e-02 1.000000000000e-02
2.425763193526e+00 -8.105890795443e-02 1.000000000000e-02
6.041042699695e+00 5.144555631068e+00 1.000000000000e-02
2.593466116626e+00 1.945837115097e+00 1.000000000000e-02
2.198285629882e-01 -6.254441160763e-01 1.000000000000e-02
2.408492688104e+00 5.906561367963e+00 1.000000000000e-02
1.022501779303e+00 1.423685787945e+00 1.000000000000e-02
5.814038454439e+00 4.570324248142e+00 1.000000000000e-02
1.883778120714e+00 1.710381756045e+00 1.000000000000e-02
2.684487045072e-01 6.344583461111e-01 1.000000000000e-02
3.494832041268e+00 6.379572560310e-01 1.000000000000e-02
6.251970759165e+00 6.956986950460e+00 1.000000000000e-02
4.866379517614e+00 7.715345378819e+00 1.000000000000e-02
2.421931134675e+00 -1.443523212443e+00 1.000000000000e-02
2.187485886046e+00 3.082433279037e+00 1.000000000000e-02
3.669897598870e+00 6.685113606741e+00 1.000000000000e-02
4.824016979684e+00 6.149805676891e+00 1.000000000000e-02
3.431841020084e+00 2.805600177632e+00 1.000000000000e-02
5.897949392090e+00 5.827880110318e+00 1.000000000000e-02
2.675291846971e+00 6.351221168663e-02 1.000000000000e-02
4.561581075490e+00 1.277750746687e+00 1.000000000000e-02
1.199130326358e+00 1.100607096765e+00 1.000000000000e-02
1.729054272525e+00 6.658470505808e+00 1.000000000000e-02
3.881193838597e-01 2.550381723423e+00 1.000000000000e-02
1.865428830588e+00 6.350961725319e+00 -1.000000000000e-02
4.247909687502e+00 -1.012866074403e+00 -1.000000000000e-02
1.166586125560e+00 1.553167964206e+00 -1.000000000000e-02
3.587874993173e+00 7.098071422010e+00 -1.000000000000e-02
1.767807995407e+00 -8.744619962298e-02 -1.000000000000e-02
5.372081641588e+00 -1.518313897245e+00 -1.000000000000e-02
3.159357923730e-01 5.295995085801e+00 -1.000000000000e-02
5.642191912127e+00 4.918730698232e+00 -1.000000000000e-02
1.019632253713e-01 5.629817383194e-01 -1.000000000000e-02
4.154960701685e-01 6.687435193063e+00 -1.000000000000e-02
1.409879263470e+00 3.706694890789e+00 -1.000000000000e-02
1.893207392613e+00 -1.969352374579e-01 -1.000000000000e-02
3.079777167433e+00 -2.904710373181e-01 -1.000000000000e-02
4.328600690005e+00 4.508411440069e+00 -1.000000000000e-02
4.920386194576e+00 4.535325166456e+00 -1.000000000000e-02
2.779945955779e+00 3.895915168927e+00 -1.000000000000e-02
3.330545828843e-01 4.713685069749e-01 -1.000000000000e-02
6.992500683371e-01 3.910351395721e+00 -1.000000000000e-02
8.656581693257e-01 1.143014763796e+00 -1.000000000000e-02
5.322346803505e+00 4.629371793729e+00 -1.000000000000e-02
2.624963520856e+00 3.605913910406e-01 -1.000000000000e-02
3.521429922340e-01 -7.543299273697e-01 -1.000000000000e-02
1.213518613919e+00 1.512873726826e+00 -1.000000000000e-02
4.906125749561e+00 3.416245719665e+00 -1.000000000000e-02
4.390118542147e+00 4.432166790028e+00 -1.000000000000e-02
3.217934676751e+00 3.848340009720e+00 -1.000000000000e-02
4.419293714528e+00 3.290375233020e+00 -1.000000000000e-02
3.362648836315e-01 1.893745010717e-01 -1.000000000000e-02
3.962442275687e+00 5.843658346511e+00 -1.000000000000e-02
5.566001720463e+00 7.932738484176e+00 -1.000000000000e-02
2.573609933972e+00 5.253114938323e+00 -1.000000000000e-02
4.175532218402e+00 6.737502261545e-01 -1.000000000000e-02
4.361167913397e-01 -1.555351213598e+00 -1.000000000000e-02
1.772359838860e+00 1.749583806928e-01 -1.000000000000e-02
4.793618396331e+00 8.726358510301e+00 -1.000000000000e-02
5.681362425173e-01 2.332453421016e+00 -1.000000000000e-02
1.645611578622e+00 2.792436519348e-01 -1.000000000000e-02
4.516767479381e+00 6.912695668010e+00 -1.000000000000e-02
2.508527750313e+00 2.534558742536e+00 -1.000000000000e-02
3.734599158056e+00 4.244576369817e+00 -1.000000000000e-02
1.997438755616e+00 5.420164362360e+00 -1.000000000000e-02
5.286432878712e+00 6.901568761482e+00 -1.000000000000e-02
5.891430370449e+00 1.994146302144e+00 -1.000000000000e-02
1.014513354168e+00 4.085335872362e+00 -1.000000000000e-02
5.480917643057e+00 8.159107595899e-01 -1.000000000000e-02
3.764958468118e-01 3.283398818158e+00 -1.000000000000e-02
4.707260349316e+00 2.056591811060e+00 -1.000000000000e-02
4.592621476708e+00 1.125046045501e+00 -1.000000000000e-02
4.404963548578e+00 7.166291979104e+00 -1.000000000000e-02
1.769545005609e+00 4.629068880915e+00 -1.000000000000e-02
