4.735624144096e+00 3.592514350248e+00 1.000000000000e-02
5.896791623963e+00 7.486150079907e+00 1.000000000000e-02
3.910203524350e-02 6.176044229203e+00 1.000000000000e-02
3.328231568040e+00 4.372381491093e+00 1.000000000000e-02
3.797830121483e+00 4.298860705390e+00 1.000000000000e-02
4.199537137382e+00 8.539552052822e-02 1.000000000000e-02
5.034657934388e+00 7.579296029526e-01 1.000000000000e-02
2.463584841077e+00 2.212007734506e+00 1.000000000000e-02
3.170079871642e+00 8.964884794172e-01 1.000000000000e-02
5.683014473033e+00 1.739211319759e+00 1.000000000000e-02
5.475139004953e+00 9.120382539928e-01 1.000000000000e-02
8.032770043544e-01 2.407867997966e+00 1.000000000000e-02
3.182366032763e+00 5.654007489723e+00 1.000000000000e-02
2.895680019777e+00 3.571149918719e+00 1.000000000000e-02
1.626987839857e+00 1.643311575129e+00 1.000000000000e-02
4.977230049183e-01 -8.562517841668e-01 1.000000000000e-02
5.504386842043e+00 1.402155832746e+00 1.000000000000e-02
3.887495623320e+00 6.888722485838e+00 1.000000000000e-02
2.782189508415e+00 3.020465803907e+00 1.000000000000e-02
9.114100676733e-02 2.212947692934e+00 1.000000000000e-02
4.379915124489e+00 7.541854292608e+00 1.000000000000e-02
3.030696653022e+00 -4.114184996097e-01 1.000000000000e-02
3.967130626285e+00 5.202212441648e+00 1.000000000000e-02
3.714420766263e+00 5.825966815244e+00 1.000000000000e-02
3.472841866658e+00 3.769425355563e+00 1.000000000000e-02
1.042965291639e+00 -2.902709032222e-01 1.000000000000e-02
2.283876541451e+00 9.682478931025e-01 1.000000000000e-02
2.803355393067e+00 3.157454732105e+00 1.000000000000e-02
3.392063489130e+00 4.546208636238e+00 1.000000000000e-02
3.679538197384e+00 7.915496265077e+00 1.000000000000e-02
1.596173131018e+00 6.122899560353e+00 1.000000000000e-02
4.408114387406e+00 6.602353944658e+00 1.000000000000e-02
5.527065298679e+00 3.235685584590e+00 1.000000000000e-02
5.180360162953e-01 4.506073683067e+00 1.000000000000e-02
6.148835117404e+00 4.880735634155e+00 1.000000000000e-02
4.675595719346e+00 8.604195734228e-01 1.000000000000e-02
1.643773116843e-01 4.561738946302e+00 1.000000000000e-02
3.653020597945e+00 4.260882316336e+00 1.000000000000e-02
1.748114472381e+00 7.638549958000e+00 1.000000000000e-02
2.028096579427e+00 1.472972453551e+00 1.000000000000e-02
3.057090506586e+00 9.866206317993e-01 1.000000000000e-02
2.879550481620e+00 6.353587090332e+00 1.000000000000e-02
2.901214669653e+00 4.339414948067e+00 1.000000000000e-02
5.006510206984e+00 3.909866994430e+00 1.000000000000e-02
5.392623116483e+00 2.783423942142e+00 1.000000000000e-02
6.215469104082e+00 -1.497669836261e+00 1.000000000000e-02
2.906131516202e+00 3.170689664639e+00 1.000000000000e-02
5.925601231949e+00 4.320836963541e+00 1.000000000000e-02
2.654997108392e+00 5.949203434150e+00 1.000000000000e-02
4.947231413226e+00 4.542877293378e+00 1.000000000000e-02
3.706958656152e-01 4.341694747329e+00 -1.000000000000e-02
4.834280077616e-01 1.173951941278e+00 -1.000000000000e-02
5.641314805080e+00 4.125050386148e+00 -1.000000000000e-02
1.271842161091e+00 7.269038578371e+00 -1.000000000000e-02
5.466970487321e+00 1.794899536096e+00 -1.000000000000e-02
5.231410357753e+00 -1.566287473238e+00 -1.000000000000e-02
2.959563060478e+00 1.924441099450e+00 -1.000000000000e-02
3.664108059473e-01 5.392191951071e+00 -1.000000000000e-02
2.312504705407e-01 -8.623966349667e-01 -1.000000000000e-02
4.309552291009e+00 7.519530569516e+00 -1.000000000000e-02
5.719940586600e+00 1.889677612896e+00 -1.000000000000e-02
3.633418192815e+00 2.236398325936e+00 -1.000000000000e-02
6.059303473505e-01 1.719985119825e+00 -1.000000000000e-02
3.675205770714e-01 4.836138988232e+00 -1.000000000000e-02
3.735713749747e+00 1.646607463044e+00 -1.000000000000e-02
5.680391888642e+00 4.734458284811e+00 -1.000000000000e-02
2.398747036855e+00 1.748834441172e+00 -1.000000000000e-02
3.696152278040e+00 6.424796818483e+00 -1.000000000000e-02
2.640693331128e+00 3.113300753041e+00 -1.000000000000e-02
4.903381401458e+00 6.758791191618e+00 -1.000000000000e-02
5.078178972525e+00 4.237292359686e+00 -1.000000000000e-02
1.877610856106e-01 4.821792291707e+00 -1.000000000000e-02
5.679354270223e+00 4.084549363987e+00 -1.000000000000e-02
4.413521808328e+00 3.215368289592e+00 -1.000000000000e-02
6.537077951112e-01 4.670552335024e+00 -1.000000000000e-02
3.678965208849e+00 7.890364066000e+00 -1.000000000000e-02
6.094105951877e+00 3.967003053442e+00 -1.000000000000e-02
1.364058203003e+00 8.458180651954e-01 -1.000000000000e-02
1.221688161842e+00 1.111876382650e+00 -1.000000000000e-02
4.003398278601e+00 6.930793878384e+00 -1.000000000000e-02
9.623372730429e-01 8.581040420916e-01 -1.000000000000e-02
3.202898681536e+00 1.201601463776e+00 -1.000000000000e-02
5.027742200036e+00 2.279943418277e+00 -1.000000000000e-02
5.925201794343e-01 4.053952036411e+00 -1.000000000000e-02
3.437340711102e-01 7.087836010921e+00 -1.000000000000e-02
4.162178734504e+00 7.085976622713e-01 -1.000000000000e-02
5.082729799414e+00 3.822098646091e+00 -1.000000000000e-02
4.544544319500e+00 3.935294663271e+00 -1.000000000000e-02
3.198868201654e+00 1.992458383193e+00 -1.000000000000e-02
5.336417669898e-01 4.992285653125e+00 -1.000000000000e-02
1.240408348713e+00 4.459024544880e+00 -1.000000000000e-02
6.079628035582e+00 5.422458706562e+00 -1.000000000000e-02
1.341197611190e-01 -3.164471012669e-02 -1.000000000000e-02
2.867766432724e+00 4.944625454052e-01 -1.000000000000e-02
3.476008283148e+00 2.269184551204e-01 -1.000000000000e-02
5.751656081088e+00 3.183473175584e+00 -1.000000000000e-02
3.048329190486e+00 5.493497327859e+00 -1.000000000000e-02
2.598365094975e+00 5.781466820794e+00 -1.000000000000e-02
5.892718947875e+00 7.117733025318e+00 -1.000000000000e-02
3.091549414323e+00 4.640738422313e+00 -1.000000000000e-02
