2.099834049563e+00 6.485903439076e+00 1.000000000000e-02
5.488746306361e+00 6.137545211945e+00 1.000000000000e-02
4.533004010187e+00 4.449853774096e+00 1.000000000000e-02
4.253578380848e+00 3.531761084761e+00 1.000000000000e-02
4.209862159379e+00 3.425385957087e+00 1.000000000000e-02
3.176509974212e+00 1.707549482447e-01 1.000000000000e-02
4.011163280021e+00 1.452141307820e+00 1.000000000000e-02
6.467237035256e-01 6.272957352969e+00 1.000000000000e-02
8.706215971441e-01 1.120635590254e+00 1.000000000000e-02
4.046273883150e+00 1.995016346690e+00 1.000000000000e-02
1.648738178982e+00 6.308604724647e-01 1.000000000000e-02
6.214953411865e+00 2.849052785048e+00 1.000000000000e-02
1.243694153173e-01 6.416933852488e+00 1.000000000000e-02
4.799880357299e+00 4.574270569275e+00 1.000000000000e-02
4.654531732297e+00 2.171806081501e-01 1.000000000000e-02
4.590041304284e+00 5.786923514222e-01 1.000000000000e-02
5.308765876857e+00 -2.459585801770e-01 1.000000000000e-02
5.851724832417e+00 8.472713931864e+00 1.000000000000e-02
5.159220411266e+00 4.969850529468e+00 1.000000000000e-02
2.637854485952e-01 1.815152390921e+00 1.000000000000e-02
2.837967366674e+00 7.251169937090e+00 1.000000000000e-02
1.723504449521e+00 5.662743304479e-02 1.000000000000e-02
2.660807734674e+00 6.262189262585e+00 1.000000000000e-02
6.034020673329e+00 6.633686209186e+00 1.000000000000e-02
5.438737284782e-01 7.183664208340e+00 1.000000000000e-02
5.789577754233e-01 -1.792121540618e-01 1.000000000000e-02
1.053568057197e+00 -1.162093232105e+00 1.000000000000e-02
4.235238650112e+00 3.757149542896e+00 1.000000000000e-02
1.248647026614e-01 2.305270534157e+00 1.000000000000e-02
5.893596832178e+00 2.948191291674e+00 1.000000000000e-02
3.519207236832e+00 2.699611277061e+00 1.000000000000e-02
5.211908570478e+00 7.743974063397e+00 1.000000000000e-02
1.619268061178e+00 3.736176700850e+00 1.000000000000e-02
6.063938203340e-01 2.977831972684e+00 1.000000000000e-02
4.645318151852e-02 5.376078030229e+00 1.000000000000e-02
4.722651417154e+00 -8.262568781546e-01 1.000000000000e-02
2.699175758070e+00 3.291770604692e+00 1.000000000000e-02
5.261052366336e+00 5.102360741651e+00 1.000000000000e-02
5.343621521994e+00 7.114293367057e+00 1.000000000000e-02
2.153381335358e+00 -4.826780928748e-02 1.000000000000e-02
7.922728668547e-01 1.236707051493e+00 1.000000000000e-02
5.488654191246e+00 4.750242393900e+00 1.000000000000e-02
5.419167329864e+00 5.492706094956e+00 1.000000000000e-02
3.641819436863e+00 3.979294674167e+00 1.000000000000e-02
1.265320837692e+00 6.409820676370e+00 1.000000000000e-02
4.730875266525e+00 -1.778423749211e+00 1.000000000000e-02
4.377983619282e+00 3.746046250674e+00 1.000000000000e-02
2.863034686346e+00 2.714456221983e+00 1.000000000000e-02
6.033413492546e+00 6.368396027337e+00 1.000000000000e-02
2.004467680630e+00 3.616526796998e+00 1.000000000000e-02
1.468824668550e+00 5.832749053457e+00 -1.000000000000e-02
1.035261151123e+00 -1.081706744442e+00 -1.000000000000e-02
1.468293114788e+00 3.799035072975e+00 -1.000000000000e-02
4.751276029301e+00 6.885974296421e+00 -1.000000000000e-02
5.462316496899e+00 -2.057595728390e-01 -1.000000000000e-02
1.943118814899e+00 -1.812014943227e+00 -1.000000000000e-02
5.807903768315e+00 5.733622026678e+00 -1.000000000000e-02
1.382429680012e+00 6.053057634330e+00 -1.000000000000e-02
4.676502537453e+00 6.064167855352e-01 -1.000000000000e-02
2.551798122400e+00 7.222152532593e+00 -1.000000000000e-02
5.462558271758e+00 3.415182208229e+00 -1.000000000000e-02
1.330609830299e+00 8.008789286052e-01 -1.000000000000e-02
4.935072887935e+00 1.235636185666e+00 -1.000000000000e-02
8.521719016694e-01 3.137037498601e+00 -1.000000000000e-02
5.009398433531e+00 8.936990538527e-01 -1.000000000000e-02
1.756084357216e+00 3.232988083180e+00 -1.000000000000e-02
6.674337955408e-01 9.126372239972e-01 -1.000000000000e-02
4.014087313695e+00 5.615228561678e+00 -1.000000000000e-02
3.561762807649e+00 3.158523524475e+00 -1.000000000000e-02
2.835490393176e+00 7.742377909510e+00 -1.000000000000e-02
2.515351051511e+00 2.438206195026e+00 -1.000000000000e-02
2.119476589930e+00 3.351516986726e+00 -1.000000000000e-02
1.510458141928e+00 3.766848429065e+00 -1.000000000000e-02
1.926020743391e+00 6.403522992895e+00 -1.000000000000e-02
8.333670123740e-01 3.230433201222e+00 -1.000000000000e-02
2.098228433607e+00 1.296239995742e+00 -1.000000000000e-02
2.104796747116e+00 5.562753408933e+00 -1.000000000000e-02
2.278498705558e+00 1.598497042443e-01 -1.000000000000e-02
5.957985384274e+00 2.929556820792e+00 -1.000000000000e-02
1.757824651906e+00 8.616446470651e+00 -1.000000000000e-02
4.543636092554e+00 1.382407544998e+00 -1.000000000000e-02
5.325435282289e+00 4.288261906841e-01 -1.000000000000e-02
7.129617725242e-02 1.875848968913e+00 -1.000000000000e-02
8.503286640599e-01 5.114238038388e+00 -1.000000000000e-02
3.200903054486e+00 7.187992228446e+00 -1.000000000000e-02
4.661424683793e+00 -4.641785999363e-01 -1.000000000000e-02
3.742001448762e+00 3.841088103013e+00 -1.000000000000e-02
2.288923166959e+00 6.690239479793e+00 -1.000000000000e-02
6.204530813189e-01 5.998973606278e+00 -1.000000000000e-02
6.564026516793e-01 5.282945486859e+00 -1.000000000000e-02
1.323934728040e+00 5.060254189399e+00 -1.000000000000e-02
5.119654013728e+00 4.626152355559e+00 -1.000000000000e-02
3.231693888354e+00 9.099590193675e-01 -1.000000000000e-02
1.375746537585e+00 1.769659610377e+00 -1.000000000000e-02
4.085605971852e+00 9.149133716658e-02 -1.000000000000e-02
1.594359531264e+00 4.590367061207e+00 -1.000000000000e-02
5.482181672378e+00 2.541557350802e+00 -1.000000000000e-02
4.267249260293e+00 4.133381851569e+00 -1.000000000000e-02
4.455454678674e+00 6.585236309547e+00 -1.000000000000e-02
5.883947328276e+00 5.518237298236e+00 -1.000000000000e-02
