3.521006571184e+00 5.167866976994e+00 1.000000000000e-02
4.729535507181e+00 4.430220287229e+00 1.000000000000e-02
3.885889448187e+00 1.064526893843e+00 1.000000000000e-02
5.627578719798e-01 1.001601793835e+00 1.000000000000e-02
2.944276190309e+00 5.018481816922e+00 1.000000000000e-02
2.972281533667e+00 5.693973427453e+00 1.000000000000e-02
5.140446855559e+00 5.786849747164e+00 1.000000000000e-02
2.303895942299e+00 1.447404752022e+00 1.000000000000e-02
3.707863850924e+00 2.532200496378e+00 1.000000000000e-02
4.666475880388e+00 2.017492026919e+00 1.000000000000e-02
5.265719844334e+00 5.163389196815e+00 1.000000000000e-02
5.612828045001e+00 1.269697791924e+00 1.000000000000e-02
5.430365892994e+00 5.992543399807e+00 1.000000000000e-02
1.820835268000e-01 9.305319726888e-01 1.000000000000e-02
1.272751465683e+00 1.758391426474e+00 1.000000000000e-02
7.028187184146e-01 4.039373794202e+00 1.000000000000e-02
3.459232166722e+00 4.883349646853e+00 1.000000000000e-02
2.967632570006e+00 4.928320226731e-01 1.000000000000e-02
6.228779969944e+00 5.947095532209e+00 1.000000000000e-02
6.546832859253e-01 1.673521390921e+00 1.000000000000e-02
3.793889104384e+00 3.261037099429e+00 1.000000000000e-02
1.388975773536e+00 1.245955090526e+00 1.000000000000e-02
7.019333051077e-01 3.836785567665e+00 1.000000000000e-02
1.296356448307e+00 9.653861611996e-01 1.000000000000e-02
5.440234648468e-01 4.797235866254e+00 1.000000000000e-02
5.583962903080e+00 1.600149985792e+00 1.000000000000e-02
4.423275429444e+00 8.024856614120e-01 1.000000000000e-02
2.492013793743e+00 5.571853221195e+00 1.000000000000e-02
2.240409658842e+00 2.718541279805e+00 1.000000000000e-02
9.277376776292e-01 1.342424145353e+00 1.000000000000e-02
1.202893493161e+00 4.964973477215e+00 1.000000000000e-02
2.104798235375e+00 6.073885947240e+00 1.000000000000e-02
6.103465699548e+00 4.465698056177e+00 1.000000000000e-02
4.518948893548e-01 4.232708426304e-01 1.000000000000e-02
2.813796742245e+00 3.129342782829e-01 1.000000000000e-02
5.189026322717e+00 6.049596457704e+00 1.000000000000e-02
2.518615430842e+00 1.614029528339e+00 1.000000000000e-02
1.265591327270e+00 4.854262963466e+00 1.000000000000e-02
3.927498095922e+00 3.393325871906e+00 1.000000000000e-02
5.298310983902e+00 5.624735290897e+00 1.000000000000e-02
3.199987962142e+00 3.774489104546e+00 1.000000000000e-02
3.266452994139e-01 3.342384899526e+00 1.000000000000e-02
2.845295263683e+00 5.696383859818e+00 1.000000000000e-02
3.384510555807e+00 2.729101495856e+00 1.000000000000e-02
5.326764943410e+00 1.696058690218e-01 1.000000000000e-02
5.492268393323e-01 6.742160832641e-01 1.000000000000e-02
4.441650212908e+00 1.569075367885e+00 1.000000000000e-02
4.986425817439e+00 4.575785874098e+00 1.000000000000e-02
3.041319802256e-01 2.777357059751e+00 1.000000000000e-02
2.867878068868e+00 4.617024700666e+00 1.000000000000e-02
5.936026494696e+00 1.232831855701e+00 -1.000000000000e-02
6.086075630412e+00 2.354100142087e+00 -1.000000000000e-02
3.512257391222e+00 6.168096449543e+00 -1.000000000000e-02
3.084639012607e+00 2.159537348066e+00 -1.000000000000e-02
5.395322276895e+00 2.279690543700e+00 -1.000000000000e-02
1.351153196927e+00 5.190365084608e+00 -1.000000000000e-02
5.515574642155e+00 2.723569777314e+00 -1.000000000000e-02
5.102775659974e+00 3.662415225536e+00 -1.000000000000e-02
5.218325775197e+00 1.541890032996e+00 -1.000000000000e-02
2.860302021349e+00 5.461919656886e-01 -1.000000000000e-02
1.152567930462e+00 3.933435700709e+00 -1.000000000000e-02
4.319141336835e+00 2.623416342244e+00 -1.000000000000e-02
9.141888027448e-02 2.010734628618e+00 -1.000000000000e-02
5.155993574363e+00 5.647832261588e+00 -1.000000000000e-02
5.231181973350e+00 6.191003714005e+00 -1.000000000000e-02
2.387705108886e+00 5.243940497628e+00 -1.000000000000e-02
3.392781003340e+00 1.654648139601e+00 -1.000000000000e-02
3.819595957771e+00 5.368755320457e+00 -1.000000000000e-02
4.037196339156e+00 5.274428811520e+00 -1.000000000000e-02
2.039192776927e+00 5.358467018719e+00 -1.000000000000e-02
5.902585693122e+00 2.708490847455e+00 -1.000000000000e-02
1.451478938329e+00 2.420886983641e+00 -1.000000000000e-02
1.916870337089e+00 5.838453965039e+00 -1.000000000000e-02
2.899664244427e+00 8.568799948694e-01 -1.000000000000e-02
4.639259954482e+00 2.809345087568e+00 -1.000000000000e-02
2.802484414718e+00 5.168636986977e+00 -1.000000000000e-02
4.426690992424e+00 1.522203924880e+00 -1.000000000000e-02
3.497896381035e+00 1.220811269082e+00 -1.000000000000e-02
6.189230045868e-01 2.845094815647e+00 -1.000000000000e-02
3.487548566280e+00 4.818803031415e+00 -1.000000000000e-02
1.068312469757e+00 6.165539935074e+00 -1.000000000000e-02
1.799080187458e+00 4.077710781201e-01 -1.000000000000e-02
3.292134469668e+00 6.247908462687e+00 -1.000000000000e-02
2.945284223121e+00 1.960553786297e+00 -1.000000000000e-02
2.656553775818e+00 7.953230948387e-01 -1.000000000000e-02
4.764877375264e+00 6.061744517868e+00 -1.000000000000e-02
3.001492889106e+00 1.841029671620e+00 -1.000000000000e-02
1.054324996513e+00 1.388666901869e+00 -1.000000000000e-02
5.949775484629e+00 5.334529467527e+00 -1.000000000000e-02
5.548379030709e+00 3.570712870505e+00 -1.000000000000e-02
4.711457531662e+00 5.712012552682e+00 -1.000000000000e-02
4.797388877415e+00 5.788103833400e+00 -1.000000000000e-02
1.757126553933e+00 1.394504440275e+00 -1.000000000000e-02
2.850328993013e+00 2.347827061715e+00 -1.000000000000e-02
3.825757556898e+00 5.566671877125e+00 -1.000000000000e-02
2.692255940234e+00 4.089392358475e+00 -1.000000000000e-02
5.904566725794e+00 2.684431728868e+00 -1.000000000000e-02
4.152114009084e-01 3.272448376415e+00 -1.000000000000e-02
1.122805310924e+00 5.489585164751e+00 -1.000000000000e-02
5.996169553547e+00 4.219625980146e+00 -1.000000000000e-02
