3.339720867854e+00 5.141405709152e+00 1.000000000000e-02
2.645575600901e+00 5.666711037372e+00 1.000000000000e-02
5.287788673622e+00 2.394927973370e+00 1.000000000000e-02
4.630655334581e+00 1.442689482090e+00 1.000000000000e-02
3.136772563350e+00 5.741961377430e-01 1.000000000000e-02
5.382757636000e+00 -5.710256676001e-01 1.000000000000e-02
2.683609063189e-01 1.664982462072e+00 1.000000000000e-02
4.622336847334e+00 1.217920454594e+00 1.000000000000e-02
2.547831792056e+00 3.117304068690e+00 1.000000000000e-02
2.973463059583e+00 2.113441300546e+00 1.000000000000e-02
1.014537102713e-01 3.003601057840e+00 1.000000000000e-02
2.389548344870e+00 4.252201032674e+00 1.000000000000e-02
4.542752069195e+00 3.824054998683e+00 1.000000000000e-02
2.779266479426e-01 3.850072740732e+00 1.000000000000e-02
1.291905770819e+00 -8.299991998150e-01 1.000000000000e-02
1.910631459714e+00 5.140072578223e+00 1.000000000000e-02
3.046900631412e+00 2.087561643586e+00 1.000000000000e-02
5.033980498392e+00 7.523694034557e+00 1.000000000000e-02
5.825961439512e+00 8.558708960637e+00 1.000000000000e-02
5.451114456439e+00 1.880115499833e+00 1.000000000000e-02
6.269540251636e-01 8.009171888306e+00 1.000000000000e-02
6.308456006511e-01 -1.644292387593e+00 1.000000000000e-02
5.225306785024e+00 2.560499961806e+00 1.000000000000e-02
5.984965928934e+00 6.948016128310e+00 1.000000000000e-02
3.584550621556e+00 6.341630348768e+00 1.000000000000e-02
3.683135354932e+00 -8.882210936503e-01 1.000000000000e-02
1.382683207453e-01 -3.564985668952e-01 1.000000000000e-02
3.238196171473e+00 6.354836491534e-01 1.000000000000e-02
5.481287642382e+00 5.079324703660e+00 1.000000000000e-02
3.551360498288e+00 2.881855291015e+00 1.000000000000e-02
2.627157004031e+00 -1.230254084312e+00 1.000000000000e-02
1.264568702452e+00 6.035462938525e+00 1.000000000000e-02
1.928342512968e+00 2.097844060894e+00 1.000000000000e-02
5.248481272495e+00 5.194796643900e+00 1.000000000000e-02
1.862813675084e+00 2.438061086865e+00 1.000000000000e-02
6.266142225844e+00 4.500663514480e-01 1.000000000000e-02
3.921803776762e+00 4.985184901521e-01 1.000000000000e-02
4.209719457795e+00 7.000930007413e+00 1.000000000000e-02
6.683494910967e-01 7.650807896293e+00 1.000000000000e-02
5.787846726012e+00 -1.172103004244e+00 1.000000000000e-02
2.605231418295e+00 2.993425723090e+00 1.000000000000e-02
2.647022239247e+00 6.687801076918e+00 1.000000000000e-02
3.782509525241e+00 6.398596903511e+00 1.000000000000e-02
4.086599260958e+00 2.750548014006e+00 1.000000000000e-02
4.890723616478e+00 5.889943313861e+00 1.000000000000e-02
3.661030828562e+00 2.627232607769e-02 1.000000000000e-02
4.063259992684e+00 1.437747025541e+00 1.000000000000e-02
1.427061135948e+00 1.595189918168e+00 1.000000000000e-02
5.902900499035e+00 6.554253130840e+00 1.000000000000e-02
2.540576983211e-01 2.087919881170e+00 1.000000000000e-02
2.877819108509e-01 6.151233577083e+00 -1.000000000000e-02
9.633956770496e-01 -1.251064179763e+00 -1.000000000000e-02
1.725706075255e+00 2.163314401984e+00 -1.000000000000e-02
1.531982572311e+00 6.906752667796e+00 -1.000000000000e-02
2.460469728154e+00 6.646626151701e-01 -1.000000000000e-02
3.817389832153e+00 -1.555629015724e+00 -1.000000000000e-02
6.051310598810e+00 5.009955972418e+00 -1.000000000000e-02
4.563808734360e+00 5.344903809443e+00 -1.000000000000e-02
1.153063439387e-01 2.225175640363e-01 -1.000000000000e-02
5.002587424356e+00 6.664696117834e+00 -1.000000000000e-02
1.547196737904e+00 4.118575251770e+00 -1.000000000000e-02
2.302313890280e+00 6.434579375945e-01 -1.000000000000e-02
4.485311123829e+00 -2.344907251658e-01 -1.000000000000e-02
4.586128390709e+00 4.029605396771e+00 -1.000000000000e-02
4.487142188106e+00 4.630164637989e+00 -1.000000000000e-02
3.167460535801e+00 3.414047089100e+00 -1.000000000000e-02
1.067974133877e+00 6.904026648996e-02 -1.000000000000e-02
7.866344511726e-01 3.756339853014e+00 -1.000000000000e-02
1.016175958484e+00 1.436746301846e+00 -1.000000000000e-02
4.829422818197e+00 5.256925794311e+00 -1.000000000000e-02
3.616251576901e+00 2.134783468156e-01 -1.000000000000e-02
2.911412913748e+00 -1.290399352068e+00 -1.000000000000e-02
1.675274693367e+00 2.196922802767e+00 -1.000000000000e-02
5.250019482157e+00 3.646316095156e+00 -1.000000000000e-02
4.568018704748e+00 4.122925086816e+00 -1.000000000000e-02
3.568031979115e+00 3.760480310490e+00 -1.000000000000e-02
5.329639442301e+00 3.163888679978e+00 -1.000000000000e-02
1.257939821495e+00 3.302023714726e-01 -1.000000000000e-02
3.214846056294e+00 5.861615993576e+00 -1.000000000000e-02
5.191557349937e-02 8.080379631962e+00 -1.000000000000e-02
2.139243790204e+00 5.328502359278e+00 -1.000000000000e-02
4.561776537511e+00 5.069634313460e-01 -1.000000000000e-02
3.725362088441e+00 -1.070179354845e+00 -1.000000000000e-02
2.669887724571e+00 4.654424343643e-01 -1.000000000000e-02
4.980010726172e-01 8.603538366924e+00 -1.000000000000e-02
4.560405778722e-01 1.818466548061e+00 -1.000000000000e-02
3.509216051323e+00 2.902453479356e+00 -1.000000000000e-02
2.565546105669e+00 7.170170722222e+00 -1.000000000000e-02
3.157636608940e+00 2.493139752638e+00 -1.000000000000e-02
3.497918316550e+00 4.160786570454e+00 -1.000000000000e-02
1.131085257872e+00 5.583539936180e+00 -1.000000000000e-02
3.293953680304e+00 7.232572112690e+00 -1.000000000000e-02
6.227775000507e-02 1.912541129231e+00 -1.000000000000e-02
5.601263503441e-01 3.597803626572e+00 -1.000000000000e-02
6.010340329478e+00 5.067885193678e-01 -1.000000000000e-02
8.079499045084e-01 3.031188833576e+00 -1.000000000000e-02
4.880677151389e+00 2.339087603888e+00 -1.000000000000e-02
4.048009842058e+00 1.011764621532e+00 -1.000000000000e-02
2.371363072621e+00 6.972041485777e+00 -1.000000000000e-02
1.397588188700e+00 4.928331938132e+00 -1.000000000000e-02
