4.294148870792e+00 5.404564378595e+00 1.000000000000e-02
3.627913924324e+00 5.642093307806e+00 1.000000000000e-02
4.574950672157e+00 2.298167691052e+00 1.000000000000e-02
4.369198482471e+00 1.649011359193e+00 1.000000000000e-02
1.940828295396e+00 -2.148532794756e-01 1.000000000000e-02
2.462889671509e+00 -5.355793008668e-01 1.000000000000e-02
5.874261091790e+00 1.809481240226e+00 1.000000000000e-02
4.553098337865e+00 1.537211543009e+00 1.000000000000e-02
1.952584969630e+00 2.929515071406e+00 1.000000000000e-02
1.921406573100e+00 1.767039522753e-01 1.000000000000e-02
5.916171616600e+00 3.352518577438e+00 1.000000000000e-02
2.620614806456e+00 4.340793757059e+00 1.000000000000e-02
3.986615759719e+00 4.168040786792e+00 1.000000000000e-02
9.322702084247e-01 4.454227397564e+00 1.000000000000e-02
4.861303712587e+00 -5.518861950649e-01 1.000000000000e-02
2.254930928356e+00 4.875706913461e+00 1.000000000000e-02
2.497389942582e+00 1.928312492046e+00 1.000000000000e-02
2.824557478209e+00 7.196446153563e+00 1.000000000000e-02
9.766139252506e-01 8.690854053803e+00 1.000000000000e-02
5.011364897047e+00 2.588764051801e+00 1.000000000000e-02
1.462768711682e+00 7.769817366741e+00 1.000000000000e-02
1.387108317120e+00 -1.265539925584e+00 1.000000000000e-02
4.865000124789e+00 2.382125067466e+00 1.000000000000e-02
3.070352607364e+00 7.431433492797e+00 1.000000000000e-02
5.052289680171e+00 6.097883107586e+00 1.000000000000e-02
5.703794148547e+00 -1.498306958670e+00 1.000000000000e-02
4.568914337193e+00 -4.170759872156e-02 1.000000000000e-02
1.979657360811e+00 -3.337467664133e-01 1.000000000000e-02
8.054640793477e-04 5.143010642135e+00 1.000000000000e-02
2.440912722358e+00 1.900436795190e+00 1.000000000000e-02
5.995457272415e+00 -4.331313306259e-01 1.000000000000e-02
2.821665465755e+00 5.812755761588e+00 1.000000000000e-02
1.032720211104e+00 1.721486186989e+00 1.000000000000e-02
5.794066537095e+00 4.368008005218e+00 1.000000000000e-02
1.837480053553e+00 1.466785397676e+00 1.000000000000e-02
4.031998154835e-01 4.471655078975e-01 1.000000000000e-02
3.357622961219e+00 6.858892338774e-01 1.000000000000e-02
7.955370878226e-01 6.984567785349e+00 1.000000000000e-02
1.677028587827e-01 7.688486856046e+00 1.000000000000e-02
8.024834157851e-01 -1.560444628468e+00 1.000000000000e-02
2.077406816020e+00 2.979902042553e+00 1.000000000000e-02
4.163650498806e+00 6.797084788759e+00 1.000000000000e-02
5.045376626176e+00 6.308674309063e+00 1.000000000000e-02
3.195121878532e+00 2.845726141794e+00 1.000000000000e-02
6.190780784402e+00 5.852312000979e+00 1.000000000000e-02
1.918162050194e+00 -5.986134368921e-02 1.000000000000e-02
4.893080729316e+00 1.599140429847e+00 1.000000000000e-02
1.027879708624e+00 8.578529036218e-01 1.000000000000e-02
2.553709712128e+00 6.599895694537e+00 1.000000000000e-02
3.862717829737e-01 2.677869163162e+00 1.000000000000e-02
2.527299758526e+00 6.290315928226e+00 -1.000000000000e-02
3.358558558301e+00 -9.368072207066e-01 -1.000000000000e-02
1.160467196018e+00 1.597150485655e+00 -1.000000000000e-02
4.394268904578e+00 7.236194648396e+00 -1.000000000000e-02
1.209450591229e+00 -4.269847308066e-01 -1.000000000000e-02
3.762816921186e+00 -1.513167456327e+00 -1.000000000000e-02
5.301537864013e-01 5.386719605715e+00 -1.000000000000e-02
5.791290608959e+00 4.696124207515e+00 -1.000000000000e-02
6.356387969685e-02 5.472504099029e-01 -1.000000000000e-02
1.103986320080e+00 6.728595510920e+00 -1.000000000000e-02
1.239996678910e+00 3.559944985784e+00 -1.000000000000e-02
1.177175760943e+00 -2.697073214396e-01 -1.000000000000e-02
2.518008320491e+00 -1.904732807435e-01 -1.000000000000e-02
4.494102227274e+00 4.564696857288e+00 -1.000000000000e-02
5.021887951354e+00 4.490999175747e+00 -1.000000000000e-02
2.840468472761e+00 4.092322975747e+00 -1.000000000000e-02
3.570162228074e-01 2.975690818958e-01 -1.000000000000e-02
8.099808809744e-01 4.049290537889e+00 -1.000000000000e-02
7.354715655575e-01 9.586418554309e-01 -1.000000000000e-02
5.372995612868e+00 4.398957920397e+00 -1.000000000000e-02
2.117556220440e+00 3.198413135576e-01 -1.000000000000e-02
6.040731227645e+00 -5.950875530458e-01 -1.000000000000e-02
1.122829574260e+00 1.547484440501e+00 -1.000000000000e-02
4.662625566247e+00 3.328723675710e+00 -1.000000000000e-02
4.512692891738e+00 4.659432641790e+00 -1.000000000000e-02
3.095109962736e+00 3.857365143910e+00 -1.000000000000e-02
4.169500506697e+00 3.384656703810e+00 -1.000000000000e-02
6.141228840154e+00 2.866584626550e-01 -1.000000000000e-02
4.247260298631e+00 5.881709513541e+00 -1.000000000000e-02
1.062990335511e+00 7.856061318734e+00 -1.000000000000e-02
2.807845303389e+00 5.204033464124e+00 -1.000000000000e-02
4.064549617547e+00 7.607956306690e-01 -1.000000000000e-02
4.945348162256e+00 -1.633799457152e+00 -1.000000000000e-02
1.873675580846e+00 -4.230419653763e-02 -1.000000000000e-02
2.640252139693e+00 8.728956352579e+00 -1.000000000000e-02
5.963545660643e-01 2.423099190296e+00 -1.000000000000e-02
1.461626301303e+00 1.707209551480e-03 -1.000000000000e-02
5.039137350738e+00 6.998484426919e+00 -1.000000000000e-02
2.338808668806e+00 2.508858332605e+00 -1.000000000000e-02
3.807759811299e+00 4.103270901722e+00 -1.000000000000e-02
2.230285404630e+00 5.378491311799e+00 -1.000000000000e-02
5.925286935933e+00 6.825529136273e+00 -1.000000000000e-02
5.723136193894e+00 2.018825952330e+00 -1.000000000000e-02
1.180001059094e+00 4.050833032433e+00 -1.000000000000e-02
5.370705119784e+00 9.630796393659e-01 -1.000000000000e-02
2.470918342577e-01 3.405935088986e+00 -1.000000000000e-02
4.860485598345e+00 2.190535561683e+00 -1.000000000000e-02
4.926236314682e+00 1.378165635765e+00 -1.000000000000e-02
5.398257347505e+00 7.116806386336e+00 -1.000000000000e-02
1.893633462367e+00 4.516956132717e+00 -1.000000000000e-02
