1.779757179717e+00 3.046801522667e+00 1.000000000000e-02
9.913577784944e-01 4.237923429533e-01 1.000000000000e-02
2.619343097739e+00 -2.952029284453e-02 1.000000000000e-02
5.728704867127e+00 8.924619804136e-01 1.000000000000e-02
2.091850689005e+00 4.684696156777e+00 1.000000000000e-02
2.400080472258e+00 5.110795776664e+00 1.000000000000e-02
4.816165071076e+00 5.049527736657e+00 1.000000000000e-02
3.762885721606e+00 1.398041300040e+00 1.000000000000e-02
4.018144423054e+00 2.979816351132e+00 1.000000000000e-02
3.511709469210e+00 4.108677819878e-01 1.000000000000e-02
4.508500947122e-01 3.962672854904e+00 1.000000000000e-02
6.205968943274e+00 4.072360493274e+00 1.000000000000e-02
6.194181005496e+00 5.900920458763e+00 1.000000000000e-02
4.821901237819e+00 3.518322068457e-01 1.000000000000e-02
7.910370920333e-01 1.570296743449e+00 1.000000000000e-02
1.551749713763e+00 1.775089861179e-01 1.000000000000e-02
5.862916629740e+00 2.531634428701e+00 1.000000000000e-02
1.411922016352e+00 5.011169909077e+00 1.000000000000e-02
3.624299413973e+00 1.003071643614e+00 1.000000000000e-02
7.593678817404e-02 -4.067281833509e+00 1.000000000000e-02
3.386148822938e-02 5.277096667615e+00 1.000000000000e-02
7.248881932618e-01 2.460655040019e+00 1.000000000000e-02
5.642677637715e+00 7.140262767176e+00 1.000000000000e-02
6.836101572930e-01 4.949215214680e+00 1.000000000000e-02
2.172301817498e+00 3.089834909435e+00 1.000000000000e-02
8.233648244836e-01 1.371436754177e+00 1.000000000000e-02
1.292951579056e+00 4.292144330496e+00 1.000000000000e-02
2.447745663926e+00 -2.818322805909e+00 1.000000000000e-02
6.014666119194e+00 3.024610445533e+00 1.000000000000e-02
6.594204958121e-01 4.975541085704e+00 1.000000000000e-02
2.889887518710e+00 -4.725133654482e-01 1.000000000000e-02
6.575558791783e-01 3.695514716108e+00 1.000000000000e-02
7.991501193058e-01 6.672063982905e+00 1.000000000000e-02
3.007886061794e+00 1.351074413274e+00 1.000000000000e-02
5.603742295030e+00 1.335287168050e+00 1.000000000000e-02
2.013976785576e-02 2.246716114808e+00 1.000000000000e-02
2.733896254760e+00 1.873448943782e-01 1.000000000000e-02
2.147724396559e+00 9.725087853958e-01 1.000000000000e-02
2.271290160607e+00 7.918979376535e-01 1.000000000000e-02
4.760586985722e+00 4.331559170461e+00 1.000000000000e-02
3.234308786375e+00 1.016449735980e+00 1.000000000000e-02
2.259536752789e+00 3.615733625014e+00 1.000000000000e-02
3.731853703190e+00 4.570414770282e+00 1.000000000000e-02
1.484291000618e+00 6.232185487530e+00 1.000000000000e-02
7.835089653819e-01 2.305746546029e+00 1.000000000000e-02
2.156540782440e+00 1.101349227700e+00 1.000000000000e-02
2.369752550280e+00 2.696843642701e+00 1.000000000000e-02
5.931580883830e+00 1.621308095118e+00 1.000000000000e-02
4.017596135444e+00 3.921270653959e+00 1.000000000000e-02
4.887952588042e+00 5.858449858620e+00 1.000000000000e-02
7.880776791538e-01 1.129122224089e+00 -1.000000000000e-02
3.946718080767e+00 1.793409273002e+00 -1.000000000000e-02
6.091074391475e+00 2.435542338850e+00 -1.000000000000e-02
3.044824696150e+00 -1.262529063766e-01 -1.000000000000e-02
7.023874302358e-01 5.200397623426e+00 -1.000000000000e-02
5.734410177370e+00 7.204576701042e+00 -1.000000000000e-02
8.467046149748e-01 3.626239358882e-01 -1.000000000000e-02
2.290606242967e+00 2.099880494181e+00 -1.000000000000e-02
1.319166202626e+00 3.140420333271e+00 -1.000000000000e-02
5.419804667761e-01 1.760037439824e+00 -1.000000000000e-02
1.685782323211e+00 6.062043146669e+00 -1.000000000000e-02
1.547984814621e+00 -2.842374771115e+00 -1.000000000000e-02
2.074319269134e+00 4.281013363660e+00 -1.000000000000e-02
1.780602724161e+00 6.892855985510e-01 -1.000000000000e-02
7.587347861531e-01 5.204970063505e+00 -1.000000000000e-02
2.393640414299e+00 5.975281426599e+00 -1.000000000000e-02
2.390278872059e+00 -2.610639586030e-01 -1.000000000000e-02
5.187473656890e+00 1.706269736363e+00 -1.000000000000e-02
5.360437036262e+00 2.575240655529e+00 -1.000000000000e-02
2.282560008919e+00 4.301518497954e+00 -1.000000000000e-02
3.886649322241e+00 3.309346437176e+00 -1.000000000000e-02
1.998488957174e+00 1.525380721748e+00 -1.000000000000e-02
1.391287710808e+00 6.605759248865e-02 -1.000000000000e-02
1.422934093030e+00 6.884898284483e+00 -1.000000000000e-02
1.799422124848e+00 4.147080126780e+00 -1.000000000000e-02
1.286152383198e+00 6.264409011576e-01 -1.000000000000e-02
5.632351230733e-01 3.579935741522e-01 -1.000000000000e-02
6.268427607702e+00 3.381520557383e+00 -1.000000000000e-02
2.241906030034e+00 1.775963596599e+00 -1.000000000000e-02
3.285456249191e+00 6.257295420497e-01 -1.000000000000e-02
2.833184561349e+00 5.281511214446e+00 -1.000000000000e-02
6.238176586939e+00 -4.067953520804e+00 -1.000000000000e-02
2.482284368780e+00 2.737454338503e-01 -1.000000000000e-02
1.598057465968e+00 4.322375776450e+00 -1.000000000000e-02
4.294890030964e+00 1.131638979709e+00 -1.000000000000e-02
6.045359008184e+00 2.193847881414e+00 -1.000000000000e-02
1.542537631613e+00 -6.742825982117e-01 -1.000000000000e-02
4.279826355712e+00 1.120941074828e+00 -1.000000000000e-02
3.356298480601e+00 2.329832838065e+00 -1.000000000000e-02
3.073684641195e+00 6.317098461848e-01 -1.000000000000e-02
1.305617818451e+00 5.637660524016e-02 -1.000000000000e-02
1.566938642948e+00 6.790819472784e+00 -1.000000000000e-02
6.135756746746e+00 3.442152448670e+00 -1.000000000000e-02
5.177149795376e+00 3.211612767835e+00 -1.000000000000e-02
1.975513652313e+00 1.018049587431e+00 -1.000000000000e-02
1.241495069830e+00 2.875328212715e+00 -1.000000000000e-02
2.152110488772e+00 2.379338137040e+00 -1.000000000000e-02
1.238952911838e-01 1.489487387190e+00 -1.000000000000e-02
4.307811610615e+00 3.894220530494e+00 -1.000000000000e-02
5.605735770389e+00 4.372964986628e+00 -1.000000000000e-02
