2.874967247137e+00 3.790053508713e+00 1.000000000000e-02
4.454732400867e+00 5.968302515488e+00 1.000000000000e-02
3.120723356496e+00 3.005843080985e+00 1.000000000000e-02
4.635000873647e+00 3.713776497781e+00 1.000000000000e-02
4.440400745981e+00 3.637880168939e+00 1.000000000000e-02
7.126752059533e-01 1.026679414999e+00 1.000000000000e-02
6.176214254821e+00 8.521637983721e-01 1.000000000000e-02
3.883777799550e+00 3.943560912521e+00 1.000000000000e-02
3.442469042073e-03 1.913366542863e+00 1.000000000000e-02
4.851877311442e+00 2.461800142491e+00 1.000000000000e-02
2.460631143187e+00 1.289698574852e+00 1.000000000000e-02
5.384010081589e-01 4.002798282255e+00 1.000000000000e-02
6.106145068394e+00 6.135034606504e+00 1.000000000000e-02
2.866970987395e+00 2.841910156853e+00 1.000000000000e-02
1.188808811032e-01 -6.214231377162e-01 1.000000000000e-02
5.360327237839e+00 3.029789987975e+00 1.000000000000e-02
4.364591253138e+00 3.672136763718e+00 1.000000000000e-02
3.041582356460e+00 8.484092819331e+00 1.000000000000e-02
2.545319015667e+00 7.296525127189e+00 1.000000000000e-02
3.661899591852e-01 -7.452682734007e-01 1.000000000000e-02
1.305005518298e+00 8.059935192935e+00 1.000000000000e-02
4.313806809310e+00 6.115421520058e-01 1.000000000000e-02
3.869997554531e+00 3.656254478855e+00 1.000000000000e-02
5.974246287532e+00 5.600056021977e+00 1.000000000000e-02
2.338886567127e+00 7.517757233455e+00 1.000000000000e-02
5.131591207589e-01 -3.197513551917e-01 1.000000000000e-02
4.877986122107e+00 -2.938154255855e-01 1.000000000000e-02
4.253390117448e+00 3.565548889375e+00 1.000000000000e-02
4.098895386529e-01 3.695641971805e+00 1.000000000000e-02
1.701134429019e+00 6.505674151989e+00 1.000000000000e-02
3.206148679105e+00 1.132953735482e+00 1.000000000000e-02
5.067126302286e-01 7.225673935194e+00 1.000000000000e-02
2.244975493633e+00 4.444323395404e+00 1.000000000000e-02
2.371018972632e+00 3.704427468533e+00 1.000000000000e-02
2.708331366565e+00 5.631245670668e+00 1.000000000000e-02
4.964317991847e+00 4.008333751352e-01 1.000000000000e-02
3.975100357731e+00 1.377705246630e+00 1.000000000000e-02
2.282388795684e+00 6.635452704062e+00 1.000000000000e-02
4.062341359639e+00 5.803559491132e+00 1.000000000000e-02
4.304947984192e+00 1.181661662392e-01 1.000000000000e-02
6.150138323551e+00 1.915524669640e+00 1.000000000000e-02
2.297531045148e+00 6.837942497341e+00 1.000000000000e-02
2.245006176414e+00 6.139507988728e+00 1.000000000000e-02
3.942849286984e+00 2.624382454651e+00 1.000000000000e-02
1.448372536358e+00 8.098899630346e+00 1.000000000000e-02
1.019067096918e+00 -1.759016105202e+00 1.000000000000e-02
4.953100331021e+00 3.272124022801e+00 1.000000000000e-02
3.562918307775e+00 1.451463307932e+00 1.000000000000e-02
6.192798092026e+00 6.452874478230e+00 1.000000000000e-02
1.635474021266e+00 2.298359728422e+00 1.000000000000e-02
2.648167005343e+00 3.656654377440e+00 -1.000000000000e-02
5.878981313633e+00 -6.451881662134e-01 -1.000000000000e-02
1.779162128562e+00 4.995309363059e+00 -1.000000000000e-02
1.459949872171e+00 8.037745324919e+00 -1.000000000000e-02
4.281951733544e+00 3.845259507328e+00 -1.000000000000e-02
3.634746941967e+00 -1.805858351545e+00 -1.000000000000e-02
2.923978687287e+00 5.818296971854e+00 -1.000000000000e-02
3.001670694734e+00 3.984569031624e+00 -1.000000000000e-02
5.991421601530e+00 9.799594318254e-01 -1.000000000000e-02
4.607687374700e+00 6.682184224307e+00 -1.000000000000e-02
1.235518979672e-01 4.999422833211e+00 -1.000000000000e-02
2.678020220600e+00 1.262036824167e+00 -1.000000000000e-02
3.678491501825e+00 6.210199935266e-01 -1.000000000000e-02
2.045874443881e+00 4.511785229721e+00 -1.000000000000e-02
5.026092059015e+00 1.905996898406e+00 -1.000000000000e-02
8.992813274166e-01 2.500006309518e+00 -1.000000000000e-02
5.823568491874e+00 8.474740645411e-01 -1.000000000000e-02
3.175747435734e+00 4.454764379854e+00 -1.000000000000e-02
2.234588022336e+00 2.176455856352e+00 -1.000000000000e-02
1.644731055404e+00 6.515689508348e+00 -1.000000000000e-02
3.964849540670e+00 1.096962831381e+00 -1.000000000000e-02
3.124473764372e+00 9.751739341525e-01 -1.000000000000e-02
1.732324367500e+00 5.024777903703e+00 -1.000000000000e-02
2.751933253529e+00 3.453369621586e+00 -1.000000000000e-02
2.124586961405e+00 4.468530667693e+00 -1.000000000000e-02
1.923260859846e-02 2.462459942228e+00 -1.000000000000e-02
3.625629721879e+00 4.770292137192e+00 -1.000000000000e-02
5.838142179450e+00 1.248111354818e+00 -1.000000000000e-02
1.399370021959e+00 7.035855165768e+00 -1.000000000000e-02
1.515322083350e+00 8.400562952586e+00 -1.000000000000e-02
5.704452276206e+00 2.994297058929e+00 -1.000000000000e-02
2.285471092687e+00 5.870831820289e-01 -1.000000000000e-02
5.354412662640e-01 -5.429617763698e-01 -1.000000000000e-02
3.715461943752e+00 3.891217813760e+00 -1.000000000000e-02
2.544235377639e+00 8.169929688324e+00 -1.000000000000e-02
2.410362723820e-01 2.749735386602e-01 -1.000000000000e-02
4.141497925742e+00 3.836978287873e+00 -1.000000000000e-02
5.343120314642e+00 6.666293280094e+00 -1.000000000000e-02
3.259726308721e+00 3.902274754125e+00 -1.000000000000e-02
4.206214343531e+00 4.462124311816e+00 -1.000000000000e-02
4.657471271254e+00 5.348753750448e+00 -1.000000000000e-02
4.834212185075e+00 7.264295139241e+00 -1.000000000000e-02
1.355404652012e+00 1.085725020460e+00 -1.000000000000e-02
9.882236674856e-01 3.347889306774e+00 -1.000000000000e-02
5.020914778154e+00 -1.791289063853e-03 -1.000000000000e-02
2.242484130685e+00 3.533778711341e+00 -1.000000000000e-02
3.383954827175e-01 3.205390111563e+00 -1.000000000000e-02
4.945238399323e+00 2.736904252894e+00 -1.000000000000e-02
4.383233888184e+00 7.482382316030e+00 -1.000000000000e-02
2.990633911418e+00 5.595826571148e+00 -1.000000000000e-02
