4.762272691264e+00 3.210336435240e+00 1.000000000000e-02
3.398466895203e+00 7.250773282698e+00 1.000000000000e-02
5.423521737997e+00 6.052266952583e+00 1.000000000000e-02
3.806492055531e+00 4.228382890661e+00 1.000000000000e-02
3.202846972583e+00 3.673100888159e+00 1.000000000000e-02
4.931526730388e+00 3.385337568236e-01 1.000000000000e-02
5.375690533778e+00 8.985309640006e-01 1.000000000000e-02
2.160984780696e+00 1.943621664357e+00 1.000000000000e-02
3.788366649982e+00 7.809685638334e-01 1.000000000000e-02
6.234944608797e+00 2.065743217890e+00 1.000000000000e-02
5.776868360143e+00 5.371877651730e-01 1.000000000000e-02
8.323834778919e-01 2.569103276491e+00 1.000000000000e-02
2.112798807961e+00 6.290745306158e+00 1.000000000000e-02
2.941202570110e+00 4.089063117852e+00 1.000000000000e-02
1.302692712169e+00 1.960535200303e+00 1.000000000000e-02
1.895671532446e+00 -7.507709125727e-02 1.000000000000e-02
6.106788917964e+00 1.103503204367e+00 1.000000000000e-02
2.637420787671e+00 6.356338567733e+00 1.000000000000e-02
2.553908734296e+00 3.325777250007e+00 1.000000000000e-02
1.538843486488e-01 2.423961362105e+00 1.000000000000e-02
3.479604437538e+00 7.932363068873e+00 1.000000000000e-02
4.337784736017e+00 -3.671073982467e-01 1.000000000000e-02
4.085174579703e+00 4.716302414814e+00 1.000000000000e-02
3.582588425664e+00 5.691472415536e+00 1.000000000000e-02
2.855888087267e+00 3.728942950701e+00 1.000000000000e-02
2.253386774394e+00 -1.862817376979e-01 1.000000000000e-02
2.692562563624e+00 9.175736899148e-01 1.000000000000e-02
2.383610918899e+00 3.165642549386e+00 1.000000000000e-02
3.604505810499e+00 4.277585981509e+00 1.000000000000e-02
6.154693522195e+00 6.257996272947e+00 1.000000000000e-02
6.012260628992e-01 6.430132108650e+00 1.000000000000e-02
3.848714976447e+00 6.170954190277e+00 1.000000000000e-02
5.813999920113e+00 2.599974815942e+00 1.000000000000e-02
5.042042670268e-01 5.313988452994e+00 1.000000000000e-02
6.177776680608e-02 4.498511665611e+00 1.000000000000e-02
5.338659030466e+00 1.303852131191e+00 1.000000000000e-02
1.386901916611e-01 4.139964062659e+00 1.000000000000e-02
3.334435469937e+00 3.751648977496e+00 1.000000000000e-02
4.419600941466e+00 7.695023507761e+00 1.000000000000e-02
1.975669283835e+00 1.458422213647e+00 1.000000000000e-02
3.682836751116e+00 7.070388872297e-01 1.000000000000e-02
2.121551752302e+00 6.465343887854e+00 1.000000000000e-02
3.295997166930e+00 4.683038999928e+00 1.000000000000e-02
4.320836134387e+00 2.910868892717e+00 1.000000000000e-02
5.432228131023e+00 2.828792756273e+00 1.000000000000e-02
3.137596998282e+00 -1.324669299880e+00 1.000000000000e-02
2.431538616695e+00 3.287938883573e+00 1.000000000000e-02
5.724245596794e+00 4.169970008930e+00 1.000000000000e-02
1.240918502086e+00 6.286393467772e+00 1.000000000000e-02
4.542842200782e+00 3.722183835931e+00 1.000000000000e-02
4.185019779988e-01 4.062082962759e+00 -1.000000000000e-02
8.632143285778e-01 7.767725681351e-01 -1.000000000000e-02
5.605496121669e+00 3.759211460323e+00 -1.000000000000e-02
4.817767039799e+00 7.422946235659e+00 -1.000000000000e-02
6.003141694691e+00 1.887280610001e+00 -1.000000000000e-02
2.511826020510e+00 -1.434252197579e+00 -1.000000000000e-02
3.163097232996e+00 1.780825027748e+00 -1.000000000000e-02
5.740597925439e+00 5.206385123790e+00 -1.000000000000e-02
1.715027394118e+00 -1.325240574795e-01 -1.000000000000e-02
3.526296570514e+00 7.910403548111e+00 -1.000000000000e-02
6.138311890513e+00 2.293859834251e+00 -1.000000000000e-02
3.025887948977e+00 2.090661967972e+00 -1.000000000000e-02
4.010614985881e-01 1.511183779600e+00 -1.000000000000e-02
3.573448156351e-01 5.051892850900e+00 -1.000000000000e-02
3.896990650805e+00 1.832929967564e+00 -1.000000000000e-02
5.731207061927e+00 4.370426199155e+00 -1.000000000000e-02
2.605940639804e+00 1.283963005012e+00 -1.000000000000e-02
2.654408480939e+00 6.262743632540e+00 -1.000000000000e-02
2.565828680365e+00 3.100540002836e+00 -1.000000000000e-02
4.135974543125e+00 6.232505331603e+00 -1.000000000000e-02
5.018777951731e+00 3.390672735244e+00 -1.000000000000e-02
2.411311589736e-01 4.946087316529e+00 -1.000000000000e-02
5.659855546455e+00 3.769379049985e+00 -1.000000000000e-02
4.018334885981e+00 2.924762803043e+00 -1.000000000000e-02
3.362288006855e-01 5.392503638174e+00 -1.000000000000e-02
6.203704818735e+00 6.241761097965e+00 -1.000000000000e-02
6.144351341528e+00 4.076045498955e+00 -1.000000000000e-02
1.110830348634e+00 1.418647606692e+00 -1.000000000000e-02
1.139288666848e+00 1.123961973457e+00 -1.000000000000e-02
3.164973949132e+00 6.483054291100e+00 -1.000000000000e-02
1.503461470000e+00 1.200472707630e+00 -1.000000000000e-02
4.030040736510e+00 7.277365762785e-01 -1.000000000000e-02
5.061004786934e+00 2.357974615920e+00 -1.000000000000e-02
8.681642931089e-01 4.582315801829e+00 -1.000000000000e-02
4.856763482656e+00 7.058228234115e+00 -1.000000000000e-02
4.700799811587e+00 1.173015768700e+00 -1.000000000000e-02
4.438734901667e+00 2.822161792951e+00 -1.000000000000e-02
4.227285578296e+00 3.444288175685e+00 -1.000000000000e-02
3.061257139853e+00 1.551163848446e+00 -1.000000000000e-02
2.777739973520e-01 4.715515598032e+00 -1.000000000000e-02
9.999842589702e-01 5.180666724945e+00 -1.000000000000e-02
5.706224624424e+00 4.868572275425e+00 -1.000000000000e-02
1.114068858916e+00 -9.807795221998e-02 -1.000000000000e-02
3.328231557697e+00 6.046542451788e-01 -1.000000000000e-02
4.329326394063e+00 3.527133388461e-01 -1.000000000000e-02
6.073087777691e+00 2.700632838705e+00 -1.000000000000e-02
2.030062400798e+00 6.254413283525e+00 -1.000000000000e-02
1.268570764547e+00 6.125317317898e+00 -1.000000000000e-02
4.142597191985e+00 6.825792026644e+00 -1.000000000000e-02
3.688875049937e+00 4.790063636618e+00 -1.000000000000e-02
