3.475715267796e+00 5.223573153926e+00 1.000000000000e-02
4.756077808272e+00 4.410233005745e+00 1.000000000000e-02
3.868034035025e+00 1.019537418484e+00 1.000000000000e-02
5.223446485590e-01 1.004658754357e+00 1.000000000000e-02
2.904447984236e+00 4.988114970771e+00 1.000000000000e-02
2.925051423862e+00 5.773366909095e+00 1.000000000000e-02
5.184599092058e+00 5.682224360512e+00 1.000000000000e-02
2.321903446870e+00 1.470890113205e+00 1.000000000000e-02
3.752381856566e+00 2.548770343965e+00 1.000000000000e-02
4.640255388692e+00 2.029466108297e+00 1.000000000000e-02
5.267537402830e+00 5.142337799383e+00 1.000000000000e-02
5.587464211889e+00 1.263698651093e+00 1.000000000000e-02
5.419355632804e+00 5.967819096663e+00 1.000000000000e-02
1.516742419813e-01 8.779219356834e-01 1.000000000000e-02
1.234717826647e+00 1.779424300781e+00 1.000000000000e-02
6.972579260853e-01 4.041346366532e+00 1.000000000000e-02
3.551277317869e+00 4.956354220926e+00 1.000000000000e-02
2.880637136623e+00 4.695756011362e-01 1.000000000000e-02
6.248179019009e+00 5.950980271694e+00 1.000000000000e-02
5.943607922984e-01 1.646899024988e+00 1.000000000000e-02
3.841636842701e+00 3.265503911590e+00 1.000000000000e-02
1.357449517424e+00 1.297669696132e+00 1.000000000000e-02
7.614507658604e-01 3.849845302897e+00 1.000000000000e-02
1.318755391299e+00 1.010307061042e+00 1.000000000000e-02
5.430918830816e-01 4.794837573779e+00 1.000000000000e-02
5.521562026724e+00 1.576954531897e+00 1.000000000000e-02
4.421649338738e+00 7.844470970587e-01 1.000000000000e-02
2.521546743755e+00 5.530853642896e+00 1.000000000000e-02
2.255816474273e+00 2.727837372151e+00 1.000000000000e-02
8.786133012587e-01 1.403611577039e+00 1.000000000000e-02
1.131261210732e+00 4.958963644686e+00 1.000000000000e-02
2.117542274777e+00 6.053811071948e+00 1.000000000000e-02
6.153262898310e+00 4.437899102657e+00 1.000000000000e-02
5.027210124485e-01 4.313343114140e-01 1.000000000000e-02
2.773591921945e+00 3.167761477639e-01 1.000000000000e-02
5.141192977529e+00 5.959419115038e+00 1.000000000000e-02
2.495402220007e+00 1.685387550844e+00 1.000000000000e-02
1.263844951888e+00 4.925474864520e+00 1.000000000000e-02
3.910815337637e+00 3.441231895289e+00 1.000000000000e-02
5.328187660431e+00 5.549528562700e+00 1.000000000000e-02
3.196186374303e+00 3.759435079865e+00 1.000000000000e-02
4.031944754228e-01 3.370274569641e+00 1.000000000000e-02
2.858575012901e+00 5.668981625794e+00 1.000000000000e-02
3.427974493588e+00 2.702811996898e+00 1.000000000000e-02
5.324605390475e+00 1.241352614217e-01 1.000000000000e-02
5.575066036499e-01 6.969180576052e-01 1.000000000000e-02
4.574569935027e+00 1.511328096552e+00 1.000000000000e-02
4.994262338854e+00 4.586081608333e+00 1.000000000000e-02
3.051148437890e-01 2.752861595751e+00 1.000000000000e-02
2.875202256081e+00 4.604603399247e+00 1.000000000000e-02
5.896167940630e+00 1.224603731731e+00 -1.000000000000e-02
6.035508329542e+00 2.312888533623e+00 -1.000000000000e-02
3.494996204660e+00 6.165195879256e+00 -1.000000000000e-02
3.147721824029e+00 2.118357904280e+00 -1.000000000000e-02
5.346221692064e+00 2.302367786648e+00 -1.000000000000e-02
1.283707758534e+00 5.222981910870e+00 -1.000000000000e-02
5.528096672927e+00 2.752233816688e+00 -1.000000000000e-02
5.147668900379e+00 3.690953314364e+00 -1.000000000000e-02
5.179143090811e+00 1.516504478989e+00 -1.000000000000e-02
2.756263375575e+00 5.090532772250e-01 -1.000000000000e-02
1.171341646170e+00 3.962767694133e+00 -1.000000000000e-02
4.321522458392e+00 2.672203112031e+00 -1.000000000000e-02
2.866132908205e-02 1.963356156329e+00 -1.000000000000e-02
5.200881555302e+00 5.529210865633e+00 -1.000000000000e-02
5.192172572106e+00 6.119710860180e+00 -1.000000000000e-02
2.397088712329e+00 5.214477997958e+00 -1.000000000000e-02
3.390511127563e+00 1.626968467452e+00 -1.000000000000e-02
3.760914452483e+00 5.431999696183e+00 -1.000000000000e-02
3.980901422872e+00 5.256320892429e+00 -1.000000000000e-02
2.037034212576e+00 5.357434132136e+00 -1.000000000000e-02
5.927234494689e+00 2.661693685873e+00 -1.000000000000e-02
1.434143607232e+00 2.420409050790e+00 -1.000000000000e-02
1.944251407887e+00 5.820762767468e+00 -1.000000000000e-02
2.885613200976e+00 8.465873654218e-01 -1.000000000000e-02
4.654221687076e+00 2.834189114269e+00 -1.000000000000e-02
2.778154530180e+00 5.125937929509e+00 -1.000000000000e-02
4.557369672563e+00 1.463521925208e+00 -1.000000000000e-02
3.471297941063e+00 1.184508273128e+00 -1.000000000000e-02
6.160245324363e-01 2.839396377584e+00 -1.000000000000e-02
3.575207188293e+00 4.888433999389e+00 -1.000000000000e-02
1.095598839414e+00 6.201481810307e+00 -1.000000000000e-02
1.808266628424e+00 4.372285297420e-01 -1.000000000000e-02
3.291093354817e+00 1.769344191962e-02 -1.000000000000e-02
2.982280935313e+00 2.009893605439e+00 -1.000000000000e-02
2.646822204127e+00 8.495174982592e-01 -1.000000000000e-02
4.803797580658e+00 5.994896640763e+00 -1.000000000000e-02
2.936178985540e+00 1.882065086067e+00 -1.000000000000e-02
1.005738499121e+00 1.447680670675e+00 -1.000000000000e-02
5.968104873694e+00 5.335395981365e+00 -1.000000000000e-02
5.587075466216e+00 3.557347483269e+00 -1.000000000000e-02
4.689546738108e+00 5.721770746210e+00 -1.000000000000e-02
4.784129979330e+00 5.658084185395e+00 -1.000000000000e-02
1.746604583678e+00 1.441367319242e+00 -1.000000000000e-02
2.919803688297e+00 2.375901055058e+00 -1.000000000000e-02
3.848903778500e+00 5.582214050282e+00 -1.000000000000e-02
2.696002383818e+00 4.072858480107e+00 -1.000000000000e-02
5.903098873685e+00 2.660973056720e+00 -1.000000000000e-02
4.910666061644e-01 3.306206380373e+00 -1.000000000000e-02
1.113062171187e+00 5.524157409092e+00 -1.000000000000e-02
6.056241220041e+00 4.189373424353e+00 -1.000000000000e-02
