5.178395458856e+00 5.516156122376e+00 1.000000000000e-02
4.500524604458e+00 5.694011611182e+00 1.000000000000e-02
4.123390463267e+00 2.210074930369e+00 1.000000000000e-02
4.648314737386e+00 1.907825268077e+00 1.000000000000e-02
5.940522096659e-01 -7.194330620137e-01 1.000000000000e-02
1.042358567196e+00 -1.298167793691e-01 1.000000000000e-02
5.600284110027e+00 1.777611435613e+00 1.000000000000e-02
4.425447283449e+00 1.910283982259e+00 1.000000000000e-02
1.625510140940e+00 2.736146541309e+00 1.000000000000e-02
8.472651009746e-01 1.198902200477e-01 1.000000000000e-02
5.647667503312e+00 3.494091730234e+00 1.000000000000e-02
3.091929048884e+00 4.641233744624e+00 1.000000000000e-02
4.269306056424e+00 3.730470923828e+00 1.000000000000e-02
1.539148041895e+00 4.385263744902e+00 1.000000000000e-02
3.574830528585e+00 -4.141778393879e-01 1.000000000000e-02
2.499576065092e+00 4.766333132884e+00 1.000000000000e-02
2.089431687456e+00 1.781908574259e+00 1.000000000000e-02
4.967049545317e+00 7.091325549586e+00 1.000000000000e-02
4.257617687362e+00 8.713011819498e+00 1.000000000000e-02
4.191266919147e+00 2.667843045489e+00 1.000000000000e-02
4.189814798655e+00 7.247864480669e+00 1.000000000000e-02
4.668531361066e+00 -1.010016481315e+00 1.000000000000e-02
5.329905315592e+00 2.797842471965e+00 1.000000000000e-02
5.894437574351e+00 7.686291400067e+00 1.000000000000e-02
5.916913077474e+00 6.432588420316e+00 1.000000000000e-02
1.588490882443e+00 -1.724518102889e+00 1.000000000000e-02
3.451865960565e+00 4.762816412021e-03 1.000000000000e-02
6.879642952476e-01 -8.051136708725e-01 1.000000000000e-02
5.531018893666e-01 5.283449681948e+00 1.000000000000e-02
2.144914997918e+00 1.752395483472e+00 1.000000000000e-02
5.051305037586e+00 -1.348008965652e-01 1.000000000000e-02
3.641266890614e+00 5.480496929421e+00 1.000000000000e-02
1.237670573842e+00 6.488839965069e-01 1.000000000000e-02
5.512491715320e+00 4.042014111219e+00 1.000000000000e-02
1.751175100854e+00 9.625142736640e-01 1.000000000000e-02
6.124069190636e+00 -6.090692610659e-01 1.000000000000e-02
2.966731145667e+00 7.392838205777e-01 1.000000000000e-02
3.157339701385e+00 6.917769943887e+00 1.000000000000e-02
3.384172695753e+00 7.533604126251e+00 1.000000000000e-02
3.130495159025e+00 -1.505916583894e+00 1.000000000000e-02
1.727260854407e+00 2.826682981001e+00 1.000000000000e-02
5.864956039131e+00 7.173435898820e+00 1.000000000000e-02
6.114067654591e+00 6.397622763023e+00 1.000000000000e-02
2.674211016072e+00 2.935802901880e+00 1.000000000000e-02
5.199345669065e-01 6.112831912848e+00 1.000000000000e-02
3.530467777791e+00 -2.260885791605e+00 1.000000000000e-02
4.996966288262e+00 2.462919757988e+00 1.000000000000e-02
2.779177659429e-01 1.403967158071e-01 1.000000000000e-02
4.045087765219e+00 6.263927728727e+00 1.000000000000e-02
2.791628801892e-01 2.870364930920e+00 1.000000000000e-02
3.647649076521e+00 5.889606750059e+00 -1.000000000000e-02
1.363262008565e+00 -1.041191592178e+00 -1.000000000000e-02
1.124860978414e+00 8.364172015969e-01 -1.000000000000e-02
1.141729983723e+00 7.606312923102e+00 -1.000000000000e-02
5.963670740093e+00 -4.050837919834e-01 -1.000000000000e-02
8.055690489681e-02 -1.501429371006e+00 -1.000000000000e-02
1.038758265820e+00 5.648314848465e+00 -1.000000000000e-02
5.978414698049e+00 4.498809186449e+00 -1.000000000000e-02
5.802948947546e+00 4.335723871449e-01 -1.000000000000e-02
3.049892008162e+00 6.660835354380e+00 -1.000000000000e-02
7.801516779039e-01 3.471726445252e+00 -1.000000000000e-02
5.942795315578e+00 -5.035717911702e-01 -1.000000000000e-02
1.202446473219e+00 1.224143055523e-01 -1.000000000000e-02
5.209743791925e+00 4.776207919072e+00 -1.000000000000e-02
5.150437250301e+00 4.256700245261e+00 -1.000000000000e-02
3.311614257663e+00 4.337878505306e+00 -1.000000000000e-02
6.067807139902e+00 -5.552933236456e-01 -1.000000000000e-02
1.406821431492e+00 4.026720616579e+00 -1.000000000000e-02
1.086465018980e-01 2.946202105447e-01 -1.000000000000e-02
4.949182568166e+00 4.063990722692e+00 -1.000000000000e-02
1.533020512069e+00 2.716298001074e-01 -1.000000000000e-02
4.878021898445e+00 -3.400990164150e-01 -1.000000000000e-02
1.088039978434e+00 7.870161786331e-01 -1.000000000000e-02
3.884644960128e+00 3.124976047631e+00 -1.000000000000e-02
5.143419061354e+00 4.847868209251e+00 -1.000000000000e-02
2.833161887703e+00 4.012674395042e+00 -1.000000000000e-02
3.773796642888e+00 3.566165563929e+00 -1.000000000000e-02
5.542347898650e+00 7.427574972004e-01 -1.000000000000e-02
5.087953125792e+00 5.941376710293e+00 -1.000000000000e-02
4.135437198575e+00 7.394789384716e+00 -1.000000000000e-02
3.383306679498e+00 5.063860955003e+00 -1.000000000000e-02
3.690040285315e+00 9.622102702483e-01 -1.000000000000e-02
6.199208608760e+00 -1.877507236758e+00 -1.000000000000e-02
3.522418226160e+00 -2.238564797356e+00 -1.000000000000e-02
1.064302271609e-01 8.784900532519e+00 -1.000000000000e-02
5.556520172313e-01 2.468727087008e+00 -1.000000000000e-02
2.837463828110e-02 -8.990188305731e-01 -1.000000000000e-02
7.594329756902e-01 7.491964362632e+00 -1.000000000000e-02
2.028495022857e+00 2.492022925289e+00 -1.000000000000e-02
4.125722837138e+00 3.595196854551e+00 -1.000000000000e-02
2.668233203418e+00 5.351044750136e+00 -1.000000000000e-02
6.994607785384e-01 6.923587386202e+00 -1.000000000000e-02
5.440316192791e+00 2.060340391096e+00 -1.000000000000e-02
1.161832077945e+00 3.777960518264e+00 -1.000000000000e-02
5.266306217332e+00 1.370211595564e+00 -1.000000000000e-02
2.290022359940e-02 3.671507104439e+00 -1.000000000000e-02
5.332227121803e+00 2.697921554686e+00 -1.000000000000e-02
5.203713824126e+00 2.201953039876e+00 -1.000000000000e-02
1.071328243553e+00 7.012123355781e+00 -1.000000000000e-02
2.167492490649e+00 4.383402604214e+00 -1.000000000000e-02
