3.492159244254e+00 5.203365438474e+00 1.000000000000e-02
4.745841828698e+00 4.417342935090e+00 1.000000000000e-02
3.874482874748e+00 1.036027557651e+00 1.000000000000e-02
5.376901486621e-01 1.004137289921e+00 1.000000000000e-02
2.919567499254e+00 4.999813174403e+00 1.000000000000e-02
2.948808421636e+00 5.747374974073e+00 1.000000000000e-02
5.169732497672e+00 5.718949723836e+00 1.000000000000e-02
2.314695878065e+00 1.461686438426e+00 1.000000000000e-02
3.736432797270e+00 2.542246813958e+00 1.000000000000e-02
4.649671896854e+00 2.025058476767e+00 1.000000000000e-02
5.266962303560e+00 5.150286233991e+00 1.000000000000e-02
5.596576755738e+00 1.265400708158e+00 1.000000000000e-02
5.423937639998e+00 5.977989340555e+00 1.000000000000e-02
1.620250099742e-01 8.972960341304e-01 1.000000000000e-02
1.248917459488e+00 1.772044167574e+00 1.000000000000e-02
6.991560585141e-01 4.042051612258e+00 1.000000000000e-02
3.518446988284e+00 4.929012039212e+00 1.000000000000e-02
2.912966052472e+00 4.765949945559e-01 1.000000000000e-02
6.241141131724e+00 5.949512495039e+00 1.000000000000e-02
6.167404562404e-01 1.657185523366e+00 1.000000000000e-02
3.823006949120e+00 3.262149959942e+00 1.000000000000e-02
1.369269933187e+00 1.279268133138e+00 1.000000000000e-02
7.400129220532e-01 3.843309211768e+00 1.000000000000e-02
1.310524679759e+00 9.934703412361e-01 1.000000000000e-02
5.433451898828e-01 4.795856400425e+00 1.000000000000e-02
5.544260359660e+00 1.585664672611e+00 1.000000000000e-02
4.422356642770e+00 7.910552156750e-01 1.000000000000e-02
2.510364973766e+00 5.546084681547e+00 1.000000000000e-02
2.250249564517e+00 2.724380892437e+00 1.000000000000e-02
8.966236492645e-01 1.381278783566e+00 1.000000000000e-02
1.152601750455e+00 4.963830160294e+00 1.000000000000e-02
2.112697422358e+00 6.061347222005e+00 1.000000000000e-02
6.134786580156e+00 4.448236550665e+00 1.000000000000e-02
4.837607322462e-01 4.272345480441e-01 1.000000000000e-02
2.788408132157e+00 3.166967273558e-01 1.000000000000e-02
5.157527564560e+00 5.994031508470e+00 1.000000000000e-02
2.504043506442e+00 1.659570786153e+00 1.000000000000e-02
1.269797244015e+00 4.897058108496e+00 1.000000000000e-02
3.918053405647e+00 3.425495021803e+00 1.000000000000e-02
5.315263910658e+00 5.575986888956e+00 1.000000000000e-02
3.197466255809e+00 3.765057045846e+00 1.000000000000e-02
3.749312261251e-01 3.359330649690e+00 1.000000000000e-02
2.847714449179e+00 5.675604142243e+00 1.000000000000e-02
3.411905003323e+00 2.712768802787e+00 1.000000000000e-02
5.325581208782e+00 1.409055917904e-01 1.000000000000e-02
5.546878647286e-01 6.884080843862e-01 1.000000000000e-02
4.526760805403e+00 1.532125110184e+00 1.000000000000e-02
4.991652768610e+00 4.582639236547e+00 1.000000000000e-02
3.051640792718e-01 2.761985129284e+00 1.000000000000e-02
2.872447270943e+00 4.608964886451e+00 1.000000000000e-02
5.910790990703e+00 1.227328417886e+00 -1.000000000000e-02
6.054995148789e+00 2.327460711000e+00 -1.000000000000e-02
3.502027939756e+00 6.165557883950e+00 -1.000000000000e-02
3.125349815809e+00 2.135723874070e+00 -1.000000000000e-02
5.363683282340e+00 2.293563552687e+00 -1.000000000000e-02
1.309056570903e+00 5.211580078607e+00 -1.000000000000e-02
5.522830003622e+00 2.742125513403e+00 -1.000000000000e-02
5.130875183795e+00 3.680679699579e+00 -1.000000000000e-02
5.193156732556e+00 1.526002419946e+00 -1.000000000000e-02
2.794014686265e+00 5.222490515770e-01 -1.000000000000e-02
1.164772930049e+00 3.951741394525e+00 -1.000000000000e-02
4.320367824816e+00 2.653830904169e+00 -1.000000000000e-02
5.202716128140e-02 1.980843415007e+00 -1.000000000000e-02
5.183611778845e+00 5.571625561251e+00 -1.000000000000e-02
5.205576259793e+00 6.147232992485e+00 -1.000000000000e-02
2.393630105814e+00 5.225076408248e+00 -1.000000000000e-02
3.391612206861e+00 1.636684230757e+00 -1.000000000000e-02
3.782153914405e+00 5.406989898756e+00 -1.000000000000e-02
4.001946727417e+00 5.261101301278e+00 -1.000000000000e-02
2.037976375349e+00 5.357820505248e+00 -1.000000000000e-02
5.900275614373e+00 2.669380552377e+00 -1.000000000000e-02
1.440542809101e+00 2.420550464046e+00 -1.000000000000e-02
1.934056072791e+00 5.827417460257e+00 -1.000000000000e-02
2.892214155125e+00 8.506106531228e-01 -1.000000000000e-02
4.648692505157e+00 2.825005878219e+00 -1.000000000000e-02
2.787677735733e+00 5.142173678174e+00 -1.000000000000e-02
4.510381380004e+00 1.484769460027e+00 -1.000000000000e-02
3.481000134590e+00 1.197593468218e+00 -1.000000000000e-02
6.173207393065e-01 2.841376185556e+00 -1.000000000000e-02
3.544060856699e+00 4.863037318373e+00 -1.000000000000e-02
1.085614617810e+00 6.188232919116e+00 -1.000000000000e-02
1.805033681302e+00 4.263276240443e-01 -1.000000000000e-02
3.290890906970e+00 6.282106545389e+00 -1.000000000000e-02
2.968044358337e+00 1.995531088629e+00 -1.000000000000e-02
2.649430309412e+00 8.295935601732e-01 -1.000000000000e-02
4.790298940145e+00 6.021116026425e+00 -1.000000000000e-02
2.960081994516e+00 1.860437944161e+00 -1.000000000000e-02
1.023563155254e+00 1.426327879954e+00 -1.000000000000e-02
5.961403793109e+00 5.334967546906e+00 -1.000000000000e-02
5.572932961446e+00 3.562394256104e+00 -1.000000000000e-02
4.688069810018e+00 5.717566519088e+00 -1.000000000000e-02
4.798851850050e+00 5.705051800365e+00 -1.000000000000e-02
1.750580900431e+00 1.424219731870e+00 -1.000000000000e-02
2.893652437275e+00 2.366928838061e+00 -1.000000000000e-02
3.839757397873e+00 5.579400793053e+00 -1.000000000000e-02
2.694631166698e+00 4.078916956466e+00 -1.000000000000e-02
5.922136444342e+00 2.679597061190e+00 -1.000000000000e-02
4.629573017739e-01 3.293217830748e+00 -1.000000000000e-02
1.116156523535e+00 5.511432061308e+00 -1.000000000000e-02
6.034054791285e+00 4.200675976295e+00 -1.000000000000e-02
