3.518221687765e+00 5.171315898376e+00 1.000000000000e-02
4.731039206047e+00 4.428939539182e+00 1.000000000000e-02
3.884768839486e+00 1.061765704433e+00 1.000000000000e-02
5.604109417302e-01 1.001928911421e+00 1.000000000000e-02
2.941953104487e+00 5.016748015669e+00 1.000000000000e-02
2.971073193224e+00 5.699236294073e+00 1.000000000000e-02
5.143471831309e+00 5.780046513815e+00 1.000000000000e-02
2.304840318808e+00 1.448705450109e+00 1.000000000000e-02
3.710687249310e+00 2.533109149083e+00 1.000000000000e-02
4.664823575290e+00 2.018221320150e+00 1.000000000000e-02
5.265846073818e+00 5.162148110845e+00 1.000000000000e-02
5.611223928504e+00 1.269209978289e+00 1.000000000000e-02
5.429847958469e+00 5.991286789851e+00 1.000000000000e-02
1.800243899876e-01 9.273292069140e-01 1.000000000000e-02
1.270480303662e+00 1.759763376072e+00 1.000000000000e-02
7.024572423143e-01 4.039850419627e+00 1.000000000000e-02
3.465005978196e+00 4.887663491781e+00 1.000000000000e-02
2.962375867688e+00 4.909897270795e-01 1.000000000000e-02
6.229989122993e+00 5.947324048380e+00 1.000000000000e-02
6.510473156652e-01 1.672010596809e+00 1.000000000000e-02
3.796515783237e+00 3.260905285327e+00 1.000000000000e-02
1.387108812281e+00 1.249262825495e+00 1.000000000000e-02
7.056671099328e-01 3.837155442885e+00 1.000000000000e-02
1.297722319087e+00 9.680582917724e-01 1.000000000000e-02
5.439432054598e-01 4.797122429869e+00 1.000000000000e-02
5.580091013067e+00 1.598772828282e+00 1.000000000000e-02
4.423204130978e+00 8.013773037232e-01 1.000000000000e-02
2.493739866500e+00 5.569407437554e+00 1.000000000000e-02
2.241376434132e+00 2.719098057590e+00 1.000000000000e-02
9.247188437571e-01 1.346212807163e+00 1.000000000000e-02
1.197288835065e+00 4.965461472350e+00 1.000000000000e-02
2.105540218907e+00 6.072695604008e+00 1.000000000000e-02
6.106466976437e+00 4.464027360383e+00 1.000000000000e-02
4.549278448446e-01 4.234843328728e-01 1.000000000000e-02
2.811392328600e+00 3.134730069787e-01 1.000000000000e-02
5.185760284863e+00 6.044460969273e+00 1.000000000000e-02
2.517229707215e+00 1.618484359240e+00 1.000000000000e-02
1.266767822878e+00 4.857850737885e+00 1.000000000000e-02
3.926779930580e+00 3.396703159195e+00 1.000000000000e-02
5.299703154496e+00 5.619932300062e+00 1.000000000000e-02
3.199726394065e+00 3.773590651700e+00 1.000000000000e-02
3.312941279649e-01 3.343913162296e+00 1.000000000000e-02
2.844528714118e+00 5.694211894606e+00 1.000000000000e-02
3.387143474891e+00 2.727563937793e+00 1.000000000000e-02
5.326678221427e+00 1.668479254527e-01 1.000000000000e-02
5.497861870549e-01 6.755636100648e-01 1.000000000000e-02
4.450006753210e+00 1.565449377722e+00 1.000000000000e-02
4.986970534673e+00 4.576500990899e+00 1.000000000000e-02
3.042910344660e-01 2.775885998711e+00 1.000000000000e-02
2.868312009635e+00 4.616215552592e+00 1.000000000000e-02
5.933583348816e+00 1.232255996142e+00 -1.000000000000e-02
6.083208166623e+00 2.351447275546e+00 -1.000000000000e-02
3.511385043711e+00 6.167744767380e+00 -1.000000000000e-02
3.088612658127e+00 2.157553840750e+00 -1.000000000000e-02
5.392174793859e+00 2.280957318516e+00 -1.000000000000e-02
1.347139506676e+00 5.192500279526e+00 -1.000000000000e-02
5.516173122004e+00 2.725422886106e+00 -1.000000000000e-02
5.105447563485e+00 3.664212938161e+00 -1.000000000000e-02
5.215834835530e+00 1.540377951042e+00 -1.000000000000e-02
2.853866953752e+00 5.437183841108e-01 -1.000000000000e-02
1.153797888477e+00 3.935172126590e+00 -1.000000000000e-02
4.319219152868e+00 2.626291275597e+00 -1.000000000000e-02
8.765758773775e-02 2.007859796262e+00 -1.000000000000e-02
5.158590975553e+00 5.640386401448e+00 -1.000000000000e-02
5.228557909145e+00 6.186977462117e+00 -1.000000000000e-02
2.388277173250e+00 5.242081090989e+00 -1.000000000000e-02
3.392704272333e+00 1.652840142163e+00 -1.000000000000e-02
3.815957289704e+00 5.372242440019e+00 -1.000000000000e-02
4.033874212580e+00 5.272853170517e+00 -1.000000000000e-02
2.039096120485e+00 5.358411028657e+00 -1.000000000000e-02
5.916437193313e+00 2.694524200880e+00 -1.000000000000e-02
1.450426380001e+00 2.420849416770e+00 -1.000000000000e-02
1.918515364095e+00 5.837411018383e+00 -1.000000000000e-02
2.899158905938e+00 8.563359108031e-01 -1.000000000000e-02
4.640168571904e+00 2.810851195487e+00 -1.000000000000e-02
2.801136274764e+00 5.166146286199e+00 -1.000000000000e-02
4.434913780376e+00 1.518545848654e+00 -1.000000000000e-02
3.496251867526e+00 1.218529455928e+00 -1.000000000000e-02
6.188061010839e-01 2.844715480736e+00 -1.000000000000e-02
3.493106104672e+00 4.823061797727e+00 -1.000000000000e-02
1.069991122360e+00 6.167727240969e+00 -1.000000000000e-02
1.799677976730e+00 4.095534431295e-01 -1.000000000000e-02
3.291911888215e+00 6.251318476122e+00 -1.000000000000e-02
2.947275257441e+00 1.964532443638e+00 -1.000000000000e-02
2.655701477552e+00 7.986341634500e-01 -1.000000000000e-02
4.767474114398e+00 6.058047122971e+00 -1.000000000000e-02
2.997674800739e+00 1.841914102333e+00 -1.000000000000e-02
1.051341479175e+00 1.392361080633e+00 -1.000000000000e-02
5.950905499594e+00 5.334556706448e+00 -1.000000000000e-02
5.550765391020e+00 3.569929063117e+00 -1.000000000000e-02
4.707927770956e+00 5.711752571060e+00 -1.000000000000e-02
4.798807522908e+00 5.780683312040e+00 -1.000000000000e-02
1.756508626195e+00 1.397388102721e+00 -1.000000000000e-02
2.854417483887e+00 2.349870768445e+00 -1.000000000000e-02
3.826948517989e+00 5.568279510714e+00 -1.000000000000e-02
2.692486030007e+00 4.088376590344e+00 -1.000000000000e-02
5.892281793306e+00 2.694219138541e+00 -1.000000000000e-02
4.197861511322e-01 3.274362562346e+00 -1.000000000000e-02
1.122094869030e+00 5.491682375198e+00 -1.000000000000e-02
5.999815307228e+00 4.217821125187e+00 -1.000000000000e-02
