2.100135745815e+00 4.691785315929e+00 1.000000000000e-02
3.112657258864e+00 6.431808152893e+00 1.000000000000e-02
2.268786078221e+00 2.206559105257e+00 1.000000000000e-02
3.588258426069e-01 1.865568622912e+00 1.000000000000e-02
3.269500454173e+00 2.945901705793e+00 1.000000000000e-02
5.739049440804e+00 9.682006935868e-01 1.000000000000e-02
1.870927540535e+00 -6.224918494614e-02 1.000000000000e-02
6.748630063091e-01 2.215166363994e+00 1.000000000000e-02
4.962321217943e+00 2.044034963612e+00 1.000000000000e-02
3.579610994770e+00 3.136781722861e+00 1.000000000000e-02
1.398635838089e+00 1.534645594746e+00 1.000000000000e-02
2.226339722904e+00 4.437081401415e+00 1.000000000000e-02
4.267896636810e+00 6.021568366460e+00 1.000000000000e-02
1.601609796690e+00 1.749684061440e+00 1.000000000000e-02
2.937335043587e+00 -1.538766989376e+00 1.000000000000e-02
4.979952035360e-01 4.933870164772e+00 1.000000000000e-02
3.562718947123e+00 3.061891256363e+00 1.000000000000e-02
3.845223702715e+00 7.977071715858e+00 1.000000000000e-02
5.092215167598e-01 8.382546255733e+00 1.000000000000e-02
1.210224222908e+00 6.078453740029e-01 1.000000000000e-02
3.660276133444e+00 8.425893607213e+00 1.000000000000e-02
5.245974532709e+00 -6.789556509264e-01 1.000000000000e-02
2.106709525930e+00 2.165240218466e+00 1.000000000000e-02
5.833796844649e+00 6.556915737148e+00 1.000000000000e-02
5.212887502588e+00 7.423681297043e+00 1.000000000000e-02
4.902183941063e+00 -9.532497533338e-01 1.000000000000e-02
3.713927146322e-01 7.950513267747e-02 1.000000000000e-02
3.199770315796e+00 2.844089374116e+00 1.000000000000e-02
2.901730619406e+00 4.346310379668e+00 1.000000000000e-02
4.728812915572e+00 5.533215963767e+00 1.000000000000e-02
1.871503345872e+00 -1.834727450807e+00 1.000000000000e-02
9.841140059168e-01 6.253555771829e+00 1.000000000000e-02
5.053944480344e+00 5.483647398040e+00 1.000000000000e-02
2.874057752335e+00 4.653996391922e+00 1.000000000000e-02
5.476300713030e+00 5.164831368543e+00 1.000000000000e-02
2.704062205657e+00 1.174755248108e+00 1.000000000000e-02
3.961675537224e+00 2.079764772390e+00 1.000000000000e-02
2.319752315832e+00 6.067722342245e+00 1.000000000000e-02
3.533715542178e+00 6.149335115873e+00 1.000000000000e-02
1.039853974295e-01 -1.057959133128e+00 1.000000000000e-02
5.084964212268e+00 1.980715076453e+00 1.000000000000e-02
3.408566110605e+00 5.922532164692e+00 1.000000000000e-02
2.261600184395e+00 6.228147258440e+00 1.000000000000e-02
9.905030269087e-01 2.864469971122e+00 1.000000000000e-02
4.900314344153e+00 7.189573955115e+00 1.000000000000e-02
2.059455655156e+00 -1.695265958035e+00 1.000000000000e-02
6.272615279333e+00 3.245686101677e+00 1.000000000000e-02
3.018150972769e+00 2.065255253590e+00 1.000000000000e-02
5.976632619691e+00 6.288382495558e+00 1.000000000000e-02
6.220727118966e+00 1.642402784737e+00 1.000000000000e-02
3.521146210592e+00 4.482907324341e+00 -1.000000000000e-02
4.158454801770e+00 -1.259325517870e+00 -1.000000000000e-02
4.906345142429e+00 5.518504872993e+00 -1.000000000000e-02
4.534616881241e+00 7.528935258008e+00 -1.000000000000e-02
2.735099025725e+00 2.296386791405e+00 -1.000000000000e-02
5.485722349047e+00 -1.578329320748e+00 -1.000000000000e-02
3.488323201807e+00 5.751388141350e+00 -1.000000000000e-02
2.121681234143e+00 5.061840789474e+00 -1.000000000000e-02
1.809311405894e+00 -2.789181872135e-03 -1.000000000000e-02
3.537015432150e+00 6.991606752553e+00 -1.000000000000e-02
5.684572880961e+00 5.794422455368e+00 -1.000000000000e-02
2.605412987684e+00 2.028807426436e+00 -1.000000000000e-02
2.129902677716e+00 -1.668633750320e+00 -1.000000000000e-02
4.325765033251e+00 5.158648910269e+00 -1.000000000000e-02
4.197062079192e+00 3.452601313787e+00 -1.000000000000e-02
5.108153590229e+00 3.166140854164e+00 -1.000000000000e-02
4.375985508429e+00 8.113143320388e-01 -1.000000000000e-02
2.771846168603e+00 2.742980134305e+00 -1.000000000000e-02
1.298833642506e+00 1.092405489002e+00 -1.000000000000e-02
2.633493108819e+00 4.733131693808e+00 -1.000000000000e-02
3.124067530846e+00 1.992399444944e+00 -1.000000000000e-02
5.058260292463e+00 -1.038972647805e+00 -1.000000000000e-02
4.916794949010e+00 5.575533198381e+00 -1.000000000000e-02
4.234392127971e-01 3.345368108615e+00 -1.000000000000e-02
4.290038772398e+00 5.067728551440e+00 -1.000000000000e-02
5.651844955942e+00 2.795701750011e+00 -1.000000000000e-02
1.661706421047e+00 3.310463475730e+00 -1.000000000000e-02
4.542273328681e+00 1.065721737688e+00 -1.000000000000e-02
5.597360823808e+00 5.405745790241e+00 -1.000000000000e-02
1.221210098818e+00 8.469123487886e+00 -1.000000000000e-02
1.009236252426e+00 4.925316263465e+00 -1.000000000000e-02
4.514896187341e+00 -2.404708408349e-01 -1.000000000000e-02
1.837172019029e+00 -1.621774182286e+00 -1.000000000000e-02
2.377375333901e+00 1.805916420958e+00 -1.000000000000e-02
5.750251208768e+00 8.453010733906e+00 -1.000000000000e-02
4.972615984610e+00 1.314943245855e+00 -1.000000000000e-02
3.392535658999e+00 3.696583291681e+00 -1.000000000000e-02
4.063924655067e+00 6.370140177426e+00 -1.000000000000e-02
4.830117139426e-01 2.852763346772e+00 -1.000000000000e-02
2.123212771893e-01 2.564327563777e+00 -1.000000000000e-02
2.381117111018e+00 5.501541909172e+00 -1.000000000000e-02
2.328722574168e+00 6.727458727595e+00 -1.000000000000e-02
1.688219153713e-01 1.161806811812e+00 -1.000000000000e-02
1.277387009335e+00 3.461229178096e+00 -1.000000000000e-02
2.197731849653e+00 1.133497742834e+00 -1.000000000000e-02
2.364336344904e+00 3.450189084069e+00 -1.000000000000e-02
1.999704268142e+00 3.192032638234e+00 -1.000000000000e-02
5.799128231680e+00 3.356950707038e+00 -1.000000000000e-02
2.045494790605e+00 7.017690187543e+00 -1.000000000000e-02
2.685406120129e+00 6.022626714504e+00 -1.000000000000e-02
