3.397724061657e+00 4.418941487600e+00 1.000000000000e-02
2.614532905874e+00 5.945644850606e+00 1.000000000000e-02
4.045042422173e+00 4.072149990685e+00 1.000000000000e-02
4.464655971978e+00 3.164956680933e+00 1.000000000000e-02
4.716581262545e+00 3.189217141735e+00 1.000000000000e-02
1.268286435476e+00 7.912094649132e-01 1.000000000000e-02
5.858888342873e+00 1.788389025455e+00 1.000000000000e-02
4.641462965543e+00 4.947173046212e+00 1.000000000000e-02
4.127295041320e-01 1.651196285497e+00 1.000000000000e-02
4.499351609158e+00 2.116240538427e+00 1.000000000000e-02
3.795900552587e+00 7.596808789535e-02 1.000000000000e-02
6.248332373013e+00 3.010022072539e+00 1.000000000000e-02
4.444037881237e+00 6.684370504745e+00 1.000000000000e-02
4.263087687487e+00 3.901386499741e+00 1.000000000000e-02
2.562897621890e+00 4.925709198757e-02 1.000000000000e-02
4.969394291239e+00 2.283123751886e+00 1.000000000000e-02
4.515914045339e+00 3.312388728092e+00 1.000000000000e-02
2.069999764235e+00 8.497695874672e+00 1.000000000000e-02
6.233924836944e+00 6.157467065711e+00 1.000000000000e-02
4.592246870671e+00 -3.566163738169e-01 1.000000000000e-02
4.716221902766e+00 7.832475170110e+00 1.000000000000e-02
5.795686037420e+00 4.052045823205e-01 1.000000000000e-02
4.537415648961e+00 5.299095698684e+00 1.000000000000e-02
4.112431511207e+00 6.111765217204e+00 1.000000000000e-02
2.895754582958e+00 7.715122093764e+00 1.000000000000e-02
3.156930682196e+00 -5.403084991320e-01 1.000000000000e-02
1.702213898299e+00 -3.681963006131e-01 1.000000000000e-02
4.573619103305e+00 3.186258606170e+00 1.000000000000e-02
1.935239781017e-01 3.231015809993e+00 1.000000000000e-02
9.946727367682e-01 8.906200102833e+00 1.000000000000e-02
2.598182845849e+00 2.058690232320e+00 1.000000000000e-02
1.832432949840e+00 7.784243927776e+00 1.000000000000e-02
1.098999896545e+00 3.935319008846e+00 1.000000000000e-02
1.807052720484e+00 4.493316132474e+00 1.000000000000e-02
2.262781534733e+00 5.341004123873e+00 1.000000000000e-02
2.583742008102e-01 -1.920840840280e-01 1.000000000000e-02
2.905907165049e+00 1.679907281532e+00 1.000000000000e-02
6.140439828144e+00 6.293376699771e+00 1.000000000000e-02
2.542938199491e+00 6.389848761304e+00 1.000000000000e-02
5.444387309840e+00 5.415622182567e-01 1.000000000000e-02
4.606511933860e-01 1.522369607550e+00 1.000000000000e-02
6.003388123567e+00 6.691443999463e+00 1.000000000000e-02
6.233376581172e+00 5.575504395409e+00 1.000000000000e-02
3.872231539583e+00 3.115364563561e+00 1.000000000000e-02
5.995608855301e+00 7.147550553509e+00 1.000000000000e-02
3.828863757320e+00 -1.779476276650e+00 1.000000000000e-02
4.989316320008e+00 3.067354639849e+00 1.000000000000e-02
3.467070509571e+00 1.699963311765e+00 1.000000000000e-02
4.237433209505e+00 6.526271231637e+00 1.000000000000e-02
2.032024160306e+00 2.468192366084e+00 1.000000000000e-02
3.999138536392e+00 4.569906460805e+00 -1.000000000000e-02
2.253921490894e+00 -2.456697751258e-01 -1.000000000000e-02
1.046101163684e+00 4.055604361903e+00 -1.000000000000e-02
1.684290489699e-01 6.889976607312e+00 -1.000000000000e-02
4.446221819917e+00 3.378030882084e+00 -1.000000000000e-02
4.882214823679e-01 -1.822875202877e+00 -1.000000000000e-02
2.016390075075e+00 5.699177990024e+00 -1.000000000000e-02
3.823796684421e+00 5.041634751577e+00 -1.000000000000e-02
5.716376137794e+00 1.567290021783e+00 -1.000000000000e-02
2.261502165091e+00 7.084892726593e+00 -1.000000000000e-02
5.840628843688e+00 4.533645646432e+00 -1.000000000000e-02
3.870521298660e+00 1.743447759235e-01 -1.000000000000e-02
4.319322838999e+00 1.017965889375e+00 -1.000000000000e-02
1.463598954950e+00 4.550635187923e+00 -1.000000000000e-02
4.952776721067e+00 1.506476567932e+00 -1.000000000000e-02
1.361637803659e+00 2.685035079891e+00 -1.000000000000e-02
1.554265777349e-01 9.015614985016e-01 -1.000000000000e-02
3.762682945638e+00 4.388172603387e+00 -1.000000000000e-02
2.610022947574e+00 2.459210586360e+00 -1.000000000000e-02
1.048061727766e+00 8.900559476029e+00 -1.000000000000e-02
2.996775656527e+00 1.340563304477e+00 -1.000000000000e-02
2.405875639722e+00 1.775820848338e+00 -1.000000000000e-02
9.902689995585e-01 4.056410440423e+00 -1.000000000000e-02
3.107367147112e+00 4.440960236428e+00 -1.000000000000e-02
1.535213396061e+00 4.612488362677e+00 -1.000000000000e-02
9.882287633399e-01 1.746456591860e+00 -1.000000000000e-02
2.715379079636e+00 4.974813995568e+00 -1.000000000000e-02
9.420141702892e-02 1.146491933694e+00 -1.000000000000e-02
4.221703944080e+00 7.169418955636e+00 -1.000000000000e-02
6.137306067806e+00 8.603807912582e+00 -1.000000000000e-02
5.464616560336e+00 2.123544711084e+00 -1.000000000000e-02
3.398265553747e+00 6.118044854074e-01 -1.000000000000e-02
4.417867301128e+00 -2.612039653560e-01 -1.000000000000e-02
3.994587851562e+00 5.743556947969e+00 -1.000000000000e-02
5.251503577014e+00 7.904505900236e+00 -1.000000000000e-02
1.429447231708e+00 3.171608371814e-01 -1.000000000000e-02
4.799871400070e+00 2.584543097285e+00 -1.000000000000e-02
1.543939117668e+00 7.398911998974e+00 -1.000000000000e-02
3.428474615646e+00 4.737792514390e+00 -1.000000000000e-02
3.999013405258e+00 5.505925199145e+00 -1.000000000000e-02
2.980963630325e+00 5.651983211246e+00 -1.000000000000e-02
4.056817494633e-01 7.020863536282e+00 -1.000000000000e-02
2.133420646142e+00 9.176987978509e-01 -1.000000000000e-02
6.973092075742e-01 2.700231330723e+00 -1.000000000000e-02
1.374898170709e+00 -2.274029725932e-01 -1.000000000000e-02
1.778717033968e+00 4.272476734647e+00 -1.000000000000e-02
6.110160029450e+00 2.635915689275e+00 -1.000000000000e-02
4.251775218598e+00 2.885978870239e+00 -1.000000000000e-02
8.584226840755e-01 6.786871833437e+00 -1.000000000000e-02
1.829272071068e+00 5.341645005940e+00 -1.000000000000e-02
