3.620586644516e+00 5.051732189448e+00 1.000000000000e-02
4.685708428444e+00 4.482656416184e+00 1.000000000000e-02
3.929851727241e+00 1.166329704811e+00 1.000000000000e-02
6.369830701980e-01 9.810315001360e-01 1.000000000000e-02
3.022382079369e+00 5.069999666202e+00 1.000000000000e-02
2.906296043393e+00 5.596138341091e+00 1.000000000000e-02
5.007661579670e+00 6.050705855093e+00 1.000000000000e-02
2.286746748892e+00 1.406605443158e+00 1.000000000000e-02
3.595207279332e+00 2.507769431331e+00 1.000000000000e-02
4.730109327318e+00 1.993023860650e+00 1.000000000000e-02
5.262122988872e+00 5.206337140110e+00 1.000000000000e-02
5.677136003552e+00 1.296652902074e+00 1.000000000000e-02
5.424911298026e+00 6.031157626531e+00 1.000000000000e-02
2.728653933225e-01 1.044026322281e+00 1.000000000000e-02
1.350720762857e+00 1.700745473933e+00 1.000000000000e-02
7.082976355670e-01 3.986425635078e+00 1.000000000000e-02
3.246181601266e+00 4.733854278181e+00 1.000000000000e-02
3.160669813385e+00 5.958101691978e-01 1.000000000000e-02
6.182456639764e+00 5.939415329226e+00 1.000000000000e-02
7.836397233004e-01 1.720768793530e+00 1.000000000000e-02
3.738050249096e+00 3.288172516270e+00 1.000000000000e-02
1.450514731693e+00 1.114680651331e+00 1.000000000000e-02
5.666416609824e-01 3.863342722251e+00 1.000000000000e-02
1.247629414052e+00 8.703272648388e-01 1.000000000000e-02
5.485394485312e-01 4.799100486257e+00 1.000000000000e-02
5.729604630054e+00 1.648690234228e+00 1.000000000000e-02
4.423142055911e+00 8.435894490939e-01 1.000000000000e-02
2.434739877876e+00 5.651326017013e+00 1.000000000000e-02
2.202818768245e+00 2.700341936966e+00 1.000000000000e-02
1.039799559803e+00 1.196394924458e+00 1.000000000000e-02
1.378337924894e+00 4.823412455465e+00 1.000000000000e-02
2.080098554696e+00 6.114346417727e+00 1.000000000000e-02
5.997932016757e+00 4.524433128911e+00 1.000000000000e-02
3.504005659242e-01 4.400265416576e-01 1.000000000000e-02
2.892029140983e+00 2.814237459547e-01 1.000000000000e-02
5.348123753839e+00 6.201960819801e+00 1.000000000000e-02
2.561610430410e+00 1.447230213784e+00 1.000000000000e-02
1.247309765315e+00 4.850637585697e+00 1.000000000000e-02
3.911756150876e+00 3.241948035777e+00 1.000000000000e-02
5.257836191882e+00 5.810098908577e+00 1.000000000000e-02
3.212044816902e+00 3.805349490218e+00 1.000000000000e-02
1.597741709346e-01 3.304301826612e+00 1.000000000000e-02
2.973047570915e+00 5.695826378116e+00 1.000000000000e-02
3.291111100387e+00 2.780534758277e+00 1.000000000000e-02
5.327758575739e+00 2.627235628170e-01 1.000000000000e-02
5.250900183831e-01 6.276932729314e-01 1.000000000000e-02
4.123651445475e+00 1.705348398263e+00 1.000000000000e-02
4.960005792037e+00 4.541013693536e+00 1.000000000000e-02
2.906675651808e-01 2.830515190413e+00 1.000000000000e-02
2.852123535063e+00 4.650666583974e+00 1.000000000000e-02
6.025694600756e+00 1.259475945319e+00 -1.000000000000e-02
6.171174224720e+00 2.459313990740e+00 -1.000000000000e-02
3.520368289775e+00 6.190734305205e+00 -1.000000000000e-02
2.945012273051e+00 2.204996640419e+00 -1.000000000000e-02
5.523715308530e+00 2.246332616150e+00 -1.000000000000e-02
1.491389728407e+00 5.110279336357e+00 -1.000000000000e-02
5.510869851490e+00 2.649281238643e+00 -1.000000000000e-02
5.011669799345e+00 3.592261082566e+00 -1.000000000000e-02
5.317892883311e+00 1.594271967695e+00 -1.000000000000e-02
3.087551988399e+00 6.724490006926e-01 -1.000000000000e-02
1.100935010527e+00 3.873503575658e+00 -1.000000000000e-02
4.322152904595e+00 2.527281501257e+00 -1.000000000000e-02
2.217036584700e-01 2.112063611129e+00 -1.000000000000e-02
5.055498640440e+00 5.928702608476e+00 -1.000000000000e-02
5.353791682133e+00 2.277349054958e-02 -1.000000000000e-02
2.365346710602e+00 5.318414961347e+00 -1.000000000000e-02
3.388740245963e+00 1.729370143352e+00 -1.000000000000e-02
3.968503508045e+00 5.261826789912e+00 -1.000000000000e-02
4.123641057194e+00 5.367019662935e+00 -1.000000000000e-02
2.041520794537e+00 5.358358233596e+00 -1.000000000000e-02
5.872065842093e+00 2.756967928992e+00 -1.000000000000e-02
1.488952513050e+00 2.423095667829e+00 -1.000000000000e-02
1.858389033032e+00 5.872653555412e+00 -1.000000000000e-02
2.892312855241e+00 8.563807741005e-01 -1.000000000000e-02
4.606158624278e+00 2.755520196631e+00 -1.000000000000e-02
2.836557425374e+00 5.252446409276e+00 -1.000000000000e-02
4.112877994251e+00 1.659804965184e+00 -1.000000000000e-02
3.558748707612e+00 1.309297424677e+00 -1.000000000000e-02
6.165778446633e-01 2.862184999265e+00 -1.000000000000e-02
3.275989234167e+00 4.670891739276e+00 -1.000000000000e-02
1.006271756500e+00 6.086605155546e+00 -1.000000000000e-02
1.773459965539e+00 3.444467449351e-01 -1.000000000000e-02
3.324905490028e+00 6.110702839039e+00 -1.000000000000e-02
2.987160826400e+00 1.772590406219e+00 -1.000000000000e-02
2.717751390367e+00 6.820190253689e-01 -1.000000000000e-02
4.657057476200e+00 6.170443503353e+00 -1.000000000000e-02
3.014135691951e+00 1.890702102103e+00 -1.000000000000e-02
1.166387486965e+00 1.244247975307e+00 -1.000000000000e-02
5.907929643465e+00 5.335579121031e+00 -1.000000000000e-02
5.458891555185e+00 3.596241450899e+00 -1.000000000000e-02
4.841949904005e+00 5.879817285271e+00 -1.000000000000e-02
4.728004385051e+00 5.912703578179e+00 -1.000000000000e-02
1.777791927966e+00 1.287691402043e+00 -1.000000000000e-02
2.720984046819e+00 2.243524674616e+00 -1.000000000000e-02
3.814662739502e+00 5.473319636398e+00 -1.000000000000e-02
2.683819945766e+00 4.126807379430e+00 -1.000000000000e-02
5.861744321999e+00 2.778788715078e+00 -1.000000000000e-02
2.566423168595e-01 3.219526071249e+00 -1.000000000000e-02
1.155323226103e+00 5.416093612033e+00 -1.000000000000e-02
5.865648936082e+00 4.281658368457e+00 -1.000000000000e-02
