8.599249558697e-02 6.304906848215e+00 1.000000000000e-02
3.891292868341e+00 6.933601981476e+00 1.000000000000e-02
3.936911274142e+00 5.200462337716e+00 1.000000000000e-02
3.744739026518e+00 3.909386668453e+00 1.000000000000e-02
3.951779029154e+00 4.053278051993e+00 1.000000000000e-02
5.072219417446e+00 -1.790596189421e-01 1.000000000000e-02
3.663132586201e+00 1.297540932498e+00 1.000000000000e-02
5.142388131414e+00 4.742663927053e+00 1.000000000000e-02
1.386262568208e+00 1.367948377944e+00 1.000000000000e-02
3.959868431686e+00 1.701895523212e+00 1.000000000000e-02
3.080554671126e+00 8.750809089917e-01 1.000000000000e-02
1.935030441158e-01 2.638250480385e+00 1.000000000000e-02
4.714414758024e+00 6.217198051564e+00 1.000000000000e-02
4.667959942436e+00 4.570038010665e+00 1.000000000000e-02
6.275490534957e+00 2.789466011202e-01 1.000000000000e-02
1.068435945391e+00 -1.234311160557e+00 1.000000000000e-02
3.577387655098e+00 -9.278464604609e-01 1.000000000000e-02
5.651348582781e+00 8.422959668308e+00 1.000000000000e-02
5.005681858714e+00 4.154056866599e+00 1.000000000000e-02
3.147233157144e-01 2.005437304403e+00 1.000000000000e-02
1.687916427856e+00 8.319096990562e+00 1.000000000000e-02
3.292352624158e+00 -8.365558419529e-02 1.000000000000e-02
5.560933799587e-01 6.627327098090e+00 1.000000000000e-02
4.591510019309e+00 5.976820136012e+00 1.000000000000e-02
5.097070399094e+00 5.938685428464e+00 1.000000000000e-02
2.308743268042e+00 1.278836411674e-03 1.000000000000e-02
4.834517702200e+00 -4.872200519439e-01 1.000000000000e-02
4.003793579306e+00 3.951014907994e+00 1.000000000000e-02
5.509930883724e+00 2.597663968813e+00 1.000000000000e-02
5.010387104365e+00 1.459014436302e+00 1.000000000000e-02
3.210196465128e+00 3.293761251794e+00 1.000000000000e-02
4.521964909527e+00 7.868053662568e+00 1.000000000000e-02
1.308619049329e+00 4.095634903758e+00 1.000000000000e-02
2.002903492212e+00 2.677093594009e+00 1.000000000000e-02
6.255583007637e+00 4.072400508995e+00 1.000000000000e-02
1.382602074206e+00 -3.378376048980e-01 1.000000000000e-02
2.802458543205e+00 4.309149462635e+00 1.000000000000e-02
4.832504949074e+00 4.092795888637e+00 1.000000000000e-02
4.600000533159e-01 7.457950327838e+00 1.000000000000e-02
4.991193684899e+00 3.288302908925e-02 1.000000000000e-02
1.517797727987e+00 1.379528206730e+00 1.000000000000e-02
4.330769626736e+00 5.123627049132e+00 1.000000000000e-02
5.685646503548e+00 3.867930155745e+00 1.000000000000e-02
2.454016592578e+00 3.670338129691e+00 1.000000000000e-02
5.961578667500e+00 4.596688088990e+00 1.000000000000e-02
3.776858371613e-01 -1.754847638205e+00 1.000000000000e-02
4.129390077701e+00 3.885593321286e+00 1.000000000000e-02
2.357606308391e+00 4.160233039059e+00 1.000000000000e-02
4.929214596772e+00 6.373447290697e+00 1.000000000000e-02
1.688904028787e+00 3.879890373727e+00 1.000000000000e-02
6.280013513077e+00 4.619040774909e+00 -1.000000000000e-02
4.567824255748e+00 -3.096952582999e-01 -1.000000000000e-02
1.545240784001e+00 3.947685073048e+00 -1.000000000000e-02
7.677868216666e-01 7.118762722450e+00 -1.000000000000e-02
3.522748233768e+00 -8.541907778462e-01 -1.000000000000e-02
4.245760984785e+00 -1.788171699255e+00 -1.000000000000e-02
5.488273565398e+00 4.290655031842e+00 -1.000000000000e-02
3.113106314897e-01 4.513257752687e+00 -1.000000000000e-02
1.200014978010e+00 -1.239876702120e+00 -1.000000000000e-02
1.715834518123e+00 8.280242674910e+00 -1.000000000000e-02
4.724591751547e+00 2.772763314275e+00 -1.000000000000e-02
2.641397474409e+00 1.020219425597e+00 -1.000000000000e-02
4.882667572431e+00 7.570982654970e-01 -1.000000000000e-02
1.827624400303e+00 2.911172018422e+00 -1.000000000000e-02
4.962375828318e+00 1.411838912548e+00 -1.000000000000e-02
1.787253740777e+00 4.277488819159e+00 -1.000000000000e-02
1.187975083388e+00 1.714200600132e+00 -1.000000000000e-02
3.193992952576e+00 6.412669985848e+00 -1.000000000000e-02
3.562061175842e+00 4.304741083866e+00 -1.000000000000e-02
3.800426773726e+00 7.585148428486e+00 -1.000000000000e-02
2.217451153375e+00 3.704389379736e+00 -1.000000000000e-02
1.392227037893e+00 3.762552099811e+00 -1.000000000000e-02
1.597528679674e+00 3.942133634235e+00 -1.000000000000e-02
6.090197975533e+00 6.170551986792e+00 -1.000000000000e-02
1.832871794516e+00 3.005058221736e+00 -1.000000000000e-02
2.672604315425e+00 1.588073439775e+00 -1.000000000000e-02
6.271837072223e-01 5.849678667280e+00 -1.000000000000e-02
4.879536220158e+00 1.289229055290e-01 -1.000000000000e-02
5.607691697429e+00 1.160450700057e+00 -1.000000000000e-02
6.018816020464e-01 8.522289217786e+00 -1.000000000000e-02
5.272641551833e+00 7.134985213059e-01 -1.000000000000e-02
1.595906362849e-01 7.697330740064e-01 -1.000000000000e-02
5.577823577151e+00 2.394172424615e+00 -1.000000000000e-02
7.741998388772e-01 4.110121134134e+00 -1.000000000000e-02
5.573035891496e+00 7.069987797165e+00 -1.000000000000e-02
7.326670349755e-01 -8.459408726767e-02 -1.000000000000e-02
2.581973664411e+00 3.585605495366e+00 -1.000000000000e-02
2.387271123780e-01 6.503098543106e+00 -1.000000000000e-02
5.407744426272e+00 4.079582349024e+00 -1.000000000000e-02
7.084490722397e-01 4.382528963353e+00 -1.000000000000e-02
6.082577132613e-01 4.984813848801e+00 -1.000000000000e-02
3.968331271262e+00 5.061656200820e+00 -1.000000000000e-02
3.628206426651e+00 8.574655639648e-01 -1.000000000000e-02
1.952043305735e+00 1.279365253924e+00 -1.000000000000e-02
5.857918023985e+00 5.464702130943e-02 -1.000000000000e-02
1.244298205977e+00 5.307833229676e+00 -1.000000000000e-02
5.200546948024e+00 2.487186220048e+00 -1.000000000000e-02
4.354202122122e+00 4.846390953407e+00 -1.000000000000e-02
1.633117626252e+00 7.145257101458e+00 -1.000000000000e-02
5.906876702573e+00 4.266349691037e+00 -1.000000000000e-02
