2.083246247283e+00 6.490228536511e+00 1.000000000000e-02
5.475604289124e+00 6.140361949573e+00 1.000000000000e-02
4.530039864069e+00 4.457256170365e+00 1.000000000000e-02
4.252868678660e+00 3.530044746515e+00 1.000000000000e-02
4.189096095146e+00 3.436334949764e+00 1.000000000000e-02
3.188993571721e+00 1.690051710857e-01 1.000000000000e-02
4.007658722155e+00 1.448151295409e+00 1.000000000000e-02
6.210792375888e-01 6.261723639336e+00 1.000000000000e-02
8.629509137600e-01 1.116346320749e+00 1.000000000000e-02
4.043985861173e+00 1.992487909104e+00 1.000000000000e-02
1.662398903896e+00 6.323483727525e-01 1.000000000000e-02
6.217409231463e+00 2.849605354700e+00 1.000000000000e-02
1.044012576615e-01 6.406036641990e+00 1.000000000000e-02
4.798193738250e+00 4.569498724604e+00 1.000000000000e-02
4.666977898281e+00 2.154135316753e-01 1.000000000000e-02
4.608302179022e+00 5.586870944479e-01 1.000000000000e-02
5.331093724629e+00 -2.545770946849e-01 1.000000000000e-02
5.751459395211e+00 8.471988485022e+00 1.000000000000e-02
5.148196135739e+00 4.976125916287e+00 1.000000000000e-02
2.662388728260e-01 1.821997143806e+00 1.000000000000e-02
2.807919661820e+00 7.254263713373e+00 1.000000000000e-02
1.736090674396e+00 5.673149758267e-02 1.000000000000e-02
2.649750295327e+00 6.266103166874e+00 1.000000000000e-02
6.022128124985e+00 6.633499205862e+00 1.000000000000e-02
5.167469407609e-01 7.176523006138e+00 1.000000000000e-02
5.939728483724e-01 -1.774080533240e-01 1.000000000000e-02
1.107401785566e+00 -1.158314442229e+00 1.000000000000e-02
4.247882877653e+00 3.770701377650e+00 1.000000000000e-02
1.238675804107e-01 2.305097718375e+00 1.000000000000e-02
5.887783448649e+00 2.929541774479e+00 1.000000000000e-02
3.519538481884e+00 2.702439724305e+00 1.000000000000e-02
5.163305335605e+00 7.749083114102e+00 1.000000000000e-02
1.626256635140e+00 3.762946787900e+00 1.000000000000e-02
6.157571357303e-01 2.964883090187e+00 1.000000000000e-02
3.857359199669e-02 5.366367467175e+00 1.000000000000e-02
4.756080221139e+00 -8.252204355229e-01 1.000000000000e-02
2.700533959012e+00 3.300400656624e+00 1.000000000000e-02
5.263989450699e+00 5.095990331452e+00 1.000000000000e-02
5.316066651499e+00 7.121352870807e+00 1.000000000000e-02
2.171026769342e+00 -5.526310937366e-02 1.000000000000e-02
8.030874048606e-01 1.241411607546e+00 1.000000000000e-02
5.478962838901e+00 4.742223937395e+00 1.000000000000e-02
5.418705072557e+00 5.485520762028e+00 1.000000000000e-02
3.636862379426e+00 3.982538468721e+00 1.000000000000e-02
1.240911080547e+00 6.399405194054e+00 1.000000000000e-02
4.799575748050e+00 -1.778240929512e+00 1.000000000000e-02
4.383596511825e+00 3.732343749364e+00 1.000000000000e-02
2.859905766726e+00 2.723203077182e+00 1.000000000000e-02
6.010675477127e+00 6.368064584109e+00 1.000000000000e-02
1.999871594333e+00 3.623434874460e+00 1.000000000000e-02
1.458886497398e+00 5.831004838357e+00 -1.000000000000e-02
1.086174785551e+00 -1.077788066108e+00 -1.000000000000e-02
1.469633293586e+00 3.782204081226e+00 -1.000000000000e-02
4.726904525408e+00 6.896873291324e+00 -1.000000000000e-02
5.484035414064e+00 -2.137643634015e-01 -1.000000000000e-02
2.013459907100e+00 -1.812256353961e+00 -1.000000000000e-02
5.792095852533e+00 5.724696066440e+00 -1.000000000000e-02
1.357072765875e+00 6.043646962272e+00 -1.000000000000e-02
4.695351235144e+00 5.849651280809e-01 -1.000000000000e-02
2.521461030759e+00 7.225326655150e+00 -1.000000000000e-02
5.458928362163e+00 3.410231451124e+00 -1.000000000000e-02
1.340637598241e+00 8.019138310544e-01 -1.000000000000e-02
4.932923783156e+00 1.235301189478e+00 -1.000000000000e-02
8.735833746384e-01 3.133367517857e+00 -1.000000000000e-02
5.017279822476e+00 8.936999186114e-01 -1.000000000000e-02
1.757543732420e+00 3.236569696301e+00 -1.000000000000e-02
6.667842541687e-01 9.172136166143e-01 -1.000000000000e-02
4.012017076028e+00 5.620950761629e+00 -1.000000000000e-02
3.562413221650e+00 3.163969700654e+00 -1.000000000000e-02
2.783694252181e+00 7.743663420098e+00 -1.000000000000e-02
2.513530469555e+00 2.446244629940e+00 -1.000000000000e-02
2.115427941961e+00 3.361141301410e+00 -1.000000000000e-02
1.516654960018e+00 3.810569321519e+00 -1.000000000000e-02
1.905777011538e+00 6.408059732596e+00 -1.000000000000e-02
8.245915135165e-01 3.216018842410e+00 -1.000000000000e-02
2.104743494588e+00 1.296417377055e+00 -1.000000000000e-02
2.097598158525e+00 5.568883724509e+00 -1.000000000000e-02
2.295968989213e+00 1.536062329393e-01 -1.000000000000e-02
5.952993998626e+00 2.912135502076e+00 -1.000000000000e-02
1.637690306451e+00 8.613677914803e+00 -1.000000000000e-02
4.540421445150e+00 1.373177035942e+00 -1.000000000000e-02
5.337845113831e+00 4.304470741052e-01 -1.000000000000e-02
7.187337962817e-02 1.884225847248e+00 -1.000000000000e-02
8.479765264505e-01 5.107354641900e+00 -1.000000000000e-02
3.172509483903e+00 7.189263946546e+00 -1.000000000000e-02
4.686481312782e+00 -4.628339248302e-01 -1.000000000000e-02
3.737073765486e+00 3.846274320101e+00 -1.000000000000e-02
2.274347146783e+00 6.689170793964e+00 -1.000000000000e-02
5.963021781925e-01 5.987426671872e+00 -1.000000000000e-02
6.450618948921e-01 5.266667909145e+00 -1.000000000000e-02
1.319728281550e+00 5.059815318723e+00 -1.000000000000e-02
5.110280926823e+00 4.622398709573e+00 -1.000000000000e-02
3.237153519143e+00 9.103376828262e-01 -1.000000000000e-02
1.380603963314e+00 1.766145335502e+00 -1.000000000000e-02
4.097602761081e+00 9.071407517577e-02 -1.000000000000e-02
1.595448850737e+00 4.593749094487e+00 -1.000000000000e-02
5.479864050233e+00 2.540923044815e+00 -1.000000000000e-02
4.272375914200e+00 4.139422696227e+00 -1.000000000000e-02
4.442222315126e+00 6.590281873580e+00 -1.000000000000e-02
5.882053796363e+00 5.512259067550e+00 -1.000000000000e-02
