2.272520371414e+00 6.427482644906e+00 1.000000000000e-02
5.618621100836e+00 6.118392729015e+00 1.000000000000e-02
4.561237106085e+00 4.387356426974e+00 1.000000000000e-02
4.309866882116e+00 3.451979899240e+00 1.000000000000e-02
4.376614711929e+00 3.517463505590e+00 1.000000000000e-02
3.050415322347e+00 1.885549684372e-01 1.000000000000e-02
4.047131514132e+00 1.494505103597e+00 1.000000000000e-02
9.157741693016e-01 6.376094297113e+00 1.000000000000e-02
8.697532900475e-01 1.220598993260e+00 1.000000000000e-02
4.069145628382e+00 2.021510671803e+00 1.000000000000e-02
1.511163086466e+00 6.135596133270e-01 1.000000000000e-02
6.187517793258e+00 2.847225201027e+00 1.000000000000e-02
3.252640978701e-01 6.524983782981e+00 1.000000000000e-02
4.809489476827e+00 4.607253439514e+00 1.000000000000e-02
4.531589565379e+00 2.325546524379e-01 1.000000000000e-02
4.421897914909e+00 7.866786952369e-01 1.000000000000e-02
5.096802827868e+00 -1.536970471078e-01 1.000000000000e-02
5.824071609341e-01 8.487543157516e+00 1.000000000000e-02
5.296039096508e+00 4.954484422862e+00 1.000000000000e-02
2.355061472469e-01 1.737928859021e+00 1.000000000000e-02
3.132834619841e+00 7.230966630983e+00 1.000000000000e-02
1.597848185280e+00 5.066249976229e-02 1.000000000000e-02
2.768995088512e+00 6.227400174308e+00 1.000000000000e-02
6.165377370234e+00 6.619815738349e+00 1.000000000000e-02
8.349254959660e-01 7.251159104256e+00 1.000000000000e-02
4.290102833833e-01 -1.979162866421e-01 1.000000000000e-02
5.012852224248e-01 -1.164935633145e+00 1.000000000000e-02
4.169193764196e+00 3.598886575750e+00 1.000000000000e-02
1.318553079567e-01 2.311493112370e+00 1.000000000000e-02
5.966065292959e+00 3.155516758863e+00 1.000000000000e-02
3.511880806942e+00 2.672677799562e+00 1.000000000000e-02
5.674926974971e+00 7.698417334725e+00 1.000000000000e-02
1.491651803253e+00 3.550804089315e+00 1.000000000000e-02
5.177672073930e-01 3.113688315148e+00 1.000000000000e-02
1.318679674258e-01 5.467376289480e+00 1.000000000000e-02
4.386484912069e+00 -8.265684148801e-01 1.000000000000e-02
2.685664170053e+00 3.205679375942e+00 1.000000000000e-02
5.217095826742e+00 5.106194930622e+00 1.000000000000e-02
5.605174517936e+00 7.039444027281e+00 1.000000000000e-02
1.977176198786e+00 2.624627289439e-02 1.000000000000e-02
7.651615139745e-01 1.144246286204e+00 1.000000000000e-02
5.582239045786e+00 4.840485253397e+00 1.000000000000e-02
5.429787662015e+00 5.548699218365e+00 1.000000000000e-02
3.685242328120e+00 3.939831202958e+00 1.000000000000e-02
1.518344805095e+00 6.506130092522e+00 1.000000000000e-02
4.042933694839e+00 -1.779628418872e+00 1.000000000000e-02
4.239171367646e+00 3.789753543559e+00 1.000000000000e-02
2.893349317790e+00 2.628360752209e+00 1.000000000000e-02
6.274618447503e+00 6.383199075748e+00 1.000000000000e-02
2.043088711285e+00 3.543678287579e+00 1.000000000000e-02
1.571997557603e+00 5.867015067137e+00 -1.000000000000e-02
5.125217092713e-01 -1.086118322560e+00 -1.000000000000e-02
1.420389964433e+00 3.659827254169e+00 -1.000000000000e-02
4.971527193231e+00 6.775262685588e+00 -1.000000000000e-02
5.253080758195e+00 -1.217810463023e-01 -1.000000000000e-02
1.240380802668e+00 -1.811403761923e+00 -1.000000000000e-02
5.984224171383e+00 5.792027326875e+00 -1.000000000000e-02
1.639895205044e+00 6.117992204428e+00 -1.000000000000e-02
4.503682550681e+00 8.285361252249e-01 -1.000000000000e-02
2.850638933910e+00 7.193423134389e+00 -1.000000000000e-02
5.496113684063e+00 3.464292590859e+00 -1.000000000000e-02
1.232502864221e+00 7.861933662542e-01 -1.000000000000e-02
4.957490737436e+00 1.232925996764e+00 -1.000000000000e-02
7.940575636640e-01 3.324599831083e+00 -1.000000000000e-02
4.926722872392e+00 9.004399334710e-01 -1.000000000000e-02
1.745176629507e+00 3.198899597900e+00 -1.000000000000e-02
6.739526108643e-01 8.800879888284e-01 -1.000000000000e-02
4.031051005811e+00 5.559638814917e+00 -1.000000000000e-02
3.551327772278e+00 3.107537046742e+00 -1.000000000000e-02
3.347000915746e+00 7.731189205722e+00 -1.000000000000e-02
2.533313900801e+00 2.359211704909e+00 -1.000000000000e-02
2.153553763205e+00 3.255404816392e+00 -1.000000000000e-02
1.421945379941e+00 3.714125588732e+00 -1.000000000000e-02
2.133945707935e+00 6.342010917911e+00 -1.000000000000e-02
7.716914227879e-01 3.233060260753e+00 -1.000000000000e-02
2.033140004626e+00 1.296014755820e+00 -1.000000000000e-02
2.171636261473e+00 5.502373532690e+00 -1.000000000000e-02
2.102520696280e+00 2.245001397783e-01 -1.000000000000e-02
6.019188454982e+00 3.130101847974e+00 -1.000000000000e-02
2.983986711913e+00 8.635998833898e+00 -1.000000000000e-02
4.583376430427e+00 1.472562205302e+00 -1.000000000000e-02
5.200551295857e+00 4.183967511306e-01 -1.000000000000e-02
5.903873235371e-02 1.785969738680e+00 -1.000000000000e-02
8.706785015564e-01 5.194405054154e+00 -1.000000000000e-02
3.476395362404e+00 7.180868199944e+00 -1.000000000000e-02
4.408414066877e+00 -4.700726164657e-01 -1.000000000000e-02
3.785542152278e+00 3.776548238504e+00 -1.000000000000e-02
2.440135457248e+00 6.703426783074e+00 -1.000000000000e-02
8.750056755327e-01 6.107344478581e+00 -1.000000000000e-02
7.924362342443e-01 5.431389847431e+00 -1.000000000000e-02
1.365506468332e+00 5.066704230143e+00 -1.000000000000e-02
5.225713213241e+00 4.657993429178e+00 -1.000000000000e-02
3.175162106567e+00 9.067680649552e-01 -1.000000000000e-02
1.326762987861e+00 1.805104939408e+00 -1.000000000000e-02
3.966679148400e+00 1.000793029307e-01 -1.000000000000e-02
1.583593318800e+00 4.562162111291e+00 -1.000000000000e-02
5.504818127185e+00 2.547367820992e+00 -1.000000000000e-02
4.201681533260e+00 4.068337365223e+00 -1.000000000000e-02
4.581836587760e+00 6.537515692785e+00 -1.000000000000e-02
5.900097144535e+00 5.595034419422e+00 -1.000000000000e-02
