2.924713148341e+00 4.994177696278e+00 1.000000000000e-02
2.042154705464e+00 5.827979761268e+00 1.000000000000e-02
5.745615320288e+00 2.471944542320e+00 1.000000000000e-02
4.625620582692e+00 1.150752769444e+00 1.000000000000e-02
3.299234915302e+00 1.111692109399e+00 1.000000000000e-02
3.649553221557e-01 -4.947129381107e-01 1.000000000000e-02
7.980431770691e-01 1.088410091829e+00 1.000000000000e-02
4.671579451903e+00 1.383084930531e+00 1.000000000000e-02
2.839902890969e+00 2.926558572768e+00 1.000000000000e-02
3.294604040705e+00 2.120139047407e+00 1.000000000000e-02
4.769320635841e-01 2.713982251188e+00 1.000000000000e-02
2.286865053477e+00 4.382276474036e+00 1.000000000000e-02
5.094036760678e+00 3.925339010252e+00 1.000000000000e-02
3.788019515971e-01 3.445361754118e+00 1.000000000000e-02
3.029075709965e+00 -8.264225490679e-01 1.000000000000e-02
1.719620249547e+00 5.269049409157e+00 1.000000000000e-02
3.251997400344e+00 2.056921958072e+00 1.000000000000e-02
2.741588533752e+00 7.536125034103e+00 1.000000000000e-02
5.387421973816e+00 8.433159220794e+00 1.000000000000e-02
5.590379919768e+00 1.634607244879e+00 1.000000000000e-02
2.852694910876e+00 8.123745595677e+00 1.000000000000e-02
4.499466754277e+00 -1.623526157467e+00 1.000000000000e-02
5.778888884984e+00 2.641081914516e+00 1.000000000000e-02
4.649591344534e+00 6.766095033679e+00 1.000000000000e-02
2.582899448093e+00 6.496997026660e+00 1.000000000000e-02
5.531871402922e+00 -1.361282717926e+00 1.000000000000e-02
1.628003410327e+00 -4.838682089844e-01 1.000000000000e-02
3.410213585034e+00 1.072567075646e+00 1.000000000000e-02
4.703843133822e+00 5.033105679551e+00 1.000000000000e-02
4.601973294379e+00 4.329209799747e+00 1.000000000000e-02
5.408501653660e+00 -1.548495079614e+00 1.000000000000e-02
4.479739059814e-01 6.097977580969e+00 1.000000000000e-02
1.807049916751e+00 3.049147563299e+00 1.000000000000e-02
4.822338577826e+00 5.321719146996e+00 1.000000000000e-02
1.691264101557e+00 3.236831617481e+00 1.000000000000e-02
4.892561331873e-01 5.045832498985e-01 1.000000000000e-02
4.082907964777e+00 6.830644977542e-01 1.000000000000e-02
2.712315518833e+00 7.058394152174e+00 1.000000000000e-02
4.373701061192e+00 7.452844201413e+00 1.000000000000e-02
1.783495278991e+00 -1.146109181423e+00 1.000000000000e-02
2.954659016510e+00 2.989186698728e+00 1.000000000000e-02
1.523524324788e+00 7.219660504119e+00 1.000000000000e-02
2.434746242915e+00 6.632103253765e+00 1.000000000000e-02
4.561202877903e+00 2.748084733465e+00 1.000000000000e-02
3.873181328656e+00 5.952332871383e+00 1.000000000000e-02
4.357224022816e+00 4.194692504060e-02 1.000000000000e-02
4.243483015481e+00 1.678558591029e+00 1.000000000000e-02
1.456593786064e+00 1.806025488761e+00 1.000000000000e-02
4.523048927576e+00 6.476073348576e+00 1.000000000000e-02
1.028143749571e-01 2.024638282161e+00 1.000000000000e-02
5.727302978342e+00 5.886107619869e+00 -1.000000000000e-02
3.560176069589e+00 -1.244932383713e+00 -1.000000000000e-02
1.576961896815e+00 3.033588425846e+00 -1.000000000000e-02
2.822416409989e-01 6.741247705120e+00 -1.000000000000e-02
2.774425541862e+00 1.019497987890e+00 -1.000000000000e-02
7.309130891312e-01 -1.437002465719e+00 -1.000000000000e-02
5.718671955034e+00 4.825029822106e+00 -1.000000000000e-02
3.975258678640e+00 5.248554830267e+00 -1.000000000000e-02
9.044731396971e-01 1.623464487071e-02 -1.000000000000e-02
3.755817606328e+00 6.664924941817e+00 -1.000000000000e-02
1.487892048411e+00 4.432442674299e+00 -1.000000000000e-02
2.733700646876e+00 8.619781408564e-01 -1.000000000000e-02
5.373895054760e+00 -2.825863574814e-01 -1.000000000000e-02
4.841010082339e+00 4.209499580217e+00 -1.000000000000e-02
4.111954001244e+00 4.550528897568e+00 -1.000000000000e-02
3.695390545020e+00 3.113056464912e+00 -1.000000000000e-02
2.203109104808e+00 1.176710959086e-01 -1.000000000000e-02
6.508433694395e-01 3.500393550021e+00 -1.000000000000e-02
1.066520695068e+00 1.553368686181e+00 -1.000000000000e-02
3.794233600472e+00 5.505573404764e+00 -1.000000000000e-02
3.950075554781e+00 5.768257024099e-01 -1.000000000000e-02
6.108846011841e+00 -1.651477661698e+00 -1.000000000000e-02
1.628918837087e+00 3.000073132892e+00 -1.000000000000e-02
5.407730002731e+00 3.573979697770e+00 -1.000000000000e-02
4.743871281380e+00 4.187323309544e+00 -1.000000000000e-02
3.806142225300e+00 3.755529326959e+00 -1.000000000000e-02
5.920710101708e+00 3.206970797404e+00 -1.000000000000e-02
1.832017019915e+00 1.345650581345e-01 -1.000000000000e-02
2.412254712616e+00 5.943496382846e+00 -1.000000000000e-02
1.957428012110e+00 8.257211179707e+00 -1.000000000000e-02
1.865320301532e+00 5.417412774338e+00 -1.000000000000e-02
4.763161487951e+00 3.254456605349e-01 -1.000000000000e-02
5.791358187810e+00 -1.502761037748e+00 -1.000000000000e-02
2.563375334696e+00 1.218863792731e+00 -1.000000000000e-02
5.972102114089e+00 8.510769491335e+00 -1.000000000000e-02
9.291569676155e-01 1.200566048404e+00 -1.000000000000e-02
4.547986887681e+00 4.422269040534e+00 -1.000000000000e-02
7.267300403480e-01 7.148219932335e+00 -1.000000000000e-02
3.731347158992e+00 2.256568166286e+00 -1.000000000000e-02
3.375310185038e+00 3.751577034765e+00 -1.000000000000e-02
4.254612753331e-01 5.637336795438e+00 -1.000000000000e-02
1.034448777873e+00 7.671700793495e+00 -1.000000000000e-02
6.229042292989e+00 1.840276790135e+00 -1.000000000000e-02
8.400487661026e-01 3.229576352553e+00 -1.000000000000e-02
2.388680818203e-01 6.199169483817e-01 -1.000000000000e-02
1.152084058700e+00 3.080541401086e+00 -1.000000000000e-02
5.332564325516e+00 2.589971355115e+00 -1.000000000000e-02
4.049037612983e+00 1.164828092701e+00 -1.000000000000e-02
7.768670850989e-01 7.378674994417e+00 -1.000000000000e-02
1.069794911697e+00 5.178766749061e+00 -1.000000000000e-02
