3.599716882147e+00 4.569594999074e+00 1.000000000000e-02
2.265934535260e+00 5.957411434089e+00 1.000000000000e-02
4.303716299604e+00 4.295034366879e+00 1.000000000000e-02
4.610443863572e+00 3.210942797814e+00 1.000000000000e-02
4.496950800890e+00 3.283738987392e+00 1.000000000000e-02
1.362729373698e+00 7.272320678199e-01 1.000000000000e-02
5.807935661181e+00 1.856412341689e+00 1.000000000000e-02
4.522100909047e+00 5.084733354561e+00 1.000000000000e-02
4.730917615521e-01 1.475380243033e+00 1.000000000000e-02
4.425472815858e+00 2.123170857454e+00 1.000000000000e-02
4.332134403113e+00 -5.277167070403e-02 1.000000000000e-02
6.145569018383e+00 2.985547466418e+00 1.000000000000e-02
4.153502316622e+00 6.625976448807e+00 1.000000000000e-02
4.338002825842e+00 3.977087089320e+00 1.000000000000e-02
2.809257665359e+00 1.251709071528e-01 1.000000000000e-02
4.899196039658e+00 2.182211911433e+00 1.000000000000e-02
4.840032755111e+00 3.117424067027e+00 1.000000000000e-02
6.201241194682e+00 8.516637407338e+00 1.000000000000e-02
5.933497119913e+00 6.111859513161e+00 1.000000000000e-02
5.007231505866e+00 -1.961592121474e-01 1.000000000000e-02
3.675487570090e+00 7.786930789498e+00 1.000000000000e-02
5.996539677266e+00 3.237499991384e-01 1.000000000000e-02
4.462533601996e+00 5.484937079386e+00 1.000000000000e-02
3.658844754210e+00 6.263141073162e+00 1.000000000000e-02
1.854631777288e+00 7.737996639513e+00 1.000000000000e-02
3.592080071584e+00 -5.121772007528e-01 1.000000000000e-02
2.110015917154e+00 -3.122802342688e-01 1.000000000000e-02
4.678330207788e+00 3.324623261296e+00 1.000000000000e-02
2.079568022259e-01 3.043659411291e+00 1.000000000000e-02
4.710903675108e+00 8.435885071155e+00 1.000000000000e-02
2.653163256113e+00 2.178868086221e+00 1.000000000000e-02
6.111890827043e-01 7.809104991606e+00 1.000000000000e-02
1.249733996313e+00 4.197773061682e+00 1.000000000000e-02
1.664433461537e+00 4.678605408467e+00 1.000000000000e-02
2.076168298501e+00 5.417495061804e+00 1.000000000000e-02
5.659612846346e-01 -2.589082273973e-01 1.000000000000e-02
2.818992444788e+00 1.779043874043e+00 1.000000000000e-02
6.082713342241e+00 6.069668230032e+00 1.000000000000e-02
2.235170451477e+00 6.444175513547e+00 1.000000000000e-02
5.679492080157e+00 5.964355594416e-01 1.000000000000e-02
4.726156048976e-01 1.609919268634e+00 1.000000000000e-02
5.774549541488e+00 6.564551855744e+00 1.000000000000e-02
6.004143036657e+00 5.478409869265e+00 1.000000000000e-02
3.836618073838e+00 3.253580454563e+00 1.000000000000e-02
5.558400703077e+00 7.059521711289e+00 1.000000000000e-02
5.195750448203e+00 -1.778294119354e+00 1.000000000000e-02
4.771437115803e+00 2.904400633827e+00 1.000000000000e-02
3.423737268361e+00 1.739974644230e+00 1.000000000000e-02
3.921406466917e+00 6.691243829932e+00 1.000000000000e-02
2.076873825428e+00 2.529258468641e+00 1.000000000000e-02
4.029471487377e+00 4.850891051062e+00 -1.000000000000e-02
2.561719528496e+00 -1.851710867742e-01 -1.000000000000e-02
1.102201238960e+00 4.143774139701e+00 -1.000000000000e-02
6.263516118426e+00 6.623043519857e+00 -1.000000000000e-02
4.874075981276e+00 3.272631367186e+00 -1.000000000000e-02
1.934283270432e+00 -1.831280667409e+00 -1.000000000000e-02
1.743163270456e+00 5.783125937649e+00 -1.000000000000e-02
3.715380867519e+00 5.212490835714e+00 -1.000000000000e-02
5.687015230812e+00 1.625175369087e+00 -1.000000000000e-02
1.652923515675e+00 7.150654007434e+00 -1.000000000000e-02
5.789380243244e+00 4.442678317953e+00 -1.000000000000e-02
4.377565948648e+00 5.507899519449e-02 -1.000000000000e-02
4.382720507758e+00 1.029259787975e+00 -1.000000000000e-02
1.405077236110e+00 4.556498520482e+00 -1.000000000000e-02
4.942173150180e+00 1.483487005922e+00 -1.000000000000e-02
1.406417008099e+00 2.722292006081e+00 -1.000000000000e-02
3.413374615815e-01 9.244416292208e-01 -1.000000000000e-02
4.012530892689e+00 4.554062187662e+00 -1.000000000000e-02
2.706982728128e+00 2.518371426767e+00 -1.000000000000e-02
4.779403824848e+00 8.429054858540e+00 -1.000000000000e-02
2.923434335753e+00 1.408592606009e+00 -1.000000000000e-02
2.367659620356e+00 1.896849923740e+00 -1.000000000000e-02
1.116865337080e+00 4.089150092405e+00 -1.000000000000e-02
3.222671004335e+00 4.558977698824e+00 -1.000000000000e-02
1.402238918012e+00 4.652756425869e+00 -1.000000000000e-02
1.088123301303e+00 1.654867285529e+00 -1.000000000000e-02
2.618893708079e+00 4.959543603128e+00 -1.000000000000e-02
8.991753266016e-02 1.092053670095e+00 -1.000000000000e-02
3.701378654332e+00 7.218790805109e+00 -1.000000000000e-02
3.777522521781e+00 8.603250002330e+00 -1.000000000000e-02
5.404586274688e+00 2.056238991747e+00 -1.000000000000e-02
3.563740678072e+00 6.190127132819e-01 -1.000000000000e-02
4.822081826731e+00 -1.007038801582e-01 -1.000000000000e-02
3.560987141010e+00 5.826603104282e+00 -1.000000000000e-02
4.174286577110e+00 7.860397253592e+00 -1.000000000000e-02
1.570361844247e+00 2.633219181474e-01 -1.000000000000e-02
4.679571256933e+00 2.576738772163e+00 -1.000000000000e-02
6.624210502190e-01 7.424829708553e+00 -1.000000000000e-02
3.511196795339e+00 4.835594851939e+00 -1.000000000000e-02
3.800540041527e+00 5.756255871323e+00 -1.000000000000e-02
2.691553641798e+00 5.620251851662e+00 -1.000000000000e-02
6.169735328551e+00 6.869503729564e+00 -1.000000000000e-02
2.248447928691e+00 9.230672623723e-01 -1.000000000000e-02
7.121792727132e-01 2.579553384526e+00 -1.000000000000e-02
1.754697435704e+00 -1.881831109620e-01 -1.000000000000e-02
1.751480892132e+00 4.372251528422e+00 -1.000000000000e-02
6.018876736230e+00 2.583680045796e+00 -1.000000000000e-02
4.104807513835e+00 3.028787791860e+00 -1.000000000000e-02
4.950315717375e-01 6.755147570258e+00 -1.000000000000e-02
1.687141539591e+00 5.377264252256e+00 -1.000000000000e-02
