2.850070105748e+00 4.949917530841e+00 1.000000000000e-02
1.849982763920e+00 5.853204620867e+00 1.000000000000e-02
5.797563583071e+00 2.591881704629e+00 1.000000000000e-02
4.571004668678e+00 1.207065522380e+00 1.000000000000e-02
3.413050899336e+00 1.192160442159e+00 1.000000000000e-02
6.455956436762e-01 -5.232191552529e-01 1.000000000000e-02
9.601525387405e-01 9.561408887890e-01 1.000000000000e-02
4.763261371221e+00 1.323344298112e+00 1.000000000000e-02
2.995726727965e+00 3.000805079678e+00 1.000000000000e-02
3.353124537772e+00 2.077220991305e+00 1.000000000000e-02
5.753198315606e-01 2.642402202477e+00 1.000000000000e-02
2.244983138572e+00 4.422653374219e+00 1.000000000000e-02
5.138955472742e+00 3.960128970590e+00 1.000000000000e-02
4.428729418835e-01 3.323881625921e+00 1.000000000000e-02
3.407043357307e+00 -8.280701944015e-01 1.000000000000e-02
1.674909260778e+00 5.286102181985e+00 1.000000000000e-02
3.279539334466e+00 2.099716040484e+00 1.000000000000e-02
2.201105454443e+00 7.567909638666e+00 1.000000000000e-02
4.071061084438e+00 8.349385817574e+00 1.000000000000e-02
5.630597791351e+00 1.573423176259e+00 1.000000000000e-02
1.868260957438e+00 8.178302770006e+00 1.000000000000e-02
5.316972981820e+00 -1.603027519610e+00 1.000000000000e-02
5.962339356855e+00 2.569174185433e+00 1.000000000000e-02
4.406461082514e+00 6.673343948358e+00 1.000000000000e-02
2.189772979828e+00 6.491172189717e+00 1.000000000000e-02
6.262520396137e+00 -1.577152643645e+00 1.000000000000e-02
1.983954717414e+00 -4.737953746352e-01 1.000000000000e-02
3.299217133857e+00 1.219495135334e+00 1.000000000000e-02
4.505946501026e+00 5.072607182747e+00 1.000000000000e-02
4.604946561121e+00 4.258669508461e+00 1.000000000000e-02
6.119571964351e+00 -1.551730155684e+00 1.000000000000e-02
2.721481395705e-01 6.134337589056e+00 1.000000000000e-02
1.701469689536e+00 3.303397121199e+00 1.000000000000e-02
4.729365024746e+00 5.255700668027e+00 1.000000000000e-02
1.614961374835e+00 3.459555637636e+00 1.000000000000e-02
6.091908907666e-01 5.281259015325e-01 1.000000000000e-02
4.063437659276e+00 8.134033646451e-01 1.000000000000e-02
2.356500051528e+00 7.045285395440e+00 1.000000000000e-02
3.859872069439e+00 7.425727029029e+00 1.000000000000e-02
2.289965535951e+00 -1.122956040857e+00 1.000000000000e-02
2.950512407745e+00 2.875415588650e+00 1.000000000000e-02
1.086957930253e+00 7.378361464091e+00 1.000000000000e-02
2.174382158866e+00 6.727084982900e+00 1.000000000000e-02
4.672319114031e+00 2.747423108639e+00 1.000000000000e-02
3.633216694133e+00 5.951357797477e+00 1.000000000000e-02
4.516502984953e+00 8.716839358288e-03 1.000000000000e-02
4.325704264125e+00 1.730499643088e+00 1.000000000000e-02
1.455141502939e+00 1.832932509173e+00 1.000000000000e-02
4.218311250843e+00 6.473170594594e+00 1.000000000000e-02
6.143140519945e-02 2.013854401358e+00 1.000000000000e-02
5.578492644539e+00 5.823637305007e+00 -1.000000000000e-02
4.115526540756e+00 -1.244615720744e+00 -1.000000000000e-02
1.508530283320e+00 3.300345309827e+00 -1.000000000000e-02
6.277241725380e-02 6.728514340119e+00 -1.000000000000e-02
2.719452033790e+00 1.160413206636e+00 -1.000000000000e-02
1.394289731571e+00 -1.408540202443e+00 -1.000000000000e-02
5.666342797323e+00 4.801802538636e+00 -1.000000000000e-02
3.850028016945e+00 5.280222005262e+00 -1.000000000000e-02
1.096154075486e+00 -2.753713638418e-02 -1.000000000000e-02
3.471226204889e+00 6.664259562908e+00 -1.000000000000e-02
1.454464123492e+00 4.508848677271e+00 -1.000000000000e-02
2.879992245440e+00 1.057014204661e+00 -1.000000000000e-02
5.606698355683e+00 -2.981132222376e-01 -1.000000000000e-02
4.776576216594e+00 4.135975636160e+00 -1.000000000000e-02
4.030535608577e+00 4.516542239626e+00 -1.000000000000e-02
3.820295884836e+00 3.077089532839e+00 -1.000000000000e-02
2.404004758084e+00 1.804012826593e-01 -1.000000000000e-02
6.617306910529e-01 3.352476094550e+00 -1.000000000000e-02
1.059434298030e+00 1.552696461643e+00 -1.000000000000e-02
3.569585514059e+00 5.441600734682e+00 -1.000000000000e-02
3.935628547659e+00 7.039594707073e-01 -1.000000000000e-02
6.831625141022e-01 -1.674130502049e+00 -1.000000000000e-02
1.539162437834e+00 3.246418566916e+00 -1.000000000000e-02
5.447698074265e+00 3.547747971746e+00 -1.000000000000e-02
4.784382144687e+00 4.238741467362e+00 -1.000000000000e-02
3.833852176557e+00 3.750221972208e+00 -1.000000000000e-02
6.038908528680e+00 3.220368044803e+00 -1.000000000000e-02
2.053373053738e+00 8.511896589680e-02 -1.000000000000e-02
2.193094379916e+00 5.937683843914e+00 -1.000000000000e-02
7.328565068676e-01 8.345598830827e+00 -1.000000000000e-02
1.795134141096e+00 5.418868679179e+00 -1.000000000000e-02
4.859297419128e+00 2.692843581402e-01 -1.000000000000e-02
2.697760204636e-01 -1.694675153518e+00 -1.000000000000e-02
2.505313101582e+00 1.187134492390e+00 -1.000000000000e-02
4.527803969397e+00 8.427320328292e+00 -1.000000000000e-02
1.091107994895e+00 1.075336832962e+00 -1.000000000000e-02
4.540300940432e+00 4.447230310593e+00 -1.000000000000e-02
4.096361719794e-01 7.254039687750e+00 -1.000000000000e-02
3.839991564092e+00 2.213676229098e+00 -1.000000000000e-02
3.417094349451e+00 3.639094811554e+00 -1.000000000000e-02
2.728484218957e-01 5.659313671374e+00 -1.000000000000e-02
2.719437694885e-01 7.749606250215e+00 -1.000000000000e-02
6.191074835961e+00 1.821109046945e+00 -1.000000000000e-02
9.141112516139e-01 3.159800344594e+00 -1.000000000000e-02
3.513866526916e-01 6.504263252817e-01 -1.000000000000e-02
1.222576066443e+00 3.110779125006e+00 -1.000000000000e-02
5.457117687810e+00 2.640945575628e+00 -1.000000000000e-02
4.072395496133e+00 1.226269222868e+00 -1.000000000000e-02
2.267652014257e-01 7.375119063735e+00 -1.000000000000e-02
9.781284024561e-01 5.246142383429e+00 -1.000000000000e-02
