2.288227902463e+00 4.451025525568e+00 1.000000000000e-02
4.601215689371e+00 6.018786811246e+00 1.000000000000e-02
1.795649444966e+00 2.630805293347e+00 1.000000000000e-02
5.964323299767e+00 1.966062105089e+00 1.000000000000e-02
3.399759013274e+00 2.580945360222e+00 1.000000000000e-02
4.965453280119e+00 4.056056000739e-01 1.000000000000e-02
4.809386649528e+00 -1.258994486211e-01 1.000000000000e-02
5.699107971443e+00 1.827739050923e+00 1.000000000000e-02
4.596928799343e+00 2.185727478601e+00 1.000000000000e-02
2.968995711091e+00 2.696873644398e+00 1.000000000000e-02
1.334164592235e+00 2.033648357481e+00 1.000000000000e-02
1.982003362111e+00 5.025950542984e+00 1.000000000000e-02
5.540435480533e+00 5.726997317171e+00 1.000000000000e-02
1.215963994103e+00 1.770862509808e+00 1.000000000000e-02
4.160397911239e+00 -1.427587467285e+00 1.000000000000e-02
1.191966161231e+00 5.031906923196e+00 1.000000000000e-02
2.961280398332e+00 2.772606402382e+00 1.000000000000e-02
2.915906683436e+00 7.794676985686e+00 1.000000000000e-02
3.335133617890e+00 8.255639285019e+00 1.000000000000e-02
4.466386335901e-01 8.706996296765e-01 1.000000000000e-02
1.084484887123e+00 8.439728581649e+00 1.000000000000e-02
2.296829930102e+00 -1.187789653496e+00 1.000000000000e-02
1.853420059976e+00 2.791334778842e+00 1.000000000000e-02
1.442375819058e+00 6.128689251023e+00 1.000000000000e-02
2.594087196027e+00 7.365391699892e+00 1.000000000000e-02
2.019024006697e+00 -1.045512946037e+00 1.000000000000e-02
5.571741952356e+00 6.531939030333e-02 1.000000000000e-02
3.494426589233e+00 2.649952776961e+00 1.000000000000e-02
2.917750958156e+00 4.792948257637e+00 1.000000000000e-02
5.464079113332e+00 4.956085330771e+00 1.000000000000e-02
1.411965195877e+00 -1.751761694559e+00 1.000000000000e-02
2.627449740119e+00 6.505641816566e+00 1.000000000000e-02
5.774689783285e+00 5.288187927541e+00 1.000000000000e-02
3.174104364845e+00 4.708417248610e+00 1.000000000000e-02
5.305547560302e+00 5.336458307730e+00 1.000000000000e-02
2.081942611223e+00 1.069831800559e+00 1.000000000000e-02
4.006121674949e+00 1.900480226382e+00 1.000000000000e-02
3.616274945778e+00 6.609467633364e+00 1.000000000000e-02
4.761696187594e+00 6.357920787972e+00 1.000000000000e-02
2.908124856820e+00 -1.077936774502e+00 1.000000000000e-02
4.571947058233e+00 2.057218477899e+00 1.000000000000e-02
4.851355487575e+00 6.649034263676e+00 1.000000000000e-02
3.745878066603e+00 6.488417517924e+00 1.000000000000e-02
2.242259592276e-01 2.751586504825e+00 1.000000000000e-02
7.887215131085e-01 6.679375016464e+00 1.000000000000e-02
3.668688547551e+00 -1.063648717142e+00 1.000000000000e-02
5.972826378616e+00 2.874985433522e+00 1.000000000000e-02
2.430798459038e+00 1.645310394196e+00 1.000000000000e-02
1.272897419131e+00 6.360534217857e+00 1.000000000000e-02
6.217972671142e+00 1.610680324583e+00 1.000000000000e-02
3.819181237428e+00 5.007793879638e+00 -1.000000000000e-02
3.681628690263e-01 -1.204824765545e+00 -1.000000000000e-02
5.448725060403e+00 5.359119460307e+00 -1.000000000000e-02
1.316918145451e+00 7.106805924269e+00 -1.000000000000e-02
2.502238420009e+00 2.326687081039e+00 -1.000000000000e-02
5.574687896432e+00 -1.635898632164e+00 -1.000000000000e-02
5.277889904539e+00 5.733509458165e+00 -1.000000000000e-02
2.459695345745e+00 5.124547637444e+00 -1.000000000000e-02
4.879733084501e+00 -6.762720703954e-02 -1.000000000000e-02
5.939837728273e+00 6.850199693307e+00 -1.000000000000e-02
5.555755104648e-01 5.323053874639e+00 -1.000000000000e-02
2.332392068661e+00 2.300580044915e+00 -1.000000000000e-02
3.944343682570e+00 -1.009276550414e+00 -1.000000000000e-02
4.976033128323e+00 4.905644025018e+00 -1.000000000000e-02
3.812989602377e+00 3.778009736454e+00 -1.000000000000e-02
4.957088372895e+00 3.391270010323e+00 -1.000000000000e-02
4.204923296339e+00 9.096208605766e-01 -1.000000000000e-02
2.288731101715e+00 1.749583376056e+00 -1.000000000000e-02
1.022503993734e+00 1.347995771805e+00 -1.000000000000e-02
2.144722125847e+00 5.179290973758e+00 -1.000000000000e-02
3.314551630159e+00 1.861117235737e+00 -1.000000000000e-02
2.086128842693e+00 -1.305866899055e+00 -1.000000000000e-02
5.466037662975e+00 5.305434856818e+00 -1.000000000000e-02
1.196081633412e-01 3.403306147064e+00 -1.000000000000e-02
4.895699056477e+00 4.961473775935e+00 -1.000000000000e-02
4.753690582996e+00 3.021726496089e+00 -1.000000000000e-02
1.247774472592e+00 3.079222503129e+00 -1.000000000000e-02
3.916098617192e+00 8.585128138310e-01 -1.000000000000e-02
6.083172821913e+00 5.508797042333e+00 -1.000000000000e-02
5.288077099459e+00 8.503823332515e+00 -1.000000000000e-02
1.670132335609e+00 5.154914741846e+00 -1.000000000000e-02
2.469188668906e+00 -4.171145972477e-01 -1.000000000000e-02
2.711824525315e+00 -1.470221033989e+00 -1.000000000000e-02
2.730103504623e+00 2.116166514585e+00 -1.000000000000e-02
2.951689239841e+00 8.280309292909e+00 -1.000000000000e-02
4.489999349020e+00 5.152050504363e-01 -1.000000000000e-02
3.147001184911e+00 3.903343363478e+00 -1.000000000000e-02
5.057083442213e+00 6.767437514221e+00 -1.000000000000e-02
5.867772568787e+00 2.318280866856e+00 -1.000000000000e-02
5.366254557305e+00 2.426153076040e+00 -1.000000000000e-02
3.388359350428e+00 5.691260858946e+00 -1.000000000000e-02
4.010420823189e+00 7.148614900025e+00 -1.000000000000e-02
3.274258085084e-02 1.310088008026e+00 -1.000000000000e-02
1.645289540393e+00 3.539921917571e+00 -1.000000000000e-02
1.720447034541e+00 1.160755599275e+00 -1.000000000000e-02
2.113091479845e+00 3.037524094714e+00 -1.000000000000e-02
1.299605068925e+00 3.331656448885e+00 -1.000000000000e-02
5.623119830527e+00 2.850330481066e+00 -1.000000000000e-02
4.653524668659e+00 7.091173797124e+00 -1.000000000000e-02
4.189350382016e+00 6.037062725991e+00 -1.000000000000e-02
