3.525254996487e+00 5.192937574566e+00 1.000000000000e-02
2.834063173040e+00 5.629650532102e+00 1.000000000000e-02
5.051764897776e+00 2.516492701631e+00 1.000000000000e-02
4.482515615690e+00 1.404098761907e+00 1.000000000000e-02
3.025055685410e+00 4.481969289508e-01 1.000000000000e-02
4.773421441248e+00 -6.334396744833e-01 1.000000000000e-02
1.144808527926e-01 1.771936714748e+00 1.000000000000e-02
4.725703463829e+00 1.340047758705e+00 1.000000000000e-02
2.514599556734e+00 3.082595820339e+00 1.000000000000e-02
2.825547243950e+00 2.042453368401e+00 1.000000000000e-02
6.267037021132e+00 3.097861711293e+00 1.000000000000e-02
2.408213922255e+00 4.227671055195e+00 1.000000000000e-02
4.204515717346e+00 3.963603431772e+00 1.000000000000e-02
3.503730020810e-01 4.026870246039e+00 1.000000000000e-02
5.738053678550e-01 -7.992507774583e-01 1.000000000000e-02
1.988384086244e+00 5.090736717441e+00 1.000000000000e-02
2.914021453860e+00 2.064039940594e+00 1.000000000000e-02
6.031264133431e+00 7.492456783678e+00 1.000000000000e-02
2.419539650575e+00 8.597001135736e+00 1.000000000000e-02
5.404871858451e+00 1.997531657583e+00 1.000000000000e-02
2.236759035088e+00 8.046896118705e+00 1.000000000000e-02
5.476462813563e+00 -1.556866473023e+00 1.000000000000e-02
5.065225763719e+00 2.345217876454e+00 1.000000000000e-02
3.025713001443e-01 7.015014117089e+00 1.000000000000e-02
4.067484539514e+00 6.195741154046e+00 1.000000000000e-02
3.211902959700e+00 -9.755909028556e-01 1.000000000000e-02
5.914812059660e+00 -2.544863727438e-01 1.000000000000e-02
3.129425209389e+00 3.985297449516e-01 1.000000000000e-02
5.658780042895e+00 5.190584249614e+00 1.000000000000e-02
2.934579554513e+00 2.167014942956e+00 1.000000000000e-02
1.718194547053e+00 -1.064114921183e+00 1.000000000000e-02
1.609701431693e+00 6.008967107904e+00 1.000000000000e-02
1.832726949382e+00 1.746850541230e+00 1.000000000000e-02
5.474904776079e+00 4.952155627228e+00 1.000000000000e-02
1.900694424070e+00 2.195810065355e+00 1.000000000000e-02
6.197085257137e+00 5.204299445327e-01 1.000000000000e-02
3.802546793359e+00 5.492863044312e-01 1.000000000000e-02
4.799158625138e+00 6.972436082737e+00 1.000000000000e-02
1.936440621424e+00 7.676028751179e+00 1.000000000000e-02
4.877398472159e+00 -1.188302898414e+00 1.000000000000e-02
2.383769105734e+00 3.064107854903e+00 1.000000000000e-02
2.910629889549e+00 6.620547133476e+00 1.000000000000e-02
4.018666158975e+00 6.401884687685e+00 1.000000000000e-02
3.892298511348e+00 2.758617065460e+00 1.000000000000e-02
5.228728985941e+00 5.852111827485e+00 1.000000000000e-02
3.309185326223e+00 -9.801245915990e-03 1.000000000000e-02
4.077277504650e+00 1.341575306307e+00 1.000000000000e-02
1.385766003112e+00 1.485931596763e+00 1.000000000000e-02
2.065247262394e-01 6.596225319200e+00 1.000000000000e-02
2.977554137635e-01 2.200944122175e+00 1.000000000000e-02
7.029910304726e-01 6.234856826357e+00 -1.000000000000e-02
6.245050515382e+00 -1.180194398882e+00 -1.000000000000e-02
1.620371050215e+00 1.905219309658e+00 -1.000000000000e-02
2.144468676722e+00 6.985723492295e+00 -1.000000000000e-02
2.291296667698e+00 4.925497774885e-01 -1.000000000000e-02
2.395352868294e+00 -1.584491339616e+00 -1.000000000000e-02
6.214019890518e+00 5.108327231147e+00 -1.000000000000e-02
4.954035994391e+00 5.336581650692e+00 -1.000000000000e-02
6.236169162296e+00 3.631446052607e-01 -1.000000000000e-02
5.505656771918e+00 6.655922317669e+00 -1.000000000000e-02
1.540724739104e+00 3.999416478589e+00 -1.000000000000e-02
2.415914906200e+00 5.884856102294e-01 -1.000000000000e-02
4.112464338217e+00 -2.600178705618e-01 -1.000000000000e-02
4.351762297900e+00 4.165328017090e+00 -1.000000000000e-02
4.648851476570e+00 4.623088444138e+00 -1.000000000000e-02
2.992979300064e+00 3.565060791694e+00 -1.000000000000e-02
6.867508240164e-01 2.111309195765e-01 -1.000000000000e-02
7.853417293272e-01 3.700126965647e+00 -1.000000000000e-02
9.839536152138e-01 1.388570275382e+00 -1.000000000000e-02
5.012942679352e+00 5.022003491685e+00 -1.000000000000e-02
3.349586559972e+00 2.000954391433e-01 -1.000000000000e-02
1.967784781557e+00 -1.123927430362e+00 -1.000000000000e-02
1.680314742252e+00 1.896728229684e+00 -1.000000000000e-02
5.188676698535e+00 3.602540814824e+00 -1.000000000000e-02
4.447702706899e+00 4.138203792514e+00 -1.000000000000e-02
3.443035025879e+00 3.787612009774e+00 -1.000000000000e-02
5.044604443312e+00 3.168366554159e+00 -1.000000000000e-02
1.049451608384e+00 2.905609865007e-01 -1.000000000000e-02
3.457085717041e+00 5.832865380835e+00 -1.000000000000e-02
1.785653397610e+00 8.037316871572e+00 -1.000000000000e-02
2.242907442797e+00 5.307562844839e+00 -1.000000000000e-02
4.479477812585e+00 5.271088374154e-01 -1.000000000000e-02
3.108742293632e+00 -1.170070814578e+00 -1.000000000000e-02
2.311425016153e+00 1.996941154606e-01 -1.000000000000e-02
3.522513257632e+00 8.660371888555e+00 -1.000000000000e-02
4.436391710963e-01 2.006287708360e+00 -1.000000000000e-02
2.855224854736e+00 2.156045213556e+00 -1.000000000000e-02
3.220495992438e+00 7.074314288803e+00 -1.000000000000e-02
2.928076248799e+00 2.538831571374e+00 -1.000000000000e-02
3.608855851189e+00 4.235936951187e+00 -1.000000000000e-02
1.419616390624e+00 5.544488085859e+00 -1.000000000000e-02
3.948529645806e+00 7.101573916517e+00 -1.000000000000e-02
6.256025180312e+00 1.944363455479e+00 -1.000000000000e-02
6.122837162364e-01 3.871433814711e+00 -1.000000000000e-02
5.822408605237e+00 5.397621069353e-01 -1.000000000000e-02
6.710708633774e-01 3.080455142181e+00 -1.000000000000e-02
4.758982949340e+00 2.214971672044e+00 -1.000000000000e-02
4.084117281624e+00 9.978374725359e-01 -1.000000000000e-02
2.842090734137e+00 7.001684808922e+00 -1.000000000000e-02
1.514648549636e+00 4.840464281859e+00 -1.000000000000e-02
