2.238128878324e+00 3.276715861964e+00 5.000000000000e-03
1.470060626860e+00 2.337142234840e+00 5.000000000000e-03
6.162630168915e+00 2.549277749368e+00 5.000000000000e-03
3.462038148653e+00 2.035104519953e+00 5.000000000000e-03
2.625960785117e+00 3.971050314233e+00 5.000000000000e-03
3.300036309865e+00 1.900444624689e+00 5.000000000000e-03
3.139602125489e+00 1.746859006476e+00 5.000000000000e-03
1.562794431475e+00 4.464974296332e+00 5.000000000000e-03
4.068191620145e+00 3.501782434737e+00 5.000000000000e-03
1.589839206992e+00 1.305449071808e-01 5.000000000000e-03
1.594079197012e+00 1.838041880292e+00 5.000000000000e-03
7.238819316925e-01 1.122460971660e+00 5.000000000000e-03
2.141540389732e+00 1.800131378880e+00 5.000000000000e-03
5.659471875423e+00 4.670864631772e+00 5.000000000000e-03
5.424722179018e+00 3.781809647979e+00 5.000000000000e-03
8.859605846566e-01 8.362393012259e-01 5.000000000000e-03
2.539886708779e-01 3.663881798388e+00 5.000000000000e-03
9.336176925792e-01 2.363207381740e+00 5.000000000000e-03
2.767089986384e+00 6.249761260389e+00 5.000000000000e-03
2.622361058560e+00 1.048629196863e+00 5.000000000000e-03
1.869757152232e+00 1.021563099987e+00 5.000000000000e-03
5.470072602183e+00 6.052429802119e+00 5.000000000000e-03
2.789855681715e+00 1.708156318731e+00 5.000000000000e-03
5.606821527006e+00 4.306086457862e+00 5.000000000000e-03
2.171420017138e+00 1.932785743713e+00 5.000000000000e-03
5.353337824882e+00 5.580063039037e+00 5.000000000000e-03
4.930537241468e-01 2.693940456582e+00 5.000000000000e-03
1.162533588957e+00 1.358662777824e+00 5.000000000000e-03
2.978214805885e+00 2.024640709618e+00 5.000000000000e-03
2.697662316834e+00 2.333824541568e+00 5.000000000000e-03
4.596733041852e-01 1.067506117272e+00 5.000000000000e-03
2.333990118850e+00 2.138267555998e+00 5.000000000000e-03
8.873004682516e-01 2.747096944807e+00 5.000000000000e-03
4.270677787235e-01 4.611828041224e+00 5.000000000000e-03
1.189774565226e+00 1.291055635178e+00 5.000000000000e-03
3.882178670900e+00 4.691798952589e+00 5.000000000000e-03
2.395061459495e+00 3.250004751548e+00 5.000000000000e-03
2.257890899817e+00 2.197513557399e+00 5.000000000000e-03
1.477549093170e+00 5.562516989629e+00 5.000000000000e-03
2.149823469189e+00 1.979366823133e+00 5.000000000000e-03
2.034450623758e+00 2.195268062958e+00 5.000000000000e-03
2.526672251228e+00 4.513105218658e-01 5.000000000000e-03
3.263927654021e+00 2.418875374835e+00 5.000000000000e-03
1.217827422568e+00 1.579007433672e+00 5.000000000000e-03
2.923186714035e+00 2.070017785371e+00 5.000000000000e-03
1.620324617521e+00 2.116913038934e+00 5.000000000000e-03
5.893735499786e-01 5.561584943101e-01 5.000000000000e-03
5.660577871597e+00 4.072183865330e+00 5.000000000000e-03
3.038539303740e+00 3.140829102154e+00 5.000000000000e-03
1.883807107647e+00 1.866088064557e+00 5.000000000000e-03
7.103169867289e-01 2.267882681564e+00 5.000000000000e-03
4.032294467895e+00 4.040856761899e+00 5.000000000000e-03
2.589998915832e+00 6.017102600112e+00 5.000000000000e-03
2.257538214580e+00 1.028774615453e+00 5.000000000000e-03
3.034769814241e+00 3.937750948472e+00 5.000000000000e-03
1.635857999653e+00 2.778120932515e+00 5.000000000000e-03
5.981283623324e+00 4.445934455290e+00 5.000000000000e-03
4.284891813365e+00 3.038886275994e+00 5.000000000000e-03
4.612786340463e-02 1.163791886080e+00 5.000000000000e-03
1.588697522272e+00 2.141300582373e+00 5.000000000000e-03
8.889201103938e-01 6.809737064796e-01 5.000000000000e-03
1.740794548543e+00 2.227077721952e+00 5.000000000000e-03
5.178727762321e+00 2.893485729597e+00 5.000000000000e-03
1.996998261671e+00 1.199002058670e+00 5.000000000000e-03
3.800564776634e+00 3.455207142304e+00 5.000000000000e-03
5.564415741727e-01 6.779257268340e-01 5.000000000000e-03
1.517590767340e+00 3.897437166510e+00 5.000000000000e-03
9.255939184659e-01 2.131849683988e+00 5.000000000000e-03
5.570255996113e+00 3.864485960181e+00 5.000000000000e-03
9.794205957204e-01 3.563136279542e+00 5.000000000000e-03
2.320187978234e+00 2.321426153197e+00 5.000000000000e-03
2.872405183654e+00 2.001415406895e+00 5.000000000000e-03
4.800623978036e+00 2.903735481546e+00 5.000000000000e-03
6.052815925758e-01 3.987569842438e+00 5.000000000000e-03
1.047862437249e+00 1.171112737288e+00 5.000000000000e-03
1.791423825569e+00 7.875343207158e-01 5.000000000000e-03
3.332551558854e+00 3.125468443812e+00 5.000000000000e-03
7.602984853005e-01 1.712091788251e+00 5.000000000000e-03
1.902865162301e+00 1.983507474495e+00 5.000000000000e-03
5.896726426988e+00 3.616786808562e+00 5.000000000000e-03
4.787361813819e+00 2.590818855281e+00 5.000000000000e-03
1.882349599612e+00 3.209231159194e+00 5.000000000000e-03
2.369824507795e+00 3.701123353572e+00 5.000000000000e-03
2.122715470237e+00 3.997254441766e+00 5.000000000000e-03
3.808204272197e-01 4.477101100428e+00 5.000000000000e-03
9.221082846135e-01 2.382920598589e+00 5.000000000000e-03
6.151504692669e+00 2.361732355449e+00 5.000000000000e-03
2.786674883557e+00 2.509749201385e-01 5.000000000000e-03
1.743932849372e+00 3.735554567382e+00 5.000000000000e-03
1.247858891141e+00 5.878093152635e+00 5.000000000000e-03
5.440979784222e+00 6.036259596094e+00 5.000000000000e-03
5.653796569480e-01 2.620283721209e+00 5.000000000000e-03
3.984665642049e+00 2.424327474721e+00 5.000000000000e-03
1.334067175446e+00 1.021838242904e+00 5.000000000000e-03
1.882101415721e+00 3.005984238280e+00 5.000000000000e-03
1.635670000277e+00 3.555232169360e+00 5.000000000000e-03
1.479596406295e+00 3.067609994187e+00 5.000000000000e-03
2.749200615951e-01 6.067281823659e-01 5.000000000000e-03
2.123877303219e+00 1.088395551170e+00 5.000000000000e-03
5.641046911669e+00 3.775833697348e+00 5.000000000000e-03
3.467066313769e+00 2.191797516009e+00 -5.000000000000e-03
4.424759334688e+00 5.377918199766e+00 -5.000000000000e-03
1.215537708674e+00 5.412203563327e+00 -5.000000000000e-03
4.124892781004e+00 5.215618151288e+00 -5.000000000000e-03
4.612677804494e+00 5.377002617727e+00 -5.000000000000e-03
3.646079300503e+00 5.869749774679e+00 -5.000000000000e-03
6.039383527061e+00 1.965706962046e+00 -5.000000000000e-03
3.887619752555e+00 5.083806308812e+00 -5.000000000000e-03
3.166213124423e-02 4.717826967172e+00 -5.000000000000e-03
9.503050203416e-01 6.271556957796e+00 -5.000000000000e-03
3.570844877204e+00 4.122601743463e+00 -5.000000000000e-03
4.869000268709e+00 7.135579053019e-01 -5.000000000000e-03
4.425394072472e+00 3.801987088253e+00 -5.000000000000e-03
4.326735225324e-01 1.485849337683e+00 -5.000000000000e-03
1.286555669656e-01 6.126087434343e+00 -5.000000000000e-03
4.770267152614e+00 4.291939757752e+00 -5.000000000000e-03
4.499787016891e+00 4.161290020908e+00 -5.000000000000e-03
4.514922969309e+00 3.779515871294e+00 -5.000000000000e-03
4.707699695637e+00 4.441698085808e+00 -5.000000000000e-03
3.151197565093e+00 4.355251248374e-01 -5.000000000000e-03
1.495830617787e+00 9.921706760267e-01 -5.000000000000e-03
5.980767655853e+00 5.606469980078e+00 -5.000000000000e-03
5.051414700121e+00 4.368806935609e+00 -5.000000000000e-03
5.262359624265e+00 5.056254331887e+00 -5.000000000000e-03
4.883126570945e+00 4.374408739083e+00 -5.000000000000e-03
5.167099297857e+00 4.293326783293e+00 -5.000000000000e-03
4.683456758743e+00 4.462152921275e+00 -5.000000000000e-03
3.102598911656e+00 4.332305730173e+00 -5.000000000000e-03
2.484358935524e+00 4.295501149504e+00 -5.000000000000e-03
4.586376838878e+00 4.158999208883e+00 -5.000000000000e-03
2.008987670901e+00 6.224294571429e+00 -5.000000000000e-03
4.146257452477e+00 2.634338732938e+00 -5.000000000000e-03
2.415995545974e-01 5.674511427147e+00 -5.000000000000e-03
2.540236690854e+00 5.201289437116e+00 -5.000000000000e-03
3.999928046371e+00 4.973992731542e+00 -5.000000000000e-03
5.033630908696e+00 3.558050831109e-02 -5.000000000000e-03
5.098862812894e+00 7.581958094862e-01 -5.000000000000e-03
3.126629316527e+00 5.951027384864e+00 -5.000000000000e-03
5.258828275829e+00 5.051224927750e+00 -5.000000000000e-03
5.094943206475e+00 4.179092407157e+00 -5.000000000000e-03
5.606823411826e+00 1.644210615299e+00 -5.000000000000e-03
1.785867742710e+00 4.340524950062e+00 -5.000000000000e-03
2.747567346353e+00 5.322431423417e+00 -5.000000000000e-03
3.727159039185e+00 1.033832032460e+00 -5.000000000000e-03
3.083962708114e-01 5.631398172179e+00 -5.000000000000e-03
5.174010685231e+00 2.569497291979e-02 -5.000000000000e-03
4.397698330263e+00 1.182335607045e-01 -5.000000000000e-03
7.055402179675e-01 5.307297861427e+00 -5.000000000000e-03
5.683214376375e+00 1.651075178042e+00 -5.000000000000e-03
3.114390783435e+00 5.393062933160e+00 -5.000000000000e-03
1.484578749953e+00 3.542301098886e+00 -5.000000000000e-03
5.730021476969e+00 8.928593017210e-01 -5.000000000000e-03
2.512354389799e+00 1.372491117840e+00 -5.000000000000e-03
5.838986501780e+00 1.952859195991e+00 -5.000000000000e-03
3.660464075920e+00 5.756385243307e+00 -5.000000000000e-03
5.999666323377e+00 1.600510954193e+00 -5.000000000000e-03
6.153765473653e+00 5.268952267518e+00 -5.000000000000e-03
2.101106197775e+00 3.099287189749e+00 -5.000000000000e-03
4.345594351303e+00 4.982468236233e+00 -5.000000000000e-03
2.601213219017e+00 1.431142041868e-01 -5.000000000000e-03
1.804496918299e+00 5.367459040910e+00 -5.000000000000e-03
1.652090476120e-01 5.511396057379e+00 -5.000000000000e-03
3.681590223928e+00 5.089846060202e+00 -5.000000000000e-03
9.697945639847e-02 7.812021232993e-01 -5.000000000000e-03
4.465214432711e-02 6.392993951779e-01 -5.000000000000e-03
6.085503421493e+00 3.591332424462e+00 -5.000000000000e-03
3.932435151577e+00 1.924206310378e+00 -5.000000000000e-03
3.432351937720e+00 3.953679503397e+00 -5.000000000000e-03
4.440139086514e+00 4.872797190533e+00 -5.000000000000e-03
3.192331978300e+00 5.070984831961e+00 -5.000000000000e-03
1.212908481090e+00 4.464145762781e+00 -5.000000000000e-03
4.421543064019e+00 3.514673318262e+00 -5.000000000000e-03
4.949554150717e+00 3.745694775106e+00 -5.000000000000e-03
3.883824126547e+00 4.332593551096e+00 -5.000000000000e-03
5.060761200229e+00 8.426299962206e-01 -5.000000000000e-03
3.555894312355e+00 4.271610467835e+00 -5.000000000000e-03
4.538122090787e+00 3.853931272032e+00 -5.000000000000e-03
5.341028419119e+00 3.404494008421e+00 -5.000000000000e-03
5.051950491948e+00 5.380155620180e+00 -5.000000000000e-03
5.356048768538e+00 1.045561466226e+00 -5.000000000000e-03
5.237235199100e+00 4.344426776082e+00 -5.000000000000e-03
2.222789032516e+00 5.014969899359e+00 -5.000000000000e-03
9.399184364932e-01 4.951119902295e+00 -5.000000000000e-03
2.491728301974e+00 4.091594221996e+00 -5.000000000000e-03
2.688980911218e-01 5.582231957076e+00 -5.000000000000e-03
3.653972305032e+00 6.168066760563e+00 -5.000000000000e-03
5.367282129713e+00 2.404289518306e+00 -5.000000000000e-03
2.173683026725e+00 2.997547828148e+00 -5.000000000000e-03
4.189700911694e+00 1.465573777249e+00 -5.000000000000e-03
3.586478781667e+00 4.081615241904e+00 -5.000000000000e-03
3.360124250427e+00 4.301118092824e+00 -5.000000000000e-03
5.346052082497e+00 4.613960547319e+00 -5.000000000000e-03
1.693257092290e+00 3.051380711985e+00 -5.000000000000e-03
4.467430539559e+00 4.580051275604e+00 -5.000000000000e-03
3.961486593400e+00 5.944901403741e+00 -5.000000000000e-03
5.268462348277e+00 8.224593317406e-02 -5.000000000000e-03
2.866159290927e+00 4.576014400392e-01 -5.000000000000e-03
1.192503920623e+00 2.430297529944e+00 -5.000000000000e-03
7.669968497103e-01 3.686645264846e+00 -5.000000000000e-03
5.293611727870e+00 6.019623328350e+00 -5.000000000000e-03
