5.672801829260e+00 2.152135961723e+00 5.000000000000e-03
5.744167103921e+00 5.621234312825e+00 5.000000000000e-03
5.072171502987e+00 2.879630683257e+00 5.000000000000e-03
4.756154825212e+00 5.524439383066e+00 5.000000000000e-03
4.378682204862e+00 3.509922521325e+00 5.000000000000e-03
3.337978081618e+00 2.515644586723e+00 5.000000000000e-03
2.251625119095e+00 4.977943265478e+00 5.000000000000e-03
6.241556690045e+00 4.767581744546e+00 5.000000000000e-03
1.176436779176e+00 2.151595861863e+00 5.000000000000e-03
3.085666317521e+00 3.931169444604e-01 5.000000000000e-03
5.571705698025e+00 1.976701088948e+00 5.000000000000e-03
3.663586236441e+00 2.531939274648e+00 5.000000000000e-03
4.730206465434e+00 4.540569903229e+00 5.000000000000e-03
3.167266789531e+00 4.031568945780e+00 5.000000000000e-03
5.320206836311e+00 3.638641508835e+00 5.000000000000e-03
5.756143401183e+00 1.943032864510e+00 5.000000000000e-03
3.228409818572e+00 3.171088451401e+00 5.000000000000e-03
1.877423639976e+00 1.752820153277e+00 5.000000000000e-03
9.850432907118e-02 3.296201895632e+00 5.000000000000e-03
4.094781382913e+00 2.407138591160e+00 5.000000000000e-03
5.448432565347e+00 1.739366697505e+00 5.000000000000e-03
4.416844902236e+00 2.631521416559e+00 5.000000000000e-03
3.778841306735e+00 3.700362181859e+00 5.000000000000e-03
1.548309521271e+00 3.490325195769e+00 5.000000000000e-03
5.959573396212e+00 2.293776736172e+00 5.000000000000e-03
3.964312369084e+00 3.503570001198e+00 5.000000000000e-03
5.281102422688e+00 2.939251275469e+00 5.000000000000e-03
2.503430375672e+00 3.577056395977e-01 5.000000000000e-03
4.773364839139e+00 4.061114021707e+00 5.000000000000e-03
4.080787939962e+00 1.461588369435e+00 5.000000000000e-03
3.508951879308e+00 2.590622733514e+00 5.000000000000e-03
3.680257518755e+00 2.134842731454e+00 5.000000000000e-03
3.959519677684e+00 2.697509000993e+00 5.000000000000e-03
4.124063009219e+00 2.083228409656e+00 5.000000000000e-03
4.873410099847e+00 2.399156435162e+00 5.000000000000e-03
6.128573687795e+00 3.492764517386e+00 5.000000000000e-03
1.623290959020e-01 1.470050463261e+00 5.000000000000e-03
4.887976479716e+00 1.753772603548e+00 5.000000000000e-03
2.119227078587e+00 4.795696760693e+00 5.000000000000e-03
3.431922303441e+00 4.715674050795e+00 5.000000000000e-03
3.702573593382e-01 6.245123092034e+00 5.000000000000e-03
3.203433723029e+00 1.747205420275e+00 5.000000000000e-03
4.695325651176e+00 5.495207292801e+00 5.000000000000e-03
4.809634634209e+00 4.597869962916e+00 5.000000000000e-03
4.578323610943e+00 5.683494398117e+00 5.000000000000e-03
5.736817189766e+00 2.701999583728e+00 5.000000000000e-03
5.419880114768e+00 1.682699774103e+00 5.000000000000e-03
5.597740328273e+00 2.014224191677e+00 5.000000000000e-03
6.178089169967e+00 2.601552756804e+00 5.000000000000e-03
4.859629046642e+00 4.964992281649e+00 5.000000000000e-03
4.316184588404e+00 3.445351402938e+00 5.000000000000e-03
2.819229932443e-01 3.442792788798e+00 5.000000000000e-03
5.381875306809e+00 1.563159114618e+00 5.000000000000e-03
4.264444286145e+00 2.144198249044e+00 5.000000000000e-03
2.730119847960e+00 3.258583934671e+00 5.000000000000e-03
4.570456916697e+00 2.365000355533e+00 5.000000000000e-03
1.657284302605e+00 4.738720352914e+00 5.000000000000e-03
4.894303807154e+00 2.510928139016e+00 5.000000000000e-03
2.962996156608e+00 2.785532809879e+00 5.000000000000e-03
5.230150331246e+00 3.783762772857e+00 5.000000000000e-03
3.368878854194e+00 2.407897709531e+00 5.000000000000e-03
3.915316069403e+00 2.968428794106e+00 5.000000000000e-03
4.842646044928e+00 3.304086707276e+00 5.000000000000e-03
5.521132181912e+00 1.812338262045e+00 5.000000000000e-03
2.656315096942e+00 3.763859300489e+00 5.000000000000e-03
3.128514466497e+00 3.085267657267e+00 5.000000000000e-03
4.150344827713e+00 2.969914571255e+00 5.000000000000e-03
4.219919970766e+00 3.494117231924e+00 5.000000000000e-03
5.480677622953e+00 5.740224616857e+00 5.000000000000e-03
4.979170785672e+00 2.966898305318e+00 5.000000000000e-03
3.571462822840e+00 5.925540600175e+00 5.000000000000e-03
2.375315501047e+00 3.551833995158e+00 5.000000000000e-03
4.282023032583e+00 3.567124142271e+00 5.000000000000e-03
4.404714959043e+00 2.022236065800e+00 5.000000000000e-03
5.606418674549e+00 2.259493839367e+00 5.000000000000e-03
4.219350882344e+00 2.711922648915e+00 5.000000000000e-03
5.984332852983e+00 5.718974562529e+00 5.000000000000e-03
5.112128718512e+00 2.627315100141e+00 5.000000000000e-03
1.847514312105e-01 2.975503199275e+00 5.000000000000e-03
5.312191753570e+00 5.980400915365e+00 5.000000000000e-03
4.426762640084e+00 5.149402082289e+00 5.000000000000e-03
2.889371442387e+00 1.325511602432e+00 5.000000000000e-03
4.362002122011e+00 2.233851383640e+00 5.000000000000e-03
2.740472597481e+00 1.248102897581e+00 5.000000000000e-03
5.610981702094e+00 2.138977718295e+00 5.000000000000e-03
3.252621468210e+00 1.671374292439e+00 5.000000000000e-03
4.551408241879e+00 4.698139562345e+00 5.000000000000e-03
3.826482864825e+00 2.596979372985e+00 5.000000000000e-03
5.287948074787e+00 5.175683869284e+00 5.000000000000e-03
1.929069038885e+00 3.354989091086e+00 5.000000000000e-03
3.180072785134e+00 4.267328026398e+00 5.000000000000e-03
4.033875791429e+00 5.449206732650e+00 5.000000000000e-03
5.177816179340e+00 2.025983708754e+00 5.000000000000e-03
2.399067914100e+00 1.371212366977e+00 5.000000000000e-03
4.263330657378e+00 2.680751155008e+00 5.000000000000e-03
3.743311187125e+00 5.033147500969e+00 5.000000000000e-03
4.614697754631e+00 1.211619675467e+00 5.000000000000e-03
2.225526211594e+00 3.132593252624e-01 5.000000000000e-03
3.327390344597e+00 1.925770488448e+00 5.000000000000e-03
4.365792854972e+00 4.703962053480e+00 5.000000000000e-03
3.620608123434e-01 5.644186590255e+00 -5.000000000000e-03
3.666466623667e+00 4.317710857805e+00 -5.000000000000e-03
8.212276563480e-01 5.581712925295e+00 -5.000000000000e-03
8.037950300117e-01 3.619936167514e+00 -5.000000000000e-03
1.505889403473e+00 4.359661729926e+00 -5.000000000000e-03
1.416208578332e+00 3.906117482687e+00 -5.000000000000e-03
1.929115167889e+00 5.756184500410e+00 -5.000000000000e-03
5.174819401659e+00 7.254529048870e-02 -5.000000000000e-03
2.524747771373e+00 5.992604085380e+00 -5.000000000000e-03
5.811065464629e+00 4.404885291883e+00 -5.000000000000e-03
1.048722935110e+00 5.846964707506e+00 -5.000000000000e-03
8.908465703977e-01 5.988212536603e+00 -5.000000000000e-03
1.832736992566e-01 3.921616943170e+00 -5.000000000000e-03
1.821635630778e+00 5.080470151458e-02 -5.000000000000e-03
8.265953897670e-01 5.777594316681e+00 -5.000000000000e-03
8.461940552275e-01 4.868505092484e-02 -5.000000000000e-03
4.061613599418e+00 1.195183510584e+00 -5.000000000000e-03
2.933524806761e+00 9.794117459487e-01 -5.000000000000e-03
1.983188364950e+00 6.047233890627e+00 -5.000000000000e-03
1.657752758261e+00 4.258388191082e+00 -5.000000000000e-03
6.253783482200e+00 6.528836599923e-01 -5.000000000000e-03
6.903126776960e-01 5.657340932025e+00 -5.000000000000e-03
2.426110965258e+00 3.767546064588e+00 -5.000000000000e-03
3.909720805307e+00 5.400155767823e+00 -5.000000000000e-03
1.024220149309e+00 5.486772459632e+00 -5.000000000000e-03
6.251433303370e+00 4.574634445006e-01 -5.000000000000e-03
9.385321303912e-01 5.904569663566e+00 -5.000000000000e-03
1.139107865334e+00 6.017204244017e-01 -5.000000000000e-03
7.092672915441e-02 5.497819580273e+00 -5.000000000000e-03
4.327684687278e+00 3.282835495802e+00 -5.000000000000e-03
2.201307627311e+00 5.669202300920e+00 -5.000000000000e-03
6.258250834044e-01 5.346483037516e+00 -5.000000000000e-03
9.030864118529e-01 6.907283968366e-01 -5.000000000000e-03
2.183268336717e+00 3.840680254389e+00 -5.000000000000e-03
3.005370150199e+00 5.864674508101e+00 -5.000000000000e-03
7.855448071531e-01 4.930558135442e+00 -5.000000000000e-03
2.469074248521e-02 3.744356763837e+00 -5.000000000000e-03
3.568095426225e+00 4.108833514308e+00 -5.000000000000e-03
2.306732662740e+00 4.069515245589e+00 -5.000000000000e-03
6.119339888132e+00 1.316060055533e+00 -5.000000000000e-03
3.381570418604e+00 4.036830000429e+00 -5.000000000000e-03
2.460936461931e+00 4.021370325291e+00 -5.000000000000e-03
1.487591666798e+00 8.794996770335e-01 -5.000000000000e-03
3.564405826110e+00 1.250106659474e+00 -5.000000000000e-03
8.542237675535e-01 4.131367451526e+00 -5.000000000000e-03
7.230944488825e-01 5.089810002238e+00 -5.000000000000e-03
1.113755203584e+00 2.346980736963e+00 -5.000000000000e-03
2.952642557492e+00 1.985823552665e+00 -5.000000000000e-03
2.326727106011e+00 5.090338606176e+00 -5.000000000000e-03
1.671049809449e-02 3.458935132692e+00 -5.000000000000e-03
7.619814574016e-01 9.974545340056e-02 -5.000000000000e-03
3.066670322331e+00 5.821940968873e+00 -5.000000000000e-03
1.036600802731e+00 5.911041327111e+00 -5.000000000000e-03
2.343689304071e+00 5.741307128026e+00 -5.000000000000e-03
1.659007745975e+00 5.599016127512e+00 -5.000000000000e-03
6.301053931517e-01 5.527627880438e+00 -5.000000000000e-03
7.372185279442e-01 1.186069857099e+00 -5.000000000000e-03
2.578856176161e+00 4.938318688501e+00 -5.000000000000e-03
5.389723018214e+00 5.480910766151e+00 -5.000000000000e-03
6.264783656470e+00 3.814697966228e-01 -5.000000000000e-03
1.920077734304e-01 2.278894636282e+00 -5.000000000000e-03
7.943355839761e-01 3.191288554088e-01 -5.000000000000e-03
9.571739909610e-01 4.256377022179e+00 -5.000000000000e-03
1.942069275723e+00 5.389934737319e+00 -5.000000000000e-03
1.612660353362e+00 7.752531917228e-01 -5.000000000000e-03
1.513804000820e+00 6.001543549208e+00 -5.000000000000e-03
2.140821355970e+00 3.261567563591e+00 -5.000000000000e-03
9.875092724671e-01 3.471073714233e+00 -5.000000000000e-03
2.116135451931e+00 6.238515287724e+00 -5.000000000000e-03
6.062014851042e+00 5.773296334113e-01 -5.000000000000e-03
1.686825642305e-01 4.451846229108e+00 -5.000000000000e-03
4.754699352480e-01 3.623446304463e+00 -5.000000000000e-03
2.753644440975e+00 4.508030752467e+00 -5.000000000000e-03
1.822452307470e-01 4.364654643961e+00 -5.000000000000e-03
4.131898848587e+00 1.244062036954e+00 -5.000000000000e-03
9.287564081164e-01 3.377314171460e-01 -5.000000000000e-03
2.042402490979e+00 5.521607579728e+00 -5.000000000000e-03
6.132224819707e+00 5.948470187642e+00 -5.000000000000e-03
2.411454437937e+00 5.937450384793e+00 -5.000000000000e-03
3.069461664710e+00 2.047344890586e+00 -5.000000000000e-03
4.188375026072e+00 4.928364666960e+00 -5.000000000000e-03
2.837885808781e+00 1.965745019257e+00 -5.000000000000e-03
9.792131812967e-01 5.586765919820e+00 -5.000000000000e-03
1.005159708907e+00 1.157049331782e-01 -5.000000000000e-03
1.633878921941e+00 4.380715836126e+00 -5.000000000000e-03
2.728775516562e+00 5.330857888967e+00 -5.000000000000e-03
2.125829433369e+00 5.893464295323e+00 -5.000000000000e-03
1.690023252240e+00 4.944513657244e+00 -5.000000000000e-03
5.705884635650e+00 1.061027332682e+00 -5.000000000000e-03
4.817634046608e+00 6.570559346198e-01 -5.000000000000e-03
1.150131179597e+00 4.479375743293e+00 -5.000000000000e-03
1.966404510358e+00 4.013153898621e+00 -5.000000000000e-03
9.238747327097e-01 5.760948037719e+00 -5.000000000000e-03
1.454028464352e+00 1.374341006441e+00 -5.000000000000e-03
4.388362281262e+00 4.204055839953e+00 -5.000000000000e-03
7.553197754549e-01 5.683451660710e+00 -5.000000000000e-03
4.068050790410e+00 3.379094727616e+00 -5.000000000000e-03
1.616203525378e+00 2.601302041045e+00 -5.000000000000e-03
9.028036225065e-01 6.041940490100e+00 -5.000000000000e-03
2.848990460490e+00 4.981960117906e-01 -5.000000000000e-03
