3.908019937842e+00 4.139371342076e+00 5.000000000000e-03
1.216734702358e+00 2.182396245866e+00 5.000000000000e-03
5.404623713905e+00 2.844681941999e+00 5.000000000000e-03
3.595026297073e+00 3.290580791110e+00 5.000000000000e-03
5.371822831466e+00 5.274206985288e+00 5.000000000000e-03
5.202015086014e+00 3.781536121304e+00 5.000000000000e-03
1.648279840131e+00 4.698866343580e+00 5.000000000000e-03
2.296950905699e+00 1.078104071730e+00 5.000000000000e-03
3.465888386274e+00 1.067101511149e+00 5.000000000000e-03
2.413374048097e+00 1.898103996743e+00 5.000000000000e-03
3.947249595332e+00 4.105572528587e+00 5.000000000000e-03
5.230914258855e+00 4.265679239984e+00 5.000000000000e-03
3.759367221478e+00 2.444287340881e+00 5.000000000000e-03
5.054188741586e+00 3.602508964178e+00 5.000000000000e-03
4.015310597249e+00 2.779615772731e+00 5.000000000000e-03
3.938273497475e+00 4.036068903212e+00 5.000000000000e-03
5.731985919035e+00 2.395096418080e+00 5.000000000000e-03
2.138039955254e+00 3.327861795047e+00 5.000000000000e-03
3.449904437690e+00 3.473504265582e+00 5.000000000000e-03
3.295882465518e+00 4.104671984569e+00 5.000000000000e-03
4.271329503194e+00 3.934087514709e+00 5.000000000000e-03
4.479148224931e+00 4.031416406799e+00 5.000000000000e-03
3.463107660687e+00 5.870016553841e+00 5.000000000000e-03
4.523435612388e+00 1.668776840915e-01 5.000000000000e-03
5.551893038627e+00 3.112584961312e+00 5.000000000000e-03
4.305069308602e+00 9.443302807170e-01 5.000000000000e-03
3.461510646567e-03 2.805782476756e+00 5.000000000000e-03
1.511363224303e+00 2.626216432419e+00 5.000000000000e-03
5.129638570896e+00 2.200923929721e+00 5.000000000000e-03
5.353096839220e+00 4.923457251524e+00 5.000000000000e-03
4.673007664434e+00 3.994049231396e+00 5.000000000000e-03
3.479803507081e+00 4.496915222876e+00 5.000000000000e-03
4.670936903910e+00 4.230108293298e+00 5.000000000000e-03
4.661073123726e+00 3.777509513770e+00 5.000000000000e-03
5.107374642161e+00 3.883706679027e+00 5.000000000000e-03
2.793322180088e+00 3.915964578345e+00 5.000000000000e-03
1.539223795306e+00 4.210537953764e+00 5.000000000000e-03
4.700116775120e+00 6.009264479359e+00 5.000000000000e-03
8.466626390765e-01 4.858946101373e-01 5.000000000000e-03
3.985952780153e+00 7.421932978121e-01 5.000000000000e-03
1.326684318856e+00 3.174562061324e+00 5.000000000000e-03
5.188202315049e+00 3.657834783616e+00 5.000000000000e-03
3.544412673311e+00 3.341610538498e+00 5.000000000000e-03
3.655792363064e+00 2.157047559722e+00 5.000000000000e-03
3.001124187498e+00 3.125597928509e+00 5.000000000000e-03
5.458640129116e+00 3.752462019257e+00 5.000000000000e-03
2.603666723455e+00 3.619743771809e+00 5.000000000000e-03
4.067214808065e+00 4.044340229985e+00 5.000000000000e-03
4.336585285931e+00 3.242599773396e+00 5.000000000000e-03
2.899924933515e+00 3.671640209020e+00 5.000000000000e-03
4.570745089905e+00 1.083598501398e+00 5.000000000000e-03
3.759037219677e+00 3.898160595028e+00 5.000000000000e-03
3.715252949935e+00 4.322811003863e+00 5.000000000000e-03
3.528167542089e+00 4.992439902663e+00 5.000000000000e-03
2.673811796664e+00 4.859525752025e+00 5.000000000000e-03
3.654463348191e+00 4.963717255107e+00 5.000000000000e-03
9.499280870516e-01 7.342284158110e-01 5.000000000000e-03
5.350048565894e+00 3.113926939564e+00 5.000000000000e-03
6.061805461974e+00 3.578705478319e+00 5.000000000000e-03
3.569313505526e+00 2.213814976317e+00 5.000000000000e-03
4.918157490162e+00 4.169041891223e+00 5.000000000000e-03
4.560188294790e+00 3.856876929496e+00 5.000000000000e-03
5.831125744363e+00 3.509263102840e+00 5.000000000000e-03
5.273944536433e+00 3.595612145430e+00 5.000000000000e-03
3.307031997084e+00 1.176152529495e+00 5.000000000000e-03
5.595749130310e+00 2.349694995292e+00 5.000000000000e-03
4.136612713314e+00 4.600335325600e+00 5.000000000000e-03
4.561001034082e+00 1.212549223926e+00 5.000000000000e-03
2.426149502464e+00 5.195048571473e-01 5.000000000000e-03
5.538314647522e+00 3.210370139704e+00 5.000000000000e-03
3.713739572413e+00 1.832370863149e+00 5.000000000000e-03
3.458511665527e+00 8.016346034073e-01 5.000000000000e-03
4.640866282982e+00 1.147037357961e+00 5.000000000000e-03
3.503962869802e+00 4.167532021656e+00 5.000000000000e-03
3.626375366032e+00 5.183858794830e+00 5.000000000000e-03
4.684495637563e+00 4.404194470101e+00 5.000000000000e-03
5.010037631889e-02 3.707560037900e+00 5.000000000000e-03
6.017359358862e+00 3.111480558942e+00 5.000000000000e-03
2.940682467225e+00 4.713445847195e+00 5.000000000000e-03
7.038744794140e-01 2.440759190900e+00 5.000000000000e-03
4.592724478451e+00 2.438942235605e+00 5.000000000000e-03
4.532734472266e+00 1.365113910511e+00 5.000000000000e-03
3.266461047378e+00 4.216788319245e+00 5.000000000000e-03
4.404803494870e+00 4.294950372204e-01 5.000000000000e-03
3.310630642435e+00 3.952291729823e+00 5.000000000000e-03
3.978356493206e+00 4.783898602765e+00 5.000000000000e-03
4.348909391690e+00 2.382233947813e+00 5.000000000000e-03
5.131151010081e+00 4.297559674468e+00 5.000000000000e-03
6.018487769086e+00 5.465750476759e+00 5.000000000000e-03
8.976976607697e-01 1.518774065458e+00 5.000000000000e-03
2.897684419970e+00 1.136067804062e+00 5.000000000000e-03
5.300298815344e+00 2.320828103556e+00 5.000000000000e-03
4.184169834696e+00 3.686790286896e+00 5.000000000000e-03
2.978420153264e+00 2.868326928820e+00 5.000000000000e-03
4.711132682928e+00 4.358005433775e+00 5.000000000000e-03
3.978479071115e+00 1.482619892858e+00 5.000000000000e-03
5.311267689695e+00 5.827194138773e+00 5.000000000000e-03
2.840568089518e+00 1.558808554713e+00 5.000000000000e-03
4.869551700337e+00 3.793758510147e+00 5.000000000000e-03
1.605098462309e+00 3.639325007751e+00 5.000000000000e-03
1.566025108439e+00 4.466279571845e+00 -5.000000000000e-03
3.625250243571e+00 8.750671247696e-02 -5.000000000000e-03
2.199775278268e+00 4.736065442066e+00 -5.000000000000e-03
5.739043708366e+00 1.355242805044e+00 -5.000000000000e-03
5.976520758186e+00 8.796100621531e-01 -5.000000000000e-03
4.523667505182e+00 3.431734175282e-01 -5.000000000000e-03
6.359750706835e-01 3.607281733674e+00 -5.000000000000e-03
5.378343196065e+00 4.747435359875e+00 -5.000000000000e-03
6.251174230942e+00 5.880330714691e+00 -5.000000000000e-03
1.563245806411e+00 1.095363929161e+00 -5.000000000000e-03
9.212698853226e-01 5.439733134412e+00 -5.000000000000e-03
1.197718115874e+00 5.477259935049e+00 -5.000000000000e-03
2.118619581123e-01 1.175594731734e+00 -5.000000000000e-03
2.010049304850e+00 1.805748536865e+00 -5.000000000000e-03
1.102501133737e+00 5.429958350045e+00 -5.000000000000e-03
1.480708676803e+00 2.903677551859e+00 -5.000000000000e-03
4.850617899040e+00 5.116578247342e+00 -5.000000000000e-03
5.490312792580e+00 1.824291534980e+00 -5.000000000000e-03
7.000279335619e-01 3.325597546277e+00 -5.000000000000e-03
5.847988352929e+00 7.324356938239e-01 -5.000000000000e-03
2.180529725680e+00 4.874319557794e+00 -5.000000000000e-03
7.726341177046e-01 6.096039278177e+00 -5.000000000000e-03
5.705942971822e-01 3.160598892339e+00 -5.000000000000e-03
1.111462745101e+00 3.677513464276e+00 -5.000000000000e-03
1.408216148178e+00 5.374504096828e+00 -5.000000000000e-03
1.267576823834e+00 4.321805477834e+00 -5.000000000000e-03
9.880888170348e-01 5.307150618807e+00 -5.000000000000e-03
1.041451690621e+00 5.730219921348e+00 -5.000000000000e-03
2.760856605306e+00 7.649129208807e-01 -5.000000000000e-03
5.595051116124e+00 5.453619812349e+00 -5.000000000000e-03
1.090586828768e+00 1.923337982321e-01 -5.000000000000e-03
1.079806098451e+00 5.601706205423e+00 -5.000000000000e-03
5.448410385121e-01 4.899606021463e+00 -5.000000000000e-03
6.801027896702e-01 4.696291249616e+00 -5.000000000000e-03
4.433429399977e-01 3.938255865508e+00 -5.000000000000e-03
2.960184943143e+00 7.483669726759e-01 -5.000000000000e-03
1.072646692016e+00 1.390042858357e+00 -5.000000000000e-03
3.752229987233e+00 8.857830365109e-01 -5.000000000000e-03
6.180805512808e+00 4.900425861670e+00 -5.000000000000e-03
2.930107276116e+00 6.241495123552e+00 -5.000000000000e-03
2.271239964212e+00 5.822588736726e+00 -5.000000000000e-03
5.476619187508e-02 6.208979164037e+00 -5.000000000000e-03
6.064475683465e+00 5.701620064944e+00 -5.000000000000e-03
3.894979411911e+00 5.056863665812e+00 -5.000000000000e-03
1.360700746361e+00 7.833935130129e-01 -5.000000000000e-03
1.513666454038e+00 4.700178270527e+00 -5.000000000000e-03
5.668774198435e+00 5.263044347347e+00 -5.000000000000e-03
2.065485467713e-01 1.866140527496e+00 -5.000000000000e-03
1.593939810968e+00 4.878024086550e+00 -5.000000000000e-03
3.751263604285e+00 5.428032458733e+00 -5.000000000000e-03
2.289349992239e+00 3.513793577847e+00 -5.000000000000e-03
3.993372221493e-01 3.878685600741e+00 -5.000000000000e-03
1.431836943765e+00 4.663518708680e+00 -5.000000000000e-03
1.133854692695e+00 8.741671041973e-01 -5.000000000000e-03
1.835893280534e+00 5.845724082249e+00 -5.000000000000e-03
1.248926642726e+00 5.510337471533e+00 -5.000000000000e-03
9.850029851960e-01 4.003327124741e+00 -5.000000000000e-03
1.373277107370e+00 5.163706304904e+00 -5.000000000000e-03
2.307718322720e+00 4.291964834608e-01 -5.000000000000e-03
1.196490285038e+00 4.322846202558e+00 -5.000000000000e-03
5.239618672647e+00 3.395324278846e+00 -5.000000000000e-03
3.127906942474e-01 4.657932624678e+00 -5.000000000000e-03
1.191990905409e+00 7.177446283676e-01 -5.000000000000e-03
1.179431889331e+00 5.590754565242e+00 -5.000000000000e-03
6.900237670908e-01 3.669084261850e-02 -5.000000000000e-03
1.020374832098e+00 6.203563966869e+00 -5.000000000000e-03
3.501730328971e+00 2.718214720509e-01 -5.000000000000e-03
5.021013993308e+00 9.749042599235e-01 -5.000000000000e-03
6.376801263497e-01 3.447175919064e+00 -5.000000000000e-03
7.866714099140e-01 5.121311111881e+00 -5.000000000000e-03
2.030279070317e+00 2.121187864398e-01 -5.000000000000e-03
6.115185537834e+00 1.490064703476e+00 -5.000000000000e-03
6.153974045727e+00 4.489963068473e+00 -5.000000000000e-03
1.972300284638e+00 2.756775133673e-01 -5.000000000000e-03
4.937670657874e+00 5.125501822287e+00 -5.000000000000e-03
3.837891022281e-01 4.893924537897e+00 -5.000000000000e-03
1.687922928556e+00 4.816342822508e+00 -5.000000000000e-03
2.845894827262e+00 4.576364520458e-01 -5.000000000000e-03
6.317725625916e-02 5.902665756291e+00 -5.000000000000e-03
6.149277538134e+00 2.325985787862e+00 -5.000000000000e-03
4.543422767049e+00 1.764536307542e+00 -5.000000000000e-03
2.879234334285e-01 1.829751746277e+00 -5.000000000000e-03
7.655644555527e-01 3.814525203136e+00 -5.000000000000e-03
1.613790484840e+00 5.657136563942e+00 -5.000000000000e-03
6.040120338845e+00 7.991548302968e-01 -5.000000000000e-03
1.245893425707e+00 6.221957461718e+00 -5.000000000000e-03
1.440192571620e+00 5.264163911433e+00 -5.000000000000e-03
3.094165865124e+00 5.649572310369e+00 -5.000000000000e-03
5.868084376237e+00 5.471720715071e+00 -5.000000000000e-03
5.381717326476e+00 4.561245478261e+00 -5.000000000000e-03
3.069586900743e-01 8.567234260641e-01 -5.000000000000e-03
1.435559589267e+00 5.772457910510e-02 -5.000000000000e-03
1.457276683437e+00 5.433261128736e+00 -5.000000000000e-03
2.228953329660e+00 2.861371261143e+00 -5.000000000000e-03
3.438517309021e-01 2.870022865014e-01 -5.000000000000e-03
1.292995785679e+00 5.525842733413e+00 -5.000000000000e-03
5.776648959097e+00 2.687374653911e+00 -5.000000000000e-03
3.751257106759e+00 1.214680767350e+00 -5.000000000000e-03
1.042876172127e+00 5.435284542750e+00 -5.000000000000e-03
1.788557971470e+00 2.501715269632e+00 -5.000000000000e-03
