1.933297671981e+00 5.489896417526e+00 5.000000000000e-03
2.552701277345e+00 2.081347498510e+00 5.000000000000e-03
4.242243851479e+00 2.341027785298e+00 5.000000000000e-03
4.367350582004e+00 8.841263360187e-01 5.000000000000e-03
4.239173519341e+00 4.079414562711e+00 5.000000000000e-03
4.587788986149e-01 5.744138298757e+00 5.000000000000e-03
3.950201311613e+00 5.347657465648e+00 5.000000000000e-03
1.411411702816e+00 3.662906227104e+00 5.000000000000e-03
1.556025540004e+00 6.134359930587e+00 5.000000000000e-03
4.793830728721e+00 2.654143461382e+00 5.000000000000e-03
2.543145084844e+00 2.175905378314e+00 5.000000000000e-03
4.826014373844e+00 1.689775767833e+00 5.000000000000e-03
4.125151156553e+00 1.998794128678e+00 5.000000000000e-03
4.362651543777e+00 2.536645241682e+00 5.000000000000e-03
5.132117525321e+00 1.794901147461e+00 5.000000000000e-03
8.377231651638e-01 5.570070757344e+00 5.000000000000e-03
5.940219552581e+00 3.698181769437e+00 5.000000000000e-03
1.060936170989e+00 3.377190936491e+00 5.000000000000e-03
1.295465662484e+00 8.112682924547e-01 5.000000000000e-03
8.430989248554e-01 6.097234485868e+00 5.000000000000e-03
4.905105791345e+00 5.937681082845e+00 5.000000000000e-03
5.079620384705e+00 4.307719420950e+00 5.000000000000e-03
3.939013776014e+00 4.123043555518e+00 5.000000000000e-03
4.893158394009e+00 6.204309661038e+00 5.000000000000e-03
1.368106685614e+00 6.230026508544e+00 5.000000000000e-03
4.398212304817e+00 5.581221840778e+00 5.000000000000e-03
4.619955642915e+00 5.411299260440e+00 5.000000000000e-03
4.094850419664e+00 4.205023890220e+00 5.000000000000e-03
2.828131823450e+00 1.947873609065e+00 5.000000000000e-03
5.391974009176e+00 3.509604401316e-01 5.000000000000e-03
1.377526609450e+00 5.979764510501e+00 5.000000000000e-03
4.350360036624e-01 4.039137650328e+00 5.000000000000e-03
3.666801594837e+00 2.083609245202e+00 5.000000000000e-03
2.220812606468e-01 2.281898710258e+00 5.000000000000e-03
7.703850281847e-01 4.757740685525e-01 5.000000000000e-03
2.761287488453e+00 2.400315523754e-01 5.000000000000e-03
4.525702927496e+00 8.888947684095e-01 5.000000000000e-03
3.944846631437e+00 3.935101039823e+00 5.000000000000e-03
5.947246091323e+00 3.675049180730e+00 5.000000000000e-03
5.247485336351e+00 6.124948743367e+00 5.000000000000e-03
2.470038082264e+00 4.579094184708e+00 5.000000000000e-03
5.608025903200e+00 1.722663506505e-01 5.000000000000e-03
1.521035417828e+00 5.455558643838e+00 5.000000000000e-03
1.220435456697e-01 2.158577546034e+00 5.000000000000e-03
5.797135328111e+00 4.765620500133e+00 5.000000000000e-03
5.978801663650e+00 4.652693522951e+00 5.000000000000e-03
4.192198624954e+00 5.854798469596e+00 5.000000000000e-03
5.426276907097e+00 5.595199262570e+00 5.000000000000e-03
1.370182664310e+00 5.967487744115e-01 5.000000000000e-03
1.163107886616e+00 2.819241012946e-01 5.000000000000e-03
4.925571199919e+00 5.626688774098e+00 5.000000000000e-03
4.811769854530e+00 5.864246364789e+00 5.000000000000e-03
5.510516114222e+00 1.867613411244e-01 5.000000000000e-03
2.237253552570e+00 1.490795645700e+00 5.000000000000e-03
3.856274222222e+00 5.198873911639e+00 5.000000000000e-03
6.336472164667e-01 3.623555497833e+00 5.000000000000e-03
4.940671592077e-01 5.866212224681e+00 5.000000000000e-03
4.332685610026e+00 3.666176382706e+00 5.000000000000e-03
2.318940368380e+00 1.041261036912e+00 5.000000000000e-03
2.505422497317e+00 4.385059371978e+00 5.000000000000e-03
1.653225854932e+00 7.157199208558e-01 5.000000000000e-03
3.891770912049e+00 5.875934245624e+00 5.000000000000e-03
2.770161721977e+00 5.766844741209e+00 5.000000000000e-03
4.014137275910e+00 1.379429327200e+00 5.000000000000e-03
1.431033057542e+00 3.189639769946e+00 5.000000000000e-03
7.813452820355e-01 1.728521078438e+00 5.000000000000e-03
2.216509064053e+00 4.367076091912e+00 5.000000000000e-03
1.984610145531e+00 2.783506935781e+00 5.000000000000e-03
4.376719581805e+00 5.433075336678e+00 5.000000000000e-03
3.239704991131e-01 4.751330555802e+00 5.000000000000e-03
8.288309914273e-01 5.239894190119e+00 5.000000000000e-03
3.448788826718e+00 2.534892532170e+00 5.000000000000e-03
3.054138845608e+00 2.522697172095e+00 5.000000000000e-03
1.718012365653e+00 4.109927957765e+00 5.000000000000e-03
5.479557130735e+00 2.769150629710e+00 5.000000000000e-03
1.710488864059e+00 5.932929168960e+00 5.000000000000e-03
3.028270415890e+00 2.621021111729e+00 5.000000000000e-03
1.852867623635e+00 3.594050372596e+00 5.000000000000e-03
5.210421002241e+00 3.536874124610e+00 5.000000000000e-03
3.252888827565e+00 6.840476712290e-01 5.000000000000e-03
1.113119884521e+00 5.737709269897e+00 5.000000000000e-03
6.814392715716e-01 3.177769375710e+00 5.000000000000e-03
9.512551946577e-01 5.478216205273e+00 5.000000000000e-03
1.993948563450e+00 3.909883626979e+00 5.000000000000e-03
4.955960275456e+00 5.633124927791e+00 5.000000000000e-03
1.969925129799e+00 2.575723162911e+00 5.000000000000e-03
3.057298316696e+00 3.461740927243e+00 5.000000000000e-03
5.665188390908e+00 2.558996578529e+00 5.000000000000e-03
2.615773111592e+00 1.073733308891e+00 5.000000000000e-03
3.714610841861e+00 2.430102359300e+00 5.000000000000e-03
3.597252414775e+00 2.072579152186e+00 5.000000000000e-03
4.517678127439e+00 5.108347323875e+00 5.000000000000e-03
1.839574499726e+00 4.656761457414e-01 5.000000000000e-03
1.069166125677e+00 4.009791532188e+00 5.000000000000e-03
3.346735110167e+00 1.462370306041e+00 5.000000000000e-03
4.513369714252e+00 2.903519584235e+00 5.000000000000e-03
2.733418005390e+00 1.282343588960e-01 5.000000000000e-03
2.054494370423e+00 1.501906468095e+00 5.000000000000e-03
4.772379924207e+00 1.653430249945e+00 5.000000000000e-03
2.735572500704e+00 2.272791394974e-01 5.000000000000e-03
2.174576855711e+00 2.735784442411e+00 -5.000000000000e-03
5.226704743224e+00 3.055223931588e+00 -5.000000000000e-03
7.649980879757e-01 4.625598783887e+00 -5.000000000000e-03
2.239391337946e+00 5.267955395583e-01 -5.000000000000e-03
1.591050702897e+00 2.920644634835e+00 -5.000000000000e-03
5.022843841004e+00 4.817039010135e-01 -5.000000000000e-03
2.036007367620e-01 9.711431880992e-01 -5.000000000000e-03
1.283930104335e+00 2.799833617869e+00 -5.000000000000e-03
1.823934556514e+00 1.747151235773e+00 -5.000000000000e-03
1.036670653254e-01 3.183557284510e+00 -5.000000000000e-03
3.347271758522e-01 1.734381430354e+00 -5.000000000000e-03
3.368608934824e+00 6.154478157492e+00 -5.000000000000e-03
3.257535568627e+00 5.873733955979e+00 -5.000000000000e-03
5.664738693736e+00 1.488151013863e+00 -5.000000000000e-03
2.140926978058e+00 5.175501559920e+00 -5.000000000000e-03
3.069208630622e+00 4.600232921665e+00 -5.000000000000e-03
2.540227205720e-01 1.056645576799e+00 -5.000000000000e-03
6.255786044606e-01 2.770369300887e+00 -5.000000000000e-03
6.118004720727e+00 6.090143602262e+00 -5.000000000000e-03
1.934720027132e+00 1.720286680406e-01 -5.000000000000e-03
2.295090422740e+00 6.196327459956e+00 -5.000000000000e-03
2.731315014400e+00 6.017351313431e-01 -5.000000000000e-03
4.056385198579e+00 1.143509682137e+00 -5.000000000000e-03
1.320650322523e+00 2.345374897377e+00 -5.000000000000e-03
6.506293548283e-01 4.293010654787e+00 -5.000000000000e-03
3.268656923334e-01 1.713210820573e+00 -5.000000000000e-03
3.204418052046e+00 3.709521873931e+00 -5.000000000000e-03
4.877127820068e+00 3.649981343733e+00 -5.000000000000e-03
5.145669756655e-02 9.901904086737e-01 -5.000000000000e-03
6.534087213368e-03 1.141929028380e+00 -5.000000000000e-03
3.963039489220e+00 3.139354653524e-01 -5.000000000000e-03
1.860944934411e+00 4.691950121084e+00 -5.000000000000e-03
3.466770809440e+00 3.801137309176e+00 -5.000000000000e-03
6.453295788348e-01 1.616252028979e+00 -5.000000000000e-03
6.018302154535e+00 5.515635433542e+00 -5.000000000000e-03
3.373001341337e+00 6.275703628852e+00 -5.000000000000e-03
2.452392091199e+00 1.760769932172e+00 -5.000000000000e-03
6.219184540905e+00 8.223199755690e-01 -5.000000000000e-03
4.425403341483e+00 5.290657636925e+00 -5.000000000000e-03
2.175476159184e+00 6.008652890857e+00 -5.000000000000e-03
4.047660734848e-01 2.950020622158e+00 -5.000000000000e-03
3.346389112585e+00 3.736103146365e+00 -5.000000000000e-03
2.954217921558e+00 5.817679156746e+00 -5.000000000000e-03
8.565373325520e-02 8.930864089543e-01 -5.000000000000e-03
1.789113782779e+00 3.203604340605e+00 -5.000000000000e-03
1.112071487764e+00 2.363290544924e+00 -5.000000000000e-03
5.196448603936e+00 4.066736754822e+00 -5.000000000000e-03
5.713634189037e+00 3.154269134656e+00 -5.000000000000e-03
3.115217234923e-01 2.850009718671e+00 -5.000000000000e-03
2.818784900429e+00 5.666427061568e+00 -5.000000000000e-03
6.234804220461e+00 1.147872544567e+00 -5.000000000000e-03
5.645430643289e+00 1.742930373376e+00 -5.000000000000e-03
5.389011644191e+00 1.295383332491e+00 -5.000000000000e-03
6.202267569854e+00 1.779769295728e-01 -5.000000000000e-03
6.190881398905e+00 4.431731578741e+00 -5.000000000000e-03
2.031140567187e+00 5.399020248136e+00 -5.000000000000e-03
1.855489671389e-01 4.012118016136e+00 -5.000000000000e-03
2.741908949297e+00 7.087899798612e-01 -5.000000000000e-03
6.068070401765e+00 5.218092309937e+00 -5.000000000000e-03
5.277639005110e+00 6.279128310674e+00 -5.000000000000e-03
5.082760194248e+00 6.066904311276e-01 -5.000000000000e-03
3.901452336245e+00 4.647252341180e+00 -5.000000000000e-03
1.891249054888e+00 3.165054832569e+00 -5.000000000000e-03
3.418837447089e+00 2.938561724209e+00 -5.000000000000e-03
7.036360430384e-01 4.378308673728e+00 -5.000000000000e-03
3.811558581070e+00 5.090545030761e+00 -5.000000000000e-03
3.467961510037e+00 1.921623286278e-01 -5.000000000000e-03
3.152408926512e+00 9.498787991754e-01 -5.000000000000e-03
1.901691540958e-01 1.039235472739e+00 -5.000000000000e-03
2.252239303065e+00 3.573956099806e+00 -5.000000000000e-03
3.200859507633e+00 6.006556257329e+00 -5.000000000000e-03
1.646587250699e-01 3.878891313883e+00 -5.000000000000e-03
1.180299477406e+00 1.794613099209e+00 -5.000000000000e-03
2.109018076108e+00 5.792628362875e+00 -5.000000000000e-03
2.994079368038e+00 1.731867895115e+00 -5.000000000000e-03
3.486390165510e+00 3.756075455809e+00 -5.000000000000e-03
5.055985350751e-01 1.615253866671e+00 -5.000000000000e-03
3.278440696503e-01 2.993664220227e+00 -5.000000000000e-03
6.081752304039e+00 4.228412179791e+00 -5.000000000000e-03
1.176444538439e+00 9.327370886848e-01 -5.000000000000e-03
5.327543238118e+00 4.654167749863e+00 -5.000000000000e-03
2.709554684574e+00 2.685006820726e+00 -5.000000000000e-03
3.060379668186e+00 5.674883814988e+00 -5.000000000000e-03
3.882387261314e+00 2.244083044841e-01 -5.000000000000e-03
4.942069390720e+00 2.570588102070e+00 -5.000000000000e-03
2.225494411789e+00 6.244265311758e+00 -5.000000000000e-03
3.696269561998e+00 1.555634903559e+00 -5.000000000000e-03
3.236481463292e+00 4.251796539871e+00 -5.000000000000e-03
1.028867167892e+00 1.764264425481e+00 -5.000000000000e-03
2.944591624006e-01 4.416265872863e+00 -5.000000000000e-03
5.365606068186e+00 6.148878428531e-01 -5.000000000000e-03
5.184293349104e+00 1.851078363096e-02 -5.000000000000e-03
6.098422784632e+00 1.996050567469e-01 -5.000000000000e-03
4.437321440541e+00 1.887235644478e+00 -5.000000000000e-03
4.857152447084e-01 2.996843336589e+00 -5.000000000000e-03
3.749815321615e+00 4.131558881266e+00 -5.000000000000e-03
2.340899934152e+00 7.458261950283e-01 -5.000000000000e-03
3.434238649253e+00 3.942255078182e+00 -5.000000000000e-03
5.467593376983e+00 1.447352165670e+00 -5.000000000000e-03
5.769695953466e+00 2.741202877335e+00 -5.000000000000e-03
