1.174040731529e+00 3.879133880956e+00 5.000000000000e-03
4.557544743755e+00 3.004893933932e+00 5.000000000000e-03
5.647445430109e+00 3.230640394686e+00 5.000000000000e-03
1.123637425242e+00 4.500154800741e+00 5.000000000000e-03
3.850641587892e+00 3.915395561170e+00 5.000000000000e-03
3.373415749733e+00 5.775815585042e+00 5.000000000000e-03
3.454340929030e+00 5.111285869187e+00 5.000000000000e-03
4.449807894270e+00 9.347648629183e-01 5.000000000000e-03
6.596514457831e-01 4.059171669192e+00 5.000000000000e-03
5.250293093717e+00 2.987275811704e+00 5.000000000000e-03
4.129463189922e+00 4.701157846192e+00 5.000000000000e-03
2.969415514416e+00 1.869400326313e+00 5.000000000000e-03
3.549089085691e-01 4.419364587547e+00 5.000000000000e-03
2.674794888899e+00 4.876303215542e+00 5.000000000000e-03
4.803889212929e+00 2.929074377537e+00 5.000000000000e-03
4.227639866579e+00 3.234888515357e+00 5.000000000000e-03
1.139412068169e+00 5.312500091308e+00 5.000000000000e-03
3.914556197305e+00 4.043868495474e+00 5.000000000000e-03
1.168481439264e+00 2.797156432602e+00 5.000000000000e-03
1.524517156160e+00 4.374840801825e-01 5.000000000000e-03
3.622158649297e+00 5.970860194653e+00 5.000000000000e-03
2.551171423108e+00 3.750306491612e+00 5.000000000000e-03
5.143028797248e+00 3.051898684217e+00 5.000000000000e-03
5.806567464489e+00 4.834361583042e+00 5.000000000000e-03
5.055649294842e-01 4.748164983708e+00 5.000000000000e-03
6.060356269497e+00 5.292775957755e+00 5.000000000000e-03
3.235728677507e+00 6.842471429831e-01 5.000000000000e-03
1.003654850689e-01 4.072093362441e+00 5.000000000000e-03
4.660787555560e+00 3.235603022564e+00 5.000000000000e-03
3.603804154058e+00 5.602500272527e+00 5.000000000000e-03
3.804973645706e+00 5.252179306189e-02 5.000000000000e-03
4.383565952912e+00 5.036063093398e+00 5.000000000000e-03
2.115623306657e-01 4.285979694010e+00 5.000000000000e-03
5.893495757088e+00 4.619101893267e+00 5.000000000000e-03
2.560527452464e-01 4.560823263479e+00 5.000000000000e-03
2.428172172712e+00 3.273621935715e+00 5.000000000000e-03
5.085820752255e-01 4.108932840320e+00 5.000000000000e-03
4.705318910980e-01 4.605149364926e+00 5.000000000000e-03
3.999062101206e+00 3.600287200465e+00 5.000000000000e-03
3.939228600865e+00 8.486919536240e-01 5.000000000000e-03
4.379214819922e+00 4.365327065030e+00 5.000000000000e-03
4.416578857325e+00 4.335461389582e+00 5.000000000000e-03
4.460159880353e-01 4.602862123341e+00 5.000000000000e-03
4.581038853047e+00 4.164808710015e+00 5.000000000000e-03
6.430412110953e-01 4.153137769459e+00 5.000000000000e-03
1.355488713211e+00 3.009893655711e+00 5.000000000000e-03
3.010615101813e+00 4.737037486988e+00 5.000000000000e-03
3.518250015015e-01 1.507779637738e+00 5.000000000000e-03
4.092789693502e+00 1.177085629915e+00 5.000000000000e-03
4.275725910318e+00 4.385386798064e+00 5.000000000000e-03
4.219163914016e+00 3.196602377891e-01 5.000000000000e-03
4.711058015238e+00 9.043529762772e-01 5.000000000000e-03
1.383178904348e+00 7.136011802496e-01 5.000000000000e-03
2.706926256163e+00 1.008925967114e+00 5.000000000000e-03
4.042763278581e+00 5.147825111746e+00 5.000000000000e-03
2.122894514293e+00 9.561193161986e-01 5.000000000000e-03
5.195350160615e+00 5.861145908099e+00 5.000000000000e-03
4.899740301840e+00 4.005652964752e+00 5.000000000000e-03
2.992319884473e+00 2.530444177812e+00 5.000000000000e-03
4.863403785671e+00 1.779575194568e+00 5.000000000000e-03
5.770484666484e+00 4.270693324774e+00 5.000000000000e-03
3.641379396080e+00 5.914580537112e-02 5.000000000000e-03
1.696624445221e+00 1.970542716231e+00 5.000000000000e-03
6.281895662372e+00 3.335013898968e+00 5.000000000000e-03
3.835608317822e+00 5.325680501492e+00 5.000000000000e-03
2.179704551638e-01 3.282096396313e+00 5.000000000000e-03
2.907668984267e+00 1.042505174716e+00 5.000000000000e-03
2.837556323670e+00 2.516750077482e+00 5.000000000000e-03
1.353873262625e+00 6.788034032375e-01 5.000000000000e-03
5.243244410340e+00 3.447848216233e+00 5.000000000000e-03
5.481574888258e+00 5.486498701632e+00 5.000000000000e-03
4.374160070654e+00 5.394342261920e+00 5.000000000000e-03
4.550416598720e+00 1.010430637347e+00 5.000000000000e-03
3.825182243294e+00 1.077258293920e-01 5.000000000000e-03
3.059226869400e+00 5.604467199417e+00 5.000000000000e-03
5.269781717745e+00 1.252847824616e+00 5.000000000000e-03
4.175725683002e+00 5.971218291103e+00 5.000000000000e-03
3.753233221311e+00 1.979419230698e-01 5.000000000000e-03
6.125254756367e-01 5.539203533907e+00 5.000000000000e-03
4.567242850772e+00 3.195805155969e+00 5.000000000000e-03
2.833641460269e+00 5.650177996379e+00 5.000000000000e-03
4.278261825645e-01 3.843218317568e+00 5.000000000000e-03
4.268361924456e+00 3.803407672728e+00 5.000000000000e-03
2.469732437769e+00 2.106879845772e+00 5.000000000000e-03
4.246640493447e+00 3.074677582930e-01 5.000000000000e-03
5.176537926788e+00 3.397705988903e+00 5.000000000000e-03
5.875021204469e-01 4.564467616483e+00 5.000000000000e-03
3.460082761546e+00 6.091917603394e+00 5.000000000000e-03
2.660521877606e+00 1.887509950495e+00 5.000000000000e-03
3.507208305807e+00 7.149114795615e-01 5.000000000000e-03
2.643610760310e+00 2.064377920818e+00 5.000000000000e-03
5.392447938564e+00 3.785582086269e+00 5.000000000000e-03
2.314269520605e+00 2.231643537371e+00 5.000000000000e-03
4.245534437214e+00 4.814031947866e+00 5.000000000000e-03
3.898752102172e+00 5.026429847579e+00 5.000000000000e-03
5.539927924730e+00 6.280453005947e+00 5.000000000000e-03
1.189155824446e+00 5.159593926662e+00 5.000000000000e-03
5.153225666908e+00 5.094726633722e+00 5.000000000000e-03
3.485231398881e+00 5.541192222170e+00 5.000000000000e-03
4.233590127119e+00 1.086509938711e+00 5.000000000000e-03
1.228182462854e+00 7.005151969963e-01 -5.000000000000e-03
6.662664991736e-01 1.262228340023e+00 -5.000000000000e-03
1.002561476094e+00 6.235508277032e+00 -5.000000000000e-03
5.611202353815e+00 1.140067254349e+00 -5.000000000000e-03
4.515577618091e-01 1.247094548279e+00 -5.000000000000e-03
1.194770066964e+00 6.055295328967e+00 -5.000000000000e-03
1.162748682905e+00 3.525236156489e+00 -5.000000000000e-03
3.917721962612e+00 2.970535685165e+00 -5.000000000000e-03
2.259435149978e+00 3.667180331759e+00 -5.000000000000e-03
6.171184269198e+00 3.074084102463e+00 -5.000000000000e-03
5.830869354996e+00 2.051979478377e+00 -5.000000000000e-03
1.526564604698e+00 6.110132359688e+00 -5.000000000000e-03
9.962753139689e-01 5.921336826663e+00 -5.000000000000e-03
6.380482323112e-01 6.138469344058e+00 -5.000000000000e-03
2.155725708736e+00 3.833972985668e+00 -5.000000000000e-03
3.953635274584e-01 1.249837808407e+00 -5.000000000000e-03
3.657363794610e-01 2.998053539363e+00 -5.000000000000e-03
9.118373875581e-01 7.395744542063e-01 -5.000000000000e-03
5.203987947429e+00 3.680206748946e+00 -5.000000000000e-03
6.215997185103e-01 3.428607136980e-02 -5.000000000000e-03
4.404243270528e-01 1.171552864003e+00 -5.000000000000e-03
3.595570887165e+00 3.362070339288e+00 -5.000000000000e-03
4.841606586821e+00 1.912661660268e+00 -5.000000000000e-03
5.213397972701e+00 9.310204628892e-01 -5.000000000000e-03
5.317726123071e+00 3.073428222155e-01 -5.000000000000e-03
7.841813769078e-01 7.149697450418e-01 -5.000000000000e-03
1.384223637523e+00 4.711131421828e+00 -5.000000000000e-03
1.060635468367e+00 7.710641694556e-01 -5.000000000000e-03
9.080978084748e-01 1.054042198504e+00 -5.000000000000e-03
1.875454142728e+00 3.642524056788e+00 -5.000000000000e-03
1.810832055207e+00 1.495782105061e+00 -5.000000000000e-03
1.584786715628e-01 2.488092990841e+00 -5.000000000000e-03
1.395042862866e+00 3.566530645904e+00 -5.000000000000e-03
3.627784632621e-01 2.971412967199e+00 -5.000000000000e-03
7.777320072794e-02 6.165598085741e+00 -5.000000000000e-03
1.741479150126e+00 1.940939984636e-01 -5.000000000000e-03
5.311757342619e+00 3.201812839221e+00 -5.000000000000e-03
5.650062576314e+00 8.212239244909e-01 -5.000000000000e-03
5.730551005950e+00 9.921453465566e-01 -5.000000000000e-03
7.848126471910e-01 2.230635732962e-01 -5.000000000000e-03
4.360859473778e+00 5.750049564524e+00 -5.000000000000e-03
9.005672928912e-01 3.745453307503e+00 -5.000000000000e-03
4.593194532642e+00 2.393007204335e+00 -5.000000000000e-03
3.391658287843e+00 4.594165734948e+00 -5.000000000000e-03
6.075100705261e+00 3.758569694734e+00 -5.000000000000e-03
2.830797701770e+00 1.860273903277e+00 -5.000000000000e-03
4.789137573142e+00 2.271363125136e+00 -5.000000000000e-03
1.981631481187e+00 2.529754613813e+00 -5.000000000000e-03
4.239591508982e-01 4.988633620024e-01 -5.000000000000e-03
1.061392764549e+00 3.506539212923e+00 -5.000000000000e-03
4.934397359469e+00 5.978293925811e+00 -5.000000000000e-03
3.467360607166e+00 4.616694937316e+00 -5.000000000000e-03
6.255845254145e+00 6.130392210794e+00 -5.000000000000e-03
3.956641823342e-01 2.988775235105e+00 -5.000000000000e-03
1.963706643155e+00 1.482695407968e-01 -5.000000000000e-03
4.229107486773e+00 2.227782472394e+00 -5.000000000000e-03
7.490707016365e-01 1.885053920169e-01 -5.000000000000e-03
1.722823274943e+00 3.330829033441e+00 -5.000000000000e-03
5.530665131343e+00 1.373289418665e+00 -5.000000000000e-03
7.965207090496e-01 5.802861512583e+00 -5.000000000000e-03
3.287174297805e+00 5.332623732105e-01 -5.000000000000e-03
2.795293333627e+00 7.067552358527e-01 -5.000000000000e-03
5.751022626700e+00 2.897945472452e+00 -5.000000000000e-03
2.370624851891e+00 1.465389158820e+00 -5.000000000000e-03
5.380584406426e+00 1.485969046309e+00 -5.000000000000e-03
9.067897154468e-01 6.136298767999e+00 -5.000000000000e-03
4.652657523450e+00 4.595553760156e+00 -5.000000000000e-03
4.217175143055e+00 5.337675776633e-01 -5.000000000000e-03
1.402500352560e+00 1.430213777252e+00 -5.000000000000e-03
2.985867358111e+00 3.277637003099e+00 -5.000000000000e-03
5.106252510459e+00 3.758699152889e+00 -5.000000000000e-03
2.052951026594e+00 3.087699276024e+00 -5.000000000000e-03
1.126142049117e+00 6.228936016958e+00 -5.000000000000e-03
4.875741461480e-01 3.683954478471e+00 -5.000000000000e-03
1.432316588998e+00 1.462010482402e+00 -5.000000000000e-03
6.133407319277e+00 3.072066146962e+00 -5.000000000000e-03
3.759458286311e-02 1.400111033074e+00 -5.000000000000e-03
3.380113391662e+00 2.023754904347e+00 -5.000000000000e-03
1.198633811412e+00 4.683155046123e+00 -5.000000000000e-03
4.318638151838e+00 5.587027259678e+00 -5.000000000000e-03
1.108552730194e-01 6.272544351847e+00 -5.000000000000e-03
1.518996683597e+00 6.114391188943e+00 -5.000000000000e-03
4.846960265908e+00 6.123836839432e+00 -5.000000000000e-03
5.266707766659e+00 3.650425044279e+00 -5.000000000000e-03
2.622725944882e-01 2.560004482452e+00 -5.000000000000e-03
1.552598508451e+00 5.761462936350e+00 -5.000000000000e-03
9.566138026162e-01 9.839972707653e-01 -5.000000000000e-03
5.280088829138e+00 5.150540179262e+00 -5.000000000000e-03
1.499657455920e+00 1.594950573769e+00 -5.000000000000e-03
6.661767873923e-01 3.473047424672e-02 -5.000000000000e-03
1.610257621364e+00 5.595053889761e+00 -5.000000000000e-03
3.965703499153e-01 5.889693050721e+00 -5.000000000000e-03
1.785021288446e+00 2.597446391702e+00 -5.000000000000e-03
1.711424715640e+00 1.473521125681e-01 -5.000000000000e-03
2.240072864710e+00 4.848086526940e+00 -5.000000000000e-03
6.177091258925e+00 3.539133792388e+00 -5.000000000000e-03
8.579282383007e-01 1.007175778147e+00 -5.000000000000e-03
9.171563040830e-01 4.408005994913e-01 -5.000000000000e-03
1.779267227798e+00 5.089533101892e+00 -5.000000000000e-03
1.123811774355e+00 2.972997611480e+00 -5.000000000000e-03
