4.083948509810e+00 4.180066843650e-01 5.000000000000e-03
3.543313642702e+00 6.054526814478e+00 5.000000000000e-03
5.689616741189e+00 5.376928647693e+00 5.000000000000e-03
1.824821917963e+00 2.592795590602e+00 5.000000000000e-03
5.278494681624e+00 4.357566517335e+00 5.000000000000e-03
2.429898174454e+00 5.597594752267e+00 5.000000000000e-03
3.885424568078e+00 5.526150459645e+00 5.000000000000e-03
5.490656621154e+00 3.088657074927e+00 5.000000000000e-03
5.959806810317e+00 4.390243019006e-01 5.000000000000e-03
2.562713356549e+00 2.834929308658e+00 5.000000000000e-03
7.898907384941e-01 1.376661183276e+00 5.000000000000e-03
1.309015569546e+00 4.198024176654e+00 5.000000000000e-03
5.673091503682e-01 5.173926653998e+00 5.000000000000e-03
2.650819727213e+00 4.756735359503e+00 5.000000000000e-03
5.835000521884e+00 4.196432733870e+00 5.000000000000e-03
1.977653241582e+00 4.359547876443e+00 5.000000000000e-03
5.008600532566e+00 5.877328460572e+00 5.000000000000e-03
5.703015478687e+00 1.601114034766e-01 5.000000000000e-03
1.419885515129e+00 1.854851923937e+00 5.000000000000e-03
3.021048101164e+00 6.258359211358e+00 5.000000000000e-03
1.593105944246e+00 5.283389326554e+00 5.000000000000e-03
1.428223321277e+00 5.234904154736e+00 5.000000000000e-03
2.004293304899e+00 2.578894316522e+00 5.000000000000e-03
1.519076178364e+00 1.215317610321e+00 5.000000000000e-03
1.784274682597e+00 5.734522417609e-01 5.000000000000e-03
4.511460498829e+00 3.624805131151e+00 5.000000000000e-03
5.768232416493e+00 5.551598479394e+00 5.000000000000e-03
1.242436789182e+00 2.584993827716e+00 5.000000000000e-03
1.585462677687e-01 5.334927579352e+00 5.000000000000e-03
6.089907004996e+00 5.565124267901e+00 5.000000000000e-03
5.345556441838e+00 5.671709526464e+00 5.000000000000e-03
3.112408769045e+00 4.454302462977e+00 5.000000000000e-03
4.227765712078e+00 4.480291708082e+00 5.000000000000e-03
5.505778598717e+00 1.385967561710e+00 5.000000000000e-03
1.612563691358e+00 4.529048566126e-01 5.000000000000e-03
4.394337672863e+00 3.289659923777e-02 5.000000000000e-03
5.392064501315e+00 6.251616039872e-02 5.000000000000e-03
2.037176595096e+00 1.995729024159e+00 5.000000000000e-03
4.932072766746e+00 1.961876483080e+00 5.000000000000e-03
1.818058834692e+00 2.500832280886e+00 5.000000000000e-03
4.198457499616e+00 5.317581267606e+00 5.000000000000e-03
4.203292376159e+00 5.274715444606e+00 5.000000000000e-03
5.293015925849e+00 8.765098942239e-02 5.000000000000e-03
3.604950616718e+00 3.916518221759e+00 5.000000000000e-03
5.272944735297e+00 5.894817318680e+00 5.000000000000e-03
4.299428610338e+00 4.740651015391e+00 5.000000000000e-03
4.721642275752e+00 5.677762483682e+00 5.000000000000e-03
1.322949519010e+00 5.137980053876e+00 5.000000000000e-03
1.981357685626e+00 3.475337696633e+00 5.000000000000e-03
2.793220296207e+00 5.443398767866e+00 5.000000000000e-03
5.412556513110e+00 4.997261384166e+00 5.000000000000e-03
5.322427427483e+00 4.756001976188e+00 5.000000000000e-03
2.613941884546e+00 1.307519084363e+00 5.000000000000e-03
7.063321222923e-01 2.178864614163e+00 5.000000000000e-03
2.162291962255e+00 1.049078405013e+00 5.000000000000e-03
5.540104062099e+00 5.113847779008e+00 5.000000000000e-03
5.658942221524e+00 4.886840870977e+00 5.000000000000e-03
5.143909591530e+00 5.295887906757e+00 5.000000000000e-03
3.183628265935e+00 4.798289763804e+00 5.000000000000e-03
1.064299694636e+00 1.486523094443e-02 5.000000000000e-03
3.525928995326e+00 2.188115643543e+00 5.000000000000e-03
3.580642684863e+00 6.107107208312e+00 5.000000000000e-03
3.250244840262e-01 5.528747145667e+00 5.000000000000e-03
4.334621251664e-01 4.002550397465e-01 5.000000000000e-03
5.300277988046e+00 5.147550982465e+00 5.000000000000e-03
5.745036180353e+00 4.841841843958e+00 5.000000000000e-03
1.100119749363e+00 5.487744681170e+00 5.000000000000e-03
6.240822016829e+00 5.723841813758e+00 5.000000000000e-03
2.640226513806e+00 4.540828350825e+00 5.000000000000e-03
1.760299281794e+00 2.568691711966e+00 5.000000000000e-03
3.935546839664e+00 5.140216920691e+00 5.000000000000e-03
2.807753136183e+00 4.391441924765e+00 5.000000000000e-03
5.644688722209e+00 4.667832656107e+00 5.000000000000e-03
1.761456231366e+00 4.949927655453e+00 5.000000000000e-03
3.110450075745e+00 1.150657785088e+00 5.000000000000e-03
5.985681539191e+00 5.579278212202e-01 5.000000000000e-03
2.330085063883e+00 3.322314211414e+00 5.000000000000e-03
6.067395168977e+00 4.127331281032e-01 5.000000000000e-03
6.024020465567e+00 4.886896538598e+00 5.000000000000e-03
6.174256016571e+00 5.342349634844e+00 5.000000000000e-03
2.646140351526e+00 5.801782845790e+00 5.000000000000e-03
5.395472745033e+00 6.004518304053e+00 5.000000000000e-03
5.806889462645e+00 4.966788692676e+00 5.000000000000e-03
3.162336032930e+00 4.341781852446e+00 5.000000000000e-03
5.439548952434e+00 4.982580939220e+00 5.000000000000e-03
2.904285355247e+00 1.696181473335e+00 5.000000000000e-03
5.244561930599e+00 1.843052367454e-02 5.000000000000e-03
1.425483390868e+00 2.679504409989e+00 5.000000000000e-03
5.529710154260e+00 4.937554104799e+00 5.000000000000e-03
3.629072007474e+00 5.122256582705e+00 5.000000000000e-03
5.802185593094e+00 6.228975861804e-01 5.000000000000e-03
5.301721584829e+00 6.390776448755e-02 5.000000000000e-03
1.601458861134e+00 2.202640865164e+00 5.000000000000e-03
1.851056617817e+00 5.084978521358e+00 5.000000000000e-03
4.753269037349e+00 3.223174677129e+00 5.000000000000e-03
2.959157586908e+00 2.182052792141e+00 5.000000000000e-03
5.323846343560e-01 9.258501302156e-01 5.000000000000e-03
2.575747116337e+00 1.332221647703e+00 5.000000000000e-03
2.823526174796e+00 3.055398463045e+00 5.000000000000e-03
4.650105352166e+00 5.330983411537e+00 5.000000000000e-03
8.455015848849e-01 3.072019208998e+00 -5.000000000000e-03
5.486382688888e-01 3.882284453759e+00 -5.000000000000e-03
4.293471521178e+00 5.833995471319e+00 -5.000000000000e-03
9.567343396751e-01 2.952486251498e+00 -5.000000000000e-03
6.035558976627e+00 3.464000273397e+00 -5.000000000000e-03
2.839737462413e+00 5.761274608436e+00 -5.000000000000e-03
6.222359453214e+00 4.425553629086e+00 -5.000000000000e-03
5.793114151521e+00 3.263693059673e+00 -5.000000000000e-03
3.468488602124e+00 4.399151764985e+00 -5.000000000000e-03
1.453858463335e+00 6.054998785084e+00 -5.000000000000e-03
5.970638368406e+00 3.110593124404e+00 -5.000000000000e-03
3.880045999602e+00 3.924855208675e+00 -5.000000000000e-03
1.205782866427e+00 2.920720978737e+00 -5.000000000000e-03
8.551058905227e-01 3.097749167477e+00 -5.000000000000e-03
2.157541194037e+00 4.390844449203e+00 -5.000000000000e-03
3.033538036597e+00 5.943363549082e+00 -5.000000000000e-03
5.124543363944e+00 3.180928057605e+00 -5.000000000000e-03
4.451507101426e+00 1.296579128135e+00 -5.000000000000e-03
2.157295216861e+00 1.603621921471e+00 -5.000000000000e-03
6.175914526572e+00 4.641066917307e+00 -5.000000000000e-03
6.973683317717e-01 1.201456354799e+00 -5.000000000000e-03
1.089853706328e+00 4.586514205350e+00 -5.000000000000e-03
5.324734965288e+00 1.939376010852e+00 -5.000000000000e-03
3.452416884421e-02 4.088142886515e+00 -5.000000000000e-03
6.053442057462e+00 3.277696723475e+00 -5.000000000000e-03
3.019178820670e+00 1.375984495202e+00 -5.000000000000e-03
1.692946819189e+00 5.838202076602e+00 -5.000000000000e-03
1.208095799897e+00 5.926317980407e-01 -5.000000000000e-03
5.594287536310e+00 2.489215513254e+00 -5.000000000000e-03
3.472304863363e+00 1.382939299396e+00 -5.000000000000e-03
5.673698565992e-01 3.293698696864e+00 -5.000000000000e-03
4.419161689289e+00 1.282029923842e+00 -5.000000000000e-03
3.615577989236e+00 3.174291017437e+00 -5.000000000000e-03
1.602311284658e+00 6.063614698669e+00 -5.000000000000e-03
2.559533101160e-01 3.076378952006e+00 -5.000000000000e-03
9.496089058270e-01 4.339804438536e+00 -5.000000000000e-03
3.902978235683e+00 1.373110499560e+00 -5.000000000000e-03
9.744219317137e-01 2.795214160907e+00 -5.000000000000e-03
6.002065170052e-01 3.096347743656e+00 -5.000000000000e-03
3.071887096933e+00 1.984271972381e+00 -5.000000000000e-03
3.236680191590e+00 7.443923785282e-01 -5.000000000000e-03
4.920162228572e-01 1.370445955879e+00 -5.000000000000e-03
1.046661902090e+00 1.914406486336e+00 -5.000000000000e-03
1.067410086629e+00 4.812153946111e+00 -5.000000000000e-03
3.422432536994e+00 3.300558566876e+00 -5.000000000000e-03
4.159309975693e+00 1.414765666074e+00 -5.000000000000e-03
5.162171371223e+00 2.987860813790e+00 -5.000000000000e-03
6.201333329574e+00 2.582253244081e+00 -5.000000000000e-03
4.558560643575e+00 1.280765920823e+00 -5.000000000000e-03
6.082346173804e+00 3.231715261526e+00 -5.000000000000e-03
5.639656928072e+00 2.227898332290e+00 -5.000000000000e-03
7.487730501893e-01 6.208506881743e+00 -5.000000000000e-03
2.904762249099e+00 5.965786152345e+00 -5.000000000000e-03
5.530324497516e-01 1.925296389256e+00 -5.000000000000e-03
2.776033903336e-01 2.915504883821e+00 -5.000000000000e-03
1.717102791954e+00 1.643727949238e+00 -5.000000000000e-03
4.152200819021e+00 1.038455438825e+00 -5.000000000000e-03
2.875093977993e+00 4.145202829882e+00 -5.000000000000e-03
2.893449158314e+00 5.760915520077e+00 -5.000000000000e-03
2.339930789193e+00 3.926573502072e+00 -5.000000000000e-03
1.011459121326e+00 7.069169287154e-01 -5.000000000000e-03
1.504852763513e+00 1.691036626387e+00 -5.000000000000e-03
2.867433594074e+00 2.473302670330e+00 -5.000000000000e-03
3.009614554548e+00 3.870355123941e+00 -5.000000000000e-03
3.072186120001e+00 6.658056651041e-01 -5.000000000000e-03
9.104630896822e-01 5.370054911243e+00 -5.000000000000e-03
3.138785861654e+00 3.480513615653e+00 -5.000000000000e-03
3.376445417078e+00 1.546987073917e+00 -5.000000000000e-03
3.271964987015e+00 3.751071524831e+00 -5.000000000000e-03
5.690231190601e+00 1.786372758403e+00 -5.000000000000e-03
3.979447916010e+00 3.914530890994e+00 -5.000000000000e-03
3.362558583651e+00 9.444019109409e-01 -5.000000000000e-03
1.770709557808e+00 5.323553657317e+00 -5.000000000000e-03
5.660238361520e+00 2.648176031550e+00 -5.000000000000e-03
1.228985740934e+00 4.832249649415e+00 -5.000000000000e-03
1.423236293268e+00 6.077860851344e+00 -5.000000000000e-03
1.489964488889e+00 2.019349904755e+00 -5.000000000000e-03
3.280510612829e+00 5.935127084300e-01 -5.000000000000e-03
5.881687405494e+00 5.747639473495e+00 -5.000000000000e-03
1.475187782860e+00 4.637315305103e+00 -5.000000000000e-03
6.740155646251e-01 1.884164547381e+00 -5.000000000000e-03
4.402020174484e+00 2.594642875661e+00 -5.000000000000e-03
5.418266390550e+00 2.785799199896e+00 -5.000000000000e-03
5.931495223841e-01 1.560132998437e+00 -5.000000000000e-03
4.334433993497e-01 4.808392645339e+00 -5.000000000000e-03
3.316900365862e+00 3.458626944744e+00 -5.000000000000e-03
5.765711437932e+00 2.307426629711e+00 -5.000000000000e-03
5.796558249649e+00 4.382722085689e+00 -5.000000000000e-03
3.973600119944e+00 2.335902083992e-01 -5.000000000000e-03
3.477079889875e-01 3.073532721632e+00 -5.000000000000e-03
5.455236357839e+00 5.508943510339e+00 -5.000000000000e-03
3.241232780686e+00 2.606995927162e+00 -5.000000000000e-03
2.750858856834e+00 1.252239948993e+00 -5.000000000000e-03
1.461657009021e+00 6.274434669199e+00 -5.000000000000e-03
6.154950520180e+00 1.711108609180e+00 -5.000000000000e-03
6.180117925304e+00 3.347920177280e+00 -5.000000000000e-03
2.769197375573e+00 1.207259520546e+00 -5.000000000000e-03
4.277547649268e+00 5.810965488380e+00 -5.000000000000e-03
3.350261875107e+00 3.490606664646e+00 -5.000000000000e-03
1.749648682331e+00 5.888826828314e+00 -5.000000000000e-03
