5.908285801789e-01 6.794959140149e-01 5.000000000000e-03
5.228628587167e-01 1.002368893343e+00 5.000000000000e-03
2.717224911310e+00 5.548380206486e+00 5.000000000000e-03
1.473679391483e+00 4.956646407619e+00 5.000000000000e-03
4.098611728323e+00 5.340499424645e+00 5.000000000000e-03
4.046147464101e+00 3.148339234607e-01 5.000000000000e-03
2.313239996419e+00 1.995577601903e+00 5.000000000000e-03
5.270489381098e+00 2.063157301802e+00 5.000000000000e-03
4.940214524550e+00 4.286382450445e+00 5.000000000000e-03
2.661184905491e+00 8.815839148128e-01 5.000000000000e-03
3.439154526435e-01 1.862689623098e+00 5.000000000000e-03
2.976938736487e+00 6.083511790164e+00 5.000000000000e-03
5.428438689056e+00 5.786499287558e+00 5.000000000000e-03
1.514202336490e+00 5.311150685023e+00 5.000000000000e-03
2.634055209859e+00 5.900163496322e+00 5.000000000000e-03
6.055000127698e+00 1.835356984769e+00 5.000000000000e-03
1.133054673790e+00 1.779198777028e-01 5.000000000000e-03
3.590209035040e+00 4.724288106026e+00 5.000000000000e-03
1.544190939993e+00 6.218213448472e+00 5.000000000000e-03
3.514207757068e+00 2.198369000278e+00 5.000000000000e-03
1.659558416414e+00 2.946606368113e+00 5.000000000000e-03
4.638290857171e+00 2.209416780836e+00 5.000000000000e-03
6.919952712804e-01 4.681391157869e+00 5.000000000000e-03
3.487321026359e+00 2.416491453798e+00 5.000000000000e-03
3.053960733604e+00 1.391896005245e+00 5.000000000000e-03
4.685011484883e+00 4.169823125311e+00 5.000000000000e-03
1.418832229680e+00 3.143605735150e+00 5.000000000000e-03
2.460440340903e-01 2.189634814328e+00 5.000000000000e-03
1.843676006354e+00 6.001359265204e-01 5.000000000000e-03
2.928796454643e-01 5.784658238427e+00 5.000000000000e-03
4.285307541435e+00 5.301630616799e-01 5.000000000000e-03
4.574419610395e+00 3.328411073666e+00 5.000000000000e-03
1.140866167062e+00 4.435674771286e+00 5.000000000000e-03
3.453112485289e+00 8.640553011146e-01 5.000000000000e-03
4.060638520355e-01 4.564797146729e+00 5.000000000000e-03
4.668809000019e+00 4.078293940717e+00 5.000000000000e-03
1.739884041868e+00 5.619121010729e+00 5.000000000000e-03
1.634362122865e+00 5.563483226947e+00 5.000000000000e-03
1.109026220690e+00 1.808067655652e-01 5.000000000000e-03
2.884322435462e+00 4.299409921536e+00 5.000000000000e-03
6.220481713471e+00 3.915650825027e+00 5.000000000000e-03
1.368955643760e+00 4.229715103731e+00 5.000000000000e-03
1.729219728151e+00 5.042129599519e+00 5.000000000000e-03
3.442798961708e+00 1.191803843161e+00 5.000000000000e-03
1.408797829851e+00 3.118775401841e+00 5.000000000000e-03
4.068461833676e+00 3.948666419437e+00 5.000000000000e-03
7.228295601543e-02 3.440559763530e-01 5.000000000000e-03
3.254702542495e+00 1.161868276950e+00 5.000000000000e-03
1.163242106513e+00 5.680183096697e+00 5.000000000000e-03
4.228772424233e+00 5.929880674056e+00 5.000000000000e-03
6.254923456132e+00 2.948312063319e+00 5.000000000000e-03
4.852499976403e+00 5.113591327167e+00 5.000000000000e-03
1.433089273726e+00 4.155418412020e+00 5.000000000000e-03
5.628641849216e+00 3.940392738232e+00 5.000000000000e-03
5.074295374873e+00 5.195088253844e+00 5.000000000000e-03
5.930914852324e+00 2.844945088067e+00 5.000000000000e-03
3.246145594524e+00 3.143847677443e-01 5.000000000000e-03
6.020323631864e+00 1.076908030315e+00 5.000000000000e-03
4.369323476263e-01 1.870265984763e+00 5.000000000000e-03
3.543275848711e+00 2.939954421713e+00 5.000000000000e-03
3.650080854206e+00 3.509270306137e+00 5.000000000000e-03
1.891018708083e+00 4.811033607122e+00 5.000000000000e-03
3.040626602838e+00 1.947246321493e-01 5.000000000000e-03
1.036941927669e-01 1.671023493470e+00 5.000000000000e-03
6.259454374665e+00 7.969381516161e-01 5.000000000000e-03
2.832328108757e+00 2.805655561688e+00 5.000000000000e-03
1.408769153226e-01 2.789649389109e+00 5.000000000000e-03
2.992379699784e-01 1.626959600313e+00 5.000000000000e-03
5.313109708272e+00 1.705708975515e+00 5.000000000000e-03
1.932311037317e+00 1.648141540022e+00 5.000000000000e-03
4.391137115473e+00 1.555331280136e+00 5.000000000000e-03
3.396896518061e+00 3.447888779598e+00 5.000000000000e-03
1.403988526240e+00 2.992543457498e+00 5.000000000000e-03
2.634039720344e+00 2.629189883772e+00 5.000000000000e-03
5.889835764974e+00 5.860495328806e+00 5.000000000000e-03
3.585942147192e+00 1.686634301499e+00 5.000000000000e-03
1.578543935155e-01 1.819409505670e+00 5.000000000000e-03
3.643973246114e+00 4.859441404451e+00 5.000000000000e-03
4.468073551224e+00 4.978663934341e+00 5.000000000000e-03
4.200401881988e+00 5.164095171225e+00 5.000000000000e-03
4.160201520116e+00 1.315573379287e+00 5.000000000000e-03
4.230745174263e+00 4.200368427347e+00 5.000000000000e-03
3.919151501478e+00 7.532723026087e-01 5.000000000000e-03
2.238665737937e+00 1.984031894537e+00 5.000000000000e-03
6.268944159222e+00 2.920374154373e+00 5.000000000000e-03
1.772370952366e+00 4.388230778829e+00 5.000000000000e-03
1.388616479686e+00 5.641751560586e-01 5.000000000000e-03
3.926371850249e+00 1.458515980933e+00 5.000000000000e-03
2.182957312289e-01 6.145685285163e+00 5.000000000000e-03
2.216133889761e+00 2.492048522618e+00 5.000000000000e-03
1.140068558227e+00 4.505875673491e+00 5.000000000000e-03
4.751169089039e+00 5.156289409077e+00 5.000000000000e-03
2.924316122655e+00 3.051168349244e+00 5.000000000000e-03
3.548871395130e+00 1.167947326274e+00 5.000000000000e-03
3.785139138851e+00 5.668710282595e-03 5.000000000000e-03
1.806157471697e+00 3.414235002372e-01 5.000000000000e-03
1.339890441763e+00 3.213478066118e+00 5.000000000000e-03
4.460042801983e+00 4.275203735724e+00 5.000000000000e-03
2.976607982211e+00 6.018104292179e+00 5.000000000000e-03
6.092411525751e+00 5.524376127484e+00 5.000000000000e-03
5.216486706272e+00 2.480678452424e+00 -5.000000000000e-03
5.553900272069e+00 4.273491651624e-01 -5.000000000000e-03
1.450824549383e+00 5.748385012566e+00 -5.000000000000e-03
3.518822978895e+00 5.411503815019e+00 -5.000000000000e-03
3.095499004688e+00 1.800429421534e+00 -5.000000000000e-03
3.053213500684e-01 2.663257140632e+00 -5.000000000000e-03
2.871627778375e+00 5.157809528328e+00 -5.000000000000e-03
4.246389209591e+00 2.116769565555e+00 -5.000000000000e-03
3.128104788655e+00 2.401390870094e+00 -5.000000000000e-03
6.257638074948e+00 5.619649896997e+00 -5.000000000000e-03
2.162010968663e+00 3.953052515557e+00 -5.000000000000e-03
2.700565807432e+00 4.985932969442e+00 -5.000000000000e-03
5.221420688783e+00 2.292374796503e+00 -5.000000000000e-03
5.341899177360e+00 2.603624830605e+00 -5.000000000000e-03
9.348884622646e-01 2.754336025655e+00 -5.000000000000e-03
4.967167753028e+00 1.924015444922e+00 -5.000000000000e-03
8.804953767148e-01 2.779329267398e+00 -5.000000000000e-03
4.580894858976e+00 1.133037910080e+00 -5.000000000000e-03
6.082766316477e+00 2.579506148153e+00 -5.000000000000e-03
3.694379799400e+00 5.341279734638e+00 -5.000000000000e-03
3.724954464990e+00 5.132695701801e+00 -5.000000000000e-03
3.451405554338e+00 4.067201706223e+00 -5.000000000000e-03
5.171589815697e+00 2.748516334126e+00 -5.000000000000e-03
4.049540440053e+00 4.775652958656e+00 -5.000000000000e-03
2.864182089131e+00 3.745340231917e+00 -5.000000000000e-03
2.183983419113e+00 3.958676865967e+00 -5.000000000000e-03
2.600851029281e+00 1.357242515499e+00 -5.000000000000e-03
4.603898570013e+00 2.515872893327e+00 -5.000000000000e-03
8.384171949960e-01 2.795562946952e+00 -5.000000000000e-03
5.779524987370e+00 1.537676417436e+00 -5.000000000000e-03
4.667019308586e+00 2.733516459236e+00 -5.000000000000e-03
5.506114271545e+00 2.326452305317e+00 -5.000000000000e-03
1.232187525124e+00 2.189931937628e+00 -5.000000000000e-03
3.281751569068e+00 5.974600276617e+00 -5.000000000000e-03
5.714231121107e+00 5.652836354812e+00 -5.000000000000e-03
4.049356554197e+00 4.933707258749e+00 -5.000000000000e-03
3.885149540334e+00 3.858319182987e+00 -5.000000000000e-03
7.295507444686e-01 2.642633497630e+00 -5.000000000000e-03
5.518428683725e+00 2.408381941161e+00 -5.000000000000e-03
3.758532067226e+00 5.210619812694e+00 -5.000000000000e-03
3.313086577732e+00 1.892836163186e+00 -5.000000000000e-03
1.789364446446e+00 2.018826853738e+00 -5.000000000000e-03
7.038997995920e-01 2.221112961155e+00 -5.000000000000e-03
6.083918171288e+00 3.329026434775e-01 -5.000000000000e-03
2.291480938842e+00 1.352392014758e+00 -5.000000000000e-03
3.600808931805e+00 4.231478533200e+00 -5.000000000000e-03
4.586256459102e+00 1.548019969369e+00 -5.000000000000e-03
2.509403624646e+00 1.225663049948e-01 -5.000000000000e-03
3.412394571870e+00 1.831554563949e+00 -5.000000000000e-03
5.852138052630e+00 4.820741408670e+00 -5.000000000000e-03
9.483654314522e-01 2.760496829480e+00 -5.000000000000e-03
5.569774954973e+00 1.063673168130e+00 -5.000000000000e-03
5.851467652531e+00 6.090017658550e+00 -5.000000000000e-03
5.878908251763e+00 9.655556174912e-01 -5.000000000000e-03
2.778785674620e+00 4.216346543471e+00 -5.000000000000e-03
3.613643097386e+00 5.509644065565e+00 -5.000000000000e-03
2.438274979306e+00 3.020928799992e+00 -5.000000000000e-03
3.319184918620e+00 5.180016699603e+00 -5.000000000000e-03
2.277578995724e+00 4.809969857287e+00 -5.000000000000e-03
1.652115566865e+00 2.568157898640e+00 -5.000000000000e-03
2.131510554416e+00 1.112553445045e-01 -5.000000000000e-03
1.376072290711e+00 2.140240911357e+00 -5.000000000000e-03
2.269935373296e+00 1.263095667934e+00 -5.000000000000e-03
1.805314653919e+00 2.868967098282e+00 -5.000000000000e-03
2.788377977386e+00 3.703299692585e+00 -5.000000000000e-03
4.668984407051e+00 7.322349233498e-01 -5.000000000000e-03
3.071979416136e+00 2.458556580132e+00 -5.000000000000e-03
2.221327719621e+00 3.151195393719e+00 -5.000000000000e-03
7.785292609710e-01 2.745457854332e+00 -5.000000000000e-03
3.462264367596e+00 5.699605128439e+00 -5.000000000000e-03
5.611039197196e+00 2.188574952782e+00 -5.000000000000e-03
1.833515012846e-02 3.504149734013e+00 -5.000000000000e-03
1.915530932677e+00 6.170451688850e+00 -5.000000000000e-03
1.923090872253e+00 3.203757199179e+00 -5.000000000000e-03
2.047401812854e+00 6.133522411453e+00 -5.000000000000e-03
1.198892715442e+00 2.157811660606e+00 -5.000000000000e-03
4.963389023096e+00 6.175818358540e+00 -5.000000000000e-03
5.107315878857e+00 2.833654062413e+00 -5.000000000000e-03
2.568615591365e+00 3.967959607572e+00 -5.000000000000e-03
2.930762982976e+00 4.568688083743e+00 -5.000000000000e-03
5.104535733867e+00 6.705360901890e-01 -5.000000000000e-03
2.455099006886e+00 3.506622852533e-01 -5.000000000000e-03
3.326929372036e+00 3.268952251718e+00 -5.000000000000e-03
5.455305171959e+00 2.283967027840e+00 -5.000000000000e-03
6.010823364425e+00 5.218139019245e+00 -5.000000000000e-03
3.876502632809e+00 5.564987151799e+00 -5.000000000000e-03
3.234509021004e+00 2.765559606258e+00 -5.000000000000e-03
1.177287352105e+00 2.294090259524e+00 -5.000000000000e-03
6.940271577353e-02 5.683114735903e+00 -5.000000000000e-03
2.754026234889e+00 4.742204185288e+00 -5.000000000000e-03
4.882039571565e+00 2.936155933592e+00 -5.000000000000e-03
6.862593088965e-01 2.793610231178e+00 -5.000000000000e-03
5.239772631485e+00 2.806852976175e+00 -5.000000000000e-03
1.064300565431e+00 3.368565337720e+00 -5.000000000000e-03
5.234686582145e+00 2.857964936323e+00 -5.000000000000e-03
2.967786690576e+00 3.573026907175e+00 -5.000000000000e-03
1.493103382525e+00 1.894755392857e+00 -5.000000000000e-03
2.469192987298e+00 1.252250371315e+00 -5.000000000000e-03
5.723391479239e+00 6.132099601784e+00 -5.000000000000e-03
4.077661665537e+00 4.189880090058e+00 -5.000000000000e-03
