1.218521445133e+00 3.886091611232e+00 5.000000000000e-03
2.405159995055e+00 4.328716826500e-01 5.000000000000e-03
3.049570145452e+00 5.340223560450e+00 5.000000000000e-03
2.148640268318e+00 3.187504561291e+00 5.000000000000e-03
3.332106798989e+00 5.159001434369e+00 5.000000000000e-03
2.968610857682e+00 3.004386815062e+00 5.000000000000e-03
1.939136594320e+00 2.207764170285e+00 5.000000000000e-03
2.018304022594e+00 3.748632825777e+00 5.000000000000e-03
4.024668913385e+00 5.109641460744e+00 5.000000000000e-03
3.841723366164e+00 6.267275442157e-01 5.000000000000e-03
2.638914031534e+00 4.359879551223e+00 5.000000000000e-03
2.997500858907e+00 2.573475385139e+00 5.000000000000e-03
4.109931755752e+00 3.298800946910e-02 5.000000000000e-03
2.939598263182e+00 3.731359750508e+00 5.000000000000e-03
4.951322287399e+00 5.758543398021e+00 5.000000000000e-03
4.289257527574e+00 5.507604476376e+00 5.000000000000e-03
5.697725713615e+00 3.445090322231e+00 5.000000000000e-03
2.336869032843e+00 2.100927312958e+00 5.000000000000e-03
1.944198183362e+00 5.217173052148e+00 5.000000000000e-03
5.109964302222e+00 1.468741657524e+00 5.000000000000e-03
3.864154546233e+00 3.817622819255e+00 5.000000000000e-03
4.855121980312e+00 4.430785362765e+00 5.000000000000e-03
8.192084787943e-01 2.863639599913e+00 5.000000000000e-03
2.283128125512e+00 1.137043518749e+00 5.000000000000e-03
2.398099822662e+00 5.809163398282e+00 5.000000000000e-03
6.259549381473e+00 1.729317417811e+00 5.000000000000e-03
6.809032559521e-01 3.395415245424e+00 5.000000000000e-03
1.844922701390e+00 4.069403848476e+00 5.000000000000e-03
1.605990811175e+00 2.576628817593e+00 5.000000000000e-03
5.791560964307e+00 4.808546553843e+00 5.000000000000e-03
2.596090498840e+00 5.543273232596e+00 5.000000000000e-03
2.094241614890e+00 2.231072464737e+00 5.000000000000e-03
2.484473459496e+00 1.434066112940e+00 5.000000000000e-03
2.790256871373e+00 3.539288384465e+00 5.000000000000e-03
5.127177171279e+00 2.930423458440e+00 5.000000000000e-03
5.401352410245e-01 1.333068476841e+00 5.000000000000e-03
3.669389481978e+00 2.251345455767e+00 5.000000000000e-03
3.577631491290e+00 2.960290209143e+00 5.000000000000e-03
5.455207154055e+00 3.040867700561e+00 5.000000000000e-03
5.053692858677e+00 4.550893240331e+00 5.000000000000e-03
2.308420602302e+00 3.208220744378e+00 5.000000000000e-03
2.295902217742e+00 3.807720813931e+00 5.000000000000e-03
3.428762547321e+00 4.715043846461e+00 5.000000000000e-03
3.724233744928e+00 2.228102387607e+00 5.000000000000e-03
2.147553550037e+00 1.452463578212e+00 5.000000000000e-03
3.170716275765e+00 5.119231354322e+00 5.000000000000e-03
5.008073783003e+00 5.760210293786e+00 5.000000000000e-03
2.777950873450e+00 3.532612224779e+00 5.000000000000e-03
2.493357403781e+00 2.886064674344e+00 5.000000000000e-03
2.198534126588e+00 1.782446494805e+00 5.000000000000e-03
5.233515044374e+00 1.084224964246e+00 5.000000000000e-03
2.565463573315e+00 2.817160468707e+00 5.000000000000e-03
4.105403677694e+00 1.454389656942e+00 5.000000000000e-03
4.041194458304e+00 2.484615184108e+00 5.000000000000e-03
2.845352463163e+00 3.548470652007e+00 5.000000000000e-03
2.926425223084e+00 4.576104111377e+00 5.000000000000e-03
5.181481819640e+00 2.776628816452e+00 5.000000000000e-03
4.607981144256e+00 4.368918059700e+00 5.000000000000e-03
3.038052074225e+00 2.862706839063e+00 5.000000000000e-03
5.043436308049e+00 1.886612064077e+00 5.000000000000e-03
3.401383861066e+00 3.684284433670e+00 5.000000000000e-03
2.068443014905e+00 2.461916233778e+00 5.000000000000e-03
2.748492732854e+00 3.588990331144e+00 5.000000000000e-03
4.088053299360e+00 4.795243920783e+00 5.000000000000e-03
2.066900259515e+00 2.952140886186e+00 5.000000000000e-03
4.664621382972e+00 3.879981771565e+00 5.000000000000e-03
2.956287873725e+00 3.120345810249e+00 5.000000000000e-03
1.399585424785e+00 1.056603728676e+00 5.000000000000e-03
2.641501862965e+00 3.680038179617e+00 5.000000000000e-03
4.760431761688e+00 4.079391923644e+00 5.000000000000e-03
2.761490068455e+00 3.610284637093e+00 5.000000000000e-03
2.693799450381e+00 3.618584913145e+00 5.000000000000e-03
1.327109056712e+00 2.670523606845e+00 5.000000000000e-03
1.054402487423e+00 2.470332098294e-01 5.000000000000e-03
3.707712123527e+00 4.662752413045e+00 5.000000000000e-03
3.727611168647e+00 2.095488377050e+00 5.000000000000e-03
2.664064848313e+00 3.539551314830e+00 5.000000000000e-03
2.429698676784e+00 1.340566533860e+00 5.000000000000e-03
4.264097818585e+00 2.086535934592e+00 5.000000000000e-03
3.587975946485e+00 3.566399936156e+00 5.000000000000e-03
6.390285112022e-01 2.332651837955e+00 5.000000000000e-03
4.081228084750e+00 1.014488937195e+00 5.000000000000e-03
6.150034725927e-01 2.705360038183e+00 5.000000000000e-03
2.991450112472e+00 2.501748719870e+00 5.000000000000e-03
2.746244912546e+00 3.542095606079e+00 5.000000000000e-03
2.769208953568e+00 8.620706423472e-01 5.000000000000e-03
5.199995353289e+00 3.593765515142e+00 5.000000000000e-03
4.930344351088e+00 2.687914046252e+00 5.000000000000e-03
3.017961992861e+00 2.815642072443e+00 5.000000000000e-03
1.001463048653e+00 4.019120664869e+00 5.000000000000e-03
5.042653710895e+00 2.621954186478e+00 5.000000000000e-03
4.594117461816e+00 4.198430660143e+00 5.000000000000e-03
2.407125546193e+00 3.013653330134e+00 5.000000000000e-03
2.763541730817e+00 3.528264501272e+00 5.000000000000e-03
3.583120027868e+00 2.405817831468e+00 5.000000000000e-03
2.280250348915e+00 5.008192848117e+00 5.000000000000e-03
4.472155230538e+00 5.941997632880e-01 5.000000000000e-03
4.358504974642e-01 3.752473431842e+00 5.000000000000e-03
5.022910442658e+00 2.676212258173e+00 5.000000000000e-03
3.022894946090e+00 3.609275489529e+00 5.000000000000e-03
6.177617872189e+00 2.704284433962e+00 -5.000000000000e-03
5.030195297616e-02 5.021570103535e+00 -5.000000000000e-03
6.049813590079e+00 5.266616596521e+00 -5.000000000000e-03
1.443202430167e+00 4.170763024963e-02 -5.000000000000e-03
8.811003228952e-01 1.473592263466e-01 -5.000000000000e-03
4.100566335778e+00 2.995917947863e+00 -5.000000000000e-03
5.623182930919e+00 6.196534471285e+00 -5.000000000000e-03
6.315505164355e-01 8.307389201088e-01 -5.000000000000e-03
4.154613033315e-01 2.787315065898e-01 -5.000000000000e-03
1.805325198829e-01 9.312330588429e-01 -5.000000000000e-03
9.020897084308e-01 5.624841077831e+00 -5.000000000000e-03
5.929553921042e+00 7.007575588589e-01 -5.000000000000e-03
4.654818393306e+00 4.881003751517e+00 -5.000000000000e-03
5.751744602006e+00 3.624129659284e+00 -5.000000000000e-03
6.134001540054e+00 6.067429871704e+00 -5.000000000000e-03
6.192840868081e+00 5.294741598368e+00 -5.000000000000e-03
5.626937103164e+00 3.520919327665e-01 -5.000000000000e-03
1.960623364893e-01 1.208715295693e+00 -5.000000000000e-03
2.835172146267e+00 7.577571320905e-01 -5.000000000000e-03
1.911319602079e+00 5.468702134101e+00 -5.000000000000e-03
7.204434760418e-01 5.742204923824e-02 -5.000000000000e-03
7.407777190791e-01 5.498931181474e+00 -5.000000000000e-03
4.153442746288e-01 6.191804163952e+00 -5.000000000000e-03
4.603419130973e+00 4.962755940809e-01 -5.000000000000e-03
5.184553076312e+00 4.155660544318e+00 -5.000000000000e-03
3.108138236946e+00 9.441091227556e-01 -5.000000000000e-03
7.587611761800e-01 1.085897369417e+00 -5.000000000000e-03
2.182978289325e+00 4.444882673038e+00 -5.000000000000e-03
3.244199628091e+00 3.266149718237e-01 -5.000000000000e-03
2.459575470275e-01 4.420547738423e-01 -5.000000000000e-03
3.444482185419e+00 5.738597104982e+00 -5.000000000000e-03
5.882107677913e+00 1.426387688346e-01 -5.000000000000e-03
5.324621033687e+00 6.208206075932e+00 -5.000000000000e-03
6.102842497385e+00 8.635884585019e-01 -5.000000000000e-03
1.834792851562e-01 4.823566345907e+00 -5.000000000000e-03
5.301088134847e+00 6.184512655400e+00 -5.000000000000e-03
1.030377113671e+00 5.784663238846e+00 -5.000000000000e-03
4.266317998977e+00 4.616472394876e+00 -5.000000000000e-03
6.098029358420e+00 1.544328328487e-01 -5.000000000000e-03
1.787090337772e+00 5.896752772472e+00 -5.000000000000e-03
1.037719763904e+00 5.472107364715e+00 -5.000000000000e-03
6.293754149106e-01 1.352017752176e-01 -5.000000000000e-03
4.760136226219e-03 4.359163936690e+00 -5.000000000000e-03
5.406738437094e+00 1.455198720576e+00 -5.000000000000e-03
2.308821613404e-01 2.708189398773e-01 -5.000000000000e-03
5.784635899456e+00 1.915349509438e+00 -5.000000000000e-03
1.470376765412e+00 2.967945681991e+00 -5.000000000000e-03
5.716175958073e+00 1.440397078086e+00 -5.000000000000e-03
6.024166164255e-01 5.786463091275e+00 -5.000000000000e-03
1.482924191613e+00 4.527312816803e+00 -5.000000000000e-03
4.575556066833e+00 5.652815301763e+00 -5.000000000000e-03
2.757555786895e+00 1.581537236655e+00 -5.000000000000e-03
5.768462768007e+00 1.320384956476e+00 -5.000000000000e-03
5.764953786924e-01 6.281065162860e+00 -5.000000000000e-03
5.715705702711e+00 1.351942615556e+00 -5.000000000000e-03
4.506329263293e+00 1.315284308338e+00 -5.000000000000e-03
9.350844158750e-01 6.042156170041e+00 -5.000000000000e-03
2.286879653954e+00 1.368395846176e+00 -5.000000000000e-03
5.863149142478e+00 1.219204536000e+00 -5.000000000000e-03
5.830186793071e+00 6.138694153187e+00 -5.000000000000e-03
4.899998789953e+00 5.089096961838e+00 -5.000000000000e-03
9.383708593482e-01 1.101239823990e+00 -5.000000000000e-03
2.774001460873e-01 2.601263902294e-01 -5.000000000000e-03
7.630281406284e-01 1.133749528202e+00 -5.000000000000e-03
4.201649382141e+00 6.649950782288e-01 -5.000000000000e-03
5.226060077765e-01 2.560829658654e-01 -5.000000000000e-03
1.111685287174e+00 3.018698861160e+00 -5.000000000000e-03
5.605169418504e-01 2.467121617482e+00 -5.000000000000e-03
5.422570316234e-01 6.005221030910e+00 -5.000000000000e-03
1.772752323159e+00 4.817987626781e+00 -5.000000000000e-03
1.438405834303e+00 4.200219320419e+00 -5.000000000000e-03
6.499096873261e-01 1.382438396999e-01 -5.000000000000e-03
1.521505429571e-01 5.809045575247e+00 -5.000000000000e-03
5.357298128916e-01 6.014156576207e+00 -5.000000000000e-03
6.121310682899e+00 3.149912161761e+00 -5.000000000000e-03
2.806184421812e+00 7.174142805713e-01 -5.000000000000e-03
1.557598669219e+00 3.991170370726e+00 -5.000000000000e-03
3.398221196131e+00 1.413384166778e+00 -5.000000000000e-03
1.873035061851e-01 7.490981713946e-01 -5.000000000000e-03
7.506043623008e-01 1.228554576867e+00 -5.000000000000e-03
5.951008154985e+00 4.497106229933e+00 -5.000000000000e-03
6.261799492102e+00 6.203991551423e+00 -5.000000000000e-03
5.959053473754e+00 5.225521644147e+00 -5.000000000000e-03
8.914379725771e-01 2.778676757152e-01 -5.000000000000e-03
5.565128263405e+00 6.209808011321e+00 -5.000000000000e-03
5.207758275459e+00 2.458279854243e+00 -5.000000000000e-03
2.378059570296e-02 1.757235548860e-01 -5.000000000000e-03
5.620355258044e+00 5.349111764434e+00 -5.000000000000e-03
1.876960218861e+00 4.277622526691e-01 -5.000000000000e-03
5.724552810414e-01 4.714851776188e-01 -5.000000000000e-03
1.319165312911e+00 5.231529679825e+00 -5.000000000000e-03
5.423203393623e+00 1.094308617282e+00 -5.000000000000e-03
1.209803986225e-01 1.648811932458e-01 -5.000000000000e-03
6.065929267575e+00 5.916364819954e+00 -5.000000000000e-03
1.807003412379e+00 8.777371940253e-01 -5.000000000000e-03
8.691704644531e-01 1.461091849255e-03 -5.000000000000e-03
4.359290898391e+00 1.447334944728e-01 -5.000000000000e-03
6.136108238403e+00 2.026242524519e+00 -5.000000000000e-03
1.968700935007e+00 7.564877983455e-01 -5.000000000000e-03
5.957322638664e+00 6.741162155002e-01 -5.000000000000e-03
