4.925558905757e+00 1.524422626486e+00 5.000000000000e-03
1.738904757153e+00 1.724827489888e+00 5.000000000000e-03
3.519437733753e+00 5.929804154858e-01 5.000000000000e-03
4.698592963667e+00 1.664921538499e+00 5.000000000000e-03
3.640935854651e+00 2.320413301385e+00 5.000000000000e-03
4.607260705193e+00 2.157100625428e+00 5.000000000000e-03
4.421819734493e+00 2.022507825808e+00 5.000000000000e-03
2.959080668872e+00 2.971859345481e+00 5.000000000000e-03
8.604626767693e-01 4.550031560325e+00 5.000000000000e-03
4.296148919405e+00 2.831332704783e+00 5.000000000000e-03
4.876690325582e+00 1.545822933446e+00 5.000000000000e-03
6.183093659923e+00 1.339886119038e+00 5.000000000000e-03
2.187378195165e+00 1.957345279887e+00 5.000000000000e-03
6.121748414383e+00 1.132270514688e+00 5.000000000000e-03
5.973329621386e+00 3.722461426744e+00 5.000000000000e-03
4.978225088388e+00 1.400960505647e+00 5.000000000000e-03
3.861515867469e+00 2.172297404849e-01 5.000000000000e-03
3.149094226572e+00 2.405990305038e+00 5.000000000000e-03
6.484567944818e-01 3.089238117040e-02 5.000000000000e-03
4.940088222041e+00 9.569987611337e-01 5.000000000000e-03
2.322321915504e+00 1.005253258071e+00 5.000000000000e-03
5.219770025496e+00 2.443413661027e+00 5.000000000000e-03
2.667231375599e-01 1.441265499100e+00 5.000000000000e-03
6.016949755308e+00 3.579750577258e-01 5.000000000000e-03
1.924456066400e+00 2.367578613132e+00 5.000000000000e-03
6.109110334647e-01 1.342613235131e+00 5.000000000000e-03
4.477628948590e-01 2.801986113807e+00 5.000000000000e-03
1.082928137557e-01 1.071589653191e+00 5.000000000000e-03
5.457257874326e+00 1.387152941611e+00 5.000000000000e-03
5.300810835607e+00 3.819060842586e+00 5.000000000000e-03
4.780863326509e+00 1.849496745119e+00 5.000000000000e-03
2.845461937444e+00 4.599417411050e+00 5.000000000000e-03
6.179762608254e+00 1.188093353569e+00 5.000000000000e-03
9.601421235443e-02 4.242925274726e+00 5.000000000000e-03
5.033872237271e+00 9.767009184146e-01 5.000000000000e-03
5.569185671607e+00 2.097499612637e+00 5.000000000000e-03
5.981709323750e+00 2.434021626614e+00 5.000000000000e-03
6.157314942090e+00 4.513628333513e+00 5.000000000000e-03
5.990725303445e-01 3.466535735064e-01 5.000000000000e-03
6.032619073253e+00 5.112380986831e+00 5.000000000000e-03
4.935366945731e+00 1.900019713189e+00 5.000000000000e-03
2.923535019818e+00 5.366537920686e+00 5.000000000000e-03
5.579060971416e+00 5.979310780750e+00 5.000000000000e-03
5.272261929686e+00 5.453514631666e-01 5.000000000000e-03
5.368106010604e+00 2.694237534784e-01 5.000000000000e-03
4.973527137254e+00 5.441017128262e+00 5.000000000000e-03
4.378812307059e+00 1.940053264219e+00 5.000000000000e-03
4.702096141155e+00 1.611850538412e+00 5.000000000000e-03
2.035015272475e-01 5.523036973992e+00 5.000000000000e-03
5.196913565647e-01 3.133269086705e+00 5.000000000000e-03
5.062165221897e+00 1.914121767484e+00 5.000000000000e-03
5.167063466186e+00 8.008302476594e-01 5.000000000000e-03
3.702381821007e+00 7.542863893227e-01 5.000000000000e-03
6.122831097144e+00 3.014813505787e+00 5.000000000000e-03
4.059788487998e+00 3.384125072245e+00 5.000000000000e-03
3.238564235008e+00 1.269552313453e+00 5.000000000000e-03
6.252149559648e+00 5.087996437662e-01 5.000000000000e-03
5.378433530950e+00 1.755436598925e+00 5.000000000000e-03
2.040934548849e+00 5.150876996613e+00 5.000000000000e-03
4.715891028032e+00 1.171423951360e+00 5.000000000000e-03
4.357607783994e+00 5.265009621726e+00 5.000000000000e-03
4.518215063970e+00 1.698080891022e+00 5.000000000000e-03
4.861042209447e+00 1.337404979974e+00 5.000000000000e-03
8.290617795925e-01 2.028176671703e+00 5.000000000000e-03
1.285721731675e+00 1.372302234927e+00 5.000000000000e-03
5.405399206397e+00 3.426544958949e+00 5.000000000000e-03
3.801776566914e+00 9.121110697937e-01 5.000000000000e-03
4.559834743192e+00 2.544805350543e+00 5.000000000000e-03
3.929539680920e+00 2.993790025296e+00 5.000000000000e-03
2.928276355308e+00 2.533896932960e+00 5.000000000000e-03
4.489313214682e+00 5.600310624717e+00 5.000000000000e-03
4.954516427942e+00 2.177457586471e+00 5.000000000000e-03
1.962109774636e+00 2.927835360544e+00 5.000000000000e-03
4.847206129059e-01 2.020321651910e+00 5.000000000000e-03
8.600103831429e-01 1.056367106970e+00 5.000000000000e-03
5.781109680036e+00 1.650276244117e+00 5.000000000000e-03
3.450978947648e+00 2.272579520767e+00 5.000000000000e-03
1.497378775059e+00 2.076198521362e+00 5.000000000000e-03
6.167827519501e+00 3.794401911495e+00 5.000000000000e-03
1.984530052124e+00 4.878568164327e+00 5.000000000000e-03
5.081481082058e+00 3.952742112703e-01 5.000000000000e-03
5.094467141769e+00 1.320264191555e+00 5.000000000000e-03
3.064062249775e+00 1.678841055299e+00 5.000000000000e-03
9.399589157082e-01 1.121381007678e+00 5.000000000000e-03
4.719792145327e+00 1.764856922508e+00 5.000000000000e-03
6.269514078156e+00 5.684976832506e+00 5.000000000000e-03
5.388762568621e+00 3.541571554758e+00 5.000000000000e-03
4.938632566874e+00 1.023679225322e+00 5.000000000000e-03
1.975113272552e+00 2.487478991772e+00 5.000000000000e-03
2.106220210452e-01 6.275861232705e+00 5.000000000000e-03
3.218933174166e-01 2.706851646734e-01 5.000000000000e-03
3.287771974753e+00 5.989409702664e+00 5.000000000000e-03
1.374552556004e+00 1.724414970259e+00 5.000000000000e-03
3.644504222201e+00 8.633931809520e-01 5.000000000000e-03
4.665460273778e+00 1.028679899198e+00 5.000000000000e-03
2.633389600193e+00 2.946863180800e+00 5.000000000000e-03
5.119748061760e+00 4.880961342117e+00 5.000000000000e-03
5.302230250325e+00 4.420864186742e-01 5.000000000000e-03
4.636426293804e+00 1.108545982106e+00 5.000000000000e-03
4.090218835387e+00 2.702519145595e+00 5.000000000000e-03
3.509625040872e+00 2.941456357644e-01 -5.000000000000e-03
2.366355507350e+00 5.564031630415e+00 -5.000000000000e-03
3.665993493935e+00 3.085100164022e+00 -5.000000000000e-03
2.928175001086e-01 3.365980719280e+00 -5.000000000000e-03
1.874387197939e+00 5.059855446500e-01 -5.000000000000e-03
9.066900979340e-01 3.478891566873e+00 -5.000000000000e-03
1.840977495511e+00 4.819392900542e+00 -5.000000000000e-03
4.559543009392e+00 6.109174986910e+00 -5.000000000000e-03
1.487411235825e+00 6.072790774911e+00 -5.000000000000e-03
3.145250982682e+00 4.885986087913e+00 -5.000000000000e-03
1.624264815871e+00 6.118854311176e+00 -5.000000000000e-03
5.103507769471e+00 4.497749898682e+00 -5.000000000000e-03
8.451946539100e-01 6.845630646906e-01 -5.000000000000e-03
1.412704266475e+00 4.623048636594e+00 -5.000000000000e-03
2.481742106151e+00 5.898486114427e+00 -5.000000000000e-03
2.926219753869e+00 2.981354163527e-01 -5.000000000000e-03
3.160384834145e-01 5.670734762621e+00 -5.000000000000e-03
2.963124456350e+00 6.181844140729e+00 -5.000000000000e-03
2.964352709705e+00 4.931877254221e+00 -5.000000000000e-03
2.288476766052e+00 4.182297812722e+00 -5.000000000000e-03
3.176153004157e+00 3.100477933857e-01 -5.000000000000e-03
4.351215576971e+00 3.663495001140e+00 -5.000000000000e-03
2.514776988997e+00 3.343738252430e-01 -5.000000000000e-03
1.522986194911e+00 1.794116209209e+00 -5.000000000000e-03
2.818916243827e+00 6.239710565611e+00 -5.000000000000e-03
6.997221273979e-01 3.115971454837e+00 -5.000000000000e-03
1.580819411759e+00 5.544176595382e+00 -5.000000000000e-03
1.111876423048e+00 3.507351081651e-01 -5.000000000000e-03
5.108477660041e-01 5.218246273485e+00 -5.000000000000e-03
8.933708725654e-01 4.666684410680e+00 -5.000000000000e-03
8.191624510126e-01 4.744741636530e+00 -5.000000000000e-03
2.485366532297e+00 5.336876689358e+00 -5.000000000000e-03
4.144930200001e+00 1.990835261408e+00 -5.000000000000e-03
2.332030905107e+00 5.533795934277e+00 -5.000000000000e-03
1.639076794648e+00 5.591599708585e+00 -5.000000000000e-03
1.569040072417e+00 5.363938245458e+00 -5.000000000000e-03
3.365695236015e+00 4.149337331331e+00 -5.000000000000e-03
2.986045594359e-01 4.728420547466e+00 -5.000000000000e-03
1.792034207560e+00 5.909815162863e+00 -5.000000000000e-03
2.570242864277e+00 2.089072268632e+00 -5.000000000000e-03
1.674677781932e+00 4.052407347845e-01 -5.000000000000e-03
2.705678497849e+00 3.737097822391e-01 -5.000000000000e-03
3.646060099567e+00 3.923823104154e+00 -5.000000000000e-03
1.590775246992e+00 5.935637990846e+00 -5.000000000000e-03
2.518969992803e+00 4.574067026529e+00 -5.000000000000e-03
2.088854302386e+00 1.007182476432e+00 -5.000000000000e-03
4.212447161615e+00 5.613378645453e+00 -5.000000000000e-03
2.422301775222e-01 6.159549553161e+00 -5.000000000000e-03
1.638287778182e+00 4.371876329052e+00 -5.000000000000e-03
2.533549429515e+00 2.209936888741e+00 -5.000000000000e-03
4.853523294911e+00 3.982720899405e+00 -5.000000000000e-03
1.620202319864e+00 5.258124479119e+00 -5.000000000000e-03
1.575038287784e+00 2.502860524290e-01 -5.000000000000e-03
3.201229851963e+00 5.352344175833e+00 -5.000000000000e-03
3.417597780761e-01 4.504784967802e+00 -5.000000000000e-03
1.629447292981e+00 6.251447078332e+00 -5.000000000000e-03
2.148548723971e+00 5.693258708025e+00 -5.000000000000e-03
3.129074864836e+00 4.294709337810e+00 -5.000000000000e-03
2.295724836055e+00 5.286149887080e+00 -5.000000000000e-03
3.125301228647e+00 5.772617668679e+00 -5.000000000000e-03
4.033967509363e+00 2.151465108881e+00 -5.000000000000e-03
1.504682235594e+00 6.034996528952e+00 -5.000000000000e-03
1.483468310784e+00 2.282022950984e+00 -5.000000000000e-03
9.665674610963e-01 5.861815198391e+00 -5.000000000000e-03
4.246442123091e+00 1.845541949148e+00 -5.000000000000e-03
4.712772501795e-01 5.629745956566e+00 -5.000000000000e-03
4.603218087509e+00 4.305294189910e+00 -5.000000000000e-03
5.517831535835e+00 6.254371199385e+00 -5.000000000000e-03
1.678357109797e+00 6.078852383930e+00 -5.000000000000e-03
1.746718850232e+00 6.165662491970e+00 -5.000000000000e-03
1.449157759981e+00 5.001028720065e+00 -5.000000000000e-03
2.025354672333e+00 1.235226915162e+00 -5.000000000000e-03
1.749969178497e+00 8.187484442564e-01 -5.000000000000e-03
1.612697534896e+00 5.123734156155e-01 -5.000000000000e-03
1.686357914295e+00 3.650851848093e-01 -5.000000000000e-03
8.853727843900e-01 1.333972137725e+00 -5.000000000000e-03
2.616242726581e+00 3.641921031494e-02 -5.000000000000e-03
1.719918246515e+00 6.001620967947e+00 -5.000000000000e-03
4.175675703492e-01 9.792996407166e-01 -5.000000000000e-03
2.512970196964e+00 1.857937490614e+00 -5.000000000000e-03
2.273194654936e+00 3.978547441855e+00 -5.000000000000e-03
5.645319699804e+00 5.562575696179e+00 -5.000000000000e-03
1.473117929078e+00 4.415069686655e+00 -5.000000000000e-03
2.405350754573e+00 3.824716361089e-01 -5.000000000000e-03
1.861967832098e+00 5.768034199141e+00 -5.000000000000e-03
2.399588983084e+00 4.741653052591e+00 -5.000000000000e-03
9.374634752488e-01 5.846809566437e+00 -5.000000000000e-03
4.073647614274e-01 5.769159978071e+00 -5.000000000000e-03
1.841032331924e+00 8.262621036545e-01 -5.000000000000e-03
1.538628083930e+00 6.111782300026e+00 -5.000000000000e-03
2.620601114784e+00 5.688575456694e+00 -5.000000000000e-03
2.573536137084e+00 6.016207129407e+00 -5.000000000000e-03
2.910947130341e+00 6.238254283275e+00 -5.000000000000e-03
3.987144673426e+00 8.340853173126e-01 -5.000000000000e-03
1.868709568777e+00 5.307268833462e+00 -5.000000000000e-03
7.687479236825e-01 5.465536163286e+00 -5.000000000000e-03
4.480280051790e+00 4.762962961219e+00 -5.000000000000e-03
1.717492839459e+00 2.186015239122e+00 -5.000000000000e-03
1.105785152282e+00 6.163556336182e+00 -5.000000000000e-03
3.208792888535e+00 5.525347948483e+00 -5.000000000000e-03
