5.526226777753e+00 1.379428465940e+00 5.000000000000e-03
2.126941183477e+00 4.727747853414e+00 5.000000000000e-03
4.192953943921e+00 1.579339560863e+00 5.000000000000e-03
6.015233191654e+00 5.254458870905e+00 5.000000000000e-03
5.099934616055e+00 4.908425104269e+00 5.000000000000e-03
3.755585330544e+00 3.495260073574e+00 5.000000000000e-03
1.513436165690e-04 1.569215379383e+00 5.000000000000e-03
1.213568671173e+00 1.823050010021e+00 5.000000000000e-03
4.700170111030e+00 3.095871427808e-01 5.000000000000e-03
9.622191562579e-01 3.795431496887e+00 5.000000000000e-03
3.228004115470e+00 6.475017689843e-01 5.000000000000e-03
3.141383927955e+00 3.886261088615e+00 5.000000000000e-03
9.545514278301e-01 3.401268698351e+00 5.000000000000e-03
4.525204314823e+00 1.027848793255e+00 5.000000000000e-03
5.919646334533e+00 5.196342981904e+00 5.000000000000e-03
3.988860853981e+00 8.716517915534e-01 5.000000000000e-03
4.780490576093e+00 6.214412679417e+00 5.000000000000e-03
4.988265171585e+00 4.248140904798e+00 5.000000000000e-03
1.399619799753e+00 3.513546537113e+00 5.000000000000e-03
5.309112983906e+00 1.735793563598e+00 5.000000000000e-03
1.494632619173e+00 5.284667688461e+00 5.000000000000e-03
3.441554234957e+00 5.407900934649e+00 5.000000000000e-03
4.859716768968e+00 1.904023956670e+00 5.000000000000e-03
5.728993264489e-01 5.192427493919e+00 5.000000000000e-03
4.877710832051e+00 4.474692556857e+00 5.000000000000e-03
5.187769777732e+00 2.077581607559e+00 5.000000000000e-03
5.473776908883e+00 1.216652287017e+00 5.000000000000e-03
4.842437184861e+00 4.343027881884e+00 5.000000000000e-03
3.344047970340e-01 4.945501143957e+00 5.000000000000e-03
1.485576252048e+00 3.726420992839e+00 5.000000000000e-03
5.127693215569e+00 4.143698379599e+00 5.000000000000e-03
2.898111556450e+00 7.933428488199e-01 5.000000000000e-03
1.713026506686e+00 3.305376329789e+00 5.000000000000e-03
2.729659265917e+00 5.949835067662e+00 5.000000000000e-03
5.881190896816e-01 3.957218245883e+00 5.000000000000e-03
3.209742245215e+00 3.759352884042e+00 5.000000000000e-03
1.170692632614e+00 3.910408225320e+00 5.000000000000e-03
3.452125560864e+00 3.864335324786e+00 5.000000000000e-03
5.828105540485e+00 5.314045827664e+00 5.000000000000e-03
5.335293821318e-02 2.611982047122e+00 5.000000000000e-03
3.693835203009e+00 1.178356044462e+00 5.000000000000e-03
1.269522150115e+00 4.140411015082e+00 5.000000000000e-03
5.301350879797e+00 5.465877710872e+00 5.000000000000e-03
4.951157628032e+00 3.767203298426e+00 5.000000000000e-03
4.362919325899e+00 3.532250795660e+00 5.000000000000e-03
1.603964591219e+00 1.409205544317e+00 5.000000000000e-03
5.080346489187e-01 4.754530246531e+00 5.000000000000e-03
2.578666187449e-01 2.909596885223e+00 5.000000000000e-03
1.063804923021e+00 3.703278415812e+00 5.000000000000e-03
7.226075026581e-01 5.265142678511e+00 5.000000000000e-03
5.194849264857e+00 4.032166009032e+00 5.000000000000e-03
5.461920928603e+00 1.311454064592e+00 5.000000000000e-03
5.725600120125e+00 1.439590084608e+00 5.000000000000e-03
5.332597167739e+00 3.758786715776e+00 5.000000000000e-03
3.176679208059e+00 2.601710267289e+00 5.000000000000e-03
4.489103517304e+00 5.055306883365e+00 5.000000000000e-03
4.463194580039e+00 1.701780887045e+00 5.000000000000e-03
9.712486577884e-01 2.967079783535e+00 5.000000000000e-03
5.010074619004e+00 6.149478760498e+00 5.000000000000e-03
5.198440537303e+00 4.263308655623e+00 5.000000000000e-03
4.637874010329e+00 3.317613312591e+00 5.000000000000e-03
2.133674562223e+00 4.659376517913e+00 5.000000000000e-03
5.396303751880e+00 1.749913455165e+00 5.000000000000e-03
4.892103284743e+00 1.429030955843e+00 5.000000000000e-03
4.254006750870e+00 6.050951037541e+00 5.000000000000e-03
7.674848681231e-01 1.786723907488e-02 5.000000000000e-03
4.986516827885e+00 3.895344443276e-01 5.000000000000e-03
2.002117616885e+00 3.911539053384e+00 5.000000000000e-03
3.560994028616e-01 5.139987084706e+00 5.000000000000e-03
4.191595043263e+00 1.713655828222e+00 5.000000000000e-03
6.096842397831e+00 4.342381604761e+00 5.000000000000e-03
4.140175327986e+00 5.746442935125e+00 5.000000000000e-03
4.309762961886e+00 4.186448948741e+00 5.000000000000e-03
4.163228363006e+00 1.644057822981e+00 5.000000000000e-03
1.685762914534e+00 5.356080643765e+00 5.000000000000e-03
6.128794027610e+00 3.195092008126e+00 5.000000000000e-03
1.748241060784e+00 3.951293636339e+00 5.000000000000e-03
3.929892965490e+00 5.905252721029e+00 5.000000000000e-03
4.936515592189e+00 4.236776469148e+00 5.000000000000e-03
2.635849173854e+00 1.748376492141e+00 5.000000000000e-03
4.939447697251e+00 1.670317234773e+00 5.000000000000e-03
4.916121411613e+00 2.376188089601e-01 5.000000000000e-03
2.461316249913e+00 4.547960027852e+00 5.000000000000e-03
3.239790257423e+00 4.988634895331e+00 5.000000000000e-03
5.165559872160e+00 4.028924228279e+00 5.000000000000e-03
5.222714251985e+00 5.705079593011e+00 5.000000000000e-03
1.857574869523e+00 3.737997542577e+00 5.000000000000e-03
3.700377482917e+00 1.301132715543e+00 5.000000000000e-03
8.697870190093e-01 5.306125506063e+00 5.000000000000e-03
4.412283226687e+00 1.143971774542e+00 5.000000000000e-03
4.321180763299e+00 3.423080241178e+00 5.000000000000e-03
1.249926791487e+00 1.193725897219e+00 5.000000000000e-03
2.489575999633e-01 4.722239355534e+00 5.000000000000e-03
9.209493155031e-01 5.175474612265e+00 5.000000000000e-03
5.373221686591e+00 5.757940440559e+00 5.000000000000e-03
3.301887901293e-04 6.042833658883e+00 5.000000000000e-03
1.259610377226e+00 4.049124234233e+00 5.000000000000e-03
5.092518692570e+00 3.835793681100e-02 5.000000000000e-03
4.410845211718e+00 2.145408220035e+00 5.000000000000e-03
6.146304215743e+00 4.593218268536e+00 5.000000000000e-03
4.115967300488e+00 3.816328832726e+00 -5.000000000000e-03
1.800086250846e-01 5.339080937243e+00 -5.000000000000e-03
7.214767945461e-01 2.488455601336e+00 -5.000000000000e-03
3.193242484379e+00 5.057639330635e-01 -5.000000000000e-03
3.722619072376e+00 1.449460090619e+00 -5.000000000000e-03
1.597763793065e+00 1.108684669272e-01 -5.000000000000e-03
3.960141857591e+00 2.370351690772e+00 -5.000000000000e-03
2.153008886419e+00 9.070151854184e-01 -5.000000000000e-03
5.019415472133e+00 6.014423597884e+00 -5.000000000000e-03
5.999712845415e+00 3.443355218734e+00 -5.000000000000e-03
1.737528024046e+00 1.020536797386e+00 -5.000000000000e-03
1.356691547775e+00 5.721462765969e+00 -5.000000000000e-03
2.916709296487e+00 4.878356226940e+00 -5.000000000000e-03
4.090350541012e+00 3.806076255801e+00 -5.000000000000e-03
4.075627493764e+00 4.032312080850e+00 -5.000000000000e-03
2.682901692713e+00 8.772480677383e-01 -5.000000000000e-03
4.089274792740e+00 5.151606780720e+00 -5.000000000000e-03
2.100414337395e+00 5.181972090747e-01 -5.000000000000e-03
2.154646398230e+00 6.015319843521e+00 -5.000000000000e-03
3.549119316265e+00 2.120510712467e+00 -5.000000000000e-03
3.775931223701e+00 4.891419440142e+00 -5.000000000000e-03
4.372224127593e-01 4.127557823006e-01 -5.000000000000e-03
2.794876864815e+00 9.831590122847e-01 -5.000000000000e-03
4.406863491694e+00 4.722926823107e+00 -5.000000000000e-03
3.144997273513e+00 1.935963807603e+00 -5.000000000000e-03
2.639620862744e+00 1.019778221582e+00 -5.000000000000e-03
3.113159355805e+00 1.170002734572e+00 -5.000000000000e-03
3.599875132232e+00 4.055698214798e+00 -5.000000000000e-03
1.357696247642e-01 5.075158207638e+00 -5.000000000000e-03
2.790330174309e+00 8.924295776753e-02 -5.000000000000e-03
2.723752735378e+00 9.294801937664e-01 -5.000000000000e-03
2.120672317775e+00 5.459075314011e-01 -5.000000000000e-03
4.672010654139e+00 9.552947348108e-01 -5.000000000000e-03
4.166020933300e+00 5.264399866400e+00 -5.000000000000e-03
1.051438660690e+00 4.989341168962e+00 -5.000000000000e-03
1.790582363085e+00 6.044170047380e+00 -5.000000000000e-03
2.213274552281e+00 1.112571300911e+00 -5.000000000000e-03
3.089863590394e+00 7.099761606073e-01 -5.000000000000e-03
1.934021145961e+00 9.973753753177e-01 -5.000000000000e-03
5.166829959333e+00 6.089200539672e+00 -5.000000000000e-03
5.678119285496e+00 6.065880902741e+00 -5.000000000000e-03
6.104034875228e+00 3.662809109985e+00 -5.000000000000e-03
7.833137111113e-01 4.112358007565e+00 -5.000000000000e-03
2.169015169186e+00 3.091965147095e+00 -5.000000000000e-03
4.536899249529e+00 7.224708344633e-01 -5.000000000000e-03
2.245274765207e+00 2.718021318948e+00 -5.000000000000e-03
1.599089565131e+00 8.132150188902e-01 -5.000000000000e-03
1.125333373477e+00 6.278881761331e+00 -5.000000000000e-03
6.147366573933e+00 3.648534668586e+00 -5.000000000000e-03
2.347170920933e+00 2.067114247155e+00 -5.000000000000e-03
2.212734211455e+00 9.777609634946e-01 -5.000000000000e-03
6.227014747358e+00 4.162437721891e+00 -5.000000000000e-03
1.044186555396e+00 1.579352813081e+00 -5.000000000000e-03
5.630424135179e+00 1.532487949975e-01 -5.000000000000e-03
4.992289002250e+00 3.428183652946e+00 -5.000000000000e-03
4.230488768261e+00 5.417733238742e+00 -5.000000000000e-03
3.837528675691e+00 2.394222058147e+00 -5.000000000000e-03
1.888113063184e+00 9.356884823281e-01 -5.000000000000e-03
3.943582414404e+00 5.106678483842e+00 -5.000000000000e-03
3.186070407928e+00 9.338977009448e-01 -5.000000000000e-03
4.888327980092e+00 5.665186563157e-01 -5.000000000000e-03
7.819322420417e-01 2.709702416810e+00 -5.000000000000e-03
2.823696143911e+00 1.956589518170e+00 -5.000000000000e-03
8.583251416239e-01 6.171233882058e+00 -5.000000000000e-03
3.777712911574e+00 4.870718743291e+00 -5.000000000000e-03
5.427019912810e+00 6.144856239693e+00 -5.000000000000e-03
2.238534469333e+00 5.758938196588e+00 -5.000000000000e-03
2.183952639379e+00 4.534714468828e-01 -5.000000000000e-03
1.667662872749e+00 1.662059567492e+00 -5.000000000000e-03
2.663747806660e+00 5.514237898255e+00 -5.000000000000e-03
5.726359389253e+00 2.844292902301e+00 -5.000000000000e-03
4.567884189371e+00 5.708447442308e-01 -5.000000000000e-03
1.289099934297e+00 2.717989686656e+00 -5.000000000000e-03
1.129759149368e+00 4.840657933555e+00 -5.000000000000e-03
4.725172588184e+00 6.069792310762e-01 -5.000000000000e-03
2.806561016531e+00 5.540048137372e+00 -5.000000000000e-03
2.162235660615e+00 3.218835724879e+00 -5.000000000000e-03
2.341943012080e+00 5.885789011274e-01 -5.000000000000e-03
4.339883497010e+00 2.897302182934e-01 -5.000000000000e-03
9.700660212533e-01 4.379699039954e-01 -5.000000000000e-03
3.511525651650e+00 8.926270290565e-01 -5.000000000000e-03
4.177043400474e+00 1.950954499213e+00 -5.000000000000e-03
2.324704475968e+00 5.062302007214e+00 -5.000000000000e-03
3.228843819860e+00 1.913293264521e+00 -5.000000000000e-03
2.089922356634e+00 1.210601001188e+00 -5.000000000000e-03
5.990579088670e+00 3.458838375191e+00 -5.000000000000e-03
2.874979737528e+00 4.076443921976e+00 -5.000000000000e-03
4.193535135421e+00 7.156985284961e-01 -5.000000000000e-03
7.884248526977e-01 2.750322391984e+00 -5.000000000000e-03
6.204953904810e+00 4.089438659486e+00 -5.000000000000e-03
4.078647770993e+00 3.278330887615e+00 -5.000000000000e-03
2.435025060208e+00 8.975030544271e-01 -5.000000000000e-03
4.163555360170e+00 5.079320968910e+00 -5.000000000000e-03
1.686005754204e+00 3.519018906813e+00 -5.000000000000e-03
1.493553785421e+00 5.533780525517e+00 -5.000000000000e-03
4.086417103812e+00 3.167603900186e+00 -5.000000000000e-03
2.587607814063e+00 3.298042641980e+00 -5.000000000000e-03
7.383670798677e-01 2.511177476423e+00 -5.000000000000e-03
3.988069944644e+00 5.139762520672e+00 -5.000000000000e-03
3.458197543976e+00 4.733687730823e+00 -5.000000000000e-03
