2.115262433776e+00 5.859663864252e+00 5.000000000000e-03
2.801635668157e+00 3.649560991840e+00 5.000000000000e-03
2.583912285061e+00 6.115968130701e-01 5.000000000000e-03
1.847454264451e+00 5.373617055060e-01 5.000000000000e-03
3.909252088509e+00 5.418969513771e+00 5.000000000000e-03
1.884090157705e+00 5.947485637440e+00 5.000000000000e-03
6.220791932876e+00 7.532140027531e-01 5.000000000000e-03
1.272954283534e+00 1.170802782336e+00 5.000000000000e-03
6.245603994398e+00 1.832353863617e+00 5.000000000000e-03
3.878287946688e+00 1.782892464797e+00 5.000000000000e-03
3.312131352496e+00 5.494374331086e+00 5.000000000000e-03
1.465031343101e+00 1.028796806020e+00 5.000000000000e-03
2.794251538943e+00 3.308975651976e+00 5.000000000000e-03
3.496228174904e+00 5.163678153210e+00 5.000000000000e-03
3.659970684551e+00 3.996918703079e-01 5.000000000000e-03
2.933950385357e+00 4.832260793017e+00 5.000000000000e-03
3.921000228859e+00 5.867497409264e+00 5.000000000000e-03
4.119039326240e+00 9.966364865435e-01 5.000000000000e-03
2.269095734329e+00 3.484951725075e+00 5.000000000000e-03
2.555515940893e+00 7.642469691464e-01 5.000000000000e-03
2.030097381086e+00 1.680541661359e+00 5.000000000000e-03
2.681781411585e+00 4.109965349961e+00 5.000000000000e-03
1.111708268273e+00 5.309877143849e+00 5.000000000000e-03
1.346885034727e+00 1.044814762442e+00 5.000000000000e-03
2.620546336798e+00 1.581314577000e+00 5.000000000000e-03
3.044792400184e+00 1.034644946596e-01 5.000000000000e-03
1.389499163373e+00 5.455808802071e+00 5.000000000000e-03
1.739825828009e+00 1.285421456308e+00 5.000000000000e-03
3.176268891522e+00 2.754662293385e-01 5.000000000000e-03
2.948846549874e+00 1.258036031667e+00 5.000000000000e-03
2.498250776817e+00 8.922455962202e-01 5.000000000000e-03
1.639429168827e+00 3.872716679358e-01 5.000000000000e-03
4.457370912901e+00 5.583972649899e+00 5.000000000000e-03
2.629772056028e+00 6.125150398467e-02 5.000000000000e-03
1.219339384892e+00 1.989800671466e-01 5.000000000000e-03
2.862743893134e+00 6.126112959915e-01 5.000000000000e-03
5.248281754036e+00 2.528541416100e+00 5.000000000000e-03
3.485454311784e+00 1.661404400617e+00 5.000000000000e-03
2.692615526586e+00 1.086470359678e-01 5.000000000000e-03
5.825838639605e+00 1.336048979903e+00 5.000000000000e-03
1.822729390311e-01 4.980003022913e+00 5.000000000000e-03
9.430573701541e-01 5.404870204087e+00 5.000000000000e-03
5.650393596018e+00 2.085764178353e+00 5.000000000000e-03
3.052412486049e+00 1.357406859850e-01 5.000000000000e-03
3.361541230871e+00 4.190199674143e+00 5.000000000000e-03
5.461179467410e-01 1.403621895559e+00 5.000000000000e-03
3.125119686964e+00 4.771796819224e+00 5.000000000000e-03
2.121615506789e+00 1.063341281548e+00 5.000000000000e-03
4.277027923070e+00 7.500251738019e-01 5.000000000000e-03
2.245897658300e+00 1.008180547425e+00 5.000000000000e-03
1.219087369017e+00 1.658922408253e+00 5.000000000000e-03
1.341696768680e+00 9.738219853148e-01 5.000000000000e-03
2.040227124112e+00 3.484399951991e-02 5.000000000000e-03
3.568670397763e+00 3.813163546341e+00 5.000000000000e-03
2.482088877121e+00 2.335277553794e-02 5.000000000000e-03
3.904680644301e+00 2.680663151188e+00 5.000000000000e-03
2.487286952659e+00 7.694080236611e-01 5.000000000000e-03
1.724316195382e+00 3.113145844774e+00 5.000000000000e-03
3.106332842268e+00 2.211459559793e+00 5.000000000000e-03
1.950685905028e+00 6.088488897869e+00 5.000000000000e-03
1.306572250333e-01 4.610324629845e-01 5.000000000000e-03
9.751276085546e-01 3.657357652845e+00 5.000000000000e-03
3.760632767790e+00 4.805649012992e-01 5.000000000000e-03
3.420478567844e+00 5.608518167954e+00 5.000000000000e-03
1.190899965010e+00 3.000384646034e-01 5.000000000000e-03
2.123743405723e+00 6.075544921416e-01 5.000000000000e-03
1.481228229117e+00 1.581535559925e-01 5.000000000000e-03
5.878985536679e-01 1.601708329601e+00 5.000000000000e-03
5.971324669652e+00 1.078854008967e+00 5.000000000000e-03
5.248092557290e+00 4.335499019702e+00 5.000000000000e-03
3.141227522308e-01 2.505007202262e+00 5.000000000000e-03
4.461612581547e+00 5.859965945731e+00 5.000000000000e-03
2.645968919226e+00 4.824034161603e-01 5.000000000000e-03
1.709575538292e+00 8.289601904081e-01 5.000000000000e-03
2.704487741248e+00 6.081646989381e+00 5.000000000000e-03
4.085500109442e+00 5.661822764219e+00 5.000000000000e-03
2.390413955072e+00 1.118421069684e+00 5.000000000000e-03
1.043017323914e-01 2.881797523515e+00 5.000000000000e-03
3.006078489251e+00 6.794332020178e-01 5.000000000000e-03
3.316790333721e+00 3.851391381198e+00 5.000000000000e-03
5.265596931689e+00 1.050014079620e-01 5.000000000000e-03
2.796127392365e+00 2.532764906319e+00 5.000000000000e-03
2.703195425496e+00 2.548656069850e+00 5.000000000000e-03
5.356789903241e-01 2.127555966837e+00 5.000000000000e-03
1.626052887049e+00 1.889319091655e+00 5.000000000000e-03
1.933171026546e+00 3.280755247288e-01 5.000000000000e-03
4.524289638349e+00 5.721742480698e-01 5.000000000000e-03
5.924200054050e+00 5.021454707991e-01 5.000000000000e-03
1.365925056136e+00 5.337333402075e+00 5.000000000000e-03
2.081217612640e+00 5.950333300626e+00 5.000000000000e-03
3.428236636000e+00 5.775494164452e+00 5.000000000000e-03
1.443617718410e+00 9.637478861556e-01 5.000000000000e-03
3.515858951343e+00 9.640987504151e-01 5.000000000000e-03
4.047972632037e+00 5.604233269253e+00 5.000000000000e-03
1.335536214109e+00 7.866591205503e-02 5.000000000000e-03
3.798431683046e+00 1.975423722238e+00 5.000000000000e-03
4.058114467793e+00 6.087875332695e+00 5.000000000000e-03
2.722792026579e+00 1.615851223729e+00 5.000000000000e-03
2.334053037504e+00 4.672659377584e+00 5.000000000000e-03
2.511112442013e+00 9.064954767435e-01 5.000000000000e-03
7.094283731354e-01 6.243293232598e+00 -5.000000000000e-03
4.615427380451e+00 4.176776533708e+00 -5.000000000000e-03
3.106774965087e+00 2.494484910486e+00 -5.000000000000e-03
4.915573589527e+00 3.415801041033e+00 -5.000000000000e-03
1.867545785642e-01 5.732112977130e+00 -5.000000000000e-03
3.564228685904e+00 2.352895774542e+00 -5.000000000000e-03
1.089816693098e+00 1.636632438088e+00 -5.000000000000e-03
4.971174424650e+00 3.884452902263e+00 -5.000000000000e-03
6.271940380040e+00 2.242983546225e+00 -5.000000000000e-03
4.092188161036e-01 3.629019252031e+00 -5.000000000000e-03
2.618119287697e-01 5.996126863326e-01 -5.000000000000e-03
4.834202996873e+00 4.066221934545e+00 -5.000000000000e-03
4.633896872888e+00 3.549351917052e+00 -5.000000000000e-03
4.238236053083e+00 1.877702708771e+00 -5.000000000000e-03
3.978305302670e+00 3.509386525605e+00 -5.000000000000e-03
1.849762268295e+00 4.927921048750e+00 -5.000000000000e-03
5.127810611461e+00 4.809992305786e+00 -5.000000000000e-03
4.424621568310e+00 3.995737495683e+00 -5.000000000000e-03
4.025052656083e+00 2.707391166666e+00 -5.000000000000e-03
8.640822013212e-01 1.572239941926e+00 -5.000000000000e-03
4.733063511719e+00 1.753743291640e-01 -5.000000000000e-03
5.784761192616e+00 1.666610642175e+00 -5.000000000000e-03
2.993286447595e+00 3.093083107411e+00 -5.000000000000e-03
5.601624877645e+00 5.109551250711e+00 -5.000000000000e-03
5.092629108408e+00 4.360289829012e+00 -5.000000000000e-03
5.198886160964e+00 2.893473876059e+00 -5.000000000000e-03
4.842902322024e+00 2.863107959311e+00 -5.000000000000e-03
5.179455239125e+00 4.152673796374e+00 -5.000000000000e-03
5.036008793179e+00 5.057577720245e+00 -5.000000000000e-03
1.883862730823e+00 5.636134380573e+00 -5.000000000000e-03
9.260066092393e-01 5.555046672859e+00 -5.000000000000e-03
4.981704775356e+00 3.629551229708e+00 -5.000000000000e-03
6.459277283760e-01 2.362936020905e+00 -5.000000000000e-03
1.616493472342e+00 2.104858956568e+00 -5.000000000000e-03
6.264265785809e+00 4.876090521629e+00 -5.000000000000e-03
4.725610123630e+00 3.949664893722e+00 -5.000000000000e-03
3.201448367951e+00 2.809235493318e+00 -5.000000000000e-03
5.834491945554e+00 5.969321569034e+00 -5.000000000000e-03
1.700839782274e+00 3.228281858995e+00 -5.000000000000e-03
5.233444508540e+00 3.203825605233e+00 -5.000000000000e-03
3.162537831756e+00 9.156995672729e-01 -5.000000000000e-03
4.308543621286e+00 2.472503978859e+00 -5.000000000000e-03
3.973921853236e+00 3.042648701816e+00 -5.000000000000e-03
5.920549816705e+00 2.183982649817e+00 -5.000000000000e-03
5.369060928072e+00 4.852867942675e+00 -5.000000000000e-03
3.358085974935e+00 4.692002712467e+00 -5.000000000000e-03
4.711856787391e+00 1.958582696064e+00 -5.000000000000e-03
5.408276111134e+00 2.883065423222e+00 -5.000000000000e-03
1.581865284868e+00 3.269388961787e+00 -5.000000000000e-03
5.381242810601e+00 2.334834234257e+00 -5.000000000000e-03
4.901375847651e+00 4.282567558725e+00 -5.000000000000e-03
4.646798408313e+00 4.251761501668e+00 -5.000000000000e-03
5.566119768210e+00 2.941233545073e+00 -5.000000000000e-03
1.943850234050e-01 3.216461882851e+00 -5.000000000000e-03
5.399656924703e+00 3.773141516289e+00 -5.000000000000e-03
4.187237045506e+00 2.638991685809e+00 -5.000000000000e-03
4.174305695928e+00 2.116802674399e-01 -5.000000000000e-03
4.968914650018e+00 3.966643667670e+00 -5.000000000000e-03
1.836558814847e+00 4.050769343683e+00 -5.000000000000e-03
4.625591441914e+00 4.057211032600e+00 -5.000000000000e-03
1.107151877478e+00 3.073976486228e+00 -5.000000000000e-03
5.278982274692e+00 2.753715555755e+00 -5.000000000000e-03
4.661967622004e+00 3.612907923812e+00 -5.000000000000e-03
4.464381444844e+00 3.369612096376e+00 -5.000000000000e-03
5.785273531294e+00 2.770555376058e+00 -5.000000000000e-03
5.898180441519e+00 2.972931537102e-01 -5.000000000000e-03
4.469026008095e+00 1.706414488531e+00 -5.000000000000e-03
5.447305951091e-01 5.216875446951e+00 -5.000000000000e-03
1.068346942360e-01 3.180603568465e+00 -5.000000000000e-03
4.009216773489e+00 3.129404862276e+00 -5.000000000000e-03
5.944733600915e+00 2.201448295530e-01 -5.000000000000e-03
5.915709415007e+00 4.313181165723e+00 -5.000000000000e-03
5.139748977635e+00 3.218334308435e+00 -5.000000000000e-03
4.985349723411e+00 3.266907746827e+00 -5.000000000000e-03
6.276626827390e+00 1.564137743002e+00 -5.000000000000e-03
3.144868884352e+00 1.685169950985e+00 -5.000000000000e-03
4.169980520604e+00 3.208222896804e+00 -5.000000000000e-03
2.015932216776e+00 4.997023137407e+00 -5.000000000000e-03
4.965552591125e+00 3.357086984648e+00 -5.000000000000e-03
5.483862253229e+00 3.069275627052e+00 -5.000000000000e-03
4.003601503161e+00 3.576791283124e+00 -5.000000000000e-03
1.485392747204e+00 4.365543912780e+00 -5.000000000000e-03
4.655886878180e+00 1.908762779288e-01 -5.000000000000e-03
5.528949397009e+00 4.575331488391e+00 -5.000000000000e-03
4.733073010676e+00 3.322338421109e+00 -5.000000000000e-03
4.996121147361e+00 3.702233266176e+00 -5.000000000000e-03
4.978247488461e+00 3.455794492935e+00 -5.000000000000e-03
1.005072376093e+00 5.120603866087e+00 -5.000000000000e-03
4.943281643121e+00 2.930604285621e+00 -5.000000000000e-03
4.249021477936e+00 6.236550850021e+00 -5.000000000000e-03
5.122445487024e+00 3.769497854923e+00 -5.000000000000e-03
4.720103871997e+00 1.841568686494e+00 -5.000000000000e-03
5.618770009048e+00 4.395793312180e+00 -5.000000000000e-03
4.790720295415e+00 5.937240403825e+00 -5.000000000000e-03
4.168436206653e+00 4.225352300868e+00 -5.000000000000e-03
4.783970091979e-01 2.761916677252e+00 -5.000000000000e-03
4.537341146941e+00 2.949342214534e+00 -5.000000000000e-03
3.005482458963e+00 2.828917903335e+00 -5.000000000000e-03
3.794403154961e+00 3.811763936057e+00 -5.000000000000e-03
4.437204088523e+00 3.798650494719e+00 -5.000000000000e-03
