2.287465110781e+00 4.361684395075e+00 5.000000000000e-03
3.798007018369e+00 3.631060510140e+00 5.000000000000e-03
1.977055874629e+00 3.286692003768e+00 5.000000000000e-03
5.061524886016e+00 5.593090156877e+00 5.000000000000e-03
3.057444323124e-02 3.623086196018e+00 5.000000000000e-03
3.298932906713e+00 4.577907383394e+00 5.000000000000e-03
2.127408364985e+00 3.977585480714e+00 5.000000000000e-03
9.930842510912e-01 3.880036693652e+00 5.000000000000e-03
2.316525600564e+00 2.936538159559e+00 5.000000000000e-03
4.337557164790e+00 4.365689965744e+00 5.000000000000e-03
4.483924821801e+00 2.564479687329e+00 5.000000000000e-03
1.123757538757e+00 3.854739870826e+00 5.000000000000e-03
4.009428789547e+00 5.770449250822e+00 5.000000000000e-03
1.715336857927e+00 4.549229275179e+00 5.000000000000e-03
8.284901915737e-01 1.626718389595e+00 5.000000000000e-03
2.933803721381e+00 1.092253968043e+00 5.000000000000e-03
3.148019554079e+00 3.691882246589e+00 5.000000000000e-03
3.723176152545e+00 5.098993797981e+00 5.000000000000e-03
2.657204748070e+00 3.637922140240e+00 5.000000000000e-03
2.497038638601e+00 5.167284182384e+00 5.000000000000e-03
2.555006929543e-01 5.586832382332e+00 5.000000000000e-03
2.403925451373e+00 3.807294142816e+00 5.000000000000e-03
5.660759384049e+00 3.034795924771e+00 5.000000000000e-03
2.764723502486e+00 6.256061569855e-02 5.000000000000e-03
1.366493696879e+00 4.608261368657e+00 5.000000000000e-03
1.832431841265e+00 4.839824048512e+00 5.000000000000e-03
2.418506453272e+00 3.836457885934e+00 5.000000000000e-03
2.109719763293e+00 4.309302716389e+00 5.000000000000e-03
2.800601383254e+00 3.683367234009e+00 5.000000000000e-03
4.176165482004e+00 4.494500640260e+00 5.000000000000e-03
2.552416832985e+00 3.617210106404e+00 5.000000000000e-03
2.245133061765e+00 4.429158249961e+00 5.000000000000e-03
1.765246105279e+00 2.685622419445e-01 5.000000000000e-03
3.339796860409e+00 1.723691104462e+00 5.000000000000e-03
3.164775531113e+00 4.940404522029e+00 5.000000000000e-03
3.157944759665e+00 4.177593022526e+00 5.000000000000e-03
3.262507602825e+00 1.246239688804e+00 5.000000000000e-03
3.681325305082e+00 5.400443072883e+00 5.000000000000e-03
4.594071480867e+00 2.114011668969e+00 5.000000000000e-03
4.470518635652e+00 4.725804678189e+00 5.000000000000e-03
6.245476020879e+00 2.705901329363e+00 5.000000000000e-03
3.739685580825e+00 5.458276380271e+00 5.000000000000e-03
1.925403564506e+00 4.035600637734e+00 5.000000000000e-03
1.856268409429e+00 4.816462224580e+00 5.000000000000e-03
2.379844456959e+00 3.658177695694e+00 5.000000000000e-03
4.446464841823e+00 1.857528311416e+00 5.000000000000e-03
5.940348207017e+00 3.901202469383e+00 5.000000000000e-03
4.899320320402e-01 6.266723373365e+00 5.000000000000e-03
6.674383858980e-01 4.894959291189e+00 5.000000000000e-03
3.993757612632e+00 6.069001495924e+00 5.000000000000e-03
2.406223936637e+00 4.678383368466e+00 5.000000000000e-03
2.300324235627e+00 4.704392284468e+00 5.000000000000e-03
4.170269853349e+00 3.519722557418e+00 5.000000000000e-03
6.127560341441e-01 1.181467574400e+00 5.000000000000e-03
4.363942420831e+00 2.691313121729e+00 5.000000000000e-03
4.573627822725e+00 4.451963000548e+00 5.000000000000e-03
5.355221964131e-01 5.196108247752e+00 5.000000000000e-03
5.876208943095e+00 6.161836101743e+00 5.000000000000e-03
1.303734763576e+00 4.846936267737e+00 5.000000000000e-03
2.361549885242e+00 2.438219545073e+00 5.000000000000e-03
1.995354004048e+00 6.022669878671e+00 5.000000000000e-03
3.506027165457e+00 2.454430377183e+00 5.000000000000e-03
5.693170098094e-02 4.353080830785e+00 5.000000000000e-03
8.084931776158e-01 5.279478935893e+00 5.000000000000e-03
2.308859769720e+00 6.203426984249e+00 5.000000000000e-03
1.506069339013e-01 2.259989333024e+00 5.000000000000e-03
1.740254951644e+00 2.400605379646e+00 5.000000000000e-03
4.947453531624e+00 4.392686373112e+00 5.000000000000e-03
7.474349742378e-01 4.258629294192e+00 5.000000000000e-03
1.564890200770e+00 4.759399116085e+00 5.000000000000e-03
3.103586102351e+00 3.455072463206e+00 5.000000000000e-03
2.265101825450e+00 5.427126463017e+00 5.000000000000e-03
1.830885973777e+00 4.671302085271e+00 5.000000000000e-03
2.232340313095e+00 4.483201289578e+00 5.000000000000e-03
1.109283474213e+00 1.188149379089e+00 5.000000000000e-03
3.086474213214e+00 1.369056404868e+00 5.000000000000e-03
1.871260826675e+00 4.403979013180e+00 5.000000000000e-03
2.238067085601e+00 2.053936370590e+00 5.000000000000e-03
3.713628776386e+00 1.719105147378e+00 5.000000000000e-03
6.180844405134e+00 5.840769013539e+00 5.000000000000e-03
2.069773409660e+00 1.320203833630e-01 5.000000000000e-03
6.250091686713e+00 5.215877535445e+00 5.000000000000e-03
2.592693972699e+00 3.261234069906e+00 5.000000000000e-03
5.531759874901e+00 5.457743434637e+00 5.000000000000e-03
3.040021980925e+00 2.553200724904e+00 5.000000000000e-03
1.180625914417e+00 4.779715453458e+00 5.000000000000e-03
1.846651910905e+00 4.353144542646e+00 5.000000000000e-03
4.363642154042e+00 3.607670810083e+00 5.000000000000e-03
2.686850802012e+00 3.393977820707e+00 5.000000000000e-03
5.183943524056e+00 5.427440639006e+00 5.000000000000e-03
3.322215430717e+00 5.350493830257e+00 5.000000000000e-03
4.499299550549e-01 4.614654678403e+00 5.000000000000e-03
3.173684240237e+00 1.184894161557e+00 5.000000000000e-03
2.286317606399e+00 4.614158985920e+00 5.000000000000e-03
7.849929384006e-01 5.504842091474e+00 5.000000000000e-03
1.426131573181e+00 3.607111201665e+00 5.000000000000e-03
5.818158434291e+00 5.071334938875e+00 5.000000000000e-03
1.803825801728e+00 4.137454309620e+00 5.000000000000e-03
1.451966882108e+00 4.669478197759e+00 5.000000000000e-03
2.542209688666e+00 3.633529365871e+00 5.000000000000e-03
2.502113248786e+00 1.834160518707e+00 -5.000000000000e-03
6.094064372985e+00 1.257377085228e+00 -5.000000000000e-03
4.020964138432e+00 1.852561494559e+00 -5.000000000000e-03
4.818011090667e+00 1.503224599812e+00 -5.000000000000e-03
4.074077237863e-01 1.282887783329e+00 -5.000000000000e-03
3.118634589923e+00 1.506736927866e+00 -5.000000000000e-03
3.960300324527e+00 4.258198868719e+00 -5.000000000000e-03
4.760138187932e+00 8.754053957804e-01 -5.000000000000e-03
1.273529607385e+00 8.393465899172e-01 -5.000000000000e-03
6.105069845266e+00 3.093573714570e+00 -5.000000000000e-03
5.084386412808e+00 6.068470882811e+00 -5.000000000000e-03
7.477094660530e-01 5.070402290370e-01 -5.000000000000e-03
3.769987310774e+00 5.978826626723e+00 -5.000000000000e-03
5.884662343421e+00 1.769687559931e+00 -5.000000000000e-03
4.988417799259e+00 1.303807347057e+00 -5.000000000000e-03
3.256357738635e+00 3.063199206854e+00 -5.000000000000e-03
8.631091929068e-02 2.457422790012e+00 -5.000000000000e-03
1.074506423823e-01 1.498411754181e+00 -5.000000000000e-03
1.770378556026e+00 5.743866367178e+00 -5.000000000000e-03
4.722051853073e+00 6.115378659958e+00 -5.000000000000e-03
2.843501143628e+00 5.291735363756e+00 -5.000000000000e-03
3.099670170961e+00 5.914100000089e+00 -5.000000000000e-03
5.109438342259e+00 3.804705203438e+00 -5.000000000000e-03
5.184676256530e-01 2.103645451868e+00 -5.000000000000e-03
6.190183372010e+00 1.572832008481e+00 -5.000000000000e-03
5.096728095046e+00 1.195521524765e+00 -5.000000000000e-03
5.214240225763e+00 1.226136655079e+00 -5.000000000000e-03
4.507474348442e+00 7.787502048030e-01 -5.000000000000e-03
1.447828026048e-01 1.447790832031e+00 -5.000000000000e-03
6.038145196871e+00 1.909295961531e+00 -5.000000000000e-03
5.740364097273e+00 8.711399075191e-01 -5.000000000000e-03
6.118654268725e+00 1.598232934298e+00 -5.000000000000e-03
2.463071341218e+00 6.818833574235e-01 -5.000000000000e-03
6.083971351597e+00 2.157126681227e+00 -5.000000000000e-03
2.401236620923e+00 1.337925034968e+00 -5.000000000000e-03
5.454547378184e+00 9.905021033372e-01 -5.000000000000e-03
5.973053052578e+00 1.085251554871e-01 -5.000000000000e-03
4.420522961966e-01 4.169762850640e+00 -5.000000000000e-03
3.738851092786e-01 1.517381048173e+00 -5.000000000000e-03
1.096901840413e+00 2.412431538776e+00 -5.000000000000e-03
5.126578703510e+00 3.566593022682e+00 -5.000000000000e-03
3.892854285533e+00 7.468587694104e-01 -5.000000000000e-03
5.522201669803e+00 6.779162214237e-01 -5.000000000000e-03
2.215431789181e+00 1.393886164316e+00 -5.000000000000e-03
5.887511396061e+00 2.988863541160e+00 -5.000000000000e-03
4.646975075513e+00 8.365364558584e-01 -5.000000000000e-03
1.027992941989e+00 2.871818046730e+00 -5.000000000000e-03
4.839151081869e+00 1.311862104750e+00 -5.000000000000e-03
5.943407195352e+00 7.795203101328e-01 -5.000000000000e-03
5.281607747071e+00 1.287290903167e+00 -5.000000000000e-03
5.825469293193e-01 2.912204042167e+00 -5.000000000000e-03
6.335981189279e-01 2.017493074298e+00 -5.000000000000e-03
3.277992691840e+00 5.124497177006e+00 -5.000000000000e-03
5.014171726593e+00 5.883894678954e+00 -5.000000000000e-03
4.876282762562e-03 1.853950611004e+00 -5.000000000000e-03
5.626994202730e+00 9.647230020101e-01 -5.000000000000e-03
3.349692602388e+00 5.983376821345e+00 -5.000000000000e-03
5.222045057740e+00 1.089588638849e+00 -5.000000000000e-03
3.543685804243e+00 5.597212321100e+00 -5.000000000000e-03
1.309786508520e+00 2.729622635393e+00 -5.000000000000e-03
4.321464924923e+00 1.584522947507e+00 -5.000000000000e-03
3.882592283046e+00 9.106487558855e-01 -5.000000000000e-03
4.645639411780e+00 4.058806005860e+00 -5.000000000000e-03
3.970641998088e+00 8.222355651800e-01 -5.000000000000e-03
5.098116277898e+00 4.122326750813e+00 -5.000000000000e-03
2.426870710523e-01 8.893730468699e-01 -5.000000000000e-03
6.110346455224e+00 1.540364970873e+00 -5.000000000000e-03
2.490000361557e+00 8.262701740069e-01 -5.000000000000e-03
5.495597078631e+00 1.928539632647e+00 -5.000000000000e-03
4.737841609223e+00 3.453894549953e-02 -5.000000000000e-03
5.437268640825e-01 1.801006368556e+00 -5.000000000000e-03
2.396599687864e+00 4.252610874847e-01 -5.000000000000e-03
1.225507950455e-01 1.102336901214e+00 -5.000000000000e-03
5.087288484288e+00 1.128435676461e+00 -5.000000000000e-03
5.627924525353e+00 1.860865476791e+00 -5.000000000000e-03
1.321329902508e+00 2.561435714474e+00 -5.000000000000e-03
3.352331198550e-01 1.978907094295e+00 -5.000000000000e-03
1.194420335644e+00 8.446238304741e-01 -5.000000000000e-03
5.528998213399e+00 5.212238995448e-01 -5.000000000000e-03
5.749357752788e+00 1.873847226710e+00 -5.000000000000e-03
5.643369782327e+00 4.083358934968e+00 -5.000000000000e-03
2.519362345994e+00 1.043009559931e+00 -5.000000000000e-03
6.345634276697e-01 2.487397677182e+00 -5.000000000000e-03
5.112945311728e+00 3.731915696782e-01 -5.000000000000e-03
5.009839757928e+00 7.664517251602e-01 -5.000000000000e-03
4.835146184078e+00 1.782949567066e+00 -5.000000000000e-03
6.547535570202e-01 1.838866607602e+00 -5.000000000000e-03
5.226142218124e+00 6.066077132808e+00 -5.000000000000e-03
1.243134084087e-01 1.682967890231e+00 -5.000000000000e-03
6.100008303370e+00 2.601777675244e+00 -5.000000000000e-03
1.369752575727e+00 3.472944777346e+00 -5.000000000000e-03
1.318759457616e+00 3.118243230304e+00 -5.000000000000e-03
5.147451836676e+00 8.100629393402e-01 -5.000000000000e-03
1.575187253436e-01 5.451557759609e+00 -5.000000000000e-03
5.289157220367e+00 6.511845476212e-01 -5.000000000000e-03
5.251086844442e+00 1.540090392703e+00 -5.000000000000e-03
4.811403818750e+00 4.256336119340e-01 -5.000000000000e-03
2.768173363471e+00 2.913391663836e+00 -5.000000000000e-03
5.189253957192e+00 1.056689872050e+00 -5.000000000000e-03
5.993715292254e+00 1.384889282516e+00 -5.000000000000e-03
