5.875799382648e+00 2.027762592499e+00 5.000000000000e-03
5.047249819233e+00 1.124615576035e+00 5.000000000000e-03
5.043953063453e+00 3.403817775417e+00 5.000000000000e-03
1.359307671562e+00 1.893384155084e+00 5.000000000000e-03
5.698656844763e+00 2.348421518075e-01 5.000000000000e-03
3.759843939240e+00 4.810168309397e+00 5.000000000000e-03
5.009586034483e+00 2.497944840360e+00 5.000000000000e-03
6.247528334829e+00 7.787652308231e-01 5.000000000000e-03
1.711273091323e-01 2.797205385074e+00 5.000000000000e-03
5.724636650112e+00 5.146213037277e+00 5.000000000000e-03
5.531402730184e-01 2.195761659863e+00 5.000000000000e-03
7.655816054381e-01 3.527738580544e+00 5.000000000000e-03
9.627805806742e-01 4.249987916289e+00 5.000000000000e-03
5.205876475849e+00 4.085223530772e-01 5.000000000000e-03
4.737649860701e+00 4.260966968888e+00 5.000000000000e-03
3.368251418416e+00 5.108643771779e+00 5.000000000000e-03
2.456876244447e-02 3.543664751519e+00 5.000000000000e-03
5.570590013287e+00 1.970271303257e+00 5.000000000000e-03
3.914235389495e+00 2.576849502431e+00 5.000000000000e-03
2.506436348949e+00 1.864928305403e+00 5.000000000000e-03
1.347770153813e+00 1.713057258977e+00 5.000000000000e-03
3.885814631228e+00 2.524343664772e+00 5.000000000000e-03
4.365452827410e+00 4.657497447192e+00 5.000000000000e-03
1.045527561972e+00 1.898009620983e+00 5.000000000000e-03
6.033782959708e+00 4.748044080371e+00 5.000000000000e-03
5.961858846629e+00 2.427510141991e+00 5.000000000000e-03
4.005173699309e+00 1.079011214467e+00 5.000000000000e-03
4.000978192586e+00 3.602446827742e+00 5.000000000000e-03
4.696959378591e+00 4.581742100385e+00 5.000000000000e-03
2.339537002958e+00 4.450714165218e-01 5.000000000000e-03
4.565827218056e+00 4.641258817557e+00 5.000000000000e-03
5.624672564332e+00 5.703729684127e+00 5.000000000000e-03
4.047790089217e+00 3.501716422315e+00 5.000000000000e-03
3.958643868353e+00 4.785097587470e+00 5.000000000000e-03
5.769201540795e+00 2.695548332240e+00 5.000000000000e-03
2.997437184819e+00 5.274009668227e+00 5.000000000000e-03
1.543395748552e-01 3.580403141133e+00 5.000000000000e-03
5.641916218038e+00 2.625643551293e+00 5.000000000000e-03
1.808692956617e+00 2.431067951299e+00 5.000000000000e-03
2.802703588271e+00 1.493600640225e+00 5.000000000000e-03
1.292241990187e-01 1.837868338613e+00 5.000000000000e-03
9.309703892530e-02 1.812186072153e+00 5.000000000000e-03
5.666341130908e+00 2.628912989016e+00 5.000000000000e-03
2.787719029148e+00 3.352859557160e+00 5.000000000000e-03
2.325778697352e-01 2.847947445233e+00 5.000000000000e-03
5.047380628768e+00 4.888050768862e+00 5.000000000000e-03
2.531945141407e+00 4.583460615728e+00 5.000000000000e-03
4.750050867525e-01 5.029911709430e+00 5.000000000000e-03
2.902268772185e+00 2.312639470389e+00 5.000000000000e-03
1.231073189055e+00 4.105016728118e+00 5.000000000000e-03
1.101588488635e-01 3.709670941892e-01 5.000000000000e-03
4.811879463784e+00 1.307315793826e+00 5.000000000000e-03
5.960014269607e+00 3.076604212183e+00 5.000000000000e-03
5.844476838054e+00 6.228692730891e+00 5.000000000000e-03
4.005080558448e+00 1.585210860012e+00 5.000000000000e-03
2.028766693123e+00 3.590143929703e+00 5.000000000000e-03
5.391249758389e+00 5.174296479457e+00 5.000000000000e-03
2.240373541582e+00 2.424284789909e+00 5.000000000000e-03
5.628814828836e+00 3.886653894128e-01 5.000000000000e-03
2.203672080727e+00 2.061481526373e+00 5.000000000000e-03
4.986417264256e+00 2.307436106837e+00 5.000000000000e-03
4.453911787978e+00 4.933390579833e+00 5.000000000000e-03
5.262482869405e+00 4.543719957358e+00 5.000000000000e-03
5.489456198726e+00 5.452050286391e+00 5.000000000000e-03
3.632724771111e+00 2.619161616347e+00 5.000000000000e-03
3.271047177128e+00 2.239994555448e+00 5.000000000000e-03
1.188474436530e+00 4.163734441297e+00 5.000000000000e-03
4.754557111863e+00 3.940006657829e+00 5.000000000000e-03
4.511604494344e+00 5.820988554076e+00 5.000000000000e-03
5.874944740042e+00 3.012629617065e+00 5.000000000000e-03
5.315899408919e+00 5.271300174821e+00 5.000000000000e-03
4.947929597580e+00 6.184251413558e+00 5.000000000000e-03
3.386949971570e+00 5.105978022468e+00 5.000000000000e-03
4.404543127669e+00 4.942059591101e+00 5.000000000000e-03
4.620004189606e+00 4.819386560493e+00 5.000000000000e-03
5.942642454328e+00 4.928559494623e-01 5.000000000000e-03
3.646604111538e+00 4.279287908913e+00 5.000000000000e-03
4.424796961048e+00 4.700671215526e+00 5.000000000000e-03
4.665829949932e+00 1.199976449165e+00 5.000000000000e-03
4.875423327029e+00 4.272592275449e+00 5.000000000000e-03
5.788869683962e+00 1.538488862892e-01 5.000000000000e-03
1.400139112191e+00 1.340117457370e+00 5.000000000000e-03
2.653280215310e+00 5.532963337922e+00 5.000000000000e-03
6.086976401438e+00 4.990041080005e+00 5.000000000000e-03
8.026247123980e-02 3.734828321070e-01 5.000000000000e-03
5.917488175036e+00 2.977138289355e+00 5.000000000000e-03
5.452016105477e+00 2.698932567840e+00 5.000000000000e-03
1.042114229174e+00 5.819437997786e+00 5.000000000000e-03
2.815603538261e+00 5.549001991959e+00 5.000000000000e-03
4.819588265580e+00 5.736380791256e+00 5.000000000000e-03
3.688250377334e+00 5.614014735475e+00 5.000000000000e-03
5.663306290268e+00 2.602150155517e+00 5.000000000000e-03
3.100231020300e+00 1.906545681978e+00 5.000000000000e-03
1.121527902683e+00 4.388438441993e+00 5.000000000000e-03
9.223724484712e-01 4.765956361338e+00 5.000000000000e-03
5.332034001909e+00 5.922715738097e+00 5.000000000000e-03
4.433546431411e+00 3.657268211768e+00 5.000000000000e-03
3.337680550187e+00 4.028937624946e+00 5.000000000000e-03
6.143506923085e+00 1.918728912602e+00 5.000000000000e-03
5.093033331225e+00 6.129086707531e+00 5.000000000000e-03
1.519607969024e+00 4.371378515902e+00 -5.000000000000e-03
1.969777695093e+00 1.544705160207e+00 -5.000000000000e-03
8.681114943556e-01 1.767582107668e-01 -5.000000000000e-03
3.187474059594e+00 5.852095327982e+00 -5.000000000000e-03
2.301170326925e+00 1.501693272424e+00 -5.000000000000e-03
1.536257694197e+00 2.085192304405e-01 -5.000000000000e-03
2.122416623139e+00 5.024583381432e+00 -5.000000000000e-03
1.140747662327e+00 6.214367153147e+00 -5.000000000000e-03
2.504647466786e+00 1.163062647925e+00 -5.000000000000e-03
2.436214787103e+00 3.772116861112e+00 -5.000000000000e-03
1.223359830976e+00 2.837934020215e+00 -5.000000000000e-03
3.631533273007e+00 6.454832725202e-02 -5.000000000000e-03
1.783053590268e+00 1.587655821019e-01 -5.000000000000e-03
1.508466416488e+00 4.397103290909e+00 -5.000000000000e-03
1.534744657199e+00 4.111853803731e+00 -5.000000000000e-03
5.244850000777e-01 3.121934381685e+00 -5.000000000000e-03
3.540338909110e+00 3.269654935981e+00 -5.000000000000e-03
2.605913722456e+00 1.461484911349e+00 -5.000000000000e-03
4.683508349916e+00 3.228354288749e-01 -5.000000000000e-03
1.874031764607e+00 5.550828188076e+00 -5.000000000000e-03
4.886856890037e-01 3.149897297769e+00 -5.000000000000e-03
3.562472960227e+00 2.960226532920e+00 -5.000000000000e-03
4.731825502235e-01 3.510525138520e+00 -5.000000000000e-03
5.188630169528e+00 2.451850988664e+00 -5.000000000000e-03
2.334220870038e+00 5.636022768035e+00 -5.000000000000e-03
1.557502481689e+00 1.663887321179e+00 -5.000000000000e-03
8.635393475820e-01 1.436876028140e+00 -5.000000000000e-03
2.181746467026e+00 5.662629471501e+00 -5.000000000000e-03
7.720889477483e-01 5.023146248006e+00 -5.000000000000e-03
1.023896801791e+00 6.267230734005e+00 -5.000000000000e-03
6.237093484125e+00 2.568164878983e+00 -5.000000000000e-03
1.741727415048e+00 5.524320890475e+00 -5.000000000000e-03
9.777363456375e-01 1.591356319251e-01 -5.000000000000e-03
3.536468980207e+00 3.242765534546e+00 -5.000000000000e-03
3.212894099344e+00 6.908671514813e-02 -5.000000000000e-03
7.559405244808e-01 4.976564545606e+00 -5.000000000000e-03
3.365812512429e+00 6.220130009171e+00 -5.000000000000e-03
5.463157086150e-01 3.048189997486e+00 -5.000000000000e-03
1.278058839780e+00 3.291100762888e+00 -5.000000000000e-03
6.731003914098e-01 2.500210229180e+00 -5.000000000000e-03
2.018489832116e+00 6.208532408883e+00 -5.000000000000e-03
1.981810895917e+00 6.131289993134e+00 -5.000000000000e-03
5.451143914918e+00 4.263426293415e+00 -5.000000000000e-03
3.576658266047e+00 1.182550865571e-01 -5.000000000000e-03
2.631205498203e+00 2.491201306784e+00 -5.000000000000e-03
3.174653443835e-01 2.305959357805e+00 -5.000000000000e-03
1.590835532755e+00 1.795091026590e+00 -5.000000000000e-03
3.668182785631e+00 5.949328814169e+00 -5.000000000000e-03
2.222930928125e+00 5.845408108966e+00 -5.000000000000e-03
1.276963942162e+00 6.220752988494e+00 -5.000000000000e-03
6.053774791797e+00 5.961667749154e+00 -5.000000000000e-03
5.890637643720e+00 3.775981335345e+00 -5.000000000000e-03
4.111743966896e+00 2.525674949109e+00 -5.000000000000e-03
3.569511813239e+00 3.259527674730e+00 -5.000000000000e-03
2.560253624762e+00 6.069629754037e-01 -5.000000000000e-03
5.879071185347e+00 4.918686627709e+00 -5.000000000000e-03
7.218039304809e-01 2.509772248669e+00 -5.000000000000e-03
5.560485777504e+00 3.489246103633e+00 -5.000000000000e-03
8.325119582851e-01 1.806108122012e+00 -5.000000000000e-03
5.732987692824e+00 4.023540507169e+00 -5.000000000000e-03
3.444150047889e+00 3.032816453358e+00 -5.000000000000e-03
5.389459519168e+00 3.506552634819e+00 -5.000000000000e-03
5.041641839538e+00 4.750195415267e+00 -5.000000000000e-03
2.605449175110e+00 6.018342005952e+00 -5.000000000000e-03
1.969969622735e+00 1.472680884026e+00 -5.000000000000e-03
1.208221421287e+00 6.079012338090e+00 -5.000000000000e-03
3.253790455183e+00 5.853702801652e+00 -5.000000000000e-03
2.496087753808e+00 4.890049344594e+00 -5.000000000000e-03
5.870800329021e+00 4.975581684120e+00 -5.000000000000e-03
1.385249830729e+00 9.271283749435e-01 -5.000000000000e-03
1.775301200296e+00 1.089512265452e-01 -5.000000000000e-03
1.829741648883e+00 1.143692093959e+00 -5.000000000000e-03
1.753890018215e+00 3.544146941261e+00 -5.000000000000e-03
2.175802143135e+00 1.365969581510e+00 -5.000000000000e-03
2.714333531213e+00 5.913893911690e+00 -5.000000000000e-03
2.433730723747e+00 3.809897701118e+00 -5.000000000000e-03
5.781245303550e+00 3.388814601695e+00 -5.000000000000e-03
3.680607499919e+00 1.519560441786e+00 -5.000000000000e-03
2.777338417082e-01 4.002529054480e+00 -5.000000000000e-03
2.346360701099e+00 6.159154569738e+00 -5.000000000000e-03
4.215179329624e+00 2.533823091832e+00 -5.000000000000e-03
3.635288317415e+00 7.238164510070e-02 -5.000000000000e-03
3.686153797556e+00 1.758544849607e+00 -5.000000000000e-03
1.550913023943e+00 2.503664298906e+00 -5.000000000000e-03
4.700620059997e+00 7.388791518365e-01 -5.000000000000e-03
4.909256189482e+00 4.079261846242e+00 -5.000000000000e-03
8.834294014204e-01 6.155619228638e+00 -5.000000000000e-03
8.396591397780e-01 2.744592828477e+00 -5.000000000000e-03
2.220130368440e+00 4.345931888286e+00 -5.000000000000e-03
1.880809650864e+00 5.594789360606e+00 -5.000000000000e-03
2.731735987928e+00 2.448671318010e+00 -5.000000000000e-03
2.330064081733e+00 3.297967304154e+00 -5.000000000000e-03
2.480757111459e+00 1.485135173989e+00 -5.000000000000e-03
1.669371906612e+00 3.772810597862e+00 -5.000000000000e-03
1.811245888885e+00 5.928569100016e-01 -5.000000000000e-03
2.343311290082e+00 2.514594935447e+00 -5.000000000000e-03
1.881990383221e+00 1.452169564286e-01 -5.000000000000e-03
8.419713666384e-01 1.874209333249e-01 -5.000000000000e-03
4.893381601179e+00 2.033521978817e+00 -5.000000000000e-03
1.665250003815e+00 5.266517154824e-02 -5.000000000000e-03
