6.122855721700e+00 4.035807175641e+00 5.000000000000e-03
1.834548389340e+00 2.657498481270e+00 5.000000000000e-03
3.801749042923e-01 3.010733943317e+00 5.000000000000e-03
4.767069881892e+00 5.266609774656e+00 5.000000000000e-03
1.094005009166e+00 3.545935100145e+00 5.000000000000e-03
3.069431031162e+00 3.571518007753e+00 5.000000000000e-03
9.991981424172e-01 4.827001147896e+00 5.000000000000e-03
2.195413601394e-01 4.369719893566e+00 5.000000000000e-03
4.968992997254e+00 2.580924700337e+00 5.000000000000e-03
4.412630724251e-01 1.725717358728e+00 5.000000000000e-03
5.387389355189e+00 3.009482592278e+00 5.000000000000e-03
1.417290192824e+00 3.677916601091e+00 5.000000000000e-03
3.378330089493e-01 3.074029084305e+00 5.000000000000e-03
1.475618174484e+00 4.382558619527e+00 5.000000000000e-03
2.744211970488e-01 3.104757759096e+00 5.000000000000e-03
5.636396750559e+00 1.048855769165e+00 5.000000000000e-03
5.607043706470e+00 3.907566125066e+00 5.000000000000e-03
5.671758518045e+00 2.919712684036e+00 5.000000000000e-03
3.408529693246e-01 4.472696186669e+00 5.000000000000e-03
1.814970255153e+00 1.969697254023e+00 5.000000000000e-03
1.259318236557e+00 2.128703724487e+00 5.000000000000e-03
1.042812868589e+00 4.216835572349e+00 5.000000000000e-03
6.211081844766e-01 2.924508413496e+00 5.000000000000e-03
7.795611500770e-01 1.828372395300e+00 5.000000000000e-03
5.315668454461e-01 3.086366009927e+00 5.000000000000e-03
1.341929430080e+00 5.634426236817e-01 5.000000000000e-03
5.924749737039e-01 4.995732103179e+00 5.000000000000e-03
1.625100909122e-01 6.217098721860e-01 5.000000000000e-03
2.090120145435e+00 4.742899341111e+00 5.000000000000e-03
6.031210580907e+00 4.544314364943e+00 5.000000000000e-03
3.916649687426e-01 3.307872894596e+00 5.000000000000e-03
3.759748183145e+00 3.186731755944e+00 5.000000000000e-03
5.821842273524e+00 2.770450689888e+00 5.000000000000e-03
1.373280902469e+00 3.957872832208e+00 5.000000000000e-03
9.705313562417e-01 1.777559464243e+00 5.000000000000e-03
5.936410849908e-01 3.094654893325e+00 5.000000000000e-03
4.649230737597e+00 2.000291765522e+00 5.000000000000e-03
3.533305049900e-01 3.456398848435e+00 5.000000000000e-03
2.064549514687e+00 2.364501997846e+00 5.000000000000e-03
7.841713747752e-01 3.434692180621e+00 5.000000000000e-03
1.262236027047e+00 2.016726933683e+00 5.000000000000e-03
5.176502482251e+00 5.691985355974e+00 5.000000000000e-03
1.177977034203e+00 6.014701936774e+00 5.000000000000e-03
3.942308875765e-01 3.481456228774e+00 5.000000000000e-03
4.396649848505e-01 3.325114693051e-01 5.000000000000e-03
5.858262985270e+00 2.703595821901e+00 5.000000000000e-03
6.178707230306e+00 3.120725131871e+00 5.000000000000e-03
1.781780882261e+00 1.136188777384e+00 5.000000000000e-03
1.395307453621e+00 2.576455729380e+00 5.000000000000e-03
5.223051456362e+00 2.138927437012e+00 5.000000000000e-03
1.529564645540e+00 3.486533914731e+00 5.000000000000e-03
1.465084069643e+00 4.451482131733e+00 5.000000000000e-03
5.441832261370e+00 3.831659442458e+00 5.000000000000e-03
7.216017199039e-01 1.565864930042e+00 5.000000000000e-03
4.888163378036e+00 2.380891390626e+00 5.000000000000e-03
4.716340185671e+00 4.615778829968e+00 5.000000000000e-03
1.615918915724e+00 3.937352846635e+00 5.000000000000e-03
5.427621528440e-01 5.713737108778e+00 5.000000000000e-03
4.832774453067e+00 4.499206865090e+00 5.000000000000e-03
1.301548451921e+00 2.034591309074e+00 5.000000000000e-03
2.739795712756e+00 8.722136253364e-01 5.000000000000e-03
4.783854638716e+00 4.666189241179e+00 5.000000000000e-03
4.721035007604e+00 4.657801125491e+00 5.000000000000e-03
5.129329001980e+00 2.784416297215e+00 5.000000000000e-03
1.556846596860e+00 5.016451521585e+00 5.000000000000e-03
1.512547399934e+00 3.008078065180e+00 5.000000000000e-03
4.237720392912e+00 5.996348988174e+00 5.000000000000e-03
1.847151153113e+00 3.698996907111e+00 5.000000000000e-03
1.240964188957e+00 8.816860667642e-01 5.000000000000e-03
5.871120276252e+00 2.370699943519e+00 5.000000000000e-03
5.533912483629e+00 1.061454570897e+00 5.000000000000e-03
3.922188151093e+00 5.242761527288e+00 5.000000000000e-03
5.384484124924e+00 3.778019932043e+00 5.000000000000e-03
1.413920298442e+00 4.246726456048e+00 5.000000000000e-03
6.202488997026e+00 3.844527502572e+00 5.000000000000e-03
5.989563099026e+00 3.467616190704e+00 5.000000000000e-03
2.832528093693e+00 2.323620729991e+00 5.000000000000e-03
9.754077511087e-01 1.126865446133e+00 5.000000000000e-03
1.300391381963e+00 2.460783342098e+00 5.000000000000e-03
4.061228036848e+00 3.658044323685e+00 5.000000000000e-03
8.756069077476e-01 1.462327162120e+00 5.000000000000e-03
4.925941704323e-01 5.171882445481e+00 5.000000000000e-03
1.231376744143e+00 3.849271613998e+00 5.000000000000e-03
2.037652151632e+00 5.993339428495e+00 5.000000000000e-03
2.062551923497e+00 4.310576881085e+00 5.000000000000e-03
4.354112690803e+00 2.195319862132e+00 5.000000000000e-03
9.760821054284e-01 2.503793612975e+00 5.000000000000e-03
6.290552293303e-01 4.104621387520e+00 5.000000000000e-03
1.078843494354e+00 2.677572270512e+00 5.000000000000e-03
4.804578439494e-01 1.064987487384e+00 5.000000000000e-03
5.453607471204e+00 6.272234467818e+00 5.000000000000e-03
9.907252301714e-01 1.811745935391e+00 5.000000000000e-03
6.396693133797e-01 8.654717306821e-02 5.000000000000e-03
5.160236659419e+00 9.958992493072e-01 5.000000000000e-03
6.461896336332e-02 1.620928049885e+00 5.000000000000e-03
4.687022533033e-01 3.422600524297e+00 5.000000000000e-03
4.827259150575e+00 4.703796610152e+00 5.000000000000e-03
2.546573771809e-01 2.912032200913e+00 5.000000000000e-03
5.103247990653e+00 3.620407436104e+00 5.000000000000e-03
3.727847254774e-01 3.306681807942e+00 5.000000000000e-03
3.231266464573e+00 4.050391619635e+00 -5.000000000000e-03
4.613573602670e+00 3.649503300893e+00 -5.000000000000e-03
4.368056322575e+00 4.407093762800e+00 -5.000000000000e-03
2.988870353912e+00 5.363478991725e+00 -5.000000000000e-03
3.973165494118e+00 5.399905902790e+00 -5.000000000000e-03
7.338123607481e-01 2.955093970677e+00 -5.000000000000e-03
4.390375101407e+00 5.157251013510e+00 -5.000000000000e-03
4.503727436828e+00 5.053621927310e+00 -5.000000000000e-03
2.250365610107e+00 2.620805751228e+00 -5.000000000000e-03
5.326568980107e+00 5.186126782163e+00 -5.000000000000e-03
5.754236496706e+00 5.765749144733e+00 -5.000000000000e-03
3.897584958113e+00 1.302623257380e+00 -5.000000000000e-03
4.610795745533e+00 3.472529500784e-01 -5.000000000000e-03
3.110679738671e+00 2.689437414777e+00 -5.000000000000e-03
3.829023637536e+00 1.683160993232e+00 -5.000000000000e-03
3.553453220578e+00 2.633374585280e-01 -5.000000000000e-03
3.750822629050e+00 6.142249344577e+00 -5.000000000000e-03
3.719057349567e+00 1.317260079130e+00 -5.000000000000e-03
3.811839822308e+00 6.643093578823e-01 -5.000000000000e-03
2.802279663929e+00 1.113035883641e+00 -5.000000000000e-03
3.262760175923e+00 4.203005719712e+00 -5.000000000000e-03
5.009159039534e+00 1.780891220317e+00 -5.000000000000e-03
1.753418558225e+00 1.949160446051e-01 -5.000000000000e-03
2.832632108604e+00 2.130389983580e+00 -5.000000000000e-03
3.766949120205e+00 6.198233110632e+00 -5.000000000000e-03
5.492373552034e+00 5.325754163101e+00 -5.000000000000e-03
3.806998245424e+00 2.493786808047e+00 -5.000000000000e-03
5.021817873830e+00 6.136830047741e+00 -5.000000000000e-03
2.300387633020e-01 1.557802949347e+00 -5.000000000000e-03
4.163643154018e+00 4.587963279217e+00 -5.000000000000e-03
5.575990545173e+00 1.677761492998e-01 -5.000000000000e-03
4.051182639413e+00 5.697433900119e+00 -5.000000000000e-03
3.356022470906e+00 5.998327256945e+00 -5.000000000000e-03
3.662926168368e+00 5.470423151708e+00 -5.000000000000e-03
3.145292593258e+00 1.336289092448e+00 -5.000000000000e-03
3.410277561968e+00 4.513406612702e+00 -5.000000000000e-03
3.849140434782e+00 1.022634600638e-01 -5.000000000000e-03
3.222890953252e+00 5.400887803139e+00 -5.000000000000e-03
2.872849393542e-01 1.365410834564e+00 -5.000000000000e-03
3.577575865193e+00 5.581911210064e+00 -5.000000000000e-03
2.226794797017e+00 5.986582950544e+00 -5.000000000000e-03
3.768750750475e+00 5.520683253340e+00 -5.000000000000e-03
4.019254811970e+00 5.451245011989e+00 -5.000000000000e-03
3.976654077661e+00 5.842625912019e+00 -5.000000000000e-03
2.033281948874e+00 5.583224246355e+00 -5.000000000000e-03
6.070698391781e+00 2.465040057368e+00 -5.000000000000e-03
2.414682662391e+00 1.429799289870e+00 -5.000000000000e-03
4.217879582333e+00 1.457529822388e+00 -5.000000000000e-03
5.355941219146e+00 4.910793374810e+00 -5.000000000000e-03
4.763388470222e+00 1.507218327113e-01 -5.000000000000e-03
3.689891302058e+00 5.758974502108e+00 -5.000000000000e-03
3.144114476359e+00 4.022305384188e+00 -5.000000000000e-03
3.520238210898e+00 5.935072011675e+00 -5.000000000000e-03
3.189188622103e+00 5.517385329174e+00 -5.000000000000e-03
3.495879932222e+00 5.272670707116e+00 -5.000000000000e-03
3.014301101862e+00 4.392861423342e+00 -5.000000000000e-03
3.718119601926e+00 5.928347232282e+00 -5.000000000000e-03
3.701382420384e+00 6.048977308090e+00 -5.000000000000e-03
4.471989014629e+00 4.588396658951e+00 -5.000000000000e-03
3.798389700272e+00 9.272002227077e-02 -5.000000000000e-03
4.031651496139e+00 5.783453882875e+00 -5.000000000000e-03
1.351908272338e+00 1.437816734690e+00 -5.000000000000e-03
4.065588504596e+00 4.289578613761e+00 -5.000000000000e-03
2.752348318833e+00 5.576095376320e+00 -5.000000000000e-03
2.562750046354e+00 2.104274787195e+00 -5.000000000000e-03
5.024748334511e+00 4.013598716659e+00 -5.000000000000e-03
4.485183982052e+00 1.926012437278e-01 -5.000000000000e-03
3.906573862926e+00 5.553950686085e+00 -5.000000000000e-03
2.779309588454e+00 2.076691746535e+00 -5.000000000000e-03
3.959761264471e+00 6.082796680013e-01 -5.000000000000e-03
4.135539226997e+00 5.050533385104e+00 -5.000000000000e-03
3.783332271183e+00 5.506101725508e+00 -5.000000000000e-03
3.736023113107e+00 4.704682103787e+00 -5.000000000000e-03
2.786755173282e+00 2.068639623444e+00 -5.000000000000e-03
2.438101971742e-01 6.208562240630e+00 -5.000000000000e-03
5.170269226951e+00 4.951656306670e+00 -5.000000000000e-03
4.154498123543e+00 5.582726838462e+00 -5.000000000000e-03
2.083300105748e+00 2.788858998974e+00 -5.000000000000e-03
3.646762823188e+00 4.468005527255e+00 -5.000000000000e-03
5.346399563743e+00 7.132001120513e-01 -5.000000000000e-03
4.533382626526e+00 6.218318884426e+00 -5.000000000000e-03
4.366000684886e+00 1.801198850148e+00 -5.000000000000e-03
3.446771351484e+00 1.910854561816e-01 -5.000000000000e-03
2.999888241960e+00 5.853831886960e+00 -5.000000000000e-03
3.820181421220e+00 5.857962194504e+00 -5.000000000000e-03
3.387653052739e+00 5.320289648370e+00 -5.000000000000e-03
6.612549006442e-01 5.701438863361e+00 -5.000000000000e-03
1.407650530640e+00 4.239540631175e-01 -5.000000000000e-03
3.391762069416e+00 2.583608508117e+00 -5.000000000000e-03
1.547605701101e+00 8.609585602228e-01 -5.000000000000e-03
4.101324895969e+00 5.470377391302e+00 -5.000000000000e-03
2.384615586443e+00 1.979496471865e-01 -5.000000000000e-03
2.390596254843e+00 3.650925828093e-01 -5.000000000000e-03
3.822937941530e+00 4.545282415923e+00 -5.000000000000e-03
4.765747902564e+00 1.735784440784e+00 -5.000000000000e-03
3.825355766820e+00 3.999374787852e-01 -5.000000000000e-03
3.066773357417e+00 7.251920328021e-01 -5.000000000000e-03
3.938432284239e+00 5.802588390154e+00 -5.000000000000e-03
3.217420946566e+00 4.363715203111e-01 -5.000000000000e-03
1.531401871089e+00 9.527010046471e-01 -5.000000000000e-03
