2.552247029684e+00 4.970086755852e+00 5.000000000000e-03
7.854266061446e-01 3.718352253784e+00 5.000000000000e-03
2.974742760029e+00 4.724438044608e-02 5.000000000000e-03
1.101483309709e+00 4.103730581592e+00 5.000000000000e-03
5.040207990859e+00 5.626500191521e+00 5.000000000000e-03
4.281863461728e+00 2.805946365016e+00 5.000000000000e-03
5.814157611971e+00 5.191879904088e+00 5.000000000000e-03
3.778899304954e+00 5.615647728070e+00 5.000000000000e-03
1.512404070467e+00 5.364757590888e+00 5.000000000000e-03
1.850371780012e+00 2.758399881949e+00 5.000000000000e-03
5.869269078074e+00 5.160602682111e+00 5.000000000000e-03
3.438956359708e+00 9.421125592427e-01 5.000000000000e-03
6.893507602557e-01 2.018039491642e+00 5.000000000000e-03
3.242950495387e+00 6.098519755822e+00 5.000000000000e-03
3.635836895288e+00 2.742418490956e+00 5.000000000000e-03
3.651722346319e+00 4.519466037861e+00 5.000000000000e-03
1.615822558749e+00 4.732720190202e+00 5.000000000000e-03
6.230177724158e+00 2.556714059241e+00 5.000000000000e-03
1.676024081855e+00 5.156836585022e+00 5.000000000000e-03
3.077530346744e+00 5.574101434910e+00 5.000000000000e-03
3.959727974455e+00 1.687617861387e-01 5.000000000000e-03
1.613813162105e+00 5.831841600111e+00 5.000000000000e-03
9.890611882207e-01 2.416770980726e+00 5.000000000000e-03
1.531768173318e+00 4.185699512506e+00 5.000000000000e-03
1.868420122097e+00 5.754088999527e+00 5.000000000000e-03
3.075119848806e+00 5.889905302562e+00 5.000000000000e-03
1.646642574848e+00 5.825267330596e+00 5.000000000000e-03
2.627199471080e+00 5.921315733757e-02 5.000000000000e-03
2.214323124776e+00 5.787985584427e+00 5.000000000000e-03
1.893563201255e+00 2.961105968542e+00 5.000000000000e-03
3.123539608822e+00 5.201343162493e-01 5.000000000000e-03
2.762076007419e+00 6.009734956379e+00 5.000000000000e-03
2.799576196944e+00 3.756364550366e+00 5.000000000000e-03
4.240079483952e+00 5.026186245790e+00 5.000000000000e-03
3.753248992892e+00 1.181869877357e+00 5.000000000000e-03
2.255645587238e+00 5.616527218594e+00 5.000000000000e-03
3.689571596595e-01 3.692803467050e+00 5.000000000000e-03
3.861677748922e+00 3.261353227484e+00 5.000000000000e-03
2.821679270637e+00 3.399311842832e+00 5.000000000000e-03
4.557179079561e+00 6.121799619549e+00 5.000000000000e-03
5.676090145060e+00 3.239887802760e+00 5.000000000000e-03
4.192777119237e+00 2.855719946310e+00 5.000000000000e-03
5.885369048814e-01 5.637080715185e+00 5.000000000000e-03
3.102493438616e+00 5.870378897636e+00 5.000000000000e-03
2.190021473321e+00 5.924347820028e+00 5.000000000000e-03
4.976820617172e+00 5.155028635185e+00 5.000000000000e-03
2.518324041973e+00 3.129525108419e+00 5.000000000000e-03
2.506799548464e+00 4.998855865635e+00 5.000000000000e-03
1.849247749526e+00 4.370962297970e+00 5.000000000000e-03
5.300222717180e+00 4.247129078483e+00 5.000000000000e-03
2.639962857836e+00 6.020208633603e+00 5.000000000000e-03
1.782342304536e+00 5.616550619071e+00 5.000000000000e-03
1.584601640542e+00 6.892030767872e-01 5.000000000000e-03
5.207464843540e+00 5.281383351028e-01 5.000000000000e-03
5.179211631839e+00 5.070934059742e+00 5.000000000000e-03
1.647878443412e+00 2.843838698420e+00 5.000000000000e-03
9.547465604827e-01 5.019034845895e+00 5.000000000000e-03
4.826286012846e+00 4.318223849562e+00 5.000000000000e-03
3.122400796235e+00 1.925964561579e-01 5.000000000000e-03
3.068637218706e+00 5.408855462604e+00 5.000000000000e-03
2.291429656375e+00 2.488228740173e+00 5.000000000000e-03
7.095656277249e-01 3.441730143040e+00 5.000000000000e-03
5.337699841993e+00 3.844795099142e+00 5.000000000000e-03
2.098956205477e+00 6.073285998322e+00 5.000000000000e-03
1.360273062252e+00 4.157448882876e+00 5.000000000000e-03
4.763299008516e+00 2.221588096917e+00 5.000000000000e-03
9.307842942330e-01 2.887455348855e+00 5.000000000000e-03
1.544747240254e+00 2.629502536071e+00 5.000000000000e-03
3.230056034528e+00 5.154192570991e+00 5.000000000000e-03
1.928473512987e+00 1.966135794178e-01 5.000000000000e-03
3.299996111517e+00 1.338553570307e+00 5.000000000000e-03
1.955325731784e+00 3.594040300212e-01 5.000000000000e-03
3.102665174692e+00 6.068710409885e+00 5.000000000000e-03
2.739303694782e+00 5.971867840640e+00 5.000000000000e-03
5.590361991297e+00 4.394575627651e-01 5.000000000000e-03
2.540164830299e+00 5.992545641020e+00 5.000000000000e-03
2.701437171734e+00 2.123419686178e-01 5.000000000000e-03
8.344145622780e-01 3.722460780024e+00 5.000000000000e-03
3.395976069338e+00 3.241207267696e+00 5.000000000000e-03
1.112203541795e+00 5.676863311023e+00 5.000000000000e-03
1.891255197994e+00 2.567439119717e+00 5.000000000000e-03
1.024137600957e+00 6.145484789317e+00 5.000000000000e-03
2.056617499796e+00 5.232013897689e+00 5.000000000000e-03
6.037620093582e+00 4.204300896849e+00 5.000000000000e-03
2.865009923231e+00 6.026496478287e+00 5.000000000000e-03
2.544029111768e+00 5.690032610785e+00 5.000000000000e-03
1.806002032135e+00 5.757486558771e+00 5.000000000000e-03
1.295840418576e+00 8.279765130202e-01 5.000000000000e-03
2.950682939301e+00 5.895289435425e+00 5.000000000000e-03
5.820839862331e+00 4.107095694527e+00 5.000000000000e-03
4.647295572223e+00 7.623507466893e-01 5.000000000000e-03
2.466349746253e+00 4.729762638220e+00 5.000000000000e-03
2.251365717771e+00 4.484397992233e+00 5.000000000000e-03
2.253092082672e+00 5.847544783022e+00 5.000000000000e-03
1.672224384382e+00 3.807458289388e+00 5.000000000000e-03
2.987453316499e+00 4.567871202244e+00 5.000000000000e-03
6.003897757402e+00 4.514150256600e+00 5.000000000000e-03
1.070018005724e+00 6.059634950647e+00 5.000000000000e-03
2.754528354144e+00 5.755248548835e+00 5.000000000000e-03
2.081235848327e+00 5.733723727595e+00 5.000000000000e-03
1.931938506038e+00 2.149877527609e+00 -5.000000000000e-03
6.072925511953e+00 2.535751499111e+00 -5.000000000000e-03
4.765436462478e+00 5.054954937330e+00 -5.000000000000e-03
1.636413497991e-01 1.567257135666e+00 -5.000000000000e-03
5.341122273425e+00 6.574113901825e-02 -5.000000000000e-03
6.260286578802e+00 5.480321836907e+00 -5.000000000000e-03
7.039819088240e-01 4.805794060563e+00 -5.000000000000e-03
5.667607916141e+00 1.549060031223e+00 -5.000000000000e-03
1.682408237621e-01 1.487620825483e+00 -5.000000000000e-03
6.009180464717e+00 1.828486228790e+00 -5.000000000000e-03
1.730713907219e-01 1.966238440749e+00 -5.000000000000e-03
1.026438683214e+00 4.388677431822e+00 -5.000000000000e-03
4.729589769437e+00 1.939468245119e+00 -5.000000000000e-03
4.718124020806e+00 3.425806857935e+00 -5.000000000000e-03
5.738516912148e+00 2.128236879922e+00 -5.000000000000e-03
3.446819077012e+00 7.610640680234e-02 -5.000000000000e-03
5.747768868471e+00 3.508042625626e+00 -5.000000000000e-03
5.837281112334e+00 2.141673133061e+00 -5.000000000000e-03
4.021340753508e-01 5.124034694457e+00 -5.000000000000e-03
5.128520068184e+00 1.002225245205e+00 -5.000000000000e-03
4.845595007479e+00 3.401001961494e+00 -5.000000000000e-03
4.476028298621e+00 2.922988668966e+00 -5.000000000000e-03
1.709122283188e+00 9.130614781812e-01 -5.000000000000e-03
5.086640545157e+00 1.794986001140e+00 -5.000000000000e-03
5.759496365342e+00 1.963695708581e+00 -5.000000000000e-03
5.272312804204e+00 1.961609280938e+00 -5.000000000000e-03
5.803598869421e+00 2.348594158338e+00 -5.000000000000e-03
5.245563625760e+00 2.347887784231e+00 -5.000000000000e-03
5.421480099232e+00 1.650062394908e+00 -5.000000000000e-03
4.814652684462e+00 1.425066600342e+00 -5.000000000000e-03
1.499289461841e-01 9.011675461433e-02 -5.000000000000e-03
5.655722075808e+00 1.628730752193e+00 -5.000000000000e-03
2.247706122954e+00 4.322408774835e+00 -5.000000000000e-03
5.061879361148e+00 3.650695444685e+00 -5.000000000000e-03
3.068292695811e+00 6.530811811158e-01 -5.000000000000e-03
5.608234303182e+00 1.944630014027e+00 -5.000000000000e-03
5.737087149855e+00 9.294574492606e-01 -5.000000000000e-03
1.476831331416e+00 4.897692044544e+00 -5.000000000000e-03
5.860287020549e+00 1.581082393879e+00 -5.000000000000e-03
2.696237095105e+00 1.516480501437e+00 -5.000000000000e-03
5.066765169825e-01 1.910230731696e+00 -5.000000000000e-03
1.572111861802e+00 1.285487669617e+00 -5.000000000000e-03
5.862855962476e+00 2.617340361295e+00 -5.000000000000e-03
4.641740352535e+00 3.183823241570e+00 -5.000000000000e-03
6.482034758564e-02 2.988145943739e+00 -5.000000000000e-03
6.128401600463e+00 2.039792628572e+00 -5.000000000000e-03
3.820783325389e+00 1.903058719959e+00 -5.000000000000e-03
5.598044725278e+00 2.035528770279e+00 -5.000000000000e-03
7.827548529566e-01 1.480346333202e+00 -5.000000000000e-03
5.784057283179e+00 2.175508271757e+00 -5.000000000000e-03
6.143007745482e+00 1.188819500640e+00 -5.000000000000e-03
6.150471311968e+00 1.455801957753e+00 -5.000000000000e-03
1.959493098427e+00 2.330405659685e+00 -5.000000000000e-03
6.152141682803e+00 2.675080742759e+00 -5.000000000000e-03
5.105065663740e+00 2.904536800288e+00 -5.000000000000e-03
3.265289078078e-01 1.345968659743e+00 -5.000000000000e-03
3.002492121207e+00 2.407591031982e+00 -5.000000000000e-03
5.773016531966e+00 1.467514904436e+00 -5.000000000000e-03
1.130093122552e+00 1.810340658407e+00 -5.000000000000e-03
2.095851814516e-01 3.678539536344e+00 -5.000000000000e-03
4.132344726408e+00 3.538566273068e+00 -5.000000000000e-03
1.624846376292e+00 1.377541371201e+00 -5.000000000000e-03
2.208327135861e-01 2.110953495048e+00 -5.000000000000e-03
1.747261262738e+00 1.355194551028e+00 -5.000000000000e-03
9.256955790784e-01 3.248164931773e+00 -5.000000000000e-03
4.819621675124e+00 1.977744977192e-01 -5.000000000000e-03
5.766902032382e+00 1.590111466307e+00 -5.000000000000e-03
2.331719823195e+00 1.711881578631e+00 -5.000000000000e-03
5.465724763983e+00 1.166864536807e+00 -5.000000000000e-03
4.452110134545e+00 3.676071715878e+00 -5.000000000000e-03
7.145387254118e-02 2.844682089233e+00 -5.000000000000e-03
3.165056372902e+00 2.077568577464e+00 -5.000000000000e-03
9.712031995564e-01 1.450482541931e+00 -5.000000000000e-03
5.659267020170e+00 2.165853124316e+00 -5.000000000000e-03
5.008196707669e+00 1.367692790503e+00 -5.000000000000e-03
9.923631615399e-01 5.635016490829e+00 -5.000000000000e-03
4.942708527428e+00 3.323770413941e+00 -5.000000000000e-03
2.766880412480e-01 1.515186803246e+00 -5.000000000000e-03
8.260196084031e-01 7.631414705022e-01 -5.000000000000e-03
4.860047689704e+00 1.641269384504e+00 -5.000000000000e-03
5.306569689417e+00 6.570312204016e-01 -5.000000000000e-03
5.392351970832e+00 2.614135626235e+00 -5.000000000000e-03
2.094535251297e-02 1.285476792583e+00 -5.000000000000e-03
6.259449969761e+00 6.167496492561e+00 -5.000000000000e-03
1.006539198793e+00 1.517733512550e+00 -5.000000000000e-03
3.550273990950e+00 3.190912127620e+00 -5.000000000000e-03
5.097172483920e+00 2.363227975303e+00 -5.000000000000e-03
6.198289414429e+00 5.913875823476e+00 -5.000000000000e-03
4.721304002444e+00 3.753861574156e+00 -5.000000000000e-03
2.735623467547e-01 3.173605633456e+00 -5.000000000000e-03
2.902881366093e+00 1.405125666067e+00 -5.000000000000e-03
3.487295395514e+00 2.953387373831e-01 -5.000000000000e-03
4.805291397022e+00 1.516697919294e+00 -5.000000000000e-03
2.451445690541e+00 2.991098508310e+00 -5.000000000000e-03
7.360577711801e-01 1.620158224876e+00 -5.000000000000e-03
1.518904210896e-01 9.317839866319e-01 -5.000000000000e-03
5.144956252539e+00 3.108486322293e+00 -5.000000000000e-03
1.101945616670e+00 2.614838251291e+00 -5.000000000000e-03
8.751906906375e-01 1.284592480751e+00 -5.000000000000e-03
5.580466729415e+00 2.706037353868e+00 -5.000000000000e-03
