5.626740257454e+00 1.882791092040e+00 5.000000000000e-03
4.773315898824e+00 1.483901657768e+00 5.000000000000e-03
5.066710709438e+00 3.248008600237e+00 5.000000000000e-03
9.674826967253e-01 6.672448044894e-01 5.000000000000e-03
6.037752944393e+00 6.022667465003e+00 5.000000000000e-03
4.307210994553e+00 5.673049869399e+00 5.000000000000e-03
4.858771510178e+00 2.608332727839e+00 5.000000000000e-03
1.251156174512e-01 5.716511081693e+00 5.000000000000e-03
2.213389728148e-01 1.622932900618e+00 5.000000000000e-03
5.105951229301e+00 4.279725776169e+00 5.000000000000e-03
6.782528130916e-01 1.335435653143e+00 5.000000000000e-03
5.281787330690e-01 2.916888593324e+00 5.000000000000e-03
1.351011276444e+00 3.556642208954e+00 5.000000000000e-03
5.652609729383e+00 4.813079239523e-01 5.000000000000e-03
4.305458856280e+00 4.388834790226e+00 5.000000000000e-03
4.030509926113e+00 6.136928420807e+00 5.000000000000e-03
3.297492717806e-01 3.091839763667e+00 5.000000000000e-03
5.482974268444e+00 2.234067750526e+00 5.000000000000e-03
3.727140262006e+00 2.759260368480e+00 5.000000000000e-03
1.494623142341e+00 1.984566204125e+00 5.000000000000e-03
8.666454290624e-01 7.362154735440e-01 5.000000000000e-03
3.716502486697e+00 2.817449045942e+00 5.000000000000e-03
4.691518153465e+00 4.926993403601e+00 5.000000000000e-03
9.683285465310e-01 1.173845244576e+00 5.000000000000e-03
5.690628292221e+00 4.433850031011e+00 5.000000000000e-03
5.780371620455e+00 1.707983362850e+00 5.000000000000e-03
3.726573387789e+00 1.837054523131e+00 5.000000000000e-03
3.571473461334e+00 4.547683507877e+00 5.000000000000e-03
4.479972849968e+00 5.155502670416e+00 5.000000000000e-03
1.889218308377e+00 6.600467865033e-01 5.000000000000e-03
4.661706732706e+00 5.225367075803e+00 5.000000000000e-03
5.546205129115e+00 4.717482293074e+00 5.000000000000e-03
3.462501519665e+00 4.523685550912e+00 5.000000000000e-03
4.175808200190e+00 5.732204241631e+00 5.000000000000e-03
5.856466455759e+00 2.541417826016e+00 5.000000000000e-03
3.539641087843e+00 2.992443284595e-01 5.000000000000e-03
1.575081545803e-01 2.728928783910e+00 5.000000000000e-03
5.975624242981e+00 2.559748238254e+00 5.000000000000e-03
1.793060186135e+00 2.657786266898e+00 5.000000000000e-03
2.131206033601e+00 2.068819888988e+00 5.000000000000e-03
6.231513274968e+00 9.050329320064e-01 5.000000000000e-03
6.273522800228e+00 8.912335885581e-01 5.000000000000e-03
5.974896830220e+00 2.589284794590e+00 5.000000000000e-03
2.775915098608e+00 3.828170995500e+00 5.000000000000e-03
2.677527365328e-01 1.553015108849e+00 5.000000000000e-03
4.259479158913e+00 4.748279993528e+00 5.000000000000e-03
3.089142126990e+00 5.686369615837e+00 5.000000000000e-03
7.011113298411e-01 4.187275776618e+00 5.000000000000e-03
3.026956194553e+00 3.136577178427e+00 5.000000000000e-03
1.126006595884e+00 3.518376387175e+00 5.000000000000e-03
6.124521016060e+00 5.386331825453e+00 5.000000000000e-03
4.765156750605e+00 1.694152342795e+00 5.000000000000e-03
6.100665903469e+00 2.091303820754e+00 5.000000000000e-03
5.570845531715e+00 5.549646696759e+00 5.000000000000e-03
3.878473168218e+00 2.300679593662e+00 5.000000000000e-03
2.061226543384e+00 3.858584260101e+00 5.000000000000e-03
5.196348656846e+00 4.884403038291e+00 5.000000000000e-03
2.305384646733e+00 2.346917417995e+00 5.000000000000e-03
6.152992055446e+00 5.885080742616e+00 5.000000000000e-03
1.744895836330e+00 2.212079390425e+00 5.000000000000e-03
4.877038181644e+00 2.765176789552e+00 5.000000000000e-03
4.432295988016e+00 5.034600436452e+00 5.000000000000e-03
4.645601167581e+00 4.122958029863e+00 5.000000000000e-03
5.077677607468e+00 4.790938384444e+00 5.000000000000e-03
1.332092617538e+00 6.192767768939e+00 5.000000000000e-03
3.119037583817e+00 2.726996993799e+00 5.000000000000e-03
1.134878286019e+00 3.585836838455e+00 5.000000000000e-03
4.219524203640e+00 3.750740514332e+00 5.000000000000e-03
5.105081385787e+00 2.526023218866e-01 5.000000000000e-03
6.033138642143e+00 2.174735145697e+00 5.000000000000e-03
5.272678124599e+00 4.730043711666e+00 5.000000000000e-03
5.556109023437e+00 5.596828044126e-02 5.000000000000e-03
4.030373531371e+00 6.155802139816e+00 5.000000000000e-03
4.400120080922e+00 4.994383716600e+00 5.000000000000e-03
4.250378438951e+00 5.146706482009e+00 5.000000000000e-03
5.961883620583e+00 5.817167262220e+00 5.000000000000e-03
3.672260948279e+00 5.323152252211e+00 5.000000000000e-03
4.628031763772e+00 4.972874717632e+00 5.000000000000e-03
4.619365878691e+00 1.905645617853e+00 5.000000000000e-03
4.136137446996e+00 4.284258102746e+00 5.000000000000e-03
5.760158808435e+00 6.026005103814e+00 5.000000000000e-03
1.050632032644e+00 2.862346375791e-01 5.000000000000e-03
3.730621578920e+00 4.694729194993e-01 5.000000000000e-03
5.877199448060e+00 4.270262533199e+00 5.000000000000e-03
6.107381915323e+00 5.361663040666e+00 5.000000000000e-03
6.030969868740e+00 2.104425213781e+00 5.000000000000e-03
6.236454083709e+00 2.232138935591e+00 5.000000000000e-03
2.068615525712e+00 5.749777813386e+00 5.000000000000e-03
3.676743264787e+00 2.264610725704e-01 5.000000000000e-03
5.059772350048e+00 6.148315965330e+00 5.000000000000e-03
4.542613893825e+00 3.604409702213e-01 5.000000000000e-03
5.997009042150e+00 2.581486462553e+00 5.000000000000e-03
2.797221396896e+00 2.382300889088e+00 5.000000000000e-03
1.260658335395e+00 3.316383135734e+00 5.000000000000e-03
1.436650739776e+00 4.498795269694e+00 5.000000000000e-03
5.361499773974e+00 5.779738748652e+00 5.000000000000e-03
3.839965207295e+00 4.253625445439e+00 5.000000000000e-03
3.252945058202e+00 5.120856266364e+00 5.000000000000e-03
6.172180890183e+00 1.274320009744e+00 5.000000000000e-03
5.359103811872e+00 3.114749609362e-02 5.000000000000e-03
1.562548422110e+00 3.637518912048e+00 -5.000000000000e-03
1.632418780360e+00 1.084473537338e+00 -5.000000000000e-03
1.082894734488e+00 5.034243303941e+00 -5.000000000000e-03
4.207343154255e+00 5.436207065306e-01 -5.000000000000e-03
1.542629310087e+00 1.294423933049e+00 -5.000000000000e-03
1.686268983352e+00 5.642714539710e+00 -5.000000000000e-03
2.915575705902e+00 5.946841499307e+00 -5.000000000000e-03
1.769627494094e+00 5.484365706049e+00 -5.000000000000e-03
1.950641821303e+00 1.821149188316e+00 -5.000000000000e-03
2.502255419525e+00 4.283604413017e+00 -5.000000000000e-03
1.086398891699e+00 2.558939338070e+00 -5.000000000000e-03
3.417475925098e+00 8.933685702912e-01 -5.000000000000e-03
1.637645571249e+00 6.196797086562e+00 -5.000000000000e-03
1.586846703800e+00 3.623827840868e+00 -5.000000000000e-03
1.786604911262e+00 3.489203112285e+00 -5.000000000000e-03
5.729999451241e-01 1.890300646194e+00 -5.000000000000e-03
3.292135164859e+00 3.852282412679e+00 -5.000000000000e-03
1.618720493365e+00 1.667106237839e+00 -5.000000000000e-03
4.953744571952e+00 9.664069760029e-01 -5.000000000000e-03
2.566520990701e+00 5.966907558546e+00 -5.000000000000e-03
5.434131140246e-01 1.923559599560e+00 -5.000000000000e-03
3.121650638833e+00 3.962333594903e+00 -5.000000000000e-03
2.484877778208e-01 2.574048918342e+00 -5.000000000000e-03
5.173002885545e+00 2.564288699220e+00 -5.000000000000e-03
2.533955929877e+00 2.565826830159e-01 -5.000000000000e-03
1.075345816727e+00 5.536107079463e-01 -5.000000000000e-03
6.333325413324e-01 4.535021611902e-01 -5.000000000000e-03
2.649031633739e+00 4.654387733444e-01 -5.000000000000e-03
1.213415046481e+00 4.421932000805e+00 -5.000000000000e-03
1.876315222081e+00 5.941032345324e+00 -5.000000000000e-03
6.086493003764e+00 1.637712859634e+00 -5.000000000000e-03
2.418730706189e+00 5.887952722275e+00 -5.000000000000e-03
1.059702847042e+00 5.168519971328e+00 -5.000000000000e-03
3.300752458266e+00 3.818118241484e+00 -5.000000000000e-03
3.705135563517e+00 7.438821314328e-01 -5.000000000000e-03
1.249907983135e+00 4.453173116188e+00 -5.000000000000e-03
3.710050116441e+00 9.844514447065e-01 -5.000000000000e-03
4.725831416809e-01 1.944573731169e+00 -5.000000000000e-03
9.454869463283e-01 2.822743059074e+00 -5.000000000000e-03
9.179128860827e-01 1.764681230833e+00 -5.000000000000e-03
1.705347506656e+00 6.197654437370e+00 -5.000000000000e-03
1.652763518182e+00 1.443896932959e-01 -5.000000000000e-03
4.986788535509e+00 3.744532191820e+00 -5.000000000000e-03
3.421054189086e+00 9.702617413610e-01 -5.000000000000e-03
2.678803521386e+00 3.020211265927e+00 -5.000000000000e-03
3.239230816621e-01 1.266554067234e+00 -5.000000000000e-03
1.200005879660e+00 5.055225951558e-01 -5.000000000000e-03
4.119470973190e+00 9.012282790194e-01 -5.000000000000e-03
2.638375065135e+00 2.030675684994e-01 -5.000000000000e-03
1.789302279640e+00 5.687111507140e+00 -5.000000000000e-03
5.865142419175e+00 4.907440105674e+00 -5.000000000000e-03
5.815313852761e+00 3.516477591295e+00 -5.000000000000e-03
1.389740666963e+00 6.039950412453e+00 -5.000000000000e-03
3.321096588363e+00 3.834204859333e+00 -5.000000000000e-03
2.225088029695e+00 9.924414572287e-01 -5.000000000000e-03
5.386526671271e+00 4.369347772706e+00 -5.000000000000e-03
9.491142959494e-01 1.802390991950e+00 -5.000000000000e-03
5.877671003233e+00 3.125168365127e+00 -5.000000000000e-03
6.108449130878e-01 9.960357052431e-01 -5.000000000000e-03
5.503189931334e+00 3.514232310715e+00 -5.000000000000e-03
3.522045968781e+00 3.958272095622e+00 -5.000000000000e-03
6.054135272865e+00 3.070641309526e+00 -5.000000000000e-03
4.338879772731e+00 4.533106871348e+00 -5.000000000000e-03
2.408563035173e+00 4.348115302926e-01 -5.000000000000e-03
1.567030869382e+00 1.065897317145e+00 -5.000000000000e-03
1.761605674968e+00 6.027572730087e+00 -5.000000000000e-03
4.141448949992e+00 5.455607488610e-01 -5.000000000000e-03
3.041817497270e+00 6.170065836462e+00 -5.000000000000e-03
5.425351014222e+00 4.327103344076e+00 -5.000000000000e-03
9.909810460203e-01 6.009175357849e+00 -5.000000000000e-03
1.514789964774e+00 5.622921345547e+00 -5.000000000000e-03
1.695410344875e+00 8.422545739634e-01 -5.000000000000e-03
1.762221680569e+00 3.774386128835e+00 -5.000000000000e-03
1.806427582324e+00 1.659175146131e+00 -5.000000000000e-03
3.251213235196e+00 6.176185969511e-01 -5.000000000000e-03
2.538681713321e+00 4.274200319966e+00 -5.000000000000e-03
6.273067829660e+00 3.240622382901e+00 -5.000000000000e-03
3.468327405028e+00 2.354305482032e+00 -5.000000000000e-03
3.123937469666e-01 3.592246917299e+00 -5.000000000000e-03
1.736898643688e+00 3.627737184724e-01 -5.000000000000e-03
4.043313522110e+00 2.672702197346e+00 -5.000000000000e-03
3.409903153318e+00 8.976323420882e-01 -5.000000000000e-03
3.320139996363e+00 2.193601419359e+00 -5.000000000000e-03
1.517877679789e+00 2.674364260852e+00 -5.000000000000e-03
4.456250173706e+00 1.459408323536e+00 -5.000000000000e-03
4.370556041323e+00 3.701537801765e+00 -5.000000000000e-03
1.718981058803e+00 5.812969524584e+00 -5.000000000000e-03
6.675880844085e-01 2.190817480999e+00 -5.000000000000e-03
2.378521883430e+00 4.786074824229e+00 -5.000000000000e-03
2.553583373548e+00 5.924072221714e+00 -5.000000000000e-03
2.769618671761e+00 3.079833177572e+00 -5.000000000000e-03
2.370343238886e+00 3.603749121300e+00 -5.000000000000e-03
1.490819692496e+00 1.727146162103e+00 -5.000000000000e-03
1.881057724543e+00 3.614120807366e+00 -5.000000000000e-03
1.206654459727e+00 6.193417560735e+00 -5.000000000000e-03
2.502898256977e+00 2.498346172186e+00 -5.000000000000e-03
1.473170428208e+00 5.660846950398e+00 -5.000000000000e-03
1.105561018694e+00 5.049946955676e+00 -5.000000000000e-03
4.716760521751e+00 2.543733274829e+00 -5.000000000000e-03
1.739685431114e+00 6.282018610921e+00 -5.000000000000e-03
