4.821301507488e+00 4.473036389913e+00 5.000000000000e-03
2.852420442039e+00 3.103046710658e+00 5.000000000000e-03
4.809085579406e+00 3.381317246314e+00 5.000000000000e-03
2.514492241317e-01 3.894154507388e+00 5.000000000000e-03
3.520309558970e+00 1.371376107349e+00 5.000000000000e-03
5.284565901486e+00 3.193828005565e+00 5.000000000000e-03
5.793661188273e+00 3.947117535007e+00 5.000000000000e-03
3.813937379042e+00 2.080114952764e+00 5.000000000000e-03
4.458418481447e+00 2.781144845158e+00 5.000000000000e-03
5.422764992648e+00 5.542823185285e+00 5.000000000000e-03
4.896894044459e+00 4.413967576863e+00 5.000000000000e-03
3.109672966419e+00 5.241156735833e+00 5.000000000000e-03
5.601232377035e+00 1.645287941297e+00 5.000000000000e-03
5.166350342286e+00 4.200333331968e+00 5.000000000000e-03
3.470620232520e-01 4.266863058720e+00 5.000000000000e-03
3.258948023828e+00 3.516820987853e+00 5.000000000000e-03
5.655388407900e+00 2.782326980898e+00 5.000000000000e-03
6.240445348627e+00 3.540625224549e+00 5.000000000000e-03
5.502393525465e+00 5.457307347921e+00 5.000000000000e-03
5.301167411447e+00 3.874700029733e+00 5.000000000000e-03
3.187491619145e+00 4.193013300685e+00 5.000000000000e-03
5.746694731975e+00 4.312672025154e+00 5.000000000000e-03
4.253178436547e+00 6.127397623146e+00 5.000000000000e-03
5.565746041575e+00 3.239780273132e+00 5.000000000000e-03
1.531258641521e+00 2.621148902414e+00 5.000000000000e-03
5.647400043170e+00 3.901160621280e+00 5.000000000000e-03
1.233238869498e-01 3.434888692082e+00 5.000000000000e-03
1.958868520335e+00 2.082209561407e+00 5.000000000000e-03
5.870687437056e+00 4.573268083212e+00 5.000000000000e-03
9.777710580737e-01 3.653904610490e+00 5.000000000000e-03
5.750481819522e+00 3.620011358203e+00 5.000000000000e-03
1.398082893626e+00 3.452671700430e+00 5.000000000000e-03
5.638684556490e+00 5.136456356852e+00 5.000000000000e-03
6.088752873429e+00 5.437776234481e+00 5.000000000000e-03
2.626461775045e+00 2.751273845118e+00 5.000000000000e-03
4.434888074324e+00 2.851801530433e+00 5.000000000000e-03
9.018384661576e-01 3.493014958930e+00 5.000000000000e-03
4.751221416433e+00 5.035286000596e+00 5.000000000000e-03
5.302200881206e+00 2.667411872553e+00 5.000000000000e-03
2.291214405997e+00 3.116387412708e+00 5.000000000000e-03
5.857143880232e+00 3.794186904259e+00 5.000000000000e-03
2.489325147777e+00 4.485747363558e-01 5.000000000000e-03
3.798312131197e+00 2.670706306535e+00 5.000000000000e-03
5.633302790125e+00 3.930977756279e+00 5.000000000000e-03
5.844894968902e+00 4.108016110921e+00 5.000000000000e-03
4.821520386068e+00 2.610980090583e+00 5.000000000000e-03
4.688258638079e+00 4.274009856154e+00 5.000000000000e-03
5.643714993051e+00 4.137188803182e+00 5.000000000000e-03
1.442785620681e+00 4.626350473038e+00 5.000000000000e-03
4.644227041015e+00 1.244828455166e+00 5.000000000000e-03
2.106382540205e-01 4.031579637782e+00 5.000000000000e-03
5.832135603392e+00 4.170745656617e+00 5.000000000000e-03
4.265382570455e+00 5.533708155875e+00 5.000000000000e-03
1.486794516627e+00 2.721205943351e+00 5.000000000000e-03
4.261330248681e+00 4.676004912240e+00 5.000000000000e-03
2.078497959561e+00 3.628576465879e+00 5.000000000000e-03
3.213814838054e+00 3.379424499550e+00 5.000000000000e-03
5.940154794149e+00 4.271860101322e+00 5.000000000000e-03
1.762992559402e+00 2.799714573107e+00 5.000000000000e-03
4.922901836169e+00 4.453238657562e+00 5.000000000000e-03
3.621525146039e+00 3.464196730647e+00 5.000000000000e-03
3.276412070094e+00 5.566325068302e+00 5.000000000000e-03
4.647519255625e+00 4.043598158538e+00 5.000000000000e-03
4.569721372355e+00 6.274551080530e+00 5.000000000000e-03
4.153093420579e+00 3.507978399367e+00 5.000000000000e-03
5.396672103713e+00 9.577827208223e-01 5.000000000000e-03
5.302254734254e+00 1.389373940783e-01 5.000000000000e-03
4.115387017999e+00 1.820532992675e+00 5.000000000000e-03
4.252428389419e+00 2.708341989008e+00 5.000000000000e-03
5.408009979658e+00 2.907050083889e+00 5.000000000000e-03
1.115120840918e+00 2.257307145186e+00 5.000000000000e-03
4.559535924526e+00 4.297281176378e+00 5.000000000000e-03
6.039425497804e+00 5.671006388194e+00 5.000000000000e-03
2.287277094267e-01 4.071852109354e+00 5.000000000000e-03
3.303420158018e+00 4.256253220109e+00 5.000000000000e-03
2.118822838039e-01 1.667735521971e+00 5.000000000000e-03
5.089906400081e+00 5.576219931306e+00 5.000000000000e-03
2.880211590130e+00 3.143485982218e+00 5.000000000000e-03
4.687872365669e+00 4.536976362107e+00 5.000000000000e-03
1.797135613122e+00 4.289291432717e+00 5.000000000000e-03
3.817763237354e+00 8.569223630098e-02 5.000000000000e-03
8.248927483646e-01 3.806077943990e+00 5.000000000000e-03
5.472174936931e+00 2.396778446645e+00 5.000000000000e-03
2.818210634129e+00 5.865126681174e+00 5.000000000000e-03
4.270726150875e+00 5.815985546796e+00 5.000000000000e-03
5.465824137300e+00 3.085500722045e+00 5.000000000000e-03
5.988095129514e-01 1.230423558222e+00 5.000000000000e-03
6.239649872331e+00 5.403923119822e+00 5.000000000000e-03
9.717029769838e-01 2.196014170616e+00 5.000000000000e-03
5.672257877869e+00 4.628199566407e+00 5.000000000000e-03
2.761186189344e+00 6.018013174061e+00 5.000000000000e-03
3.602180146598e+00 1.953406587906e+00 5.000000000000e-03
4.673827785388e+00 3.728774111505e+00 5.000000000000e-03
5.999002049735e+00 3.636212043021e+00 5.000000000000e-03
5.318507361089e-01 3.910715013914e+00 5.000000000000e-03
4.467859548365e+00 1.554616487150e+00 5.000000000000e-03
1.750046667272e+00 4.421309392675e+00 5.000000000000e-03
5.902144394576e-02 3.964917516080e+00 5.000000000000e-03
3.502373750270e-01 3.660945813928e+00 5.000000000000e-03
4.241617773306e+00 2.810465382029e+00 5.000000000000e-03
1.757482289232e+00 1.318685081396e+00 -5.000000000000e-03
1.775187895305e+00 5.308679418449e+00 -5.000000000000e-03
2.630014783778e+00 5.475154976466e+00 -5.000000000000e-03
1.558596346398e+00 4.491512970900e+00 -5.000000000000e-03
1.557632446518e+00 6.877300437979e-01 -5.000000000000e-03
2.318078396056e+00 2.194109763115e+00 -5.000000000000e-03
6.196323029188e+00 1.714775697286e+00 -5.000000000000e-03
9.707879281188e-01 5.093960115250e+00 -5.000000000000e-03
4.184304813544e+00 4.082429943067e-01 -5.000000000000e-03
1.275785492058e+00 1.908011736083e-01 -5.000000000000e-03
1.640085026348e+00 2.824016760601e-01 -5.000000000000e-03
4.754089678128e+00 2.370531961426e+00 -5.000000000000e-03
2.610089504027e+00 5.935348867080e+00 -5.000000000000e-03
1.427699600820e+00 1.998310819381e+00 -5.000000000000e-03
1.934290287201e+00 1.264111288526e-01 -5.000000000000e-03
6.098378044419e+00 3.072654158163e+00 -5.000000000000e-03
1.175927855924e+00 4.285364914968e+00 -5.000000000000e-03
1.428357863401e+00 5.738136185473e+00 -5.000000000000e-03
2.525438945957e+00 5.314403927683e+00 -5.000000000000e-03
1.613646332344e+00 1.260873764694e+00 -5.000000000000e-03
1.136873194461e+00 1.465481331792e-01 -5.000000000000e-03
3.549631489871e+00 9.726484741249e-01 -5.000000000000e-03
3.153284174911e+00 2.987929067994e-01 -5.000000000000e-03
2.905059063608e-01 5.631654063232e+00 -5.000000000000e-03
2.822727881788e+00 4.180761474243e+00 -5.000000000000e-03
1.623530199552e+00 9.980262190962e-01 -5.000000000000e-03
1.193440478363e+00 5.720132246271e-01 -5.000000000000e-03
1.179359678723e+00 6.632153712131e-01 -5.000000000000e-03
1.764679350867e+00 4.609465561358e+00 -5.000000000000e-03
5.070576183979e-01 2.878537019928e-01 -5.000000000000e-03
9.821578775699e-01 1.308971448808e+00 -5.000000000000e-03
5.802754161497e+00 7.092065393009e-01 -5.000000000000e-03
3.888732380264e+00 1.744711362465e+00 -5.000000000000e-03
1.046765104913e-01 6.127645756008e+00 -5.000000000000e-03
4.946197322128e+00 5.252591624796e+00 -5.000000000000e-03
1.549740542813e+00 5.256831224679e-01 -5.000000000000e-03
1.069685536388e+00 5.635394059404e+00 -5.000000000000e-03
2.952802198232e+00 6.006941328228e+00 -5.000000000000e-03
1.290334737138e+00 2.508277726810e-01 -5.000000000000e-03
2.035078213342e+00 5.091003051200e+00 -5.000000000000e-03
4.778628981412e+00 5.682213164124e+00 -5.000000000000e-03
1.315326402279e+00 5.271142374018e+00 -5.000000000000e-03
9.720481725237e-01 3.208029252649e+00 -5.000000000000e-03
1.648069617403e+00 3.930847820781e-01 -5.000000000000e-03
4.304399701391e+00 5.681538845273e+00 -5.000000000000e-03
1.369585394883e+00 6.260965370234e+00 -5.000000000000e-03
5.244633140740e+00 3.483943473676e+00 -5.000000000000e-03
1.499643199631e+00 6.071556508692e+00 -5.000000000000e-03
1.074366177992e+00 5.134185170137e-01 -5.000000000000e-03
2.628344672899e+00 6.275375223474e+00 -5.000000000000e-03
1.880243804511e+00 6.158821448043e+00 -5.000000000000e-03
1.341472346488e+00 8.721970363617e-02 -5.000000000000e-03
1.864164536814e+00 6.148710885581e-01 -5.000000000000e-03
1.792434920291e+00 1.705337198445e-01 -5.000000000000e-03
2.341145593836e+00 6.178473279041e+00 -5.000000000000e-03
2.768101543344e+00 4.126660438071e-01 -5.000000000000e-03
7.772586149620e-01 1.035277030993e+00 -5.000000000000e-03
5.770451336534e+00 5.423301279461e-01 -5.000000000000e-03
1.236118026222e+00 6.509919318117e-01 -5.000000000000e-03
2.423720179113e+00 2.657037334532e+00 -5.000000000000e-03
4.102973244071e+00 4.330615138406e+00 -5.000000000000e-03
1.445811022563e+00 5.911027384873e-01 -5.000000000000e-03
9.696899673659e-01 5.191499273966e+00 -5.000000000000e-03
1.967912514474e+00 1.316832718113e-01 -5.000000000000e-03
4.483378920732e+00 3.238014639019e+00 -5.000000000000e-03
6.122598444556e+00 7.090165288031e-01 -5.000000000000e-03
3.500005021826e+00 4.609014790974e+00 -5.000000000000e-03
4.118385444733e+00 3.003692094561e+00 -5.000000000000e-03
8.165821878365e-01 1.478201375930e+00 -5.000000000000e-03
1.498157000011e+00 6.890884676028e-01 -5.000000000000e-03
1.435802285405e+00 5.129337180686e+00 -5.000000000000e-03
3.131861407148e+00 4.652540712107e+00 -5.000000000000e-03
1.150884155581e+00 4.669707727134e+00 -5.000000000000e-03
9.906855715089e-01 1.150023741481e+00 -5.000000000000e-03
7.312645833161e-01 2.637845468354e-01 -5.000000000000e-03
2.184136159524e+00 2.259456827852e+00 -5.000000000000e-03
1.013729673370e-01 2.523899668385e+00 -5.000000000000e-03
2.691914695982e+00 3.940181240491e-01 -5.000000000000e-03
3.525020352635e+00 5.129185310609e-01 -5.000000000000e-03
1.030866068184e+00 3.699010755857e-01 -5.000000000000e-03
6.232775101160e+00 1.404797414141e+00 -5.000000000000e-03
3.716115747411e+00 1.491648722720e+00 -5.000000000000e-03
1.808096635549e+00 5.214565843588e+00 -5.000000000000e-03
8.261110899169e-01 6.235181887664e+00 -5.000000000000e-03
8.956949670703e-01 5.714506887488e+00 -5.000000000000e-03
4.904846060219e+00 5.247192490179e+00 -5.000000000000e-03
1.901223562946e+00 1.864562966920e-01 -5.000000000000e-03
5.488281925036e-01 9.133689369837e-01 -5.000000000000e-03
1.270725235780e+00 3.920904214794e-01 -5.000000000000e-03
5.883668014076e+00 5.660575143003e+00 -5.000000000000e-03
1.842037802558e+00 9.174026809631e-01 -5.000000000000e-03
6.021135078579e+00 5.183207086734e-01 -5.000000000000e-03
8.729542847516e-01 9.095771399384e-02 -5.000000000000e-03
2.820842246050e+00 3.284828602883e+00 -5.000000000000e-03
5.453128747307e+00 5.886325924757e+00 -5.000000000000e-03
2.224354638405e+00 5.605193568815e+00 -5.000000000000e-03
2.110286511288e+00 3.082659854364e+00 -5.000000000000e-03
2.418518572816e-01 2.576695500890e+00 -5.000000000000e-03
1.206457943808e+00 5.027348099235e+00 -5.000000000000e-03
1.473879142727e+00 2.082290182100e+00 -5.000000000000e-03
