5.041826191855e+00 1.491520854186e+00 5.000000000000e-03
3.142174638718e+00 4.145962829307e+00 5.000000000000e-03
4.469812253500e+00 3.159699777753e+00 5.000000000000e-03
7.126309336510e-01 4.649299031919e+00 5.000000000000e-03
6.262001179885e+00 5.377452572942e+00 5.000000000000e-03
3.166975135623e+00 3.582836085393e+00 5.000000000000e-03
6.258802208218e+00 3.345832782477e-01 5.000000000000e-03
9.288936530215e-01 1.229535359080e-01 5.000000000000e-03
4.456224090697e+00 2.239064746072e+00 5.000000000000e-03
4.430842451257e-01 2.717001262152e+00 5.000000000000e-03
4.935346373198e+00 6.014727272873e+00 5.000000000000e-03
4.034805892266e+00 4.499882184472e+00 5.000000000000e-03
1.929185832191e-01 3.802439544212e+00 5.000000000000e-03
2.727990396793e+00 2.329171405755e+00 5.000000000000e-03
4.761635545774e+00 4.802904352732e+00 5.000000000000e-03
5.087127088735e+00 1.690280446018e+00 5.000000000000e-03
4.621798576193e+00 1.316921562493e+00 5.000000000000e-03
5.258412178971e+00 5.071187439694e+00 5.000000000000e-03
3.422500331262e-01 3.805387843739e+00 5.000000000000e-03
4.980168249924e+00 1.428873134582e+00 5.000000000000e-03
3.845292791308e+00 5.145656717137e+00 5.000000000000e-03
4.869493350569e+00 6.182808807059e+00 5.000000000000e-03
5.321571319551e+00 1.578717499462e+00 5.000000000000e-03
1.387716535948e+00 3.826965674815e+00 5.000000000000e-03
5.399702391703e+00 5.023615251191e+00 5.000000000000e-03
5.118340932015e+00 1.077197731734e+00 5.000000000000e-03
4.830243296139e+00 2.322839144052e+00 5.000000000000e-03
5.548926501575e+00 5.207869268750e+00 5.000000000000e-03
2.319605906535e+00 4.334140122995e+00 5.000000000000e-03
6.206004491022e+00 3.876300197242e+00 5.000000000000e-03
5.214789118325e+00 4.932289251371e+00 5.000000000000e-03
1.840200802670e+00 1.615342706081e+00 5.000000000000e-03
6.146943981559e+00 2.648921905945e+00 5.000000000000e-03
2.460723790225e+00 1.121450321694e+00 5.000000000000e-03
5.940979128406e-01 3.608962721380e+00 5.000000000000e-03
3.767678886087e+00 4.293784829314e+00 5.000000000000e-03
1.294053819839e+00 2.858673432869e+00 5.000000000000e-03
3.295745666655e+00 3.325375275214e+00 5.000000000000e-03
5.790173497073e-01 4.623441338580e+00 5.000000000000e-03
6.159869004818e+00 9.321153611313e-01 5.000000000000e-03
3.296589569548e+00 2.756787798190e+00 5.000000000000e-03
4.880774176397e-01 2.820356915781e+00 5.000000000000e-03
3.754084563243e-01 5.286650115393e+00 5.000000000000e-03
3.811133462233e+00 1.616849532198e+00 5.000000000000e-03
5.686518304750e+00 5.323166577110e+00 5.000000000000e-03
2.389123263999e+00 5.427912047452e+00 5.000000000000e-03
6.778413017927e-01 4.299744279297e+00 5.000000000000e-03
5.791525853511e+00 2.151636246536e+00 5.000000000000e-03
8.326774693295e-01 3.014012543839e+00 5.000000000000e-03
1.250716250376e+00 3.875951317121e+00 5.000000000000e-03
5.600755847077e+00 5.028728850706e+00 5.000000000000e-03
4.858800632187e+00 2.243765977745e+00 5.000000000000e-03
4.532668301205e+00 1.085381502020e+00 5.000000000000e-03
4.701137283545e+00 5.201456557017e+00 5.000000000000e-03
1.385942309270e+00 2.380533207436e+00 5.000000000000e-03
5.799097502533e+00 2.041916540690e+00 5.000000000000e-03
5.268172588056e+00 5.640474027633e+00 5.000000000000e-03
4.622391180711e+00 2.383286629391e+00 5.000000000000e-03
3.841631117255e+00 1.081211905230e+00 5.000000000000e-03
5.170045387342e+00 5.411654829993e+00 5.000000000000e-03
4.042962782053e+00 4.036419712852e+00 5.000000000000e-03
3.071514155198e+00 4.147743043878e+00 5.000000000000e-03
4.961779458723e+00 1.696700745803e+00 5.000000000000e-03
3.745066032993e+00 2.565912419055e+00 5.000000000000e-03
4.066764424668e+00 1.254171697265e+00 5.000000000000e-03
2.337174734312e+00 4.772104281075e+00 5.000000000000e-03
3.720375225829e+00 1.208096614043e+00 5.000000000000e-03
3.836759966661e-01 3.369141713232e+00 5.000000000000e-03
1.844295715851e+00 3.915839100034e+00 5.000000000000e-03
4.402998816890e+00 3.271450435658e+00 5.000000000000e-03
5.499364703876e+00 3.307653290261e+00 5.000000000000e-03
4.254517702275e+00 4.225142676689e+00 5.000000000000e-03
5.173139123331e+00 2.396531377986e-01 5.000000000000e-03
4.488135194950e+00 3.213554969844e+00 5.000000000000e-03
3.820953356558e+00 5.268804759038e+00 5.000000000000e-03
5.302555296510e+00 4.416636745847e+00 5.000000000000e-03
1.322963701378e-01 2.947812356371e+00 5.000000000000e-03
4.063707375399e+00 1.489669050588e+00 5.000000000000e-03
5.220587971783e+00 5.031090572539e+00 5.000000000000e-03
1.476926080948e+00 4.642923510176e-01 5.000000000000e-03
4.867136527335e+00 2.600309429154e+00 5.000000000000e-03
3.980569844682e+00 9.351232861797e-01 5.000000000000e-03
2.903339138281e+00 4.334922779533e+00 5.000000000000e-03
4.205219221771e+00 5.985485734482e+00 5.000000000000e-03
5.585224982452e+00 5.054356386813e+00 5.000000000000e-03
3.808408955402e-01 5.030233155129e+00 5.000000000000e-03
5.398877874560e-01 3.132634376395e+00 5.000000000000e-03
3.465385665981e+00 2.793433260961e+00 5.000000000000e-03
1.177768364847e+00 4.050207646606e+00 5.000000000000e-03
3.058941040180e+00 2.338244374603e+00 5.000000000000e-03
5.336139981450e+00 4.805940994632e+00 5.000000000000e-03
2.435549977939e+00 5.669208625660e+00 5.000000000000e-03
6.166280832468e-01 4.084299436570e+00 5.000000000000e-03
1.359595489654e+00 4.008158509318e+00 5.000000000000e-03
4.164957682630e-01 5.455558903798e+00 5.000000000000e-03
1.584948773393e+00 4.650104032724e+00 5.000000000000e-03
5.574918952152e-01 2.902722491259e+00 5.000000000000e-03
3.682634988114e+00 1.378755035183e+00 5.000000000000e-03
5.174983749425e+00 1.622778207662e-01 5.000000000000e-03
5.043062275166e+00 4.675271133606e+00 5.000000000000e-03
5.514761771289e+00 5.684580057680e+00 -5.000000000000e-03
1.864642086432e+00 4.202543840632e+00 -5.000000000000e-03
6.174567352727e+00 1.410185931044e+00 -5.000000000000e-03
2.052237810280e+00 2.075321777359e+00 -5.000000000000e-03
3.870927526545e+00 2.949683246476e+00 -5.000000000000e-03
3.428359710975e+00 6.072374435424e+00 -5.000000000000e-03
3.917158500692e+00 3.546509582555e+00 -5.000000000000e-03
2.390775107022e+00 1.200277760992e-01 -5.000000000000e-03
4.633881137789e+00 1.970002693143e+00 -5.000000000000e-03
5.415131917443e+00 3.958528663838e+00 -5.000000000000e-03
2.410075564654e+00 6.246004130898e+00 -5.000000000000e-03
3.910793534764e+00 5.459085547632e+00 -5.000000000000e-03
4.113827596557e+00 5.672462284993e+00 -5.000000000000e-03
5.518637287132e+00 5.657288775161e+00 -5.000000000000e-03
4.396003042450e+00 4.500246639766e+00 -5.000000000000e-03
1.842551968474e+00 1.913571794980e-01 -5.000000000000e-03
4.957381908202e+00 2.064617842861e-01 -5.000000000000e-03
1.887685755661e+00 1.066124964467e+00 -5.000000000000e-03
2.163625876562e+00 4.188403297117e-01 -5.000000000000e-03
2.884738778022e+00 3.091632372328e+00 -5.000000000000e-03
3.922240407320e+00 4.367554546258e-01 -5.000000000000e-03
1.747917037826e+00 5.080505927383e+00 -5.000000000000e-03
1.759275078828e+00 1.183036745811e+00 -5.000000000000e-03
4.033774016968e+00 1.821437544291e-01 -5.000000000000e-03
1.472638713880e+00 2.062869025604e+00 -5.000000000000e-03
1.843020754564e+00 6.078320516802e-02 -5.000000000000e-03
1.971420344442e+00 3.024838421208e+00 -5.000000000000e-03
4.520247748332e+00 5.224229497950e+00 -5.000000000000e-03
2.175155203807e+00 4.655517145532e+00 -5.000000000000e-03
2.623629016789e+00 1.823863815122e+00 -5.000000000000e-03
1.916411908179e+00 2.159830445392e-01 -5.000000000000e-03
1.870965097370e+00 1.035701328612e+00 -5.000000000000e-03
3.397760261820e+00 1.929650287537e+00 -5.000000000000e-03
4.869438834884e+00 9.116596708090e-02 -5.000000000000e-03
8.003529303732e-01 3.790028683004e+00 -5.000000000000e-03
3.374518368117e+00 1.630391426428e-01 -5.000000000000e-03
2.573042656968e+00 1.568766531357e-01 -5.000000000000e-03
2.250818227202e+00 2.203121856030e+00 -5.000000000000e-03
2.666818633038e+00 2.357114673213e-02 -5.000000000000e-03
4.106265415982e+00 7.017308241589e-01 -5.000000000000e-03
8.346267684969e-01 5.031977258989e+00 -5.000000000000e-03
5.148328340511e+00 4.215248378139e+00 -5.000000000000e-03
1.398286195846e+00 3.129593188069e+00 -5.000000000000e-03
2.187624397182e-01 2.020504340833e+00 -5.000000000000e-03
4.225912395069e+00 2.193728481814e+00 -5.000000000000e-03
4.824502668381e-01 2.177029732671e+00 -5.000000000000e-03
2.741029933450e+00 9.464068697847e-02 -5.000000000000e-03
3.039024398830e+00 5.205675459328e+00 -5.000000000000e-03
5.148528925574e+00 4.261396600546e+00 -5.000000000000e-03
1.395220688687e+00 9.161147482751e-01 -5.000000000000e-03
2.737641866956e+00 6.181923118617e+00 -5.000000000000e-03
5.598543068900e+00 3.582718590626e+00 -5.000000000000e-03
1.055299662938e+00 6.066131754418e+00 -5.000000000000e-03
5.985790011134e+00 6.268017249778e+00 -5.000000000000e-03
4.246700081141e+00 3.953908530733e+00 -5.000000000000e-03
4.418212091147e+00 2.952823827288e-01 -5.000000000000e-03
3.732505988716e+00 3.588434117952e+00 -5.000000000000e-03
3.086655885854e+00 6.175078821300e+00 -5.000000000000e-03
4.201417529769e+00 1.923853952794e-01 -5.000000000000e-03
2.215976106289e+00 1.928518707670e+00 -5.000000000000e-03
3.811785009575e+00 2.271055274223e+00 -5.000000000000e-03
3.545679019928e-01 1.119175585135e+00 -5.000000000000e-03
1.411360167853e+00 1.480631288536e+00 -5.000000000000e-03
2.596507924587e+00 4.540895993040e+00 -5.000000000000e-03
3.932698896287e+00 4.187684743092e-01 -5.000000000000e-03
5.467571079770e+00 5.738409196452e+00 -5.000000000000e-03
2.881745149886e+00 5.678089124257e-01 -5.000000000000e-03
1.720534320645e+00 1.269501321442e+00 -5.000000000000e-03
2.381847252079e+00 5.885865816246e+00 -5.000000000000e-03
3.061637669160e+00 3.452500692367e-01 -5.000000000000e-03
5.811709282512e+00 2.712987741775e+00 -5.000000000000e-03
4.242693728730e+00 2.354418907074e+00 -5.000000000000e-03
1.641266276113e-02 1.209130381306e+00 -5.000000000000e-03
1.091220897756e+00 3.420476353986e+00 -5.000000000000e-03
4.988284225209e+00 3.161256502371e-01 -5.000000000000e-03
3.076926550847e+00 4.809075361143e-01 -5.000000000000e-03
1.109326781701e-01 1.957197639780e+00 -5.000000000000e-03
1.757867691536e+00 4.789549632493e-02 -5.000000000000e-03
4.183816240353e+00 2.521369779535e+00 -5.000000000000e-03
2.322974752066e+00 5.128026411073e+00 -5.000000000000e-03
4.606692959894e+00 1.997375177570e+00 -5.000000000000e-03
4.787352374882e+00 4.669723428626e+00 -5.000000000000e-03
3.769742666769e+00 4.823793670334e+00 -5.000000000000e-03
1.386540265987e+00 2.038119224700e+00 -5.000000000000e-03
2.879390828330e+00 6.162440968473e+00 -5.000000000000e-03
5.398561636256e+00 3.965703461956e+00 -5.000000000000e-03
3.931637821300e+00 4.562860367202e+00 -5.000000000000e-03
3.306884450772e+00 2.039330428021e+00 -5.000000000000e-03
3.237113406545e-01 1.092945218183e+00 -5.000000000000e-03
5.673446948823e+00 3.571041854219e+00 -5.000000000000e-03
3.635461016118e+00 3.499504578124e+00 -5.000000000000e-03
2.029143493212e+00 1.896671460939e-01 -5.000000000000e-03
4.778196983252e+00 9.899099909905e-02 -5.000000000000e-03
6.180980841115e+00 3.557591993665e+00 -5.000000000000e-03
3.809383886958e+00 5.816473927790e+00 -5.000000000000e-03
3.545689999666e+00 3.414827494728e+00 -5.000000000000e-03
2.707641944723e+00 6.307840304446e-01 -5.000000000000e-03
6.165454929124e+00 1.383563771873e+00 -5.000000000000e-03
4.150613790432e+00 2.087867055730e-01 -5.000000000000e-03
4.603603828810e+00 5.740316609755e+00 -5.000000000000e-03
