3.924030277617e+00 4.215517214021e+00 5.000000000000e-03
1.739829628336e+00 5.300533143085e+00 5.000000000000e-03
4.498769853529e+00 5.176732259566e+00 5.000000000000e-03
4.575858237385e+00 3.265452984386e+00 5.000000000000e-03
3.348401938619e+00 5.523999808106e+00 5.000000000000e-03
8.932179854691e-01 3.221624780863e+00 5.000000000000e-03
7.346335517176e-02 4.513584136678e+00 5.000000000000e-03
4.564478866747e+00 9.893866009028e-01 5.000000000000e-03
4.359089575931e+00 4.789364950191e+00 5.000000000000e-03
6.264984461688e+00 4.085180513323e+00 5.000000000000e-03
6.235679129800e-02 4.572570467379e+00 5.000000000000e-03
2.451381194245e+00 1.106019958344e+00 5.000000000000e-03
1.026610747418e+00 1.634293240745e-02 5.000000000000e-03
4.189151235704e+00 4.076239028588e+00 5.000000000000e-03
1.685724615910e+00 2.550191516398e+00 5.000000000000e-03
8.280997236011e-01 4.740377035184e+00 5.000000000000e-03
4.592035385131e+00 4.537204091601e+00 5.000000000000e-03
1.828412499150e+00 1.934778278593e+00 5.000000000000e-03
2.092649026316e+00 5.430099165559e-01 5.000000000000e-03
2.408122689802e+00 5.411585881265e+00 5.000000000000e-03
2.242115675741e+00 5.367619312473e+00 5.000000000000e-03
4.189758620176e+00 3.897617294280e+00 5.000000000000e-03
2.206740064466e+00 1.409093971179e+00 5.000000000000e-03
4.626109097641e+00 4.166441668153e+00 5.000000000000e-03
4.210245527823e+00 5.863075837500e+00 5.000000000000e-03
4.411618524767e+00 5.106206053495e+00 5.000000000000e-03
4.180184068979e+00 3.928888977989e+00 5.000000000000e-03
3.052136770360e+00 1.964951383027e+00 5.000000000000e-03
4.474786901034e+00 3.588132078445e-01 5.000000000000e-03
3.983619034260e-01 4.508778345037e+00 5.000000000000e-03
7.537679152548e-01 5.417904223025e+00 5.000000000000e-03
4.826400301043e+00 6.068392116276e+00 5.000000000000e-03
3.812397233390e+00 2.555054348548e+00 5.000000000000e-03
2.228117839351e+00 6.117844396887e+00 5.000000000000e-03
1.862095754229e+00 6.232559951107e-02 5.000000000000e-03
4.666347755568e+00 4.623580822294e-01 5.000000000000e-03
2.870112629205e+00 5.876073167530e+00 5.000000000000e-03
2.441539686014e+00 6.032695219390e+00 5.000000000000e-03
3.145772339896e+00 3.680730401835e+00 5.000000000000e-03
3.466121770608e+00 3.918834584690e+00 5.000000000000e-03
2.492444332541e+00 4.407855341712e+00 5.000000000000e-03
9.773067496232e-01 3.157471830436e+00 5.000000000000e-03
5.435315100998e+00 3.884533316221e+00 5.000000000000e-03
4.404254983642e+00 5.138752411870e+00 5.000000000000e-03
4.230827327580e+00 5.352322245718e+00 5.000000000000e-03
3.339456008974e+00 1.706283689303e-01 5.000000000000e-03
3.194913417805e+00 4.450285006520e+00 5.000000000000e-03
3.878523171574e+00 4.185486299523e+00 5.000000000000e-03
5.147218218033e+00 4.770381546602e+00 5.000000000000e-03
4.499486343952e+00 2.701107799419e+00 5.000000000000e-03
4.466867953181e+00 5.715163402542e+00 5.000000000000e-03
4.253218067907e+00 5.296222843981e+00 5.000000000000e-03
2.517615339370e+00 1.855004298036e+00 5.000000000000e-03
2.746050941514e-01 3.355611912283e+00 5.000000000000e-03
4.496978568442e+00 4.873135674120e-01 5.000000000000e-03
5.602025087972e+00 4.325673165232e+00 5.000000000000e-03
5.128132762739e+00 5.386715268995e+00 5.000000000000e-03
4.997897364048e+00 2.555068187281e+00 5.000000000000e-03
4.242677543681e+00 6.047181384254e+00 5.000000000000e-03
4.320662770585e+00 4.105847379008e+00 5.000000000000e-03
3.095494643373e+00 3.084596361726e+00 5.000000000000e-03
3.699650856327e+00 3.415257729122e-01 5.000000000000e-03
4.818935637640e+00 2.545416839944e+00 5.000000000000e-03
2.583450163209e+00 2.319915678252e+00 5.000000000000e-03
5.164353253300e+00 4.627496988969e+00 5.000000000000e-03
3.501749318847e-01 6.166637788945e+00 5.000000000000e-03
5.391184313468e-01 4.361927275751e+00 5.000000000000e-03
9.846264301548e-01 4.963397390217e+00 5.000000000000e-03
4.248375061413e+00 4.548393111185e+00 5.000000000000e-03
4.311496701531e+00 4.002965040492e+00 5.000000000000e-03
1.163792130729e+00 2.866183755859e+00 5.000000000000e-03
4.157497940621e+00 6.000546961275e+00 5.000000000000e-03
4.681600787303e+00 3.870878955053e+00 5.000000000000e-03
4.424834524275e+00 5.720807860556e+00 5.000000000000e-03
1.185639341959e+00 2.614040381583e+00 5.000000000000e-03
4.844424520562e+00 6.148493902558e+00 5.000000000000e-03
4.851891203525e+00 3.499723544369e-01 5.000000000000e-03
1.772434757740e+00 5.337388979381e+00 5.000000000000e-03
5.636714992080e+00 6.127699154632e+00 5.000000000000e-03
3.552787402738e+00 5.394543304037e+00 5.000000000000e-03
2.209336268016e+00 5.750767224491e+00 5.000000000000e-03
4.867755239668e+00 3.666037844110e+00 5.000000000000e-03
4.715615665348e+00 4.944732034753e+00 5.000000000000e-03
3.741527372984e-01 4.285513055529e+00 5.000000000000e-03
4.547185455218e+00 5.323343292694e+00 5.000000000000e-03
4.576760764000e+00 3.713488423471e-01 5.000000000000e-03
4.169622838519e+00 6.139785086416e+00 5.000000000000e-03
4.124228326164e+00 4.928212025868e+00 5.000000000000e-03
4.406764362218e+00 5.301319914796e+00 5.000000000000e-03
2.145518419788e+00 4.698726522758e+00 5.000000000000e-03
1.291151664118e+00 5.275226769789e+00 5.000000000000e-03
4.405473412264e+00 4.009811336912e+00 5.000000000000e-03
4.859004987064e+00 3.864866950507e+00 5.000000000000e-03
4.514255475126e+00 4.959529520902e+00 5.000000000000e-03
3.521511831232e+00 4.114062123010e+00 5.000000000000e-03
4.690202905430e+00 5.945723466845e+00 5.000000000000e-03
2.647135790686e+00 4.550176882111e+00 5.000000000000e-03
4.836804977756e+00 3.771064702360e+00 5.000000000000e-03
4.135163993359e+00 4.508143191984e+00 5.000000000000e-03
4.571852878132e+00 2.006950852757e-01 5.000000000000e-03
5.486764199219e+00 4.968477164204e+00 -5.000000000000e-03
1.269314085583e+00 1.790613844618e+00 -5.000000000000e-03
3.448913441837e+00 1.481058543047e+00 -5.000000000000e-03
3.038771033195e-01 8.732999630795e-01 -5.000000000000e-03
1.888683265121e+00 5.960905154050e+00 -5.000000000000e-03
5.268939640586e+00 3.596483447571e+00 -5.000000000000e-03
5.820821066002e+00 4.846024179594e+00 -5.000000000000e-03
3.070917650851e-01 2.306755526602e+00 -5.000000000000e-03
6.666589772333e-01 2.119709612077e+00 -5.000000000000e-03
7.785286447648e-01 6.107044077899e+00 -5.000000000000e-03
9.893958552703e-01 2.145864412240e+00 -5.000000000000e-03
9.079082923811e-01 5.874586862878e+00 -5.000000000000e-03
2.348595403227e-01 3.216854154621e+00 -5.000000000000e-03
3.003466459453e+00 5.141293090950e+00 -5.000000000000e-03
6.993453124658e-01 6.183018940874e+00 -5.000000000000e-03
2.781419900006e+00 2.149352776148e+00 -5.000000000000e-03
6.123347778619e+00 3.435101080502e+00 -5.000000000000e-03
8.431170342675e-01 1.883497167612e+00 -5.000000000000e-03
8.708152568984e-01 5.519692817171e+00 -5.000000000000e-03
4.322659681410e-01 1.289534901637e+00 -5.000000000000e-03
9.215668247047e-01 5.279304445896e-01 -5.000000000000e-03
7.059763103495e-01 1.622520309205e+00 -5.000000000000e-03
6.254499154015e+00 1.702348649785e+00 -5.000000000000e-03
1.371697948373e-01 1.275259949314e+00 -5.000000000000e-03
1.478269310558e+00 2.020079928052e+00 -5.000000000000e-03
2.082763135251e-01 2.465818121917e-01 -5.000000000000e-03
6.433606215579e-01 5.953135728660e-01 -5.000000000000e-03
5.255611084613e-01 3.688386140677e-01 -5.000000000000e-03
5.586734986960e+00 1.918389039961e+00 -5.000000000000e-03
3.391737535762e-01 1.197000068781e+00 -5.000000000000e-03
6.014821590069e+00 2.719007518017e+00 -5.000000000000e-03
4.409027601963e-01 1.513405029501e+00 -5.000000000000e-03
2.575979772515e+00 8.271202647478e-01 -5.000000000000e-03
4.885078114908e+00 1.391778449855e+00 -5.000000000000e-03
2.818512161632e+00 4.875026060547e+00 -5.000000000000e-03
6.196427798917e-01 2.725883531429e+00 -5.000000000000e-03
1.511150572313e+00 2.434368293150e+00 -5.000000000000e-03
1.957479269826e+00 9.195655696282e-01 -5.000000000000e-03
2.074552559586e-01 8.206699502550e-01 -5.000000000000e-03
2.561932925013e+00 6.182958564534e+00 -5.000000000000e-03
2.450543285456e+00 1.249035499691e+00 -5.000000000000e-03
5.318627161845e+00 1.323328892326e+00 -5.000000000000e-03
1.396606926436e+00 3.365437024091e+00 -5.000000000000e-03
8.064401566077e-01 1.540611322438e+00 -5.000000000000e-03
5.716401690310e+00 2.800072887615e+00 -5.000000000000e-03
5.964262597352e-01 2.117992593056e+00 -5.000000000000e-03
1.358336976173e+00 2.957199012089e+00 -5.000000000000e-03
6.503255502448e-01 6.184548764422e+00 -5.000000000000e-03
4.769418879225e-01 1.929750698986e+00 -5.000000000000e-03
6.578679906223e-01 2.258671647188e+00 -5.000000000000e-03
2.190197949904e-01 1.930585282587e+00 -5.000000000000e-03
6.406187791631e-01 9.751802550718e-01 -5.000000000000e-03
5.852721338063e+00 3.287936008648e+00 -5.000000000000e-03
2.435220259348e-01 1.785837209305e+00 -5.000000000000e-03
5.163363775737e-01 6.012888088991e-01 -5.000000000000e-03
2.307615663027e-01 1.106606129316e+00 -5.000000000000e-03
6.105102195455e+00 5.849864490693e+00 -5.000000000000e-03
8.331151601220e-01 2.139249380680e+00 -5.000000000000e-03
3.663254458601e-02 2.549472244907e-01 -5.000000000000e-03
9.224619579744e-01 4.596581882293e+00 -5.000000000000e-03
2.208522559837e+00 2.209175091104e+00 -5.000000000000e-03
5.326133821300e+00 1.411033359007e+00 -5.000000000000e-03
9.013488421548e-01 2.339174108903e-01 -5.000000000000e-03
5.488418161847e+00 1.341031003267e+00 -5.000000000000e-03
5.585948810448e+00 3.878364270275e+00 -5.000000000000e-03
2.645966678486e+00 2.833674804161e+00 -5.000000000000e-03
1.265916146328e+00 2.246173974137e+00 -5.000000000000e-03
4.142121253961e-01 3.690492867304e+00 -5.000000000000e-03
6.075269628113e+00 5.298446051142e+00 -5.000000000000e-03
2.931274940908e-04 7.492224953601e-01 -5.000000000000e-03
5.928300081583e+00 3.862994993907e+00 -5.000000000000e-03
5.702257516456e+00 3.988238457121e+00 -5.000000000000e-03
7.041507468017e-01 9.568732117698e-01 -5.000000000000e-03
5.984810924264e+00 4.831995275703e-01 -5.000000000000e-03
7.616798647492e-01 2.108553577288e+00 -5.000000000000e-03
6.233664644586e+00 4.744915164215e+00 -5.000000000000e-03
6.764080652656e-01 3.890066254349e+00 -5.000000000000e-03
5.021786525060e-01 7.266323733624e-01 -5.000000000000e-03
3.426345127855e+00 6.143150377653e+00 -5.000000000000e-03
3.469030487968e-01 5.859870061465e-01 -5.000000000000e-03
5.586368215758e-01 2.664249838103e+00 -5.000000000000e-03
2.807869820523e-01 2.170338408774e+00 -5.000000000000e-03
6.171941116469e+00 1.108102731252e+00 -5.000000000000e-03
1.480406781266e+00 3.875245807841e+00 -5.000000000000e-03
6.074139151817e-01 3.204148405037e-01 -5.000000000000e-03
6.022344407718e-01 3.726459347885e+00 -5.000000000000e-03
5.165755635170e-01 7.920525354494e-01 -5.000000000000e-03
1.970249283575e+00 3.986504380730e+00 -5.000000000000e-03
8.249476365495e-01 4.119642859039e+00 -5.000000000000e-03
4.611101587108e+00 1.987462459496e+00 -5.000000000000e-03
1.496586951188e+00 2.853054245577e+00 -5.000000000000e-03
3.284154154477e+00 1.047425578101e+00 -5.000000000000e-03
3.428688907972e-01 1.057198372929e+00 -5.000000000000e-03
2.666656796089e+00 4.116710235094e+00 -5.000000000000e-03
5.504565288518e+00 1.690331669222e+00 -5.000000000000e-03
1.337817169260e+00 6.213017017570e-01 -5.000000000000e-03
1.041184074705e+00 4.226756832951e+00 -5.000000000000e-03
8.713745586541e-01 5.390847221600e+00 -5.000000000000e-03
5.926233402447e+00 3.063594468867e+00 -5.000000000000e-03
8.524891317536e-01 1.238379463250e+00 -5.000000000000e-03
