6.138368711290e+00 3.831381089380e+00 5.000000000000e-03
5.854643013501e+00 1.520692327253e+00 5.000000000000e-03
4.684063046746e+00 1.119733586138e-02 5.000000000000e-03
3.070488615069e+00 1.299163208028e+00 5.000000000000e-03
1.308616853486e-01 4.053534265140e+00 5.000000000000e-03
2.388942485580e+00 5.662068871178e+00 5.000000000000e-03
3.506005817657e+00 1.079145834341e+00 5.000000000000e-03
2.024063825957e+00 9.708450776745e-01 5.000000000000e-03
2.371081341455e+00 6.167345357063e+00 5.000000000000e-03
4.178027507916e+00 5.603844899883e+00 5.000000000000e-03
6.026213258901e+00 1.389580149827e+00 5.000000000000e-03
7.409118956036e-01 5.874121715551e+00 5.000000000000e-03
3.077342358400e+00 4.832898070882e+00 5.000000000000e-03
2.914209105639e+00 1.436358544110e+00 5.000000000000e-03
3.198451558020e+00 3.632231881655e+00 5.000000000000e-03
3.391371237940e+00 1.701255177845e+00 5.000000000000e-03
3.303380891516e+00 3.179908481488e+00 5.000000000000e-03
1.259404338884e+00 3.950874397230e+00 5.000000000000e-03
5.701419908142e-01 4.658524479908e+00 5.000000000000e-03
2.706942890570e+00 7.895995003483e-01 5.000000000000e-03
1.091070677659e+00 3.654452396632e-01 5.000000000000e-03
2.698529439629e+00 5.278360783202e+00 5.000000000000e-03
1.343529546918e+00 1.870095224424e+00 5.000000000000e-03
1.735197193438e+00 2.954279827291e+00 5.000000000000e-03
6.261501688259e+00 3.892672345575e+00 5.000000000000e-03
5.829308614653e+00 3.521626454647e+00 5.000000000000e-03
6.069494322828e+00 5.705384631077e+00 5.000000000000e-03
1.192584633799e+00 3.964836141854e+00 5.000000000000e-03
2.281173093438e+00 2.846528424824e+00 5.000000000000e-03
5.467429954958e+00 1.154181191610e+00 5.000000000000e-03
3.112381336211e+00 4.681413604097e+00 5.000000000000e-03
3.147442312585e+00 1.344703474742e+00 5.000000000000e-03
2.387708985353e+00 3.850814026247e+00 5.000000000000e-03
6.893856652219e-01 1.526104031124e+00 5.000000000000e-03
4.694761022205e+00 2.315567645335e+00 5.000000000000e-03
2.999136563749e+00 5.993559743005e+00 5.000000000000e-03
6.134844666247e+00 5.440119819562e+00 5.000000000000e-03
6.558822029886e-01 3.524207474269e-01 5.000000000000e-03
2.402172718706e+00 5.011267352578e+00 5.000000000000e-03
3.578776155623e-01 3.986787269680e+00 5.000000000000e-03
3.580227765528e+00 3.006124198885e-01 5.000000000000e-03
5.896897851592e+00 5.534898432907e+00 5.000000000000e-03
5.940855639831e+00 5.796161727040e+00 5.000000000000e-03
1.856330405771e+00 1.724520483641e+00 5.000000000000e-03
5.851670866048e+00 5.748796867914e+00 5.000000000000e-03
3.610740321385e+00 5.067976789776e+00 5.000000000000e-03
1.977008500447e+00 7.431851265999e-02 5.000000000000e-03
1.992569222983e+00 2.076822447425e+00 5.000000000000e-03
3.183108286953e+00 5.506519290535e+00 5.000000000000e-03
2.489865900680e+00 5.224790424961e+00 5.000000000000e-03
2.825613760907e+00 4.810603361988e+00 5.000000000000e-03
1.483388807793e+00 5.669947523303e+00 5.000000000000e-03
5.451988436022e+00 1.629375415617e-01 5.000000000000e-03
3.486720841940e+00 5.472419503491e+00 5.000000000000e-03
1.914962529821e+00 3.889950148605e+00 5.000000000000e-03
1.770955214229e+00 4.432857792897e+00 5.000000000000e-03
3.452109631634e+00 6.230207263145e+00 5.000000000000e-03
4.879047515030e-01 5.648393918910e+00 5.000000000000e-03
4.924558602191e+00 3.114823926910e-01 5.000000000000e-03
2.971902555567e+00 4.942321804035e+00 5.000000000000e-03
4.461926311862e+00 2.858980283225e+00 5.000000000000e-03
5.779526365184e+00 1.512171124090e+00 5.000000000000e-03
3.843816511867e+00 4.331354057069e+00 5.000000000000e-03
6.265291912909e+00 5.761926004909e+00 5.000000000000e-03
1.595155354691e+00 5.890073379767e+00 5.000000000000e-03
6.677242249359e-01 5.116794674921e+00 5.000000000000e-03
4.623472927916e+00 3.172572905374e-01 5.000000000000e-03
1.166833666965e-01 4.573466825139e+00 5.000000000000e-03
3.590320172758e+00 5.956642849485e+00 5.000000000000e-03
6.142100517622e+00 4.716133131883e+00 5.000000000000e-03
2.128362387097e+00 9.696737854407e-02 5.000000000000e-03
2.061574483132e+00 3.790604546057e+00 5.000000000000e-03
1.130251427569e-01 4.854885239056e+00 5.000000000000e-03
1.093870456238e+00 3.181493403402e+00 5.000000000000e-03
4.464891265026e+00 3.519312809841e+00 5.000000000000e-03
4.202697822989e+00 4.813635165440e+00 5.000000000000e-03
4.039894324940e+00 7.868480670148e-01 5.000000000000e-03
6.047585483657e+00 5.792376669245e+00 5.000000000000e-03
1.131653233793e+00 3.541465762187e+00 5.000000000000e-03
4.900373694460e+00 4.086771614929e+00 5.000000000000e-03
1.325757053797e+00 2.944460868932e+00 5.000000000000e-03
1.427710694071e+00 1.646310623094e+00 5.000000000000e-03
2.480180438459e+00 3.561938664990e+00 5.000000000000e-03
1.012479133063e+00 3.232737212825e+00 5.000000000000e-03
2.815576750301e+00 4.782226869400e+00 5.000000000000e-03
4.962919101522e+00 5.231575273871e+00 5.000000000000e-03
7.487937072853e-01 2.486224485356e+00 5.000000000000e-03
2.534280854211e+00 6.156805531536e+00 5.000000000000e-03
6.007523925210e+00 4.680115441618e+00 5.000000000000e-03
5.903404914135e+00 6.158186445299e+00 5.000000000000e-03
2.430996281220e+00 5.966805991982e+00 5.000000000000e-03
4.013187376399e+00 5.202594282883e+00 5.000000000000e-03
5.972702035652e+00 4.749309658274e+00 5.000000000000e-03
4.785577822149e+00 1.417819809619e-03 5.000000000000e-03
2.678704007410e-01 2.794714103338e+00 5.000000000000e-03
2.256815462437e+00 3.688962090594e+00 5.000000000000e-03
6.166765401450e+00 5.347801826957e+00 5.000000000000e-03
5.455491781612e+00 2.115351480114e-01 5.000000000000e-03
2.814011909999e-01 5.136776954111e+00 5.000000000000e-03
4.253841608377e+00 3.559299483103e-01 5.000000000000e-03
5.226556574299e+00 2.592156042136e+00 -5.000000000000e-03
1.186481831658e+00 1.865991424680e+00 -5.000000000000e-03
7.537905621485e-01 2.689478678113e+00 -5.000000000000e-03
4.563795254293e+00 4.877964042549e+00 -5.000000000000e-03
5.323760634568e+00 2.272509316165e+00 -5.000000000000e-03
4.040900152077e+00 1.823442680346e+00 -5.000000000000e-03
2.284328986203e-01 1.402093369494e+00 -5.000000000000e-03
4.137503981496e+00 1.688036234425e+00 -5.000000000000e-03
4.000087699299e+00 9.240633829399e-01 -5.000000000000e-03
1.958905560945e+00 5.154175088289e+00 -5.000000000000e-03
5.349780573689e+00 2.333348537248e+00 -5.000000000000e-03
5.863111084259e+00 4.909837068782e+00 -5.000000000000e-03
6.211378338278e+00 3.003875486385e+00 -5.000000000000e-03
5.229356794933e+00 2.564638532214e+00 -5.000000000000e-03
1.355656351642e+00 6.126082064414e+00 -5.000000000000e-03
2.836433087928e-01 6.809268165394e-01 -5.000000000000e-03
3.757467977429e+00 2.307605656114e+00 -5.000000000000e-03
3.265823513627e+00 1.944220887480e+00 -5.000000000000e-03
2.794629276016e+00 1.230464011609e+00 -5.000000000000e-03
3.606106386842e-01 1.347109619040e+00 -5.000000000000e-03
5.849628983600e+00 2.432074659500e-01 -5.000000000000e-03
1.038684224693e+00 8.035352739954e-01 -5.000000000000e-03
5.635392560719e+00 2.509285693908e-01 -5.000000000000e-03
1.614876149692e+00 1.101924657595e+00 -5.000000000000e-03
2.406036561471e+00 1.816499429816e+00 -5.000000000000e-03
5.664773654464e+00 1.869484885229e+00 -5.000000000000e-03
1.680366109302e+00 4.844902270820e+00 -5.000000000000e-03
3.517274420034e+00 8.320160580537e-01 -5.000000000000e-03
6.098175189119e+00 3.707167547598e+00 -5.000000000000e-03
3.503046527111e+00 1.327720480338e+00 -5.000000000000e-03
4.905771802587e+00 2.006575262885e+00 -5.000000000000e-03
3.259071921299e+00 1.977954144934e+00 -5.000000000000e-03
2.449372042015e-01 3.508830670251e+00 -5.000000000000e-03
2.216742199738e+00 2.398712988585e+00 -5.000000000000e-03
3.776200987491e+00 1.932872509787e+00 -5.000000000000e-03
3.881956527551e-01 2.496145755683e+00 -5.000000000000e-03
5.196369908840e+00 2.018969579526e+00 -5.000000000000e-03
4.460167722986e+00 2.088150341712e+00 -5.000000000000e-03
5.361305878187e+00 2.470348662909e+00 -5.000000000000e-03
4.133664806940e+00 4.071128173026e+00 -5.000000000000e-03
3.972022920772e+00 1.909433039381e+00 -5.000000000000e-03
1.415585443137e+00 5.478575268976e+00 -5.000000000000e-03
1.111707828116e-01 5.605535286195e-01 -5.000000000000e-03
1.186235614026e+00 4.256306383441e+00 -5.000000000000e-03
5.413763270817e+00 6.788585133945e-01 -5.000000000000e-03
2.640359642171e+00 3.412704097235e+00 -5.000000000000e-03
1.505342605341e+00 5.088071753408e+00 -5.000000000000e-03
5.003466789279e+00 1.290398149861e+00 -5.000000000000e-03
2.583388507604e+00 2.536393044473e+00 -5.000000000000e-03
2.294027365172e+00 1.848246968847e+00 -5.000000000000e-03
4.320489505007e+00 2.530501404446e+00 -5.000000000000e-03
4.665251729360e+00 9.271311677686e-01 -5.000000000000e-03
5.380314922625e+00 1.878428637904e+00 -5.000000000000e-03
5.918994233833e+00 2.573070204910e+00 -5.000000000000e-03
4.920734059829e+00 2.699257806503e+00 -5.000000000000e-03
1.041215037084e+00 5.980831528973e+00 -5.000000000000e-03
9.007188647220e-01 2.255798220057e+00 -5.000000000000e-03
4.555778401323e+00 2.574441641347e+00 -5.000000000000e-03
5.933130277459e+00 1.969717703610e-01 -5.000000000000e-03
4.620571880783e+00 2.988750185256e+00 -5.000000000000e-03
4.826165269336e+00 1.234345015652e+00 -5.000000000000e-03
4.483070960015e+00 2.350880224869e-01 -5.000000000000e-03
3.255365302663e+00 1.757028024118e+00 -5.000000000000e-03
6.096852450755e+00 9.393770400514e-01 -5.000000000000e-03
5.866692028475e+00 2.304569027622e-01 -5.000000000000e-03
5.450769364831e+00 2.649883921038e+00 -5.000000000000e-03
5.765956740496e+00 3.237524050531e-01 -5.000000000000e-03
1.942836907077e+00 5.830335083931e+00 -5.000000000000e-03
5.251735919967e+00 8.285354876988e-01 -5.000000000000e-03
6.261691221482e+00 1.598923308330e+00 -5.000000000000e-03
6.853850880311e-01 1.105657488384e+00 -5.000000000000e-03
1.301002111561e-01 3.056375717921e-01 -5.000000000000e-03
1.853505858368e+00 5.100773114990e+00 -5.000000000000e-03
4.349659306959e+00 6.104466002246e+00 -5.000000000000e-03
3.412414653788e+00 1.946137045556e+00 -5.000000000000e-03
1.939008785080e+00 5.184768477501e+00 -5.000000000000e-03
1.263947595848e+00 9.359279625761e-01 -5.000000000000e-03
4.276447404793e-01 3.203621873433e+00 -5.000000000000e-03
5.276816491235e+00 4.658271805466e-01 -5.000000000000e-03
6.299601787005e-01 5.649463223112e+00 -5.000000000000e-03
8.957658346273e-01 5.700918525720e+00 -5.000000000000e-03
2.178154327727e+00 4.735704188804e-01 -5.000000000000e-03
2.940727740187e+00 3.996195405066e+00 -5.000000000000e-03
3.334932389761e+00 3.415875859150e+00 -5.000000000000e-03
2.578330055540e+00 1.316438485940e+00 -5.000000000000e-03
5.555938163426e+00 5.185193602216e-01 -5.000000000000e-03
5.351196114349e+00 2.522975520040e+00 -5.000000000000e-03
1.920513900939e-01 4.738955250191e+00 -5.000000000000e-03
9.489647807289e-01 1.058446922187e+00 -5.000000000000e-03
4.621470874699e+00 8.649775386640e-01 -5.000000000000e-03
2.481776882234e+00 1.980788146560e+00 -5.000000000000e-03
4.311624262899e+00 2.991690658089e+00 -5.000000000000e-03
3.034902691193e+00 9.782653173926e-01 -5.000000000000e-03
4.177259149254e+00 6.229661820175e+00 -5.000000000000e-03
4.564521584147e+00 4.228800928121e+00 -5.000000000000e-03
6.052632183937e+00 7.746096156489e-01 -5.000000000000e-03
4.892509086695e+00 4.423496094147e+00 -5.000000000000e-03
7.331772760597e-01 2.670520680811e+00 -5.000000000000e-03
5.510922968545e+00 5.357868845635e-01 -5.000000000000e-03
2.197692622892e+00 5.282917180249e+00 -5.000000000000e-03
