6.612022483519e-01 5.272820510961e+00 5.000000000000e-03
5.873717206895e+00 5.187483161248e+00 5.000000000000e-03
5.378747878185e+00 5.613247980930e+00 5.000000000000e-03
2.128560842149e+00 1.095590070161e+00 5.000000000000e-03
2.533948840736e+00 4.315693100802e+00 5.000000000000e-03
4.506286074611e+00 2.752174986296e+00 5.000000000000e-03
3.393437388821e+00 4.961673197242e+00 5.000000000000e-03
5.878978914607e+00 5.427050606015e+00 5.000000000000e-03
4.375142381872e-01 4.415309882755e+00 5.000000000000e-03
4.742663684123e+00 2.966770176433e+00 5.000000000000e-03
9.036967010342e-01 5.499710564791e+00 5.000000000000e-03
9.429548955739e-01 4.551788943713e+00 5.000000000000e-03
6.025486313989e+00 5.347707212659e+00 5.000000000000e-03
5.843486950444e+00 2.947896200879e+00 5.000000000000e-03
2.242116331228e+00 3.793643851455e+00 5.000000000000e-03
2.800173306466e+00 4.133112121532e+00 5.000000000000e-03
4.185233252206e+00 3.942576453714e+00 5.000000000000e-03
1.357507533425e+00 4.913570913670e+00 5.000000000000e-03
5.187416376050e+00 4.835241808803e+00 5.000000000000e-03
5.347094743182e+00 6.030146065430e+00 5.000000000000e-03
2.567978004929e-01 2.086316062610e+00 5.000000000000e-03
1.244317776931e+00 4.751536107297e+00 5.000000000000e-03
4.460392111842e+00 2.353141226872e-01 5.000000000000e-03
5.753700953847e+00 3.743302798998e+00 5.000000000000e-03
6.027798540026e+00 4.565011226544e+00 5.000000000000e-03
6.071803254610e+00 5.722121682010e+00 5.000000000000e-03
6.125347787154e+00 4.878324539052e+00 5.000000000000e-03
2.179645115191e+00 4.148841742634e+00 5.000000000000e-03
3.436740723089e+00 5.189601665626e+00 5.000000000000e-03
2.167708240309e+00 5.830773069201e-01 5.000000000000e-03
4.785575420160e+00 3.055063820939e+00 5.000000000000e-03
2.402933830712e+00 3.759098545669e+00 5.000000000000e-03
1.170513581203e-01 4.036877667941e+00 5.000000000000e-03
1.864824155635e+00 3.522666205424e+00 5.000000000000e-03
4.426745935049e+00 1.563513805059e+00 5.000000000000e-03
4.004190359033e-01 1.686966082879e+00 5.000000000000e-03
5.826878104187e+00 5.487084651566e+00 5.000000000000e-03
3.191475144404e+00 3.615147342514e+00 5.000000000000e-03
1.707027760852e+00 5.225336291862e+00 5.000000000000e-03
1.257969902685e+00 4.820282121687e+00 5.000000000000e-03
3.875116068373e+00 2.788720297170e-01 5.000000000000e-03
1.080650951293e+00 4.819186603974e+00 5.000000000000e-03
4.316090791232e+00 1.829501536993e-01 5.000000000000e-03
3.387229841519e+00 5.403056083569e+00 5.000000000000e-03
5.979955936340e+00 3.636007454191e+00 5.000000000000e-03
4.094428249938e+00 2.553004056982e-01 5.000000000000e-03
5.635276479136e-01 3.965666345384e+00 5.000000000000e-03
2.033764814912e+00 4.111099362825e+00 5.000000000000e-03
3.749835050013e+00 5.003199964402e+00 5.000000000000e-03
2.225799519477e+00 6.346037728982e-01 5.000000000000e-03
5.352387773457e+00 4.727027700614e+00 5.000000000000e-03
6.215057933432e+00 4.588782429812e+00 5.000000000000e-03
5.281351849867e+00 4.095364727643e-02 5.000000000000e-03
6.007809751995e+00 5.004612479692e-01 5.000000000000e-03
1.410099207645e+00 4.651746508891e+00 5.000000000000e-03
2.206493797834e+00 3.817005329060e+00 5.000000000000e-03
1.226612031371e+00 4.314963260737e+00 5.000000000000e-03
3.962357458269e+00 2.451237036321e+00 5.000000000000e-03
5.204297911111e+00 1.635374373404e+00 5.000000000000e-03
6.015408639221e+00 4.637276907481e+00 5.000000000000e-03
6.189910052779e+00 3.463713245922e+00 5.000000000000e-03
1.626993490895e+00 5.203248071598e+00 5.000000000000e-03
5.073575263643e+00 4.556560187571e+00 5.000000000000e-03
2.154006200935e+00 3.876035372808e+00 5.000000000000e-03
6.121887769681e+00 5.524977258257e+00 5.000000000000e-03
9.146395666188e-01 4.477572742808e+00 5.000000000000e-03
2.906539517430e-01 3.414545690031e+00 5.000000000000e-03
1.522466160160e+00 5.165045503660e+00 5.000000000000e-03
6.265424603728e+00 5.200617153100e+00 5.000000000000e-03
8.582668243445e-01 1.809798556655e+00 5.000000000000e-03
4.891427666241e-02 3.826945996644e+00 5.000000000000e-03
5.835130631835e+00 4.296265175880e+00 5.000000000000e-03
1.103993786179e+00 2.111492762523e+00 5.000000000000e-03
8.269788839697e-01 4.313837634227e+00 5.000000000000e-03
1.374816667811e-01 4.907982948537e+00 5.000000000000e-03
1.677143797171e+00 1.143446519600e+00 5.000000000000e-03
4.448980285715e-01 4.019054198769e+00 5.000000000000e-03
3.762471613967e+00 5.219332665008e+00 5.000000000000e-03
2.408525382404e+00 3.874379737193e+00 5.000000000000e-03
3.262588805802e+00 5.682431448841e+00 5.000000000000e-03
6.064298560446e-03 4.459386107408e+00 5.000000000000e-03
3.395393899012e+00 3.419393365991e+00 5.000000000000e-03
5.212929360622e+00 1.066341955987e-01 5.000000000000e-03
1.277070572745e+00 4.154172160638e+00 5.000000000000e-03
7.952453245581e-01 2.602297525996e+00 5.000000000000e-03
1.335806961709e+00 4.919495880531e+00 5.000000000000e-03
3.023422482588e+00 6.106200644129e+00 5.000000000000e-03
9.534754055969e-01 2.080194179603e+00 5.000000000000e-03
1.877396445203e-01 5.024612271778e+00 5.000000000000e-03
3.422925569883e+00 4.335655588051e+00 5.000000000000e-03
5.155011402556e+00 4.224426816553e-01 5.000000000000e-03
1.286125683275e+00 1.534032591147e+00 5.000000000000e-03
5.576126912308e+00 3.643402126808e+00 5.000000000000e-03
6.103009046946e+00 4.938924844730e+00 5.000000000000e-03
4.951265878173e-02 4.347140331994e+00 5.000000000000e-03
4.818855894272e+00 2.249770769642e+00 5.000000000000e-03
5.541844842842e+00 3.711559477866e+00 5.000000000000e-03
3.696943750952e-01 4.599314939526e+00 5.000000000000e-03
4.043788959022e+00 2.121810362472e-01 5.000000000000e-03
1.467424637275e-01 2.656205912205e+00 5.000000000000e-03
5.556927927639e+00 1.911867989328e+00 -5.000000000000e-03
3.886522671678e+00 3.190731606157e+00 -5.000000000000e-03
1.802583217038e+00 2.570244755386e+00 -5.000000000000e-03
2.339705953199e+00 1.887010209627e+00 -5.000000000000e-03
3.592933386000e+00 3.323852095211e-01 -5.000000000000e-03
4.948694974702e+00 1.570247927722e+00 -5.000000000000e-03
2.403867088460e+00 2.634586112360e+00 -5.000000000000e-03
3.014462405890e+00 1.998919763148e+00 -5.000000000000e-03
4.009556695945e+00 1.874871022729e+00 -5.000000000000e-03
4.252890179687e+00 4.555112287983e+00 -5.000000000000e-03
3.540015174234e+00 1.771889967868e+00 -5.000000000000e-03
2.185251858884e+00 1.608677461340e+00 -5.000000000000e-03
1.481847222013e+00 1.540376758952e+00 -5.000000000000e-03
2.805748678179e+00 2.598272085518e+00 -5.000000000000e-03
4.402254260825e-01 2.190182870613e-01 -5.000000000000e-03
2.162206367714e+00 5.845837065817e+00 -5.000000000000e-03
3.378374158630e+00 4.561713255837e-01 -5.000000000000e-03
6.106143895571e+00 2.964579830564e+00 -5.000000000000e-03
3.635600646277e+00 4.179014713747e+00 -5.000000000000e-03
2.396522218441e+00 1.077231948979e+00 -5.000000000000e-03
5.270490653543e+00 3.273651715095e+00 -5.000000000000e-03
2.192386511600e+00 4.371967549508e+00 -5.000000000000e-03
3.690140653159e+00 6.895687754739e-02 -5.000000000000e-03
5.424331401582e+00 2.611001507786e+00 -5.000000000000e-03
3.214475986805e+00 4.509153706636e+00 -5.000000000000e-03
7.312830834077e-01 3.643133462507e+00 -5.000000000000e-03
1.509601534405e+00 5.363992624543e+00 -5.000000000000e-03
4.630239495692e+00 6.853685379159e-01 -5.000000000000e-03
4.094316813581e+00 1.342667562788e+00 -5.000000000000e-03
3.399496980914e+00 2.661466553782e+00 -5.000000000000e-03
3.658253865030e+00 1.098722357949e+00 -5.000000000000e-03
2.796552592336e+00 3.260650586294e+00 -5.000000000000e-03
1.614811225435e+00 1.577016113519e+00 -5.000000000000e-03
4.970083387255e+00 3.595817274049e+00 -5.000000000000e-03
3.455041319701e+00 9.489736356973e-01 -5.000000000000e-03
5.341359937360e+00 3.470985323679e+00 -5.000000000000e-03
5.767449609793e+00 3.254620368408e+00 -5.000000000000e-03
2.803626149365e+00 3.059120864149e-01 -5.000000000000e-03
2.085470332467e-01 5.486703079700e+00 -5.000000000000e-03
4.918370776515e+00 2.547461648103e+00 -5.000000000000e-03
1.870841868472e+00 4.746843660076e+00 -5.000000000000e-03
2.133901030449e+00 5.685607602651e+00 -5.000000000000e-03
2.413665820308e+00 2.903104988953e+00 -5.000000000000e-03
2.250438949116e+00 3.405105183374e+00 -5.000000000000e-03
2.539304945992e+00 3.487855584928e+00 -5.000000000000e-03
4.167365964326e+00 2.917518134094e+00 -5.000000000000e-03
3.449917638400e+00 1.768029571813e+00 -5.000000000000e-03
5.060099152209e+00 5.239045754975e+00 -5.000000000000e-03
1.012957852376e+00 2.087811350473e-01 -5.000000000000e-03
1.731510138218e+00 1.649497901184e+00 -5.000000000000e-03
3.538466416657e+00 2.167958303127e-01 -5.000000000000e-03
1.501782622224e+00 4.868766815576e+00 -5.000000000000e-03
2.917238545465e+00 2.779402186563e-01 -5.000000000000e-03
3.720541491109e+00 1.740392091780e+00 -5.000000000000e-03
2.813773229281e+00 4.938813505744e+00 -5.000000000000e-03
2.646390250027e+00 1.607725426285e-01 -5.000000000000e-03
4.765105509842e+00 3.882691953759e+00 -5.000000000000e-03
3.610966764602e+00 1.636159770163e+00 -5.000000000000e-03
3.884693917860e+00 1.335091644720e+00 -5.000000000000e-03
4.549008512946e+00 3.942865644364e+00 -5.000000000000e-03
3.844529296671e+00 1.897296127830e+00 -5.000000000000e-03
4.089173774129e+00 1.804926388815e+00 -5.000000000000e-03
2.982350423095e+00 1.055618338144e+00 -5.000000000000e-03
6.098551216053e+00 2.637048136001e+00 -5.000000000000e-03
1.621322968818e+00 2.794002215507e+00 -5.000000000000e-03
3.553766599351e+00 1.339438818984e+00 -5.000000000000e-03
2.452165027632e+00 1.612468409837e-01 -5.000000000000e-03
2.747498831505e+00 6.166168615866e+00 -5.000000000000e-03
1.878248837842e+00 2.435430127974e+00 -5.000000000000e-03
2.773516287741e+00 1.840558400515e+00 -5.000000000000e-03
3.414650818135e+00 2.596685703960e+00 -5.000000000000e-03
1.995687484085e+00 5.852136076360e+00 -5.000000000000e-03
3.514179834576e+00 1.807579966597e+00 -5.000000000000e-03
1.696635822541e+00 2.130877839317e+00 -5.000000000000e-03
9.320651207212e-01 6.169838319810e+00 -5.000000000000e-03
3.414495791555e+00 3.583956560722e+00 -5.000000000000e-03
3.122316822095e+00 1.288667276235e+00 -5.000000000000e-03
2.992358691796e+00 1.370066827188e+00 -5.000000000000e-03
2.891662380290e+00 5.158854300610e+00 -5.000000000000e-03
3.471507310803e+00 1.330217788648e+00 -5.000000000000e-03
3.171584295778e+00 9.677513460241e-01 -5.000000000000e-03
4.735863102592e+00 6.137535841922e+00 -5.000000000000e-03
3.578770087813e+00 1.707815174952e+00 -5.000000000000e-03
3.226287711330e+00 8.403551855255e-01 -5.000000000000e-03
4.683534257003e+00 2.398350179919e+00 -5.000000000000e-03
1.665197420967e+00 2.440015187053e-01 -5.000000000000e-03
3.583011545430e+00 1.259632306530e+00 -5.000000000000e-03
6.004284189429e+00 1.274762052998e-01 -5.000000000000e-03
2.025308694807e+00 1.261690718528e+00 -5.000000000000e-03
2.647471686803e+00 8.049664400716e-02 -5.000000000000e-03
2.691501245494e+00 1.209639813831e+00 -5.000000000000e-03
4.091123897396e-01 1.174523316799e+00 -5.000000000000e-03
3.877370089683e+00 5.579383047691e+00 -5.000000000000e-03
3.186648564049e+00 2.361009085099e+00 -5.000000000000e-03
4.971522842350e+00 9.955739713674e-01 -5.000000000000e-03
3.468317569309e+00 5.537147823965e+00 -5.000000000000e-03
4.682830716811e+00 3.522636435558e+00 -5.000000000000e-03
2.427846473313e+00 2.091710543936e+00 -5.000000000000e-03
5.629473607338e+00 1.320422968063e-01 -5.000000000000e-03
4.982034202853e+00 3.942770412004e-01 -5.000000000000e-03
