3.123939145708e+00 4.903342827029e+00 5.000000000000e-03
3.657828457623e+00 8.496358385151e-01 5.000000000000e-03
1.988212940204e+00 2.520442746737e+00 5.000000000000e-03
8.315070954075e-01 3.472919231569e+00 5.000000000000e-03
2.822669806515e+00 5.614126917753e+00 5.000000000000e-03
7.183185092309e-01 2.214888019693e+00 5.000000000000e-03
2.237146858535e+00 4.256162719704e+00 5.000000000000e-03
2.448973328468e+00 1.366900919428e+00 5.000000000000e-03
9.880432621579e-01 4.946527071707e+00 5.000000000000e-03
1.384947590424e+00 2.073578490570e+00 5.000000000000e-03
4.908204180539e+00 1.644867051091e+00 5.000000000000e-03
3.611179512252e+00 4.641854561480e+00 5.000000000000e-03
3.423309747866e+00 5.246074952409e+00 5.000000000000e-03
6.215766921369e+00 4.008211668804e+00 5.000000000000e-03
2.080274850058e+00 4.829392770347e+00 5.000000000000e-03
5.004640471234e-01 1.361400729998e+00 5.000000000000e-03
4.152218560280e+00 3.305155674513e+00 5.000000000000e-03
3.117234522314e+00 5.104002224604e+00 5.000000000000e-03
3.676048417525e+00 5.835636402653e+00 5.000000000000e-03
2.241771932242e+00 4.547248450513e+00 5.000000000000e-03
3.178553210035e+00 4.399868942810e+00 5.000000000000e-03
5.262860776673e+00 5.721356726961e+00 5.000000000000e-03
2.857448929591e+00 3.564086495429e+00 5.000000000000e-03
3.752683799830e+00 4.836321700910e+00 5.000000000000e-03
5.925526875813e+00 4.733485294064e+00 5.000000000000e-03
4.786456375887e+00 3.010560729373e+00 5.000000000000e-03
2.465783077394e+00 4.677026978989e+00 5.000000000000e-03
4.426672055998e+00 3.950696598339e+00 5.000000000000e-03
3.532917494383e+00 4.072403906592e+00 5.000000000000e-03
4.704762036046e-01 4.246800246815e+00 5.000000000000e-03
4.055290245606e+00 1.468588584689e+00 5.000000000000e-03
4.328977476826e+00 5.534586885383e+00 5.000000000000e-03
7.810780894397e-01 3.222795462516e+00 5.000000000000e-03
3.971963364604e+00 3.459060710782e+00 5.000000000000e-03
1.972833605117e+00 1.065602915288e+00 5.000000000000e-03
6.962285544968e-01 2.201601197636e+00 5.000000000000e-03
2.852861565663e-01 5.584948420635e+00 5.000000000000e-03
4.672430938363e+00 4.294339434068e+00 5.000000000000e-03
2.169395113989e+00 2.754263071552e+00 5.000000000000e-03
4.419629899687e+00 6.739459228197e-01 5.000000000000e-03
4.226258495920e+00 1.857465685736e+00 5.000000000000e-03
2.488505857070e+00 3.549287770393e+00 5.000000000000e-03
4.201687136942e+00 7.475652310378e-02 5.000000000000e-03
5.341816385020e+00 5.335279394972e+00 5.000000000000e-03
3.197633795532e+00 4.403949084261e+00 5.000000000000e-03
2.493486734785e+00 1.392323523777e-01 5.000000000000e-03
4.591938796169e+00 2.306489530866e+00 5.000000000000e-03
2.784319101207e+00 1.827737000287e+00 5.000000000000e-03
2.897489802566e-01 5.888689860962e+00 5.000000000000e-03
4.621660631895e+00 2.570088891555e-01 5.000000000000e-03
3.954969662853e+00 3.541987537650e-01 5.000000000000e-03
3.240898780192e+00 5.092018223772e+00 5.000000000000e-03
4.918112498650e+00 3.939698491311e+00 5.000000000000e-03
2.199396102373e+00 4.312933032409e+00 5.000000000000e-03
4.373787733625e-02 3.872422359425e+00 5.000000000000e-03
2.355846612499e+00 3.609365593588e+00 5.000000000000e-03
3.813985727395e+00 6.264255839796e+00 5.000000000000e-03
5.194432705619e+00 4.825106623767e+00 5.000000000000e-03
3.403553393196e+00 5.276254206902e+00 5.000000000000e-03
3.629264400398e+00 2.654387429028e+00 5.000000000000e-03
1.243737419509e-02 5.359542745065e+00 5.000000000000e-03
1.687791107345e+00 5.837328170162e+00 5.000000000000e-03
1.601693994945e+00 4.486216043709e+00 5.000000000000e-03
3.737532675574e+00 5.879014461861e+00 5.000000000000e-03
2.735611328037e+00 4.823532307614e+00 5.000000000000e-03
2.130116035496e+00 3.817522716433e+00 5.000000000000e-03
4.839737874023e+00 1.143280295297e+00 5.000000000000e-03
3.126399559256e+00 5.331752814434e+00 5.000000000000e-03
2.844875833164e+00 5.774309959275e+00 5.000000000000e-03
3.918690187912e-01 4.342758849532e+00 5.000000000000e-03
4.404629853990e+00 7.034930013843e-01 5.000000000000e-03
6.184889456458e+00 4.155674833422e+00 5.000000000000e-03
3.582015691771e+00 5.504836199585e+00 5.000000000000e-03
3.083585993986e+00 5.073698201031e+00 5.000000000000e-03
5.594684363862e+00 6.126914563548e+00 5.000000000000e-03
3.350655463492e+00 5.292055853854e+00 5.000000000000e-03
4.086502640385e+00 5.874474534618e+00 5.000000000000e-03
3.615388204831e+00 5.655239425802e+00 5.000000000000e-03
3.058911705160e+00 5.057670563498e+00 5.000000000000e-03
1.814379653366e+00 4.859985404956e+00 5.000000000000e-03
1.886240329559e+00 2.762590461236e+00 5.000000000000e-03
8.654685316446e-01 3.785325140844e+00 5.000000000000e-03
3.408717977518e-01 4.115215390591e+00 5.000000000000e-03
2.604854786731e+00 5.690394059675e+00 5.000000000000e-03
4.548407159792e+00 4.524390452796e+00 5.000000000000e-03
4.063244375011e-01 2.583340331502e+00 5.000000000000e-03
2.354669700048e+00 3.760956510333e+00 5.000000000000e-03
4.092396432697e+00 4.908091709437e+00 5.000000000000e-03
2.899690181004e+00 5.708813392472e+00 5.000000000000e-03
3.011157961136e-01 4.294126165587e+00 5.000000000000e-03
2.594427116520e+00 2.258327096269e+00 5.000000000000e-03
2.304920905317e+00 4.992462409524e+00 5.000000000000e-03
2.159689436281e+00 2.348309620318e+00 5.000000000000e-03
4.747138606783e+00 4.481407230369e+00 5.000000000000e-03
1.837806885702e+00 4.931276381630e+00 5.000000000000e-03
3.225855499425e+00 4.152916328026e+00 5.000000000000e-03
2.814083737374e+00 3.299555140546e+00 5.000000000000e-03
3.871900266970e+00 5.626753403260e+00 5.000000000000e-03
5.853823305528e+00 1.615606611005e+00 5.000000000000e-03
2.167565674566e+00 1.003986636472e+00 5.000000000000e-03
5.174677541296e+00 2.104412410702e+00 -5.000000000000e-03
5.419060557682e+00 3.323408198413e+00 -5.000000000000e-03
5.324404876220e+00 1.037227237220e+00 -5.000000000000e-03
5.310945532667e+00 1.748834921463e+00 -5.000000000000e-03
3.786481776210e+00 8.182909148120e-01 -5.000000000000e-03
5.331021133130e+00 5.880915450897e+00 -5.000000000000e-03
4.701840131473e+00 2.506713072448e+00 -5.000000000000e-03
5.768549314662e+00 4.606064352081e+00 -5.000000000000e-03
6.139304127892e+00 1.724030902603e+00 -5.000000000000e-03
4.936625408489e+00 1.897517022067e+00 -5.000000000000e-03
8.546727783668e-01 6.223206408987e-01 -5.000000000000e-03
6.036552524355e-02 2.046596657799e+00 -5.000000000000e-03
3.840286919731e-01 1.280304583227e+00 -5.000000000000e-03
4.141114674340e+00 1.741255828844e+00 -5.000000000000e-03
1.040653581657e+00 6.164508063471e-01 -5.000000000000e-03
3.956049567736e+00 2.021683569368e+00 -5.000000000000e-03
3.697264159155e+00 3.552545750759e+00 -5.000000000000e-03
3.553215546286e+00 3.845388028414e+00 -5.000000000000e-03
4.126856220207e+00 9.534201982434e-01 -5.000000000000e-03
5.222018461762e+00 1.564296911314e+00 -5.000000000000e-03
5.760714814837e+00 1.053705250322e+00 -5.000000000000e-03
6.266687320577e+00 1.308574102849e+00 -5.000000000000e-03
3.910379720371e+00 2.370587200402e+00 -5.000000000000e-03
3.404420434961e-01 7.633429814252e-01 -5.000000000000e-03
5.914550075941e+00 6.031199896450e+00 -5.000000000000e-03
2.052829270396e+00 4.036379155024e+00 -5.000000000000e-03
4.489611841220e+00 2.583034748058e+00 -5.000000000000e-03
8.726134754512e-02 4.329792609810e+00 -5.000000000000e-03
6.863511407228e-01 6.751468989076e-01 -5.000000000000e-03
5.800732559343e+00 4.196820047691e+00 -5.000000000000e-03
4.988147117051e+00 2.181570233545e+00 -5.000000000000e-03
1.566677774892e-01 5.765853812202e+00 -5.000000000000e-03
1.380129867643e+00 2.342960445411e+00 -5.000000000000e-03
5.345771242473e+00 2.017203341976e+00 -5.000000000000e-03
5.054094935904e-01 6.188933832404e+00 -5.000000000000e-03
4.424659675573e+00 4.329251310168e+00 -5.000000000000e-03
3.835311440259e+00 3.818352776106e+00 -5.000000000000e-03
9.425464735293e-01 6.158991210768e+00 -5.000000000000e-03
8.482504530022e-01 1.817785440811e-01 -5.000000000000e-03
1.301201066305e+00 1.540548061866e+00 -5.000000000000e-03
5.492847191551e+00 5.313742134923e+00 -5.000000000000e-03
5.526090175048e+00 1.666402035926e+00 -5.000000000000e-03
2.040189522035e-01 2.075924111576e+00 -5.000000000000e-03
1.921341499553e+00 1.703856880313e+00 -5.000000000000e-03
2.145761509076e+00 3.220197407469e+00 -5.000000000000e-03
2.485534385177e+00 2.461093293172e+00 -5.000000000000e-03
5.028673269337e+00 3.600430453848e+00 -5.000000000000e-03
3.359213834490e-01 2.174470079810e+00 -5.000000000000e-03
3.077507697455e+00 2.562006159368e+00 -5.000000000000e-03
1.045781517722e+00 7.355017335915e-01 -5.000000000000e-03
5.514799961167e+00 5.232641388735e-01 -5.000000000000e-03
1.936938603014e+00 1.404544680605e+00 -5.000000000000e-03
4.405157679420e-01 2.796533842828e+00 -5.000000000000e-03
5.761499491586e+00 5.501321664369e+00 -5.000000000000e-03
3.552767719938e+00 9.599631656663e-01 -5.000000000000e-03
5.880593644748e+00 2.693309377480e+00 -5.000000000000e-03
5.761248753831e-01 2.811330905655e-01 -5.000000000000e-03
1.563502930995e+00 4.189746447155e+00 -5.000000000000e-03
1.175779101594e-01 1.299569189637e+00 -5.000000000000e-03
8.590499598441e-01 2.776747891221e-01 -5.000000000000e-03
3.737313983133e+00 1.982672678475e+00 -5.000000000000e-03
1.433231343982e+00 8.701323312704e-01 -5.000000000000e-03
5.444688641328e+00 2.069820989372e+00 -5.000000000000e-03
4.759078869308e+00 2.338097495437e-01 -5.000000000000e-03
6.210506147526e+00 4.505444424076e+00 -5.000000000000e-03
5.616946571091e+00 1.553016237713e+00 -5.000000000000e-03
4.086353804713e+00 9.125753345533e-01 -5.000000000000e-03
7.385876813947e-02 1.449157830882e+00 -5.000000000000e-03
6.699005333209e-02 2.127368342363e+00 -5.000000000000e-03
4.997599632553e+00 2.319413786198e+00 -5.000000000000e-03
5.868132819936e+00 4.221090430707e+00 -5.000000000000e-03
7.202481350927e-01 8.206454042526e-01 -5.000000000000e-03
3.550272515375e+00 2.880776575758e+00 -5.000000000000e-03
2.333033425638e+00 9.430532030251e-01 -5.000000000000e-03
2.411561961467e+00 9.720895556461e-01 -5.000000000000e-03
4.366204264126e-01 8.533844327140e-01 -5.000000000000e-03
1.133205504690e+00 5.692857845159e-01 -5.000000000000e-03
2.246164512906e+00 1.360946657699e+00 -5.000000000000e-03
3.847502309250e+00 4.371833909110e+00 -5.000000000000e-03
5.123825516023e+00 5.957322644866e+00 -5.000000000000e-03
9.468276480499e-01 5.826026854515e-01 -5.000000000000e-03
4.254774574261e-01 1.067750943164e+00 -5.000000000000e-03
1.036138929089e+00 1.145453805818e+00 -5.000000000000e-03
5.293725155794e+00 1.060257039263e+00 -5.000000000000e-03
1.011039490921e+00 5.956580727343e+00 -5.000000000000e-03
3.099681058661e+00 1.504086805500e+00 -5.000000000000e-03
2.927956197679e+00 1.579622936193e+00 -5.000000000000e-03
2.985028807079e-02 5.609493347042e+00 -5.000000000000e-03
6.094213559591e+00 1.546178774497e+00 -5.000000000000e-03
1.826156352408e-01 1.199285136009e+00 -5.000000000000e-03
4.313438469063e+00 4.484546954150e+00 -5.000000000000e-03
1.039010191380e+00 2.247770279571e+00 -5.000000000000e-03
1.124694962935e-01 2.568677670424e+00 -5.000000000000e-03
3.293088566602e+00 3.003485151265e+00 -5.000000000000e-03
1.018106597447e+00 1.795935256344e+00 -5.000000000000e-03
6.105671984241e+00 1.585866058011e+00 -5.000000000000e-03
4.970203660937e+00 4.625413401643e-01 -5.000000000000e-03
4.347663954987e+00 1.619320789945e+00 -5.000000000000e-03
3.290858144513e+00 8.006802719937e-01 -5.000000000000e-03
1.028324221889e+00 1.417860659689e+00 -5.000000000000e-03
