3.665881040768e-02 2.107528057938e-01 5.000000000000e-03
4.431570523249e+00 1.643835424997e+00 5.000000000000e-03
3.604406669078e+00 2.383849830550e+00 5.000000000000e-03
2.805697435358e+00 1.980618647603e+00 5.000000000000e-03
1.800650732851e+00 3.540995900395e+00 5.000000000000e-03
3.543226742555e+00 4.045136840890e+00 5.000000000000e-03
2.559880186398e+00 2.724442885015e+00 5.000000000000e-03
1.207687178333e+00 5.314743298229e+00 5.000000000000e-03
2.553812385318e+00 5.236506354942e+00 5.000000000000e-03
1.941562945852e+00 4.839286536159e-02 5.000000000000e-03
4.200131958620e+00 1.782827152675e+00 5.000000000000e-03
3.280459908561e+00 4.215960499879e+00 5.000000000000e-03
2.441056968327e+00 5.667156171383e+00 5.000000000000e-03
2.504548036242e+00 2.043175297719e+00 5.000000000000e-03
5.615519792167e+00 4.864560828710e+00 5.000000000000e-03
2.825703373953e+00 5.915359099324e+00 5.000000000000e-03
5.606255699451e+00 3.897430461494e+00 5.000000000000e-03
1.617772041776e+00 3.869196781302e+00 5.000000000000e-03
6.279152156341e+00 4.920961623684e+00 5.000000000000e-03
9.591041648713e-01 6.267376970620e-02 5.000000000000e-03
4.410449581095e+00 6.147697807955e-01 5.000000000000e-03
3.660953048336e+00 4.477366971160e+00 5.000000000000e-03
7.692831979887e-01 5.626474796195e+00 5.000000000000e-03
4.276638778144e+00 4.396469193784e+00 5.000000000000e-03
1.790787315937e+00 3.172523928491e+00 5.000000000000e-03
1.727093209092e+00 2.445458426254e+00 5.000000000000e-03
4.939744764889e+00 5.993293294150e+00 5.000000000000e-03
1.551509560478e+00 3.863169005780e+00 5.000000000000e-03
5.203790263844e+00 3.953621281819e+00 5.000000000000e-03
4.492856608515e+00 5.422652165198e+00 5.000000000000e-03
1.262217397908e+00 9.748934052486e-01 5.000000000000e-03
2.609048869391e+00 2.021690822879e+00 5.000000000000e-03
3.989995193794e+00 4.502160731972e+00 5.000000000000e-03
1.366880170366e-01 6.076485207714e+00 5.000000000000e-03
5.690931952901e+00 1.074059671041e+00 5.000000000000e-03
1.813934284584e+00 5.068209512312e+00 5.000000000000e-03
5.066033956852e+00 5.889285419764e+00 5.000000000000e-03
3.450096744168e+00 3.262716642834e-02 5.000000000000e-03
3.366960546750e+00 4.573418130355e+00 5.000000000000e-03
1.027455776223e+00 3.432201446778e+00 5.000000000000e-03
1.375165231828e+00 6.239143533032e+00 5.000000000000e-03
5.188790549939e+00 5.332843052745e+00 5.000000000000e-03
5.131116153935e+00 5.934768134040e+00 5.000000000000e-03
2.112105863301e+00 1.270584037684e+00 5.000000000000e-03
5.240183374376e+00 5.623367046477e+00 5.000000000000e-03
2.648093421812e+00 5.680438137268e+00 5.000000000000e-03
2.071330514018e+00 5.081743688505e+00 5.000000000000e-03
4.717352905858e+00 3.878581308618e+00 5.000000000000e-03
3.309301435977e+00 5.373318457691e+00 5.000000000000e-03
3.676730428202e+00 4.765725997019e+00 5.000000000000e-03
2.649918020024e+00 5.888303399717e+00 5.000000000000e-03
3.224196654805e+00 5.258106099463e+00 5.000000000000e-03
3.151559939993e+00 2.765825458611e+00 5.000000000000e-03
2.062353891974e+00 5.686254809441e+00 5.000000000000e-03
3.736938348307e+00 4.070541121228e+00 5.000000000000e-03
1.552647131644e+00 4.389600792722e+00 5.000000000000e-03
1.691422993814e+00 5.767520051552e+00 5.000000000000e-03
3.733697011926e+00 2.256156936881e-01 5.000000000000e-03
2.839450522722e+00 2.410573377360e+00 5.000000000000e-03
3.023113413796e+00 5.404616759402e+00 5.000000000000e-03
9.066269107765e-01 4.429901611797e+00 5.000000000000e-03
4.426566856966e+00 1.570170008710e+00 5.000000000000e-03
5.456942135635e+00 5.317706911884e+00 5.000000000000e-03
3.639696365527e+00 6.113298096660e+00 5.000000000000e-03
2.838168224234e+00 4.113609857386e+00 5.000000000000e-03
4.803661017507e+00 5.700797076926e+00 5.000000000000e-03
3.519137201307e+00 2.608225548408e+00 5.000000000000e-03
4.844618598483e-01 3.941926778744e+00 5.000000000000e-03
1.316835533937e+00 2.618946160819e-01 5.000000000000e-03
9.046122252367e-01 3.366670530391e+00 5.000000000000e-03
2.101438025305e+00 4.917841262995e+00 5.000000000000e-03
3.626855049171e+00 4.956137929651e+00 5.000000000000e-03
2.007205266017e+00 2.540426758979e-01 5.000000000000e-03
2.901163988247e+00 3.414439981995e+00 5.000000000000e-03
7.203750438179e-01 2.496254399050e+00 5.000000000000e-03
4.248479712576e+00 5.730894653926e+00 5.000000000000e-03
1.873519868375e+00 7.751242213455e-01 5.000000000000e-03
4.926842041958e+00 6.149230578836e+00 5.000000000000e-03
2.399654508638e+00 2.735286658673e+00 5.000000000000e-03
3.918357635858e-02 2.872518433606e+00 5.000000000000e-03
2.761430625833e+00 3.655155953210e+00 5.000000000000e-03
4.610254308441e-01 2.350431790801e-01 5.000000000000e-03
3.501943361271e+00 5.611096055051e+00 5.000000000000e-03
2.853056755083e+00 3.499952338756e+00 5.000000000000e-03
2.671823018978e+00 5.867845355483e+00 5.000000000000e-03
6.158542425623e+00 4.215471817049e+00 5.000000000000e-03
1.841475085269e+00 1.809472195531e+00 5.000000000000e-03
1.382220926160e+00 4.741921236739e+00 5.000000000000e-03
1.121964807152e+00 3.468724973899e+00 5.000000000000e-03
3.244710281587e+00 1.646106222345e+00 5.000000000000e-03
2.632430002123e+00 5.140191836127e+00 5.000000000000e-03
5.145670994844e+00 5.956722791287e+00 5.000000000000e-03
1.309210652491e+00 3.580761928776e+00 5.000000000000e-03
3.499781610267e+00 2.715867878916e+00 5.000000000000e-03
6.735852881319e-01 8.455233068949e-01 5.000000000000e-03
3.756836379591e+00 5.400817957508e+00 5.000000000000e-03
4.865481577529e+00 5.981907558679e+00 5.000000000000e-03
3.199657699755e+00 2.757832978418e+00 5.000000000000e-03
4.699820222115e+00 6.015899203318e+00 5.000000000000e-03
2.972432502227e+00 1.683689579165e+00 5.000000000000e-03
5.246954342043e+00 1.251289932147e+00 -5.000000000000e-03
5.638642885419e-01 5.783772253060e+00 -5.000000000000e-03
1.680573017383e+00 1.634914926152e+00 -5.000000000000e-03
5.937635392827e+00 4.311217665428e+00 -5.000000000000e-03
5.623967943116e+00 1.530594307226e+00 -5.000000000000e-03
4.991856638515e+00 3.040385720968e+00 -5.000000000000e-03
5.007465617235e+00 8.466805086407e-01 -5.000000000000e-03
5.201157661895e+00 3.034971559865e+00 -5.000000000000e-03
2.908869504984e+00 3.190339738014e+00 -5.000000000000e-03
2.677050570331e+00 4.465188860713e+00 -5.000000000000e-03
5.671684046915e+00 1.549385789250e+00 -5.000000000000e-03
1.529707578861e+00 3.371266085849e+00 -5.000000000000e-03
5.227267322386e-01 1.005513340312e+00 -5.000000000000e-03
5.270235299369e+00 1.236856519498e+00 -5.000000000000e-03
2.819284082984e-01 5.279047770149e+00 -5.000000000000e-03
3.212067776341e+00 6.701038607341e-01 -5.000000000000e-03
6.245930775194e+00 1.942153259595e+00 -5.000000000000e-03
4.974649600864e+00 3.154039362870e+00 -5.000000000000e-03
1.882067742667e+00 1.117740661591e+00 -5.000000000000e-03
5.038874311145e+00 6.946791441438e-01 -5.000000000000e-03
5.517400727271e+00 5.922409859469e+00 -5.000000000000e-03
4.584740135169e+00 1.006706878376e+00 -5.000000000000e-03
3.488391423654e+00 1.052421803932e+00 -5.000000000000e-03
1.020858909048e+00 5.201831767653e+00 -5.000000000000e-03
4.073035383038e+00 3.629006803667e+00 -5.000000000000e-03
4.110489439492e+00 2.444717858425e+00 -5.000000000000e-03
2.446238388442e+00 4.269905027544e+00 -5.000000000000e-03
1.482298629691e+00 9.725135472321e-01 -5.000000000000e-03
5.711415868485e+00 2.090504518254e+00 -5.000000000000e-03
3.294659956738e+00 3.517902697770e+00 -5.000000000000e-03
5.515513400388e+00 1.374717081571e+00 -5.000000000000e-03
5.007748915594e+00 3.162460503112e+00 -5.000000000000e-03
2.229503608480e+00 2.531431317419e+00 -5.000000000000e-03
5.085133941794e+00 3.892766506920e+00 -5.000000000000e-03
4.707391545101e+00 2.845411648112e+00 -5.000000000000e-03
5.537624642935e-01 7.120071200072e-01 -5.000000000000e-03
4.618730673813e+00 2.496316743520e+00 -5.000000000000e-03
6.006764798891e+00 1.934419362663e+00 -5.000000000000e-03
5.586597708542e+00 1.586079921046e+00 -5.000000000000e-03
5.915583059611e+00 4.642671839319e+00 -5.000000000000e-03
4.809187751270e+00 3.435515331187e+00 -5.000000000000e-03
2.301365491350e+00 4.277642733289e+00 -5.000000000000e-03
3.163853813257e+00 2.443941521348e-01 -5.000000000000e-03
9.624987723341e-01 3.880818442074e+00 -5.000000000000e-03
3.935644035172e+00 1.717552947464e+00 -5.000000000000e-03
4.462124686058e+00 5.313579462913e+00 -5.000000000000e-03
3.131173984578e+00 3.995664977486e+00 -5.000000000000e-03
4.314055130459e+00 2.844666426965e+00 -5.000000000000e-03
5.456443053607e+00 2.869619635112e+00 -5.000000000000e-03
4.268168175766e+00 3.648592017365e+00 -5.000000000000e-03
4.167305256823e-02 5.106646547502e+00 -5.000000000000e-03
3.288889849560e+00 3.180379284745e+00 -5.000000000000e-03
4.552881695991e+00 2.356292235225e+00 -5.000000000000e-03
5.400443207636e+00 2.149570002098e+00 -5.000000000000e-03
5.297606579481e+00 1.403034666439e+00 -5.000000000000e-03
4.812454130805e+00 1.953371331509e-01 -5.000000000000e-03
6.235034955555e+00 5.695708011737e-01 -5.000000000000e-03
4.621927643293e+00 5.548100573340e+00 -5.000000000000e-03
4.030511196100e+00 2.616556108340e+00 -5.000000000000e-03
3.174686294855e-01 1.607224057694e+00 -5.000000000000e-03
7.031047054594e-01 6.172343589551e+00 -5.000000000000e-03
3.774738379851e+00 2.672040211746e+00 -5.000000000000e-03
2.059175657185e+00 1.140067445847e+00 -5.000000000000e-03
4.299268408423e+00 1.092142362709e+00 -5.000000000000e-03
3.748097496935e+00 1.758753139765e+00 -5.000000000000e-03
5.443328402932e+00 1.878028138061e+00 -5.000000000000e-03
3.748257531082e+00 1.824089840617e+00 -5.000000000000e-03
3.339892561713e+00 5.173559296564e+00 -5.000000000000e-03
3.665662340715e+00 1.586257350708e+00 -5.000000000000e-03
4.906293632649e+00 1.947720833619e+00 -5.000000000000e-03
5.809623731974e+00 6.062887954498e+00 -5.000000000000e-03
3.835565177488e+00 1.963430675778e+00 -5.000000000000e-03
2.576150388062e+00 4.502768194968e+00 -5.000000000000e-03
1.709407311238e+00 2.053461913523e-01 -5.000000000000e-03
5.379448944637e+00 3.047315590069e+00 -5.000000000000e-03
2.661877599225e+00 4.431853680637e+00 -5.000000000000e-03
5.080439977876e+00 3.698474367657e-01 -5.000000000000e-03
1.858815769622e+00 2.096645292238e+00 -5.000000000000e-03
3.166820070269e+00 2.506091040394e+00 -5.000000000000e-03
4.168023866065e+00 2.431059492790e-01 -5.000000000000e-03
2.589803082186e+00 4.103885642533e+00 -5.000000000000e-03
7.084105971965e-01 5.107905721273e+00 -5.000000000000e-03
4.538300018465e+00 5.150791616616e+00 -5.000000000000e-03
5.670865825240e+00 4.729092467199e+00 -5.000000000000e-03
1.667118008357e+00 8.804822926736e-01 -5.000000000000e-03
3.420431815174e+00 1.574691172959e+00 -5.000000000000e-03
5.459891561167e+00 1.393523087908e+00 -5.000000000000e-03
2.949290304805e+00 1.263405964761e+00 -5.000000000000e-03
5.628914602399e+00 5.836108627281e-02 -5.000000000000e-03
3.303098024275e+00 3.107156399486e+00 -5.000000000000e-03
3.958250046591e+00 3.686035563662e+00 -5.000000000000e-03
6.011534140042e-01 1.856601929715e+00 -5.000000000000e-03
1.909641554594e+00 9.373759225839e-01 -5.000000000000e-03
3.461822838109e+00 2.971040198465e+00 -5.000000000000e-03
6.217508140628e+00 3.704023404887e+00 -5.000000000000e-03
6.282315552675e+00 1.160246357204e+00 -5.000000000000e-03
6.088650083190e+00 3.322935722361e+00 -5.000000000000e-03
1.652918082834e+00 1.630595101546e+00 -5.000000000000e-03
3.428622749594e+00 1.529225518661e+00 -5.000000000000e-03
2.078747560591e+00 4.497614547400e+00 -5.000000000000e-03
