1.072106217581e+00 6.005644833923e+00 5.000000000000e-03
2.578255838969e+00 5.452022148804e+00 5.000000000000e-03
2.873144720727e-01 3.647756394175e+00 5.000000000000e-03
5.452758128224e+00 2.676273933690e+00 5.000000000000e-03
1.737901115073e+00 4.628352566770e+00 5.000000000000e-03
1.424771441512e+00 1.041790966595e+00 5.000000000000e-03
6.617725927038e-01 1.371600576046e+00 5.000000000000e-03
9.647503399879e-01 5.037773581157e-02 5.000000000000e-03
8.854497191046e-01 2.182721877675e-03 5.000000000000e-03
2.135336870072e-01 2.062129556299e+00 5.000000000000e-03
1.033756124167e+00 5.712507723929e+00 5.000000000000e-03
2.193304420449e+00 5.882883093690e+00 5.000000000000e-03
1.369455803698e+00 4.321735481432e+00 5.000000000000e-03
5.270409054199e+00 1.505609075747e+00 5.000000000000e-03
6.135887991450e-03 4.683758121363e+00 5.000000000000e-03
5.886623095059e+00 4.734734932582e+00 5.000000000000e-03
4.423769316195e+00 2.740644938915e+00 5.000000000000e-03
1.572149022519e+00 5.217916464920e+00 5.000000000000e-03
4.259089252661e+00 3.792354443500e+00 5.000000000000e-03
6.101613615371e+00 1.815049595756e+00 5.000000000000e-03
3.593864068783e+00 5.209467300993e-01 5.000000000000e-03
1.226892989025e+00 4.917410048688e+00 5.000000000000e-03
4.259904347225e+00 4.901687864799e+00 5.000000000000e-03
1.275813704200e+00 5.066314761694e-01 5.000000000000e-03
8.263200497617e-01 6.222522069039e+00 5.000000000000e-03
4.073062177008e+00 3.485182566094e+00 5.000000000000e-03
1.539340348605e+00 4.513784981461e+00 5.000000000000e-03
6.097510139129e+00 4.610824052146e+00 5.000000000000e-03
7.928391083292e-01 2.539969947006e+00 5.000000000000e-03
1.450188795575e+00 3.289120144862e+00 5.000000000000e-03
4.387162415477e+00 5.670474130645e+00 5.000000000000e-03
9.941575633525e-02 4.597431453149e+00 5.000000000000e-03
1.408115700954e+00 4.197720780686e+00 5.000000000000e-03
3.171027457951e+00 4.384069179041e+00 5.000000000000e-03
1.406246911929e+00 3.115356766713e+00 5.000000000000e-03
5.456051876376e+00 2.006315918202e+00 5.000000000000e-03
5.935182109821e-01 5.986322585533e+00 5.000000000000e-03
3.757102827860e+00 2.906297258738e+00 5.000000000000e-03
1.755313266034e+00 6.231613633947e+00 5.000000000000e-03
1.222936417099e+00 4.674450814270e+00 5.000000000000e-03
5.430725457170e+00 3.484439830098e+00 5.000000000000e-03
1.423132487948e+00 5.334754648919e+00 5.000000000000e-03
5.276180845830e+00 3.424194224648e+00 5.000000000000e-03
2.060393685458e+00 5.650449411543e+00 5.000000000000e-03
2.178363120245e+00 5.644071805074e+00 5.000000000000e-03
5.663202470719e+00 4.008199892034e+00 5.000000000000e-03
1.882730502583e+00 2.530073135956e+00 5.000000000000e-03
6.140833672651e+00 5.005866425808e+00 5.000000000000e-03
5.289440302018e+00 4.077919924448e+00 5.000000000000e-03
1.378726695909e+00 3.319492429197e+00 5.000000000000e-03
5.000590955998e+00 1.682619794276e+00 5.000000000000e-03
1.805477341822e+00 5.508479580998e+00 5.000000000000e-03
4.918481586680e+00 4.186730812281e+00 5.000000000000e-03
5.965558555429e+00 5.477588684539e+00 5.000000000000e-03
1.684302980796e+00 5.760230257394e+00 5.000000000000e-03
6.190131496866e+00 4.693776028513e+00 5.000000000000e-03
1.527014394757e+00 5.417193560000e+00 5.000000000000e-03
2.456014607696e+00 4.085140170719e+00 5.000000000000e-03
4.815388704673e+00 4.650319509678e+00 5.000000000000e-03
1.703065343811e+00 9.388196693983e-01 5.000000000000e-03
5.099100691523e+00 1.232830355007e+00 5.000000000000e-03
1.592507593780e+00 6.268436293747e+00 5.000000000000e-03
5.284400037800e-01 5.162216553904e+00 5.000000000000e-03
6.116782070520e+00 4.429578909457e+00 5.000000000000e-03
5.628102033219e+00 4.825293661138e-01 5.000000000000e-03
1.276876145333e+00 4.034465625429e+00 5.000000000000e-03
4.517173741768e+00 5.455067063063e+00 5.000000000000e-03
2.428336306090e+00 5.677229241935e+00 5.000000000000e-03
1.985456957017e-01 5.225718355063e+00 5.000000000000e-03
5.878029258295e-01 3.681396484605e+00 5.000000000000e-03
1.099353917279e+00 2.843719891087e+00 5.000000000000e-03
1.114656895592e+00 3.328097967932e+00 5.000000000000e-03
2.742366624864e-01 5.746797226842e+00 5.000000000000e-03
1.178326104968e+00 4.409383935665e+00 5.000000000000e-03
4.897282077439e+00 2.605560629406e+00 5.000000000000e-03
5.526626575980e+00 3.020430559292e+00 5.000000000000e-03
6.595682731830e-01 5.861144004406e+00 5.000000000000e-03
9.348071797504e-01 3.407332288721e+00 5.000000000000e-03
4.718984507552e-02 4.670832495723e+00 5.000000000000e-03
5.599608021957e+00 3.604879478516e+00 5.000000000000e-03
1.189570121998e+00 4.316668873597e+00 5.000000000000e-03
1.764315236705e+00 5.097006116097e+00 5.000000000000e-03
5.002175112190e+00 4.134928303621e+00 5.000000000000e-03
5.340571671126e+00 2.948339870784e+00 5.000000000000e-03
5.515560892766e+00 5.179243344855e+00 5.000000000000e-03
1.551703990366e+00 5.227770377595e+00 5.000000000000e-03
1.939290836621e+00 1.389768625234e+00 5.000000000000e-03
6.766565228266e-02 5.614091571681e+00 5.000000000000e-03
3.529061574315e-01 5.848224893990e+00 5.000000000000e-03
1.932105556640e+00 3.124594667473e-01 5.000000000000e-03
1.910066150586e+00 6.233952241350e+00 5.000000000000e-03
1.322746667491e+00 7.075012424358e-01 5.000000000000e-03
8.852849180444e-01 5.356693140223e+00 5.000000000000e-03
1.593822112826e+00 4.550252754850e+00 5.000000000000e-03
1.316785095873e+00 4.174837486909e+00 5.000000000000e-03
1.975120157827e+00 3.104343157709e+00 5.000000000000e-03
8.469786127846e-01 5.288947318265e+00 5.000000000000e-03
1.446339128875e+00 5.122638815316e+00 5.000000000000e-03
5.598004002262e+00 4.012493627305e+00 5.000000000000e-03
4.907503132176e+00 8.279502911852e-01 5.000000000000e-03
1.164459526338e+00 2.304476950988e+00 -5.000000000000e-03
2.835835656391e+00 2.993457062307e+00 -5.000000000000e-03
2.635877407591e+00 4.516178271221e+00 -5.000000000000e-03
3.018558194547e+00 4.707645971885e+00 -5.000000000000e-03
3.564040501700e+00 5.913921785438e+00 -5.000000000000e-03
5.097142608314e+00 5.541358686649e+00 -5.000000000000e-03
5.619609479257e+00 9.292660015687e-01 -5.000000000000e-03
3.319784744668e+00 3.558862656167e+00 -5.000000000000e-03
3.328406979569e+00 2.569095293859e+00 -5.000000000000e-03
3.710424895302e+00 3.375575012179e+00 -5.000000000000e-03
3.563760498135e+00 1.975163904722e+00 -5.000000000000e-03
4.786105909355e+00 3.436320304722e+00 -5.000000000000e-03
5.902876200899e+00 1.996350908546e+00 -5.000000000000e-03
3.536667543916e+00 1.578824832489e+00 -5.000000000000e-03
3.572817885369e-01 6.923693132191e-01 -5.000000000000e-03
4.329613984685e+00 5.261023393194e+00 -5.000000000000e-03
2.950128677632e+00 2.595869388662e+00 -5.000000000000e-03
2.566723598163e+00 4.954569664224e-01 -5.000000000000e-03
6.006343745643e-01 1.690276863984e+00 -5.000000000000e-03
4.742617710187e+00 3.066553607770e+00 -5.000000000000e-03
2.838672660696e-01 3.894684381578e-01 -5.000000000000e-03
3.761464514727e+00 6.163582332407e+00 -5.000000000000e-03
4.410995031940e+00 4.824752875681e+00 -5.000000000000e-03
1.811153031348e+00 3.236338275890e+00 -5.000000000000e-03
4.766180209662e+00 4.841758141963e+00 -5.000000000000e-03
2.467539466582e+00 2.858307367299e+00 -5.000000000000e-03
1.865162160821e-01 5.425448686435e+00 -5.000000000000e-03
3.619444855948e-01 1.516215136195e+00 -5.000000000000e-03
4.270842852290e+00 4.310183804800e-01 -5.000000000000e-03
2.728054575632e+00 2.233021570054e+00 -5.000000000000e-03
1.361681553812e+00 1.409981279307e+00 -5.000000000000e-03
3.251980130620e+00 2.109846970637e+00 -5.000000000000e-03
5.815965855172e+00 2.773877235457e+00 -5.000000000000e-03
4.302340175392e+00 1.043384056580e+00 -5.000000000000e-03
3.471578045524e+00 2.110204632691e+00 -5.000000000000e-03
2.263981740162e+00 1.929028888425e+00 -5.000000000000e-03
2.768774902421e-01 4.066782836239e+00 -5.000000000000e-03
5.615324076412e+00 1.593704527198e+00 -5.000000000000e-03
2.190637145289e+00 4.572273923282e+00 -5.000000000000e-03
5.246911576806e+00 2.529482195643e-01 -5.000000000000e-03
1.296329016421e+00 5.880261951095e+00 -5.000000000000e-03
4.370509832229e+00 5.348411698912e+00 -5.000000000000e-03
2.350923332820e+00 2.800163483570e+00 -5.000000000000e-03
4.187844303287e+00 3.050451543998e+00 -5.000000000000e-03
2.124823453432e+00 4.928065094337e+00 -5.000000000000e-03
3.039885343848e+00 3.722636022102e+00 -5.000000000000e-03
3.702995110776e+00 2.139548694335e+00 -5.000000000000e-03
2.107681529067e+00 7.347723447669e-01 -5.000000000000e-03
3.852581381278e+00 5.487620051864e+00 -5.000000000000e-03
5.959099217668e+00 2.772036850881e+00 -5.000000000000e-03
3.656601919945e+00 6.010521890230e+00 -5.000000000000e-03
3.278934588274e+00 4.634114009227e+00 -5.000000000000e-03
4.338829671904e+00 1.715322426544e+00 -5.000000000000e-03
1.220824748493e+00 1.313330169190e+00 -5.000000000000e-03
5.524910375902e-02 3.258914794039e+00 -5.000000000000e-03
5.708044988895e-01 2.246092606547e+00 -5.000000000000e-03
4.681380275858e+00 1.648907451726e+00 -5.000000000000e-03
5.577712517680e-01 1.810166931440e+00 -5.000000000000e-03
2.787266051977e+00 1.147658031010e+00 -5.000000000000e-03
2.305376298642e+00 2.159340680796e+00 -5.000000000000e-03
3.057666769682e+00 1.506730267343e+00 -5.000000000000e-03
2.812079893919e+00 2.169932866664e+00 -5.000000000000e-03
2.922056136166e+00 2.101860525731e+00 -5.000000000000e-03
3.442647156418e+00 6.862438086520e-01 -5.000000000000e-03
2.060919373330e+00 5.225472175265e+00 -5.000000000000e-03
2.847466408488e+00 1.945244349646e+00 -5.000000000000e-03
3.524913198207e+00 2.411606497323e+00 -5.000000000000e-03
3.928398764407e+00 5.104834922335e+00 -5.000000000000e-03
2.798372945855e+00 4.762405426608e+00 -5.000000000000e-03
4.172848545497e-03 7.326166811351e-01 -5.000000000000e-03
3.421048021189e+00 2.344365356611e+00 -5.000000000000e-03
3.969222949960e+00 4.674010690267e+00 -5.000000000000e-03
3.593255885721e+00 2.028513491740e+00 -5.000000000000e-03
2.751922035603e+00 4.456059812164e+00 -5.000000000000e-03
5.319475955483e+00 4.047779689134e-01 -5.000000000000e-03
3.589503565174e+00 3.156771669703e+00 -5.000000000000e-03
3.250961759442e+00 1.122700130805e+00 -5.000000000000e-03
3.147923030559e+00 1.636739286999e+00 -5.000000000000e-03
5.059707582342e+00 3.027688555421e+00 -5.000000000000e-03
3.570482104237e+00 2.061055185822e+00 -5.000000000000e-03
1.778808749899e+00 1.839825302119e+00 -5.000000000000e-03
4.672183058749e+00 4.361615547454e+00 -5.000000000000e-03
2.826683757270e+00 2.049406817289e+00 -5.000000000000e-03
3.797690036087e+00 1.712534621061e+00 -5.000000000000e-03
3.776006124966e+00 1.286710583314e+00 -5.000000000000e-03
2.711615799682e+00 9.329445571458e-01 -5.000000000000e-03
3.212906231383e+00 2.447128565856e+00 -5.000000000000e-03
5.639485131976e+00 5.389815065471e+00 -5.000000000000e-03
2.852804982414e+00 5.131091179845e+00 -5.000000000000e-03
3.181663743067e+00 2.210177622674e+00 -5.000000000000e-03
2.128668970103e+00 2.439115521716e+00 -5.000000000000e-03
4.873520336040e+00 2.159631363729e+00 -5.000000000000e-03
4.513585292621e-01 2.590778652032e+00 -5.000000000000e-03
4.143825078296e+00 2.298470102169e+00 -5.000000000000e-03
5.214837989248e+00 6.054428605230e+00 -5.000000000000e-03
5.773033142414e+00 1.962616948716e+00 -5.000000000000e-03
3.065920246917e+00 1.108476648301e+00 -5.000000000000e-03
3.390179274243e+00 2.705291142365e+00 -5.000000000000e-03
5.487806350969e+00 4.282426512970e+00 -5.000000000000e-03
3.084411029601e+00 6.096835724048e+00 -5.000000000000e-03
