5.330344763046e+00 3.346069167544e+00 5.000000000000e-03
3.059239099959e+00 2.153817279977e+00 5.000000000000e-03
9.759013263929e-01 4.681608554895e+00 5.000000000000e-03
3.255062464593e+00 6.208630285770e+00 5.000000000000e-03
5.607795924125e+00 3.455063056166e+00 5.000000000000e-03
4.147183019893e+00 3.317830412354e+00 5.000000000000e-03
6.468694755375e-01 1.702394939085e+00 5.000000000000e-03
5.964810986151e+00 3.136890676526e+00 5.000000000000e-03
3.172905591171e+00 5.950750983593e+00 5.000000000000e-03
4.806309479291e+00 3.615831564764e+00 5.000000000000e-03
1.290913043589e+00 4.507470983786e+00 5.000000000000e-03
5.527486035626e+00 3.578668895244e+00 5.000000000000e-03
1.012588671111e+00 3.432352710607e+00 5.000000000000e-03
3.037839433432e-01 1.540437864088e+00 5.000000000000e-03
4.086566524476e-01 3.891566585242e+00 5.000000000000e-03
1.733748695475e+00 4.341373856969e+00 5.000000000000e-03
6.197251585580e+00 3.710352745836e+00 5.000000000000e-03
4.564623866963e-01 4.283054081364e+00 5.000000000000e-03
4.328859213265e-01 2.364789706050e+00 5.000000000000e-03
1.636046764796e-01 3.381979048684e+00 5.000000000000e-03
6.213144013425e+00 5.019729555971e+00 5.000000000000e-03
4.724140612736e+00 2.408694094301e+00 5.000000000000e-03
1.184686894267e+00 3.922479635453e+00 5.000000000000e-03
8.857588744928e-01 3.571585159060e+00 5.000000000000e-03
3.554006588761e+00 3.844683401334e+00 5.000000000000e-03
5.065926716032e+00 5.168220782473e+00 5.000000000000e-03
1.037826534008e+00 2.831686551033e+00 5.000000000000e-03
3.074946569114e+00 4.150184358159e+00 5.000000000000e-03
1.340442899305e+00 1.218116656927e+00 5.000000000000e-03
6.031957018368e+00 4.186869379166e+00 5.000000000000e-03
8.700245814987e-01 3.426705352322e+00 5.000000000000e-03
5.821799629634e+00 7.853623518604e-01 5.000000000000e-03
3.331385383238e+00 4.211528201129e+00 5.000000000000e-03
5.782498532246e+00 2.091747907342e+00 5.000000000000e-03
1.176222602340e+00 5.185366869174e+00 5.000000000000e-03
9.869973224790e-01 3.961721489827e+00 5.000000000000e-03
5.349053034942e-01 2.991815581834e+00 5.000000000000e-03
6.978895861307e-01 4.991639115628e+00 5.000000000000e-03
5.765766642683e+00 2.021970869841e+00 5.000000000000e-03
2.046694162775e+00 4.162203741293e+00 5.000000000000e-03
2.681880235050e-02 5.093929012501e+00 5.000000000000e-03
6.117896619251e+00 4.361176587743e-01 5.000000000000e-03
6.207837270461e+00 1.930918759586e+00 5.000000000000e-03
6.286542085488e-01 3.716177521608e+00 5.000000000000e-03
2.523865440631e+00 3.462648050269e+00 5.000000000000e-03
3.278070253429e+00 4.158193254879e+00 5.000000000000e-03
3.794939114867e+00 6.047848080368e+00 5.000000000000e-03
1.739687724759e+00 4.378007990060e+00 5.000000000000e-03
1.600283530260e+00 5.078253573059e+00 5.000000000000e-03
2.511330781164e+00 2.775281849623e+00 5.000000000000e-03
5.622594561331e+00 3.719877688637e+00 5.000000000000e-03
2.388081236996e-01 1.558763395186e+00 5.000000000000e-03
6.346648942458e-01 3.968296497455e+00 5.000000000000e-03
7.673829591855e-01 5.166162235088e+00 5.000000000000e-03
3.047982938185e+00 4.045723840525e-01 5.000000000000e-03
2.165495387524e+00 5.042976968590e-01 5.000000000000e-03
6.274576242773e+00 4.852069976105e+00 5.000000000000e-03
3.847754083181e-01 5.499958750442e-01 5.000000000000e-03
2.321281260422e+00 3.893366661132e-01 5.000000000000e-03
6.272605214010e+00 5.059545025346e+00 5.000000000000e-03
5.153358151238e+00 2.736528292216e+00 5.000000000000e-03
1.209271043618e+00 4.434326974051e+00 5.000000000000e-03
2.068746989846e+00 5.370548578170e-01 5.000000000000e-03
1.283633867548e+00 3.172875821972e+00 5.000000000000e-03
1.807952765081e+00 3.970741526242e+00 5.000000000000e-03
5.492957295799e+00 2.343400977256e+00 5.000000000000e-03
6.164728800370e+00 2.355207993453e+00 5.000000000000e-03
8.384981241038e-01 4.839074477132e+00 5.000000000000e-03
1.014418817071e+00 1.903664896108e+00 5.000000000000e-03
1.962310770329e+00 3.839868006458e+00 5.000000000000e-03
5.058173832787e+00 5.705851270856e+00 5.000000000000e-03
1.186735533216e+00 2.306064029568e+00 5.000000000000e-03
5.754915505099e-01 3.933745945192e+00 5.000000000000e-03
5.903400441984e+00 2.477696178909e+00 5.000000000000e-03
1.725569565112e+00 2.998428488635e+00 5.000000000000e-03
8.168261578664e-01 3.642512888503e+00 5.000000000000e-03
4.333836770597e+00 3.977905757000e+00 5.000000000000e-03
1.733770645691e+00 1.315652723220e+00 5.000000000000e-03
1.329607782666e+00 4.263272569001e+00 5.000000000000e-03
2.543250680279e+00 3.814153992058e+00 5.000000000000e-03
6.020901106654e+00 5.222911945425e+00 5.000000000000e-03
2.551398009159e+00 4.336372101320e+00 5.000000000000e-03
3.699976408194e+00 2.277433522787e+00 5.000000000000e-03
1.031963298125e+00 5.723821745939e+00 5.000000000000e-03
5.482060569143e+00 3.244819028913e+00 5.000000000000e-03
1.072585690661e+00 4.736245746350e+00 5.000000000000e-03
2.157924118782e-01 2.137409941275e+00 5.000000000000e-03
1.507024960965e+00 1.014300848206e+00 5.000000000000e-03
1.485055678464e+00 4.742728108406e+00 5.000000000000e-03
1.736883244762e+00 3.029620115486e+00 5.000000000000e-03
2.915461091103e+00 6.249678699935e+00 5.000000000000e-03
1.138259910818e+00 5.175375254377e+00 5.000000000000e-03
3.561521847950e+00 3.332370041496e+00 5.000000000000e-03
4.986563494853e-03 2.468246187603e+00 5.000000000000e-03
1.946944169317e+00 4.414805086827e+00 5.000000000000e-03
7.517937890154e-01 3.777656664170e+00 5.000000000000e-03
2.167654916752e+00 5.744071514861e-01 5.000000000000e-03
6.105158203192e+00 4.565691570427e+00 5.000000000000e-03
8.561642822725e-01 3.854636740800e+00 5.000000000000e-03
8.520191073758e-01 3.433411708454e+00 5.000000000000e-03
3.485337256664e+00 4.634621171451e+00 -5.000000000000e-03
5.419992380459e+00 4.694518369172e+00 -5.000000000000e-03
1.519650860412e+00 4.560826138197e+00 -5.000000000000e-03
3.948053351574e+00 4.415152310950e-01 -5.000000000000e-03
3.982945246522e+00 1.011658829040e+00 -5.000000000000e-03
2.417912083968e+00 1.627771892860e+00 -5.000000000000e-03
4.564134605329e+00 6.409109243166e-01 -5.000000000000e-03
4.154550521812e+00 4.964981988944e-01 -5.000000000000e-03
8.581205069026e-01 7.505482391619e-01 -5.000000000000e-03
3.773057023950e+00 2.979031572410e+00 -5.000000000000e-03
5.819954793485e+00 1.300720428979e+00 -5.000000000000e-03
2.055885053691e+00 1.126549766100e+00 -5.000000000000e-03
3.825584917573e+00 8.936088284273e-01 -5.000000000000e-03
5.906057043746e+00 1.010600422745e+00 -5.000000000000e-03
3.807062955715e+00 1.053298882338e+00 -5.000000000000e-03
3.121320616900e+00 5.774094188917e+00 -5.000000000000e-03
4.196423584706e+00 6.893336346056e-01 -5.000000000000e-03
5.201243308716e+00 4.691933493080e-01 -5.000000000000e-03
6.013548190988e+00 1.658163721462e-02 -5.000000000000e-03
3.801908987283e+00 3.884079781163e+00 -5.000000000000e-03
4.037599944381e+00 1.457598484159e+00 -5.000000000000e-03
3.486437765103e+00 4.247242338595e+00 -5.000000000000e-03
5.951547279472e-01 2.553486431414e+00 -5.000000000000e-03
4.002501984931e+00 5.757015349093e+00 -5.000000000000e-03
3.817203720372e+00 1.663649185064e+00 -5.000000000000e-03
2.837213613438e+00 3.209413238513e+00 -5.000000000000e-03
4.083252674300e+00 4.443333792791e+00 -5.000000000000e-03
3.614601482449e+00 1.744887879958e+00 -5.000000000000e-03
4.892057301470e+00 8.539852259826e-01 -5.000000000000e-03
4.601594872273e+00 1.997971646239e-01 -5.000000000000e-03
1.915334137387e+00 1.359919781136e+00 -5.000000000000e-03
2.859891426592e+00 1.762899346573e+00 -5.000000000000e-03
4.137569886280e+00 5.936862919921e+00 -5.000000000000e-03
3.197112642636e+00 1.695296959737e+00 -5.000000000000e-03
5.168644004297e+00 5.036372291750e+00 -5.000000000000e-03
3.177765001928e+00 1.842874884447e+00 -5.000000000000e-03
3.763202325511e+00 1.107655581037e+00 -5.000000000000e-03
4.621333171103e+00 4.028903497244e-02 -5.000000000000e-03
1.959508044377e+00 5.992180100975e+00 -5.000000000000e-03
3.687404895971e+00 7.066205754429e-01 -5.000000000000e-03
3.241086510389e+00 4.485728179493e+00 -5.000000000000e-03
3.581910903082e+00 9.754094747288e-01 -5.000000000000e-03
3.267582020454e+00 1.603126719101e+00 -5.000000000000e-03
1.889661541692e+00 2.156157020976e+00 -5.000000000000e-03
4.701360532097e+00 2.633303650408e+00 -5.000000000000e-03
4.651872800871e+00 2.289996230123e+00 -5.000000000000e-03
2.017329743872e+00 3.951640107319e+00 -5.000000000000e-03
4.218183639305e+00 5.698526780529e+00 -5.000000000000e-03
3.876281821692e+00 9.581444120483e-01 -5.000000000000e-03
4.651892770927e+00 6.641263625181e-01 -5.000000000000e-03
2.865526993011e+00 1.572435737276e+00 -5.000000000000e-03
3.351790401775e+00 5.909412362052e+00 -5.000000000000e-03
5.640198827807e+00 3.244158135172e-01 -5.000000000000e-03
2.254911360253e+00 5.806293578414e+00 -5.000000000000e-03
3.929481244908e+00 1.009702886687e+00 -5.000000000000e-03
4.820803690995e+00 5.971984636609e+00 -5.000000000000e-03
4.442927229999e+00 3.183166052619e-01 -5.000000000000e-03
3.258441388797e+00 1.666051437852e+00 -5.000000000000e-03
4.604237911538e+00 4.379594614167e+00 -5.000000000000e-03
3.253350504079e+00 1.819749619325e+00 -5.000000000000e-03
4.289601022012e+00 5.941017186969e-01 -5.000000000000e-03
3.579669925230e+00 3.397893434048e-01 -5.000000000000e-03
3.663361283664e+00 1.169309943200e+00 -5.000000000000e-03
4.074730655259e+00 1.276317205194e+00 -5.000000000000e-03
4.066848208105e+00 1.722478488848e+00 -5.000000000000e-03
2.748479483537e+00 2.202802503923e+00 -5.000000000000e-03
2.115370401254e+00 6.182696484759e+00 -5.000000000000e-03
5.802661083011e+00 5.594969446526e+00 -5.000000000000e-03
4.076732701493e+00 4.297182247654e-01 -5.000000000000e-03
5.960391367739e+00 8.035342193034e-02 -5.000000000000e-03
4.500552719139e+00 1.159952595363e+00 -5.000000000000e-03
3.594694636893e+00 9.918272008458e-01 -5.000000000000e-03
5.466432461963e+00 6.229626138360e+00 -5.000000000000e-03
5.654061453662e+00 2.940698965617e+00 -5.000000000000e-03
4.235195041826e+00 1.603562154407e+00 -5.000000000000e-03
4.824315002281e+00 2.875178672167e+00 -5.000000000000e-03
3.475144259306e+00 5.858684582257e+00 -5.000000000000e-03
5.407726635407e+00 1.854712958524e+00 -5.000000000000e-03
3.502374689624e+00 2.666632576227e+00 -5.000000000000e-03
4.041127907147e-01 3.711924554589e-01 -5.000000000000e-03
3.671892994621e+00 8.033389075383e-01 -5.000000000000e-03
3.572607178769e+00 6.442840051356e-01 -5.000000000000e-03
4.250101682061e+00 6.342409282929e-01 -5.000000000000e-03
5.287494904966e+00 1.332582006872e+00 -5.000000000000e-03
1.863225574700e+00 2.200804426602e+00 -5.000000000000e-03
4.368988432931e+00 8.655071042434e-01 -5.000000000000e-03
4.131416375464e-01 6.210328577066e+00 -5.000000000000e-03
1.850927644118e+00 3.427949371547e+00 -5.000000000000e-03
4.901310701562e+00 5.454939878495e+00 -5.000000000000e-03
5.423415208738e+00 2.113625703876e-01 -5.000000000000e-03
5.119778957310e+00 1.215855763623e+00 -5.000000000000e-03
2.673587577733e+00 1.314904523415e+00 -5.000000000000e-03
3.682700755360e+00 4.740034898773e+00 -5.000000000000e-03
5.710015359882e+00 6.278054135175e+00 -5.000000000000e-03
4.004539516231e+00 5.175485599883e+00 -5.000000000000e-03
3.694084714449e+00 5.199606118771e+00 -5.000000000000e-03
4.317878508952e+00 2.085303513181e+00 -5.000000000000e-03
4.171348106495e+00 7.455553922520e-01 -5.000000000000e-03
3.106882765331e+00 6.068458365899e-01 -5.000000000000e-03
5.417130056406e+00 2.883306950870e-01 -5.000000000000e-03
