1.908781562978e+00 3.084027616386e+00 5.000000000000e-03
4.422112068463e+00 5.048964597273e-01 5.000000000000e-03
2.987940888175e+00 4.275877139145e+00 5.000000000000e-03
2.728675011751e+00 3.974331847228e-01 5.000000000000e-03
4.481782228524e+00 7.558073008816e-02 5.000000000000e-03
2.579972495786e+00 5.750103320703e+00 5.000000000000e-03
3.778347516760e+00 1.968081797967e-01 5.000000000000e-03
5.645267086459e+00 1.989980143675e-01 5.000000000000e-03
5.368071114886e+00 4.398150112513e+00 5.000000000000e-03
3.861368976689e+00 2.108373773504e+00 5.000000000000e-03
5.212269221598e+00 9.416575334429e-01 5.000000000000e-03
6.159615793867e+00 2.414980545436e+00 5.000000000000e-03
1.178477911900e+00 3.530052557164e+00 5.000000000000e-03
1.173372976082e+00 5.872327006967e+00 5.000000000000e-03
8.874629834041e-01 6.160862649859e+00 5.000000000000e-03
2.061301785658e+00 5.064390709145e+00 5.000000000000e-03
1.366924266389e+00 1.759832837336e+00 5.000000000000e-03
1.993355427734e-01 5.604534076863e-01 5.000000000000e-03
1.585424343070e+00 5.558211964900e+00 5.000000000000e-03
4.438707473039e+00 1.816894545039e+00 5.000000000000e-03
1.299987833035e+00 5.431077904464e+00 5.000000000000e-03
4.527798709454e+00 3.344974932958e+00 5.000000000000e-03
4.467616946130e+00 3.420682399754e+00 5.000000000000e-03
1.385102969560e+00 1.881977684669e+00 5.000000000000e-03
4.141049386939e+00 4.236051819117e+00 5.000000000000e-03
4.636369348508e+00 6.212647776308e+00 5.000000000000e-03
4.629034720060e-01 3.030572703997e+00 5.000000000000e-03
3.915297464406e+00 1.161122096641e-01 5.000000000000e-03
4.599567523141e+00 5.662239033651e+00 5.000000000000e-03
5.829254887957e+00 3.774247008935e+00 5.000000000000e-03
3.300165602249e+00 4.756720485404e+00 5.000000000000e-03
3.508540393654e+00 1.251130056026e-01 5.000000000000e-03
1.052250857251e+00 8.646036531025e-01 5.000000000000e-03
4.167592884449e+00 3.098831317431e+00 5.000000000000e-03
1.490143451539e+00 3.378059133685e+00 5.000000000000e-03
1.515477527130e+00 5.504919247917e+00 5.000000000000e-03
2.601572184454e+00 1.574679656733e+00 5.000000000000e-03
1.680973248720e+00 4.369789383685e+00 5.000000000000e-03
1.342902374064e+00 1.759378104322e+00 5.000000000000e-03
2.165963471039e+00 4.963541393043e+00 5.000000000000e-03
4.252605938269e+00 5.115897272208e+00 5.000000000000e-03
6.220969669244e+00 2.359989652498e+00 5.000000000000e-03
1.087389383977e+00 4.056345526307e+00 5.000000000000e-03
1.050306511449e+00 2.972634347503e+00 5.000000000000e-03
2.736344605237e+00 1.386585740097e+00 5.000000000000e-03
4.378780596495e+00 4.463548575513e+00 5.000000000000e-03
3.768794659700e-01 8.975434914958e-01 5.000000000000e-03
3.283534942700e+00 6.969625724081e-01 5.000000000000e-03
5.665361040788e+00 1.401483024315e+00 5.000000000000e-03
4.070687761512e+00 4.782604135563e+00 5.000000000000e-03
3.966391300758e+00 1.191706923066e+00 5.000000000000e-03
3.080261401844e-02 8.637898606929e-01 5.000000000000e-03
1.525031064764e-02 2.274471196603e+00 5.000000000000e-03
1.040483893603e+00 7.900829260707e-01 5.000000000000e-03
3.812907669395e+00 3.632041594209e+00 5.000000000000e-03
4.761154628090e+00 3.436942840107e+00 5.000000000000e-03
4.768969037771e-01 6.094228558117e+00 5.000000000000e-03
1.139097021576e+00 5.761533968748e+00 5.000000000000e-03
3.579050112995e+00 1.207028800372e-02 5.000000000000e-03
3.028760770898e+00 5.537568679348e+00 5.000000000000e-03
2.293454018105e+00 4.138649242279e+00 5.000000000000e-03
5.447715643624e+00 8.555236002610e-01 5.000000000000e-03
2.199110798640e+00 3.723917028825e+00 5.000000000000e-03
2.365652127373e+00 2.253023134284e+00 5.000000000000e-03
9.428882718353e-01 4.060857903755e+00 5.000000000000e-03
5.558694222846e+00 4.065216278130e+00 5.000000000000e-03
5.629636489510e+00 2.078175569325e+00 5.000000000000e-03
4.027545271654e+00 1.418588841334e-01 5.000000000000e-03
1.205589239500e-01 3.031524706900e+00 5.000000000000e-03
5.192783161873e+00 2.724777107509e+00 5.000000000000e-03
4.952899985021e+00 2.434747335262e+00 5.000000000000e-03
2.472834372797e+00 2.924332665526e-01 5.000000000000e-03
1.623848451785e+00 6.479972855253e-02 5.000000000000e-03
5.249794305932e+00 2.671789878502e+00 5.000000000000e-03
1.703144083196e+00 3.264032805067e+00 5.000000000000e-03
4.005844751752e+00 2.737744758043e+00 5.000000000000e-03
2.843114309556e+00 3.689737177154e+00 5.000000000000e-03
4.844802870322e+00 1.693532179928e+00 5.000000000000e-03
6.575202774572e-01 6.143219929501e+00 5.000000000000e-03
4.630347760385e+00 4.296622868929e+00 5.000000000000e-03
5.645038885307e+00 2.779316256002e+00 5.000000000000e-03
3.857437972581e+00 7.740887079017e-01 5.000000000000e-03
1.300611638495e+00 4.093300371438e+00 5.000000000000e-03
3.673092042852e+00 5.316390436630e-02 5.000000000000e-03
3.938788147733e+00 1.205435415580e+00 5.000000000000e-03
1.907279543261e+00 2.849386965815e+00 5.000000000000e-03
4.378322060787e+00 1.593577704749e+00 5.000000000000e-03
2.299102589021e+00 1.632029084462e+00 5.000000000000e-03
4.366982718316e+00 5.958024535019e+00 5.000000000000e-03
4.847182180828e+00 1.733489325270e+00 5.000000000000e-03
1.187666193916e+00 8.862148527063e-01 5.000000000000e-03
2.740476287814e+00 4.207885020083e+00 5.000000000000e-03
6.047675621076e+00 1.984051619155e+00 5.000000000000e-03
3.873641878814e-01 5.671456253593e+00 5.000000000000e-03
5.664347475130e+00 3.969391225415e+00 5.000000000000e-03
6.016575358427e+00 4.327077229094e+00 5.000000000000e-03
1.545127989558e+00 8.601692180888e-02 5.000000000000e-03
1.000986366531e+00 5.094242395687e+00 5.000000000000e-03
1.653368561098e+00 5.188139298991e+00 5.000000000000e-03
2.906662629122e+00 1.839210077134e+00 5.000000000000e-03
5.103677346811e+00 3.729633201883e+00 -5.000000000000e-03
2.206343860715e+00 3.041708747718e+00 -5.000000000000e-03
6.109245035293e+00 6.035868959454e+00 -5.000000000000e-03
5.534718709965e+00 3.248325037959e-01 -5.000000000000e-03
2.207067651462e+00 3.252865081534e+00 -5.000000000000e-03
3.762296582640e+00 4.367877083984e+00 -5.000000000000e-03
6.013784216206e+00 5.503875502190e+00 -5.000000000000e-03
6.053338660985e+00 5.988032601994e+00 -5.000000000000e-03
4.227093894691e+00 9.038556981082e-01 -5.000000000000e-03
4.004773584456e+00 4.412029079254e+00 -5.000000000000e-03
6.222277605090e+00 4.737369431858e+00 -5.000000000000e-03
2.453731651333e+00 3.260218276097e+00 -5.000000000000e-03
6.109977282644e+00 6.003409981554e+00 -5.000000000000e-03
5.646618106441e+00 5.276988047132e+00 -5.000000000000e-03
1.649514756321e+00 4.814156754103e+00 -5.000000000000e-03
6.096127541787e-01 5.712415210211e+00 -5.000000000000e-03
1.303772847677e+00 4.862533175966e+00 -5.000000000000e-03
6.199432582562e+00 1.787839209170e+00 -5.000000000000e-03
5.781644528268e+00 4.897637436619e+00 -5.000000000000e-03
6.253862373561e+00 5.543715327306e+00 -5.000000000000e-03
4.985177964880e+00 1.889230479918e+00 -5.000000000000e-03
2.894985943811e+00 2.830423946769e+00 -5.000000000000e-03
5.659519360890e+00 5.161717798402e+00 -5.000000000000e-03
2.539156362025e-02 5.014431560144e+00 -5.000000000000e-03
6.261981603936e+00 7.504254090649e-01 -5.000000000000e-03
4.460739583705e+00 5.122378164199e+00 -5.000000000000e-03
5.604341829022e+00 4.978535056586e+00 -5.000000000000e-03
2.817430751764e+00 3.202263000633e+00 -5.000000000000e-03
1.393143026710e+00 4.819117312783e+00 -5.000000000000e-03
3.263398731784e+00 2.117799519666e+00 -5.000000000000e-03
6.220052850589e+00 2.904628083625e+00 -5.000000000000e-03
2.199214775999e+00 1.278183463708e+00 -5.000000000000e-03
8.185973070293e-01 4.673941711673e+00 -5.000000000000e-03
2.338849528551e+00 7.124664977463e-01 -5.000000000000e-03
2.091359700140e+00 1.789666007602e+00 -5.000000000000e-03
4.939348256109e+00 4.305927992586e+00 -5.000000000000e-03
3.711259535857e+00 3.873813140250e+00 -5.000000000000e-03
2.287752256926e+00 5.794543444585e+00 -5.000000000000e-03
1.376227573503e+00 4.785013283332e+00 -5.000000000000e-03
2.276430150682e+00 2.654118733601e+00 -5.000000000000e-03
4.231446517238e+00 4.420079955017e+00 -5.000000000000e-03
1.446899213005e+00 6.031669107184e+00 -5.000000000000e-03
2.119607758459e+00 4.722731851859e+00 -5.000000000000e-03
3.495485215622e+00 2.462326127726e+00 -5.000000000000e-03
4.982583302004e+00 5.153506969850e+00 -5.000000000000e-03
5.015691050175e+00 5.795194682590e+00 -5.000000000000e-03
3.598040123790e+00 4.838451641389e+00 -5.000000000000e-03
3.024142989699e+00 6.116256837738e-01 -5.000000000000e-03
5.588721661900e-01 5.503280320530e-01 -5.000000000000e-03
5.396282124425e+00 5.418082112557e+00 -5.000000000000e-03
5.433975626656e+00 5.066076798317e+00 -5.000000000000e-03
3.101130459211e+00 5.843851352062e+00 -5.000000000000e-03
5.391503040684e-01 1.828965190776e+00 -5.000000000000e-03
2.323917470505e+00 4.798660663324e+00 -5.000000000000e-03
4.030052575506e+00 5.546122917333e+00 -5.000000000000e-03
5.378914589843e+00 4.951904962067e+00 -5.000000000000e-03
1.211800880235e+00 4.933964582845e+00 -5.000000000000e-03
5.803372850929e+00 9.229223019161e-01 -5.000000000000e-03
1.999354221985e+00 6.257955356999e+00 -5.000000000000e-03
4.268918620671e-01 2.771696502241e+00 -5.000000000000e-03
6.067718014685e+00 4.333420811013e-01 -5.000000000000e-03
8.750014015405e-02 5.497818817883e+00 -5.000000000000e-03
3.491634614197e+00 3.009050826324e+00 -5.000000000000e-03
6.131689371643e+00 5.202991446476e+00 -5.000000000000e-03
2.218646338377e+00 1.208316956676e+00 -5.000000000000e-03
3.090713814850e+00 8.592948078057e-01 -5.000000000000e-03
4.243056925340e+00 9.851091357383e-01 -5.000000000000e-03
5.978175856659e+00 2.798994949853e-01 -5.000000000000e-03
1.471104232352e+00 5.032340222788e+00 -5.000000000000e-03
5.270194627275e+00 3.863203143025e+00 -5.000000000000e-03
2.604197798285e-01 4.802021914854e+00 -5.000000000000e-03
4.761361577972e+00 4.145028820510e+00 -5.000000000000e-03
1.407079618464e+00 4.931291201706e+00 -5.000000000000e-03
4.353209074161e+00 3.128635674988e+00 -5.000000000000e-03
2.459792372180e-01 1.815137612102e+00 -5.000000000000e-03
2.341094592875e+00 2.899112965282e+00 -5.000000000000e-03
5.332683142614e+00 5.256727303876e+00 -5.000000000000e-03
5.061192567907e+00 3.691409233079e+00 -5.000000000000e-03
5.360347543121e+00 1.274665029999e+00 -5.000000000000e-03
5.729591967199e+00 4.925188461251e+00 -5.000000000000e-03
5.337051328669e+00 1.115719062731e+00 -5.000000000000e-03
1.960236960910e+00 4.005907722271e+00 -5.000000000000e-03
1.675951164598e-01 3.667951138305e+00 -5.000000000000e-03
1.778831131240e+00 7.921074560050e-01 -5.000000000000e-03
5.632335563111e+00 5.185712617358e+00 -5.000000000000e-03
4.837959855409e+00 4.834900835676e+00 -5.000000000000e-03
1.513865053373e+00 8.069941363014e-01 -5.000000000000e-03
8.552899785976e-01 3.161544334844e+00 -5.000000000000e-03
1.177326722633e+00 5.284465506471e+00 -5.000000000000e-03
6.091130309812e+00 5.494099607852e+00 -5.000000000000e-03
3.326016358963e+00 3.143285970853e+00 -5.000000000000e-03
2.032046739951e+00 5.884337064954e+00 -5.000000000000e-03
5.464092833227e+00 5.123421732374e+00 -5.000000000000e-03
1.411431125118e+00 4.693443145163e+00 -5.000000000000e-03
6.260686866956e+00 5.248375238577e+00 -5.000000000000e-03
1.415281360911e-01 1.723615742723e+00 -5.000000000000e-03
1.998356764099e+00 5.685817332532e+00 -5.000000000000e-03
4.881573028593e+00 3.786202918083e+00 -5.000000000000e-03
1.999790951516e+00 6.200125236782e+00 -5.000000000000e-03
4.430048409493e-01 2.460209626328e+00 -5.000000000000e-03
