5.874863195612e-01 5.780356584198e+00 5.000000000000e-03
4.845438522707e+00 3.735975980273e+00 5.000000000000e-03
4.785743527549e+00 1.443696971626e+00 5.000000000000e-03
1.652180163556e+00 6.721321930096e-01 5.000000000000e-03
5.129310047472e+00 3.341435555622e+00 5.000000000000e-03
2.073515227954e-01 1.077775215143e-02 5.000000000000e-03
2.878691803065e+00 5.110329525639e+00 5.000000000000e-03
3.346526364299e+00 2.670608970006e+00 5.000000000000e-03
4.079916250804e+00 1.003652487221e+00 5.000000000000e-03
4.828278531440e+00 1.860951405490e+00 5.000000000000e-03
3.580824509336e+00 9.359234839145e-01 5.000000000000e-03
4.492714379978e+00 6.368553154373e-01 5.000000000000e-03
6.200560516618e+00 2.252790514445e+00 5.000000000000e-03
1.690639050479e+00 3.320951774769e-01 5.000000000000e-03
6.254041455775e+00 1.844102197869e+00 5.000000000000e-03
3.449617108651e+00 2.589132276252e+00 5.000000000000e-03
3.625382733318e+00 3.926765878007e+00 5.000000000000e-03
1.773345406390e+00 5.885288205730e+00 5.000000000000e-03
1.814920702902e+00 5.540905889026e+00 5.000000000000e-03
4.271105700285e+00 3.561420618194e+00 5.000000000000e-03
4.754815269753e+00 5.072382629449e+00 5.000000000000e-03
4.744394227342e+00 4.769966889065e+00 5.000000000000e-03
5.027051019783e+00 3.275661958836e+00 5.000000000000e-03
7.991137485838e-01 4.176300075159e+00 5.000000000000e-03
3.452969889406e+00 3.807633223224e+00 5.000000000000e-03
2.453230972344e+00 5.034212492216e+00 5.000000000000e-03
2.427378015769e+00 2.508754229501e+00 5.000000000000e-03
1.810740065821e+00 9.531262318887e-01 5.000000000000e-03
5.768186770217e+00 4.445747498135e+00 5.000000000000e-03
3.127507668935e+00 6.124202650164e+00 5.000000000000e-03
7.424886845511e-01 1.251074534348e+00 5.000000000000e-03
1.317931687037e+00 5.449800364756e+00 5.000000000000e-03
4.673826335673e+00 9.234440021819e-01 5.000000000000e-03
9.453796129903e-01 4.785624263523e+00 5.000000000000e-03
4.088260009922e+00 2.971145142540e+00 5.000000000000e-03
2.014738350053e-01 5.236574650564e+00 5.000000000000e-03
5.519446306509e+00 3.938473048936e+00 5.000000000000e-03
7.033508123310e-01 1.365828679583e+00 5.000000000000e-03
5.811966562349e-01 4.783868563669e+00 5.000000000000e-03
3.023038325612e+00 3.112797031953e+00 5.000000000000e-03
2.054544937904e+00 5.700565422306e+00 5.000000000000e-03
5.756363420593e+00 4.329540009977e+00 5.000000000000e-03
4.197935253344e-03 5.898306410511e+00 5.000000000000e-03
5.799940846854e+00 4.555055728904e+00 5.000000000000e-03
3.025090739643e+00 2.638485493567e+00 5.000000000000e-03
1.859859256426e+00 2.811693469602e-01 5.000000000000e-03
1.159674151464e+00 5.341574320791e+00 5.000000000000e-03
6.126237045715e+00 4.507917874851e+00 5.000000000000e-03
2.966112672114e+00 5.472209711205e+00 5.000000000000e-03
6.153740752135e+00 1.594176135994e+00 5.000000000000e-03
4.961559381183e+00 3.658401358554e+00 5.000000000000e-03
5.379974707385e+00 5.333935666352e+00 5.000000000000e-03
6.067707423952e+00 3.294927888855e+00 5.000000000000e-03
3.594932229046e+00 4.599732556564e+00 5.000000000000e-03
3.912802875421e+00 4.733571320790e-01 5.000000000000e-03
8.779704846733e-01 3.427691030862e+00 5.000000000000e-03
3.568482540704e+00 2.853032851173e+00 5.000000000000e-03
4.769304608969e+00 5.259896498777e+00 5.000000000000e-03
4.552058066270e+00 2.034861962336e+00 5.000000000000e-03
5.010037292027e+00 3.865656289027e+00 5.000000000000e-03
5.220129731987e-01 5.712061071532e+00 5.000000000000e-03
2.459663350088e+00 5.833760362372e+00 5.000000000000e-03
2.314680160020e+00 5.384333054206e+00 5.000000000000e-03
1.283626144947e+00 3.693948780711e+00 5.000000000000e-03
2.898390555324e+00 2.742249245049e-01 5.000000000000e-03
1.590658211118e+00 2.503857873336e+00 5.000000000000e-03
1.183709435912e+00 1.082807298052e+00 5.000000000000e-03
2.759276985071e+00 3.071320013189e+00 5.000000000000e-03
4.128751634379e+00 5.515180786881e+00 5.000000000000e-03
5.583062474791e+00 7.145803134931e-01 5.000000000000e-03
2.170375811658e+00 1.471143523246e-01 5.000000000000e-03
1.692137180816e+00 4.854509838236e+00 5.000000000000e-03
3.728001327947e-01 1.196707747071e+00 5.000000000000e-03
3.286207580618e+00 2.971068242315e+00 5.000000000000e-03
2.683711039059e-03 6.120452625381e+00 5.000000000000e-03
3.882993635077e+00 4.716148338938e+00 5.000000000000e-03
3.844245534185e-01 1.100571737403e+00 5.000000000000e-03
4.854253461466e+00 4.017355099373e+00 5.000000000000e-03
5.477326844190e-01 3.933238612691e+00 5.000000000000e-03
2.369866676880e+00 2.503344876169e+00 5.000000000000e-03
2.161659608614e+00 1.514565092201e+00 5.000000000000e-03
5.459799853330e+00 2.441647772210e+00 5.000000000000e-03
1.108759290838e-01 2.112877375288e+00 5.000000000000e-03
5.372503568950e+00 1.628278812990e+00 5.000000000000e-03
5.208058359370e+00 4.397053970913e+00 5.000000000000e-03
4.627007199822e+00 6.038270161915e+00 5.000000000000e-03
3.986814216504e+00 8.709922185159e-01 5.000000000000e-03
1.567412003987e+00 3.365797420270e+00 5.000000000000e-03
2.403280462933e+00 4.523482007239e+00 5.000000000000e-03
1.209537693919e+00 3.897887888953e+00 5.000000000000e-03
4.734193565247e+00 8.810490764459e-01 5.000000000000e-03
2.488632858604e+00 5.557678497477e-01 5.000000000000e-03
3.724871800114e+00 8.091304341289e-01 5.000000000000e-03
4.181183874369e+00 2.678565318329e+00 5.000000000000e-03
4.218032686994e+00 2.217143947914e+00 5.000000000000e-03
4.077709554021e+00 3.401745520120e+00 5.000000000000e-03
4.048851881080e+00 2.988779500719e+00 5.000000000000e-03
5.717732869440e+00 1.695372111474e+00 5.000000000000e-03
4.544536947569e+00 6.766665070471e-01 5.000000000000e-03
3.290393554046e+00 2.946830872852e+00 5.000000000000e-03
4.938435544204e+00 6.186037675005e+00 -5.000000000000e-03
5.957741231246e+00 1.223756623193e-01 -5.000000000000e-03
2.786866874419e+00 5.262164785838e+00 -5.000000000000e-03
4.937560261231e+00 1.162891606418e-01 -5.000000000000e-03
5.048523925326e+00 8.297142258860e-01 -5.000000000000e-03
3.076046626994e+00 4.837202375772e-01 -5.000000000000e-03
2.139542893613e+00 2.945470343508e+00 -5.000000000000e-03
8.973585683900e-01 8.573436904734e-01 -5.000000000000e-03
1.982817142387e+00 3.159905794934e+00 -5.000000000000e-03
5.387562955533e+00 3.666561810891e+00 -5.000000000000e-03
1.904610044810e+00 3.269434945046e+00 -5.000000000000e-03
3.118601141486e+00 1.635679946843e+00 -5.000000000000e-03
2.484131555503e+00 9.163479473626e-01 -5.000000000000e-03
5.413408384840e+00 5.687782005719e+00 -5.000000000000e-03
2.449886344849e+00 2.948691433648e+00 -5.000000000000e-03
2.652419102914e+00 2.846179005573e+00 -5.000000000000e-03
5.613692480204e+00 3.727065942353e+00 -5.000000000000e-03
3.664853769907e-01 2.772192893362e+00 -5.000000000000e-03
2.889197219365e+00 8.415172926735e-01 -5.000000000000e-03
5.766343478434e-01 1.196483161923e+00 -5.000000000000e-03
1.827850080339e+00 1.768306621352e+00 -5.000000000000e-03
5.383811178574e+00 2.931197138797e+00 -5.000000000000e-03
1.300159510535e-01 4.883203984557e+00 -5.000000000000e-03
5.651655842015e+00 2.023571376143e+00 -5.000000000000e-03
3.318325761464e+00 2.113854620958e+00 -5.000000000000e-03
8.947391297473e-01 3.022762424869e+00 -5.000000000000e-03
2.647264486348e+00 6.187855472891e+00 -5.000000000000e-03
5.486291023797e+00 3.624903834969e+00 -5.000000000000e-03
5.213099273826e+00 4.142754988915e+00 -5.000000000000e-03
2.005423274385e+00 3.331995352804e+00 -5.000000000000e-03
2.208850626628e+00 4.195110960709e+00 -5.000000000000e-03
2.829543249200e+00 4.516249498932e+00 -5.000000000000e-03
4.989849146265e+00 1.874309035788e-01 -5.000000000000e-03
1.897158762843e+00 3.246247184167e+00 -5.000000000000e-03
3.070832716908e-02 2.573805276422e+00 -5.000000000000e-03
4.546684111240e-01 4.235022990532e+00 -5.000000000000e-03
5.030179910148e+00 4.326230931806e-01 -5.000000000000e-03
3.893604235082e+00 1.458834670141e+00 -5.000000000000e-03
1.641563320418e+00 2.095260659679e+00 -5.000000000000e-03
2.655407242522e+00 5.290267795162e+00 -5.000000000000e-03
2.731843367602e+00 4.332136657314e+00 -5.000000000000e-03
4.249419884864e-01 6.138305082989e+00 -5.000000000000e-03
5.436245016568e-01 1.783839540198e+00 -5.000000000000e-03
5.843358932101e+00 2.883887665035e+00 -5.000000000000e-03
4.607511444765e+00 4.991004059208e+00 -5.000000000000e-03
4.212801513500e-01 5.027774179083e-01 -5.000000000000e-03
9.729082115227e-01 2.167316943004e-01 -5.000000000000e-03
4.413487917464e+00 2.383857469219e+00 -5.000000000000e-03
5.057803782822e+00 4.143836490723e+00 -5.000000000000e-03
2.548677451552e+00 4.230712963974e+00 -5.000000000000e-03
1.031319981513e+00 2.378367743760e+00 -5.000000000000e-03
2.984702078247e+00 3.914497743759e+00 -5.000000000000e-03
4.338748008329e+00 2.648615868158e+00 -5.000000000000e-03
6.084992053063e+00 3.406938484300e+00 -5.000000000000e-03
1.142340873665e-01 2.964330028660e-01 -5.000000000000e-03
3.833254599789e+00 5.471919618788e+00 -5.000000000000e-03
1.578092136048e+00 1.710795463866e+00 -5.000000000000e-03
2.109509047497e+00 3.111340480429e+00 -5.000000000000e-03
2.332295545878e+00 2.672918232288e+00 -5.000000000000e-03
7.213551550540e-01 6.538050053729e-01 -5.000000000000e-03
2.332822178514e+00 4.897377678719e+00 -5.000000000000e-03
4.025322599542e-01 5.230088718004e+00 -5.000000000000e-03
4.930655277935e-01 5.206178684004e+00 -5.000000000000e-03
1.788021208301e+00 1.572234938674e+00 -5.000000000000e-03
2.228182254731e+00 1.632966963934e+00 -5.000000000000e-03
6.165334254618e+00 1.189477185241e+00 -5.000000000000e-03
5.592148134554e+00 1.367312330957e-01 -5.000000000000e-03
1.649163077108e+00 1.251084346802e+00 -5.000000000000e-03
4.119571756403e+00 4.268080362891e+00 -5.000000000000e-03
7.796838786787e-01 2.257370254008e+00 -5.000000000000e-03
4.503853538033e+00 3.800145391352e+00 -5.000000000000e-03
3.036389662492e+00 6.549444758272e-01 -5.000000000000e-03
5.641083380016e+00 4.144288205205e+00 -5.000000000000e-03
3.210482665610e+00 4.251431792475e+00 -5.000000000000e-03
3.654153727531e+00 5.058889425706e+00 -5.000000000000e-03
5.160635999184e+00 5.256717375226e+00 -5.000000000000e-03
3.521398308119e+00 3.455327441813e+00 -5.000000000000e-03
4.459104439559e+00 1.419909295965e+00 -5.000000000000e-03
4.618363056309e+00 3.230625993412e+00 -5.000000000000e-03
1.273968599541e+00 3.072889383573e+00 -5.000000000000e-03
5.353327586571e+00 1.130881615942e+00 -5.000000000000e-03
2.181743820984e+00 3.492762915717e+00 -5.000000000000e-03
6.223424331254e+00 1.457662183106e+00 -5.000000000000e-03
2.542216340027e+00 4.887087052238e+00 -5.000000000000e-03
2.016977497670e+00 3.447133485785e+00 -5.000000000000e-03
3.071070627455e+00 4.624894851562e+00 -5.000000000000e-03
4.401572159683e+00 2.358793275290e+00 -5.000000000000e-03
5.698420351983e+00 4.871054356749e+00 -5.000000000000e-03
6.483714109978e-01 2.150668049244e+00 -5.000000000000e-03
5.051011527403e+00 9.724216982706e-01 -5.000000000000e-03
1.790544659154e+00 3.243809678834e+00 -5.000000000000e-03
4.349840378362e+00 4.018164081039e+00 -5.000000000000e-03
3.104323098506e+00 7.642575965754e-01 -5.000000000000e-03
6.231408621960e+00 1.111511851171e+00 -5.000000000000e-03
2.811117592066e-01 1.763652700717e+00 -5.000000000000e-03
5.755097649592e+00 2.051704969421e+00 -5.000000000000e-03
5.532036423129e+00 5.171614823449e+00 -5.000000000000e-03
5.360293126656e+00 4.764437256444e-01 -5.000000000000e-03
7.856895043741e-01 3.032372842520e+00 -5.000000000000e-03
2.418423578781e+00 1.976546862825e-01 -5.000000000000e-03
