3.886728045284e+00 4.518369478180e+00 5.000000000000e-03
3.585807000844e+00 1.321326879424e+00 5.000000000000e-03
3.854855386986e+00 4.376466292312e+00 5.000000000000e-03
2.473543905969e+00 4.382550098871e+00 5.000000000000e-03
6.102809912821e+00 4.826539397266e+00 5.000000000000e-03
5.033006498416e+00 1.132632966517e+00 5.000000000000e-03
4.563043981307e+00 2.540302425257e+00 5.000000000000e-03
1.807015348362e+00 5.614495991151e+00 5.000000000000e-03
5.185686614357e+00 4.379048147434e+00 5.000000000000e-03
3.282762041319e+00 2.753457019602e+00 5.000000000000e-03
4.609081482270e+00 2.495897175184e+00 5.000000000000e-03
8.358138835079e-01 3.034449902135e+00 5.000000000000e-03
5.869442026509e+00 1.104700166430e+00 5.000000000000e-03
4.950034285816e+00 4.353825558492e+00 5.000000000000e-03
6.164621650887e+00 3.491587312448e+00 5.000000000000e-03
4.543731599045e+00 3.057380756790e+00 5.000000000000e-03
4.926774271603e+00 5.056582996343e+00 5.000000000000e-03
6.947303928075e-01 3.432835964379e+00 5.000000000000e-03
1.797928184641e-01 2.617252396579e+00 5.000000000000e-03
4.026574593473e+00 5.105848392716e-01 5.000000000000e-03
3.797667011499e+00 5.972138355994e-01 5.000000000000e-03
4.812499923242e+00 4.416575796101e+00 5.000000000000e-03
6.213838706027e+00 3.025632648132e+00 5.000000000000e-03
2.778604544842e+00 4.702245206898e+00 5.000000000000e-03
4.507888157795e-02 4.145442464561e+00 5.000000000000e-03
4.286154778245e+00 4.580726786189e+00 5.000000000000e-03
4.846596030285e+00 4.418003652109e+00 5.000000000000e-03
8.097371998930e-01 3.445638244432e+00 5.000000000000e-03
4.896827475195e+00 3.690449283720e+00 5.000000000000e-03
5.930469344684e+00 3.274867389796e+00 5.000000000000e-03
3.050058991131e+00 1.468637640021e+00 5.000000000000e-03
4.420163741152e+00 4.687585968485e+00 5.000000000000e-03
2.909613285591e+00 4.657658611876e+00 5.000000000000e-03
4.363878909965e+00 2.282169046870e-01 5.000000000000e-03
5.751954284368e+00 2.250225979285e+00 5.000000000000e-03
4.824726944514e+00 3.779388864112e+00 5.000000000000e-03
5.552301548457e+00 5.757854336134e+00 5.000000000000e-03
4.574897879899e+00 5.978255620892e+00 5.000000000000e-03
3.776933348926e+00 7.131441862579e-02 5.000000000000e-03
4.523473572649e+00 4.387000888455e+00 5.000000000000e-03
2.912157526851e+00 8.272322429807e-01 5.000000000000e-03
5.127272763890e+00 1.152584012806e+00 5.000000000000e-03
4.255519268600e+00 1.680864812991e+00 5.000000000000e-03
4.313326808332e+00 4.560410826380e+00 5.000000000000e-03
3.654311603501e+00 4.184194024326e+00 5.000000000000e-03
6.097131791317e+00 5.518075678051e+00 5.000000000000e-03
5.075832953723e+00 4.113447595755e+00 5.000000000000e-03
3.936985890151e+00 4.544394440315e+00 5.000000000000e-03
2.339124986735e+00 3.864656467131e+00 5.000000000000e-03
1.797316422868e+00 3.270077104673e+00 5.000000000000e-03
3.912064774942e+00 3.665144506749e+00 5.000000000000e-03
3.636278038783e+00 4.237435226313e+00 5.000000000000e-03
8.596764053469e-01 3.720911895659e+00 5.000000000000e-03
2.679913765783e+00 3.010859970009e+00 5.000000000000e-03
4.841642308116e+00 3.604732968076e+00 5.000000000000e-03
2.019635111706e+00 3.155109695702e+00 5.000000000000e-03
2.589687385235e+00 3.805619030637e+00 5.000000000000e-03
4.987898889316e+00 2.101077811503e-01 5.000000000000e-03
1.401749847048e-01 4.128997034900e+00 5.000000000000e-03
4.266292511620e+00 4.745875441276e+00 5.000000000000e-03
1.789997728246e+00 5.287738715904e+00 5.000000000000e-03
6.538192347188e-01 5.497176973884e+00 5.000000000000e-03
5.176677178315e+00 1.452615955399e-01 5.000000000000e-03
1.544807414243e+00 4.276260167858e+00 5.000000000000e-03
2.272063339267e+00 3.357415742593e+00 5.000000000000e-03
6.040429968254e+00 2.242528512902e+00 5.000000000000e-03
5.781002234177e-01 1.550112798746e+00 5.000000000000e-03
2.519508388777e+00 2.530589352253e-01 5.000000000000e-03
4.204649995108e+00 4.668885295271e+00 5.000000000000e-03
4.953627023920e+00 4.441389683256e+00 5.000000000000e-03
4.604938639938e+00 1.725028122379e+00 5.000000000000e-03
3.709319956212e+00 4.385693897437e-01 5.000000000000e-03
2.594170357746e+00 4.613555766170e+00 5.000000000000e-03
3.941547752920e+00 3.633867797821e+00 5.000000000000e-03
4.665276568601e+00 1.596615796538e+00 5.000000000000e-03
4.270428624650e+00 5.064995115181e+00 5.000000000000e-03
4.154814254828e+00 4.848367245232e+00 5.000000000000e-03
3.577504020430e+00 1.370070218348e+00 5.000000000000e-03
3.649266842750e+00 3.623044945181e+00 5.000000000000e-03
1.033790871554e-01 4.838850972272e+00 5.000000000000e-03
4.460543388141e+00 4.188405065855e-01 5.000000000000e-03
2.887712946212e+00 4.436303036937e+00 5.000000000000e-03
4.458107660765e+00 5.317555100198e+00 5.000000000000e-03
3.655614088339e+00 2.855177661501e+00 5.000000000000e-03
4.440137338137e+00 4.483121766529e+00 5.000000000000e-03
5.462239946178e+00 3.797660195229e+00 5.000000000000e-03
6.888436016545e-02 4.254357918185e+00 5.000000000000e-03
5.908594234967e+00 4.163559528041e+00 5.000000000000e-03
4.448556108199e+00 4.792749735639e+00 5.000000000000e-03
3.355158656760e+00 9.169747112016e-01 5.000000000000e-03
3.782968244133e+00 4.735130593802e+00 5.000000000000e-03
5.012611133584e+00 4.619117046367e+00 5.000000000000e-03
2.899894111501e+00 4.310689056118e+00 5.000000000000e-03
3.548750825968e+00 4.706892366695e+00 5.000000000000e-03
4.175079151491e+00 4.130487218856e+00 5.000000000000e-03
4.335492380419e+00 5.130491185963e+00 5.000000000000e-03
3.952847588943e+00 6.153818370043e+00 5.000000000000e-03
2.810601319006e+00 4.365910088991e+00 5.000000000000e-03
5.202871680620e+00 4.634603559780e+00 5.000000000000e-03
4.718222577304e+00 3.673989566749e+00 5.000000000000e-03
2.768260308580e+00 3.199660656150e+00 -5.000000000000e-03
5.118736670685e+00 1.702279355985e+00 -5.000000000000e-03
1.710363230517e+00 2.841507262353e+00 -5.000000000000e-03
3.889601600674e-01 1.386936174941e+00 -5.000000000000e-03
2.470203418402e+00 2.240229534717e+00 -5.000000000000e-03
4.021759933970e+00 1.940707113050e+00 -5.000000000000e-03
7.605485157237e-01 1.544826749719e+00 -5.000000000000e-03
7.707580889548e-01 1.935151395719e+00 -5.000000000000e-03
4.194275778804e-01 1.439312694381e+00 -5.000000000000e-03
1.182316044298e-01 1.131427777217e+00 -5.000000000000e-03
9.921947037987e-01 1.122875966310e+00 -5.000000000000e-03
1.878943943291e-01 7.971910790749e-01 -5.000000000000e-03
2.541687632500e+00 2.921871940066e+00 -5.000000000000e-03
5.289306655716e+00 5.285417838186e+00 -5.000000000000e-03
6.357543328811e-02 1.285002860785e+00 -5.000000000000e-03
1.256009348720e+00 3.645061369477e+00 -5.000000000000e-03
3.964393934890e+00 2.108323103306e+00 -5.000000000000e-03
2.316150860702e-01 5.681072311566e-03 -5.000000000000e-03
2.530266016729e+00 1.909126631506e+00 -5.000000000000e-03
6.279924157955e+00 1.952452579570e+00 -5.000000000000e-03
7.700091573547e-01 2.176531398433e+00 -5.000000000000e-03
6.185357274319e+00 6.338906128969e-02 -5.000000000000e-03
3.338537706373e-01 2.206848452254e+00 -5.000000000000e-03
2.696860610978e-01 1.836575018673e+00 -5.000000000000e-03
5.349848867382e+00 1.509358832466e+00 -5.000000000000e-03
6.249517042736e+00 1.164422062238e+00 -5.000000000000e-03
5.478915634929e-01 3.709253660056e-01 -5.000000000000e-03
3.488040619599e-02 1.402201364075e+00 -5.000000000000e-03
1.873373689574e+00 6.177134246196e+00 -5.000000000000e-03
6.250506495286e+00 1.865345891230e+00 -5.000000000000e-03
1.361081632088e+00 1.260965096090e+00 -5.000000000000e-03
8.529879822052e-01 2.218913939884e+00 -5.000000000000e-03
1.745945625400e+00 2.649611605435e+00 -5.000000000000e-03
2.200976790918e+00 3.911193367422e-01 -5.000000000000e-03
5.672077084095e+00 5.118338339174e+00 -5.000000000000e-03
9.095491644391e-01 1.120784915181e+00 -5.000000000000e-03
5.522377780438e+00 8.246608970627e-01 -5.000000000000e-03
6.162128178344e+00 3.254086396222e+00 -5.000000000000e-03
3.697395334982e-01 1.584619303989e+00 -5.000000000000e-03
5.297424148662e+00 5.832291229140e+00 -5.000000000000e-03
5.522928681917e-01 3.174502896476e+00 -5.000000000000e-03
2.076879262365e+00 1.238664678966e+00 -5.000000000000e-03
5.302786707230e+00 3.043537697087e+00 -5.000000000000e-03
6.342219165978e-01 1.138459950743e+00 -5.000000000000e-03
1.047655988508e+00 1.508520574479e+00 -5.000000000000e-03
7.246739572948e-01 1.092221655954e+00 -5.000000000000e-03
5.377908942275e+00 7.308820072146e-01 -5.000000000000e-03
1.057610846574e-01 1.254622811862e+00 -5.000000000000e-03
8.013245800620e-01 9.250610480951e-01 -5.000000000000e-03
7.226714566248e-01 3.629166467212e-01 -5.000000000000e-03
1.095085450567e+00 2.223556423966e+00 -5.000000000000e-03
5.722911464173e-01 2.194499623314e+00 -5.000000000000e-03
1.006596198474e+00 3.952767505514e-01 -5.000000000000e-03
9.375448201227e-01 2.061002474374e+00 -5.000000000000e-03
5.671830176555e-01 2.111406673773e+00 -5.000000000000e-03
5.278576434834e-01 7.158780171261e-01 -5.000000000000e-03
5.967111718146e+00 3.787520947691e+00 -5.000000000000e-03
5.401655521542e-01 1.391974605351e+00 -5.000000000000e-03
5.875470040221e+00 1.722129413704e+00 -5.000000000000e-03
4.727637352616e+00 2.730166126695e+00 -5.000000000000e-03
6.177579646606e-01 3.620991862560e+00 -5.000000000000e-03
2.161189482149e+00 1.215390878482e+00 -5.000000000000e-03
8.344663523523e-01 8.423580200807e-01 -5.000000000000e-03
2.068601123125e+00 1.060024950746e+00 -5.000000000000e-03
4.482331949143e+00 1.314026830376e+00 -5.000000000000e-03
1.535718104932e+00 5.128907587063e+00 -5.000000000000e-03
4.453657251650e+00 1.612529231336e+00 -5.000000000000e-03
3.849757244958e+00 2.331258118956e+00 -5.000000000000e-03
4.006213935954e+00 3.026562781465e+00 -5.000000000000e-03
6.061824213510e+00 1.698591862126e+00 -5.000000000000e-03
2.916226539951e+00 2.540528460693e+00 -5.000000000000e-03
3.477122522886e+00 2.167811317055e+00 -5.000000000000e-03
6.521532096142e-01 1.934077106634e+00 -5.000000000000e-03
2.252237465684e+00 1.650417629638e+00 -5.000000000000e-03
4.384356560914e-01 1.295826986860e+00 -5.000000000000e-03
4.997477785501e+00 2.656856845215e+00 -5.000000000000e-03
4.322277705173e+00 2.424089648077e+00 -5.000000000000e-03
5.218327802455e-01 8.284837462095e-01 -5.000000000000e-03
2.897311498067e-01 5.369644970464e+00 -5.000000000000e-03
8.485223080190e-01 1.010198350441e+00 -5.000000000000e-03
1.030228562541e+00 7.688219208855e-01 -5.000000000000e-03
1.597420081761e+00 1.474692218975e+00 -5.000000000000e-03
6.246878434549e+00 2.184458501183e+00 -5.000000000000e-03
7.274273599410e-01 4.146782602177e+00 -5.000000000000e-03
5.820831150211e-01 7.584498222737e-01 -5.000000000000e-03
4.039308871557e+00 2.418240284531e+00 -5.000000000000e-03
3.800774148199e-01 6.979111266202e-01 -5.000000000000e-03
2.541517256567e+00 5.869901269634e+00 -5.000000000000e-03
5.501046652863e+00 1.826546106192e+00 -5.000000000000e-03
5.296442724016e+00 6.075218506546e+00 -5.000000000000e-03
3.617102107569e+00 5.204389118304e-01 -5.000000000000e-03
4.537562494012e+00 8.073377091167e-01 -5.000000000000e-03
5.856723436965e+00 1.905287673199e+00 -5.000000000000e-03
3.019166126195e+00 5.008041730298e-01 -5.000000000000e-03
2.002228597661e+00 2.242252918916e-01 -5.000000000000e-03
5.879686013821e+00 7.515115095271e-01 -5.000000000000e-03
4.697813167646e+00 2.931589084142e+00 -5.000000000000e-03
3.847228975114e+00 4.843400791253e+00 -5.000000000000e-03
4.291819175306e-01 6.239322455214e+00 -5.000000000000e-03
6.098371440374e+00 6.225776987984e+00 -5.000000000000e-03
