7.395269236013e-01 9.054993066519e-01 5.000000000000e-03
9.704297501337e-01 8.961791931766e-01 5.000000000000e-03
2.119682971251e+00 4.860325215920e+00 5.000000000000e-03
1.281440872729e+00 4.618658578443e+00 5.000000000000e-03
4.401558004389e+00 3.500118048210e+00 5.000000000000e-03
3.801144799571e+00 2.616199245736e-01 5.000000000000e-03
2.551644409269e+00 2.295698008638e+00 5.000000000000e-03
5.860490932591e+00 2.837107541493e+00 5.000000000000e-03
4.395874652476e+00 4.200390552627e+00 5.000000000000e-03
3.177806705482e+00 1.524596139626e+00 5.000000000000e-03
8.994340768269e-01 1.594550625573e+00 5.000000000000e-03
2.423001429074e+00 5.619178269548e+00 5.000000000000e-03
5.656558505400e+00 5.509966698357e+00 5.000000000000e-03
1.590647194731e+00 5.094469795771e+00 5.000000000000e-03
2.570683089079e+00 5.785591189270e+00 5.000000000000e-03
4.473426130988e-01 2.193812197161e+00 5.000000000000e-03
1.262825506629e+00 1.763269427694e-01 5.000000000000e-03
3.803168958015e+00 5.453230904620e+00 5.000000000000e-03
1.425838740110e+00 5.724546173695e+00 5.000000000000e-03
3.556344256528e+00 2.448107561616e+00 5.000000000000e-03
3.601315049269e-01 2.872223169362e+00 5.000000000000e-03
5.126206482218e+00 1.384961519995e+00 5.000000000000e-03
6.769065269678e-01 4.880825185198e+00 5.000000000000e-03
3.659257220698e+00 2.307728566801e+00 5.000000000000e-03
4.119486457471e+00 1.572361233229e+00 5.000000000000e-03
4.252914192989e+00 4.672801594100e+00 5.000000000000e-03
6.911198448095e-01 3.170600150589e+00 5.000000000000e-03
1.225449428467e+00 1.475237944775e+00 5.000000000000e-03
1.931465659699e+00 6.273677860245e+00 5.000000000000e-03
1.497549189307e-01 2.053625521360e-01 5.000000000000e-03
4.355350540186e+00 6.264615193687e+00 5.000000000000e-03
4.083570747628e+00 3.053705591448e+00 5.000000000000e-03
8.898788550978e-01 4.443209440728e+00 5.000000000000e-03
3.715056052396e+00 1.296301447870e+00 5.000000000000e-03
3.252141854145e-01 5.036095827318e+00 5.000000000000e-03
4.307482624306e+00 4.586860261549e+00 5.000000000000e-03
1.743208329972e+00 4.872846428476e+00 5.000000000000e-03
1.651613268996e+00 4.965204697157e+00 5.000000000000e-03
1.267523672764e+00 2.000747602893e-01 5.000000000000e-03
2.672931004352e+00 4.438040761526e+00 5.000000000000e-03
5.657330089134e+00 3.950069767221e+00 5.000000000000e-03
5.675955645377e-01 4.181356880722e+00 5.000000000000e-03
1.309769933910e+00 4.180107568305e+00 5.000000000000e-03
3.863509415539e+00 1.022305661650e+00 5.000000000000e-03
6.800346552808e-01 3.145284991864e+00 5.000000000000e-03
3.816207705137e+00 4.952231851126e+00 5.000000000000e-03
1.924442012152e-01 1.135867214685e+00 5.000000000000e-03
2.367475933277e+00 6.238729177140e+00 5.000000000000e-03
1.163684449406e+00 5.629452554905e+00 5.000000000000e-03
3.953136896565e+00 6.080329555536e+00 5.000000000000e-03
5.871416580689e+00 3.292540454599e+00 5.000000000000e-03
4.940120053998e+00 5.208252290203e+00 5.000000000000e-03
6.562002508180e-01 4.153037128472e+00 5.000000000000e-03
5.061170104670e+00 3.930452041469e+00 5.000000000000e-03
4.896673091905e+00 4.920583791355e+00 5.000000000000e-03
4.925840236960e+00 2.958420554725e+00 5.000000000000e-03
2.996367283757e+00 4.909238130372e-01 5.000000000000e-03
2.768715740011e-02 1.947713378523e+00 5.000000000000e-03
8.570870830105e-01 1.761282070871e+00 5.000000000000e-03
3.549855178832e+00 3.128690863097e+00 5.000000000000e-03
3.574599334535e+00 3.955934902330e+00 5.000000000000e-03
1.257638558398e+00 3.804590143792e+00 5.000000000000e-03
3.127526263362e+00 6.389594940311e-01 5.000000000000e-03
1.141453535516e+00 1.675871633068e+00 5.000000000000e-03
2.157690638505e-01 1.482776053025e+00 5.000000000000e-03
4.907104996953e-01 2.913566311585e+00 5.000000000000e-03
6.065977863648e+00 2.825672627375e+00 5.000000000000e-03
9.610029664833e-01 1.894324170096e+00 5.000000000000e-03
5.792021367562e+00 2.131673242735e+00 5.000000000000e-03
2.274497897253e+00 1.846853640176e+00 5.000000000000e-03
4.581950484030e+00 5.700392842058e-01 5.000000000000e-03
3.418003357095e+00 4.208093069766e+00 5.000000000000e-03
1.695531153995e+00 1.437399407819e+00 5.000000000000e-03
2.936495485434e+00 2.656881522942e+00 5.000000000000e-03
5.464017851452e+00 1.128238856151e+00 5.000000000000e-03
4.402474117176e+00 1.431934916634e+00 5.000000000000e-03
8.201858612463e-01 1.548989641714e+00 5.000000000000e-03
3.658599660021e+00 5.356274543919e+00 5.000000000000e-03
4.439783131800e+00 5.557555716240e+00 5.000000000000e-03
3.506910405771e+00 6.131551103381e+00 5.000000000000e-03
4.273364581376e+00 7.055462322165e-01 5.000000000000e-03
4.276887560764e+00 5.171372755811e+00 5.000000000000e-03
3.954225128636e+00 5.160722716481e-01 5.000000000000e-03
2.477069574660e+00 2.303427576358e+00 5.000000000000e-03
5.840361231369e+00 3.292501780980e+00 5.000000000000e-03
1.011815683479e+00 3.672576314145e+00 5.000000000000e-03
1.796893860611e+00 2.562601913757e-01 5.000000000000e-03
4.497015011188e+00 8.779243782235e-01 5.000000000000e-03
3.474206826429e-01 3.962162228574e-01 5.000000000000e-03
2.652939553084e+00 2.874696678406e+00 5.000000000000e-03
8.540967509322e-01 4.381087115985e+00 5.000000000000e-03
5.042451702896e+00 5.183632087629e+00 5.000000000000e-03
3.201389705892e+00 3.360371638511e+00 5.000000000000e-03
3.796442211962e+00 1.110930102868e+00 5.000000000000e-03
3.177322518516e+00 1.518850191729e-01 5.000000000000e-03
1.610375770675e+00 5.974382223210e+00 5.000000000000e-03
7.467675234029e-01 3.252844642719e+00 5.000000000000e-03
4.451411312333e+00 4.448684984591e+00 5.000000000000e-03
2.366782796379e+00 5.583036834217e+00 5.000000000000e-03
6.224073393358e+00 5.835823628150e+00 5.000000000000e-03
5.264034522729e+00 2.963776057153e+00 -5.000000000000e-03
5.760462824638e+00 6.709262024103e-01 -5.000000000000e-03
1.686097092640e+00 5.307264241652e+00 -5.000000000000e-03
3.207810053991e+00 6.038414520471e+00 -5.000000000000e-03
2.175420819631e+00 6.211241681948e+00 -5.000000000000e-03
1.223230445762e+00 2.172513373246e+00 -5.000000000000e-03
2.036350454576e+00 4.477982909775e+00 -5.000000000000e-03
5.257615354474e+00 1.499029277472e+00 -5.000000000000e-03
9.747110998379e-01 2.655849126850e+00 -5.000000000000e-03
5.581212250297e+00 1.248232546709e+00 -5.000000000000e-03
1.820166754788e+00 3.335275337863e+00 -5.000000000000e-03
2.192303745960e+00 4.247787962920e+00 -5.000000000000e-03
5.441534520248e+00 2.891057768942e+00 -5.000000000000e-03
4.852497055987e+00 2.522406043296e+00 -5.000000000000e-03
4.645120048106e-01 2.553987499592e+00 -5.000000000000e-03
5.617134360059e+00 2.240210275054e+00 -5.000000000000e-03
5.278923905127e-01 2.604529149031e+00 -5.000000000000e-03
4.600389468532e+00 3.661849002619e-01 -5.000000000000e-03
5.105913431884e+00 2.877942278334e+00 -5.000000000000e-03
3.440843102975e+00 5.682828867516e+00 -5.000000000000e-03
3.067778546916e+00 5.786327609058e+00 -5.000000000000e-03
3.559094748674e+00 4.643140120135e+00 -5.000000000000e-03
4.599997839889e+00 2.448772284967e+00 -5.000000000000e-03
4.101342731961e+00 5.502367067329e+00 -5.000000000000e-03
2.999774980913e+00 4.007201309131e+00 -5.000000000000e-03
1.802306771408e+00 3.321302000217e+00 -5.000000000000e-03
2.866968369720e+00 1.441364986288e+00 -5.000000000000e-03
5.116818607594e+00 2.476878604945e+00 -5.000000000000e-03
7.241878047234e-01 2.606316816401e+00 -5.000000000000e-03
6.135921525381e+00 2.115067530608e+00 -5.000000000000e-03
5.254301887087e+00 2.324343923060e+00 -5.000000000000e-03
5.468856693306e+00 3.068949821429e+00 -5.000000000000e-03
1.767224172410e+00 2.264443696530e+00 -5.000000000000e-03
2.447398222793e+00 5.248116194497e+00 -5.000000000000e-03
5.796524802641e+00 5.474848901435e+00 -5.000000000000e-03
4.389263044292e+00 3.351913679658e+00 -5.000000000000e-03
3.615421440292e+00 4.867198690157e+00 -5.000000000000e-03
6.690608981874e-01 2.578836107713e+00 -5.000000000000e-03
5.464443260173e+00 2.994407685714e+00 -5.000000000000e-03
3.147390306035e+00 5.753155821519e+00 -5.000000000000e-03
3.745170218981e+00 1.916987605900e+00 -5.000000000000e-03
1.864087061628e+00 2.557774598026e+00 -5.000000000000e-03
1.827845310139e+00 1.672159340808e+00 -5.000000000000e-03
6.227725279535e+00 1.192412334853e+00 -5.000000000000e-03
2.743692566708e+00 1.451046019752e+00 -5.000000000000e-03
3.289079181666e+00 4.652126035141e+00 -5.000000000000e-03
4.894067141935e+00 7.900914814495e-01 -5.000000000000e-03
2.525999689846e+00 3.931891265181e-01 -5.000000000000e-03
3.686789965453e+00 2.000914045459e+00 -5.000000000000e-03
5.868599951317e+00 4.882492421636e+00 -5.000000000000e-03
4.794148803985e-01 2.553972253718e+00 -5.000000000000e-03
5.835316592735e+00 1.344334302702e+00 -5.000000000000e-03
6.116930675467e+00 1.852435631123e-01 -5.000000000000e-03
6.043082398633e+00 1.770373835594e+00 -5.000000000000e-03
2.379422155043e+00 4.040560411790e+00 -5.000000000000e-03
3.326927584297e+00 5.609501816698e+00 -5.000000000000e-03
2.848690771214e+00 3.385512103603e+00 -5.000000000000e-03
3.449862320651e+00 5.791125061431e+00 -5.000000000000e-03
1.729319183575e+00 3.782067254301e+00 -5.000000000000e-03
1.048913645334e+00 2.632223001242e+00 -5.000000000000e-03
1.955245593734e+00 5.699447265827e+00 -5.000000000000e-03
1.710426571905e+00 2.144379266227e+00 -5.000000000000e-03
2.849498498737e+00 1.567749385108e+00 -5.000000000000e-03
1.319749233762e+00 1.266715990448e+00 -5.000000000000e-03
2.901940437338e+00 3.982548236020e+00 -5.000000000000e-03
4.982401060522e+00 2.019224399288e-01 -5.000000000000e-03
3.375037823861e+00 2.597562601954e+00 -5.000000000000e-03
2.538322755061e+00 3.193888062951e+00 -5.000000000000e-03
6.532639058332e-01 2.632689684063e+00 -5.000000000000e-03
3.047205555250e+00 5.252048413099e+00 -5.000000000000e-03
5.576068204641e+00 2.904338603405e+00 -5.000000000000e-03
5.722681410168e+00 3.625582135483e+00 -5.000000000000e-03
2.087451604913e+00 5.818885546114e+00 -5.000000000000e-03
1.821685189239e+00 2.943241595711e+00 -5.000000000000e-03
1.819698576175e+00 5.791684824106e+00 -5.000000000000e-03
1.802903316287e+00 2.234578618912e+00 -5.000000000000e-03
5.346624180375e+00 6.018342565062e+00 -5.000000000000e-03
4.802612889952e+00 2.430363212651e+00 -5.000000000000e-03
2.426882281135e+00 3.674184159759e+00 -5.000000000000e-03
2.661347488688e+00 4.665918487390e+00 -5.000000000000e-03
5.318675953597e+00 5.129526351152e-01 -5.000000000000e-03
2.506626744035e+00 1.272664108560e-01 -5.000000000000e-03
3.333379384809e+00 3.961140992067e+00 -5.000000000000e-03
5.251595917569e+00 2.727386465308e+00 -5.000000000000e-03
6.029153366563e+00 5.489826364821e+00 -5.000000000000e-03
3.125672483757e+00 5.520298678676e+00 -5.000000000000e-03
3.238732506627e+00 2.922235873491e+00 -5.000000000000e-03
1.796689386492e+00 2.048496737396e+00 -5.000000000000e-03
6.798241700731e-02 1.605810805266e-02 -5.000000000000e-03
2.520780954472e+00 4.511211006081e+00 -5.000000000000e-03
5.103854071071e+00 2.105793157809e+00 -5.000000000000e-03
2.687896033569e-01 2.636459238292e+00 -5.000000000000e-03
4.838348866585e+00 2.391550075821e+00 -5.000000000000e-03
3.775700888331e-01 3.627140740144e+00 -5.000000000000e-03
4.651884580513e+00 2.462596601037e+00 -5.000000000000e-03
2.740766221603e+00 3.986153055360e+00 -5.000000000000e-03
2.129227454372e+00 2.568265880392e+00 -5.000000000000e-03
2.595483291567e+00 1.606424121996e+00 -5.000000000000e-03
6.005914039084e+00 2.626452513672e-01 -5.000000000000e-03
4.086179012293e+00 5.150069568860e+00 -5.000000000000e-03
