2.511181523812e+00 3.848412114480e+00 5.000000000000e-03
4.501630801865e+00 1.028812218571e+00 5.000000000000e-03
1.484060060102e-01 3.535984728538e+00 5.000000000000e-03
4.807477231445e+00 3.369184568634e+00 5.000000000000e-03
1.861159570284e-01 1.917121820293e+00 5.000000000000e-03
2.215448430394e+00 1.221173467270e+00 5.000000000000e-03
1.089234701424e+00 6.712740882428e-01 5.000000000000e-03
5.229837015647e+00 3.069008989231e+00 5.000000000000e-03
2.495775936146e+00 1.555518892115e+00 5.000000000000e-03
2.689853274187e+00 5.045251803957e+00 5.000000000000e-03
1.620133844835e+00 3.324975772728e+00 5.000000000000e-03
2.886799710920e+00 2.087067872088e+00 5.000000000000e-03
2.459639402461e+00 2.211833609695e+00 5.000000000000e-03
3.621867718286e+00 4.075791085829e+00 5.000000000000e-03
4.344033341465e+00 4.067086438492e+00 5.000000000000e-03
2.660418183166e+00 2.072278002152e+00 5.000000000000e-03
4.582266521321e+00 3.454821058793e+00 5.000000000000e-03
3.676934170088e+00 5.465001775624e+00 5.000000000000e-03
2.992677788769e+00 5.350643531905e+00 5.000000000000e-03
4.348788079089e+00 3.816897742853e+00 5.000000000000e-03
4.088570860477e+00 2.891486946914e+00 5.000000000000e-03
3.214594042150e+00 3.646480146621e+00 5.000000000000e-03
2.190306348119e+00 4.872351763163e+00 5.000000000000e-03
6.095622714058e+00 5.874843537485e+00 5.000000000000e-03
1.567624487471e+00 2.177483244253e+00 5.000000000000e-03
2.645016491409e+00 2.208762974760e+00 5.000000000000e-03
4.479365980922e+00 5.118033085999e+00 5.000000000000e-03
1.619588686470e+00 1.716416430614e+00 5.000000000000e-03
1.528098197440e+00 1.874874392765e+00 5.000000000000e-03
3.284402368722e+00 4.065557537594e+00 5.000000000000e-03
3.629017131991e+00 3.587238550295e+00 5.000000000000e-03
5.455667474678e-01 1.097742342563e+00 5.000000000000e-03
3.098509502825e+00 2.115743777455e+00 5.000000000000e-03
2.760172594331e-01 5.233741264699e+00 5.000000000000e-03
2.939556190495e+00 1.799427558849e+00 5.000000000000e-03
2.441834168209e+00 4.985342563031e+00 5.000000000000e-03
2.872064683987e+00 2.219043305872e+00 5.000000000000e-03
1.661883646006e+00 3.971532880243e+00 5.000000000000e-03
4.246679562141e-01 2.136068747882e+00 5.000000000000e-03
3.965452000192e+00 2.700500736004e+00 5.000000000000e-03
9.943668035171e-02 1.611411691472e+00 5.000000000000e-03
4.731072973118e+00 5.199238244544e+00 5.000000000000e-03
3.044954775272e+00 2.467367706664e+00 5.000000000000e-03
9.504532916140e-01 3.961891542855e+00 5.000000000000e-03
4.090997392272e+00 2.872076142381e+00 5.000000000000e-03
1.533192923436e+00 6.194304706238e+00 5.000000000000e-03
1.189744854564e+00 2.820203113062e+00 5.000000000000e-03
2.089547691690e+00 3.248417788419e+00 5.000000000000e-03
1.982517394476e+00 3.312254501385e+00 5.000000000000e-03
1.934241738419e+00 1.023550088476e+00 5.000000000000e-03
3.506973006920e+00 3.388226504106e+00 5.000000000000e-03
1.414778689777e+00 9.130639758612e-01 5.000000000000e-03
5.325724941208e-03 1.694968334967e+00 5.000000000000e-03
1.930654931813e+00 1.399300738277e+00 5.000000000000e-03
1.484103637771e+00 3.369163272906e+00 5.000000000000e-03
6.058511350399e+00 2.629785690217e+00 5.000000000000e-03
9.790220546497e-01 2.481682635725e+00 5.000000000000e-03
7.286243575231e-01 8.113557465850e-01 5.000000000000e-03
2.451416062113e+00 5.600274881238e+00 5.000000000000e-03
6.626155319407e-03 1.327641911426e+00 5.000000000000e-03
2.925946617425e+00 3.905342384194e+00 5.000000000000e-03
7.044478022476e-01 3.384993451033e+00 5.000000000000e-03
3.844008796654e+00 4.770039356788e+00 5.000000000000e-03
6.248808789098e+00 1.039750107352e+00 5.000000000000e-03
3.210259692334e+00 2.594250256631e+00 5.000000000000e-03
3.251146817544e+00 2.533395954706e+00 5.000000000000e-03
3.409550587057e+00 3.765592873108e+00 5.000000000000e-03
1.326964165288e+00 9.388860601268e-01 5.000000000000e-03
3.225156422415e+00 2.132586316266e+00 5.000000000000e-03
2.385917599011e+00 1.844089274587e+00 5.000000000000e-03
3.963518997884e+00 2.667315089068e+00 5.000000000000e-03
1.544681624139e+00 5.863336133188e+00 5.000000000000e-03
2.847104261018e+00 2.248607507344e+00 5.000000000000e-03
1.557021135543e+00 1.330314683028e+00 5.000000000000e-03
4.281567111152e+00 3.692685449672e+00 5.000000000000e-03
1.610069109868e+00 2.661283785750e+00 5.000000000000e-03
3.026116985592e+00 2.604932311040e+00 5.000000000000e-03
2.041296085818e+00 3.570683110278e-02 5.000000000000e-03
2.513528588683e+00 3.030800101595e-01 5.000000000000e-03
8.447820903135e-01 1.354169353948e+00 5.000000000000e-03
1.843054875983e+00 2.913710423021e+00 5.000000000000e-03
2.119093286498e+00 1.504614682994e-01 5.000000000000e-03
3.850483121467e+00 2.089032656490e+00 5.000000000000e-03
1.890155919104e+00 4.256167478890e+00 5.000000000000e-03
4.175545361357e-01 2.001587655201e+00 5.000000000000e-03
3.474397296099e+00 1.748000426423e+00 5.000000000000e-03
7.714543482160e-01 1.354039736766e+00 5.000000000000e-03
5.582027898286e+00 4.500156013436e+00 5.000000000000e-03
4.516340870374e+00 1.693680569172e+00 5.000000000000e-03
5.764749398088e+00 2.855931637074e+00 5.000000000000e-03
5.522312557141e+00 4.347118586885e+00 5.000000000000e-03
3.979106268897e+00 4.067136233588e+00 5.000000000000e-03
5.481063535151e+00 1.093552595582e+00 5.000000000000e-03
9.581082585464e-02 2.216700013730e+00 5.000000000000e-03
4.695758050514e+00 3.583402794529e+00 5.000000000000e-03
3.660950607417e+00 3.528486477215e+00 5.000000000000e-03
5.732395198035e+00 5.863858569309e+00 5.000000000000e-03
2.391252999528e+00 2.110499181035e+00 5.000000000000e-03
1.660097534199e+00 2.083205525493e+00 5.000000000000e-03
3.148387672028e+00 4.652540086810e-01 5.000000000000e-03
6.211590773198e+00 5.317537180321e+00 -5.000000000000e-03
5.441060337998e+00 3.791877499370e+00 -5.000000000000e-03
5.756734918088e-01 4.075748643682e+00 -5.000000000000e-03
9.826808373363e-01 4.225517985230e+00 -5.000000000000e-03
4.891546709542e+00 6.210375936024e+00 -5.000000000000e-03
5.696950679623e+00 1.732018605464e+00 -5.000000000000e-03
1.036793340209e+00 5.987807385813e+00 -5.000000000000e-03
4.373667380820e+00 5.727030836632e-02 -5.000000000000e-03
4.239214072105e+00 5.518251985255e+00 -5.000000000000e-03
6.288502218718e-01 5.827941495692e+00 -5.000000000000e-03
5.698231209334e+00 4.212659338986e+00 -5.000000000000e-03
4.908050077301e+00 4.150071847783e+00 -5.000000000000e-03
1.080036701161e+00 4.973483347340e+00 -5.000000000000e-03
3.543713607501e+00 1.705268388688e-01 -5.000000000000e-03
4.910678136887e+00 8.130465701032e-01 -5.000000000000e-03
5.780064478377e+00 4.012390487487e+00 -5.000000000000e-03
5.897144601213e+00 5.747010051158e+00 -5.000000000000e-03
3.856154419526e+00 6.378338528561e-01 -5.000000000000e-03
6.407553086168e-01 1.179718404968e+00 -5.000000000000e-03
6.790501302190e-01 4.181401533584e-01 -5.000000000000e-03
6.253163246372e+00 3.422397062801e+00 -5.000000000000e-03
5.009236269756e+00 5.069903765229e+00 -5.000000000000e-03
4.120023822662e+00 5.158872902062e-01 -5.000000000000e-03
7.544336700561e-01 5.755269110995e+00 -5.000000000000e-03
9.869588155693e-01 5.489863911459e+00 -5.000000000000e-03
4.830454773936e+00 5.337213246570e+00 -5.000000000000e-03
6.019770882413e+00 2.287027687119e+00 -5.000000000000e-03
4.765054222194e-02 3.731835071186e-01 -5.000000000000e-03
3.551087408781e+00 2.884629286724e+00 -5.000000000000e-03
1.061687377300e+00 5.713542479370e+00 -5.000000000000e-03
3.781686441342e+00 4.016910815755e-01 -5.000000000000e-03
3.777983522756e+00 2.882392189628e-01 -5.000000000000e-03
6.195327687363e+00 1.775282027724e+00 -5.000000000000e-03
4.782277584515e-01 6.002543781910e+00 -5.000000000000e-03
2.460674505715e-01 6.260009999529e+00 -5.000000000000e-03
5.897808166278e+00 8.422097494174e-02 -5.000000000000e-03
4.124541368044e-01 5.998562998313e+00 -5.000000000000e-03
3.689689377185e+00 2.535282972022e+00 -5.000000000000e-03
5.610971043626e-01 5.836771005909e+00 -5.000000000000e-03
5.324042595455e+00 1.224928288467e+00 -5.000000000000e-03
3.382366655689e+00 1.002149424091e+00 -5.000000000000e-03
5.433603115958e+00 5.347957156456e-01 -5.000000000000e-03
6.190101739049e-01 1.198226098508e+00 -5.000000000000e-03
1.240152418422e+00 5.844664420617e+00 -5.000000000000e-03
5.175217196750e-01 5.232176856431e-02 -5.000000000000e-03
1.026188670776e+00 5.020098853219e+00 -5.000000000000e-03
5.121140745544e+00 6.203617566398e+00 -5.000000000000e-03
6.190809841134e+00 3.940157563252e-01 -5.000000000000e-03
1.805430513627e+00 6.133615431052e+00 -5.000000000000e-03
1.116903349462e+00 1.825524697580e+00 -5.000000000000e-03
3.376517094431e+00 6.184723522042e+00 -5.000000000000e-03
4.260874962974e+00 4.391254040368e+00 -5.000000000000e-03
2.950665845355e+00 5.195928965206e+00 -5.000000000000e-03
3.215977218465e-01 9.112741360988e-01 -5.000000000000e-03
7.998207964520e-01 5.932241157068e+00 -5.000000000000e-03
5.401582408853e+00 3.677491075942e+00 -5.000000000000e-03
5.668978163321e+00 5.444136916806e+00 -5.000000000000e-03
1.298507603491e+00 5.931862216352e+00 -5.000000000000e-03
1.832162552906e+00 5.565393029291e+00 -5.000000000000e-03
5.989437336627e+00 4.197840111376e+00 -5.000000000000e-03
5.229854191035e+00 6.107604106207e+00 -5.000000000000e-03
4.796443925579e-01 4.276964546599e+00 -5.000000000000e-03
4.704686174834e+00 8.238067656853e-02 -5.000000000000e-03
4.207532582472e+00 1.150120483384e+00 -5.000000000000e-03
6.119619624239e+00 4.218195626903e+00 -5.000000000000e-03
4.996019626599e+00 3.870635848383e+00 -5.000000000000e-03
1.239245204254e+00 5.373390483205e+00 -5.000000000000e-03
2.791525899896e+00 5.710773748035e+00 -5.000000000000e-03
7.272645822238e-01 5.791753215700e+00 -5.000000000000e-03
1.511539210043e+00 5.027573459185e+00 -5.000000000000e-03
3.720982078534e+00 3.276045950970e+00 -5.000000000000e-03
3.892342111839e+00 3.269826677348e+00 -5.000000000000e-03
5.891773297104e-01 6.006077410856e+00 -5.000000000000e-03
3.198414642992e+00 3.052680706894e+00 -5.000000000000e-03
5.479720363811e+00 5.727649765666e+00 -5.000000000000e-03
3.313007633346e+00 5.832148540239e+00 -5.000000000000e-03
2.635297486307e+00 5.575861130258e+00 -5.000000000000e-03
2.415380169361e+00 9.632595452626e-02 -5.000000000000e-03
7.531251284368e-01 4.393105367528e+00 -5.000000000000e-03
7.966674101414e-01 5.416864763146e+00 -5.000000000000e-03
4.352050461213e+00 4.375304701390e+00 -5.000000000000e-03
5.980647228156e+00 4.374053528162e+00 -5.000000000000e-03
5.908834271411e+00 2.567931558610e-01 -5.000000000000e-03
6.124454733457e-01 4.083396961891e+00 -5.000000000000e-03
8.432852533420e-03 6.000318964300e+00 -5.000000000000e-03
4.712824044733e+00 4.586839771128e+00 -5.000000000000e-03
3.593987431170e+00 8.279082947008e-02 -5.000000000000e-03
5.028996877078e+00 5.961265136568e+00 -5.000000000000e-03
3.089678408665e-01 8.183158631138e-01 -5.000000000000e-03
6.281807278802e-01 2.099659359985e-03 -5.000000000000e-03
1.017423864105e+00 4.320237914203e+00 -5.000000000000e-03
4.548110018959e+00 6.250169997264e+00 -5.000000000000e-03
5.633631439174e+00 5.071656656740e+00 -5.000000000000e-03
5.261735345945e-01 1.392686174489e+00 -5.000000000000e-03
4.239030079326e+00 4.243792843248e+00 -5.000000000000e-03
2.443480344940e+00 3.012245923828e+00 -5.000000000000e-03
3.659727067479e+00 1.800054159920e+00 -5.000000000000e-03
5.686854153502e+00 1.572887991467e+00 -5.000000000000e-03
8.691409573560e-01 4.226541360768e+00 -5.000000000000e-03
1.973694127276e+00 5.154390319403e+00 -5.000000000000e-03
