2.913705103627e-02 5.679683565905e+00 5.000000000000e-03
2.098055874207e+00 6.065307895553e-01 5.000000000000e-03
1.538039601357e+00 3.718885595063e+00 5.000000000000e-03
6.246230176995e+00 2.582308139058e+00 5.000000000000e-03
1.133372781749e+00 2.790243203167e-01 5.000000000000e-03
1.231878218410e-01 1.019267044261e+00 5.000000000000e-03
6.086489085234e+00 9.530956669459e-01 5.000000000000e-03
6.114358713414e+00 5.203829088063e+00 5.000000000000e-03
6.192805947433e+00 5.097423205386e+00 5.000000000000e-03
5.935655056417e-01 2.376768668465e+00 5.000000000000e-03
2.636163884936e-01 5.586865793574e+00 5.000000000000e-03
8.715465493668e-01 6.045883136122e-01 5.000000000000e-03
1.726776607994e+00 5.527481101850e+00 5.000000000000e-03
4.940779448912e+00 7.995227987413e-01 5.000000000000e-03
4.854778151213e-01 4.515486120718e+00 5.000000000000e-03
4.879416460208e-01 3.964885791429e+00 5.000000000000e-03
4.489176465541e+00 1.442835365187e+00 5.000000000000e-03
1.257110339689e+00 6.027847170252e+00 5.000000000000e-03
4.759922670482e+00 2.577780926669e+00 5.000000000000e-03
5.767096976307e+00 1.367966431799e+00 5.000000000000e-03
2.618388758638e+00 1.000416622633e+00 5.000000000000e-03
1.581302912116e+00 5.185131295696e+00 5.000000000000e-03
4.338369001067e+00 4.587095442344e+00 5.000000000000e-03
3.682940295266e-01 1.824170926115e-01 5.000000000000e-03
6.150896971861e+00 5.264349360240e+00 5.000000000000e-03
4.898773605935e+00 2.256407561631e+00 5.000000000000e-03
1.272035637096e+00 6.282442923352e+00 5.000000000000e-03
6.073046797391e-01 4.234143895911e+00 5.000000000000e-03
1.726840686826e+00 3.118101735515e+00 5.000000000000e-03
2.189324138652e+00 4.415782994259e+00 5.000000000000e-03
4.333239467845e+00 5.051510819523e+00 5.000000000000e-03
5.976639226252e-01 4.382169225194e+00 5.000000000000e-03
1.718157389514e+00 5.664627882770e+00 5.000000000000e-03
2.712188252492e+00 5.257611196129e+00 5.000000000000e-03
2.150279312281e+00 4.756737745766e+00 5.000000000000e-03
5.574774749956e+00 1.624330608837e+00 5.000000000000e-03
4.188469562862e-02 4.725351068756e+00 5.000000000000e-03
4.015292120833e+00 1.392793370036e+00 5.000000000000e-03
6.339867894670e-01 4.639976319356e-01 5.000000000000e-03
1.999219112213e+00 5.375400945744e+00 5.000000000000e-03
6.230577793870e+00 2.943013478700e+00 5.000000000000e-03
9.958944079912e-01 5.864246059491e+00 5.000000000000e-03
6.105799017266e+00 2.518380678953e+00 5.000000000000e-03
1.262720472593e+00 1.054840055193e+00 5.000000000000e-03
1.407245603694e+00 1.040895340925e+00 5.000000000000e-03
6.154569604593e+00 3.242302443132e+00 5.000000000000e-03
3.152268374314e+00 4.122800436938e+00 5.000000000000e-03
1.226236770502e-01 3.797353135766e+00 5.000000000000e-03
5.333135893504e+00 3.168477249628e+00 5.000000000000e-03
2.265968194965e+00 4.434899654063e+00 5.000000000000e-03
4.464105607714e+00 3.457795269764e-01 5.000000000000e-03
8.594599378691e-01 4.859613333985e-02 5.000000000000e-03
5.406663771139e+00 2.933007774468e+00 5.000000000000e-03
5.812258828178e+00 3.960624573364e+00 5.000000000000e-03
9.903006753225e-01 5.706858503403e+00 5.000000000000e-03
5.179548134167e-01 4.324953587374e+00 5.000000000000e-03
9.561617801159e-01 5.974758122017e+00 5.000000000000e-03
2.155942059759e+00 5.915386185925e+00 5.000000000000e-03
4.860856406332e+00 3.344550441596e+00 5.000000000000e-03
5.480619344916e-01 1.372483203645e+00 5.000000000000e-03
4.896478508514e+00 4.457011444810e-01 5.000000000000e-03
6.906909629333e-01 6.126390469582e+00 5.000000000000e-03
8.689625990854e-01 5.018542270253e+00 5.000000000000e-03
5.916250334485e-01 4.622518455957e+00 5.000000000000e-03
5.255429645418e+00 5.610929831421e+00 5.000000000000e-03
1.535328619489e+00 5.643839019714e+00 5.000000000000e-03
4.624589018073e+00 4.377555931000e+00 5.000000000000e-03
1.291217494969e+00 8.956608605506e-01 5.000000000000e-03
9.186680361318e-02 4.167740395631e+00 5.000000000000e-03
1.492042032266e+00 3.966085052106e+00 5.000000000000e-03
2.543761124319e+00 3.901680306256e+00 5.000000000000e-03
2.325837355896e+00 4.157681808453e+00 5.000000000000e-03
4.187983744510e-02 4.922968639779e+00 5.000000000000e-03
1.803271560813e+00 5.511763280661e+00 5.000000000000e-03
4.994741073960e+00 1.621721440044e+00 5.000000000000e-03
2.949436978473e-01 3.268409155069e+00 5.000000000000e-03
1.770163801699e-01 5.371726810417e+00 5.000000000000e-03
2.258785507354e+00 3.840479334487e+00 5.000000000000e-03
4.643162960606e-01 4.480923353066e+00 5.000000000000e-03
1.728809867669e-01 3.493587459532e+00 5.000000000000e-03
1.781461937888e+00 5.278503590527e+00 5.000000000000e-03
1.071949479851e+00 5.239977560376e-01 5.000000000000e-03
5.408531973562e+00 2.834415486075e+00 5.000000000000e-03
6.074998853936e+00 2.139832397104e+00 5.000000000000e-03
5.174744806864e+00 3.859660594795e+00 5.000000000000e-03
1.244937089564e+00 6.008442531026e+00 5.000000000000e-03
1.804298499923e+00 2.535420530732e+00 5.000000000000e-03
4.861766803947e+00 7.794235897742e-01 5.000000000000e-03
1.488526486822e-01 4.624947999067e+00 5.000000000000e-03
4.685402429458e-01 8.900678293077e-01 5.000000000000e-03
5.164631285252e-01 3.555418406919e-01 5.000000000000e-03
1.730239540605e-01 1.417748991049e-01 5.000000000000e-03
8.802841376793e-01 5.285848581944e+00 5.000000000000e-03
1.218174743901e+00 6.256952787079e+00 5.000000000000e-03
1.895007353619e+00 5.358424304034e+00 5.000000000000e-03
2.783039246318e+00 4.516285215030e+00 5.000000000000e-03
8.138043733210e-01 5.244556817493e+00 5.000000000000e-03
1.203596246284e+00 5.885340633524e+00 5.000000000000e-03
6.119815227736e+00 3.185417971117e+00 5.000000000000e-03
4.664657317438e+00 6.260335685527e+00 5.000000000000e-03
2.207718130394e+00 3.287778486483e+00 -5.000000000000e-03
3.942849116222e+00 2.697644725508e+00 -5.000000000000e-03
2.463998687107e+00 6.084482344152e+00 -5.000000000000e-03
2.515719318972e+00 5.874482593056e+00 -5.000000000000e-03
3.186792497242e+00 2.128683091717e-01 -5.000000000000e-03
4.878343977365e+00 4.525978365088e+00 -5.000000000000e-03
5.315326159812e+00 3.378393732336e-01 -5.000000000000e-03
4.211434650837e+00 2.874725546662e+00 -5.000000000000e-03
3.207297513782e+00 1.515552929958e+00 -5.000000000000e-03
4.351762074131e+00 1.957583863001e+00 -5.000000000000e-03
3.302178903547e+00 1.880873552391e+00 -5.000000000000e-03
5.600366375977e+00 2.278418486444e+00 -5.000000000000e-03
5.879007454841e+00 1.696585269695e+00 -5.000000000000e-03
3.151440603345e+00 2.379556627960e+00 -5.000000000000e-03
5.803368297884e+00 5.803400030744e+00 -5.000000000000e-03
4.496364187459e+00 4.615453029487e+00 -5.000000000000e-03
3.754574203198e+00 1.821496735148e+00 -5.000000000000e-03
1.405358626761e+00 1.692077954838e+00 -5.000000000000e-03
6.065362667170e-01 1.998801758849e+00 -5.000000000000e-03
5.183865669590e+00 2.111178964947e+00 -5.000000000000e-03
5.602981610445e+00 5.539297031744e+00 -5.000000000000e-03
3.201244223725e+00 6.120855874750e+00 -5.000000000000e-03
4.514257107639e+00 4.108591922837e+00 -5.000000000000e-03
2.387163285943e+00 4.862064445560e+00 -5.000000000000e-03
4.651757025685e+00 3.633430342000e+00 -5.000000000000e-03
3.656866038334e+00 3.606083874407e+00 -5.000000000000e-03
4.401920961767e+00 5.247407070607e-01 -5.000000000000e-03
6.025991144252e+00 1.279941909304e+00 -5.000000000000e-03
3.744321735921e+00 6.235676330004e+00 -5.000000000000e-03
3.580584925595e+00 1.963801052797e+00 -5.000000000000e-03
2.787638989213e-01 1.349313861571e+00 -5.000000000000e-03
3.703854753792e+00 2.059187158566e+00 -5.000000000000e-03
4.253168169646e-01 3.036802527841e+00 -5.000000000000e-03
3.616341132884e+00 5.856238793599e-01 -5.000000000000e-03
3.336591503364e+00 1.863511240228e+00 -5.000000000000e-03
3.019621135139e+00 3.414869077794e+00 -5.000000000000e-03
1.228510024254e+00 4.367448550194e+00 -5.000000000000e-03
5.415669101186e+00 1.083391719484e+00 -5.000000000000e-03
1.692515260096e+00 3.058474751355e-01 -5.000000000000e-03
5.092834061701e+00 5.618143601258e+00 -5.000000000000e-03
4.127438518225e-01 5.751596569510e+00 -5.000000000000e-03
4.438882677433e+00 4.500760576911e+00 -5.000000000000e-03
3.619839541493e+00 3.434908146842e+00 -5.000000000000e-03
4.365584950091e+00 1.721454539229e+00 -5.000000000000e-03
1.702150720850e+00 5.983726458977e-01 -5.000000000000e-03
3.868272977327e+00 3.936881875194e+00 -5.000000000000e-03
3.231958225166e+00 2.101134443615e+00 -5.000000000000e-03
1.391380939420e+00 1.927807514719e+00 -5.000000000000e-03
3.676822511898e+00 5.408555735308e+00 -5.000000000000e-03
5.404346743043e-01 3.137168499427e+00 -5.000000000000e-03
3.263312547805e+00 1.236027124744e-01 -5.000000000000e-03
2.663733929403e+00 5.378361948743e+00 -5.000000000000e-03
3.753411858296e+00 8.970660430523e-01 -5.000000000000e-03
3.304624438593e-01 1.566055891927e+00 -5.000000000000e-03
1.243265409502e+00 3.390637809689e+00 -5.000000000000e-03
9.469412764222e-01 2.650974533560e+00 -5.000000000000e-03
4.146044470345e+00 4.341192544013e-01 -5.000000000000e-03
4.724547731846e-01 1.856795831615e+00 -5.000000000000e-03
2.797254941608e+00 2.551522013934e+00 -5.000000000000e-03
3.353830013700e+00 3.459204516733e+00 -5.000000000000e-03
3.279708054478e+00 2.514427574865e+00 -5.000000000000e-03
3.727448389827e+00 2.843586411214e+00 -5.000000000000e-03
3.523350275751e+00 2.495371406265e+00 -5.000000000000e-03
2.247629185412e+00 1.480182370574e+00 -5.000000000000e-03
1.843040638963e+00 7.006646910271e-01 -5.000000000000e-03
3.670703548268e+00 2.777287759138e+00 -5.000000000000e-03
3.053233381057e+00 2.141129796150e+00 -5.000000000000e-03
3.864151204696e+00 4.963680590233e+00 -5.000000000000e-03
2.656275168671e+00 5.694173747134e+00 -5.000000000000e-03
5.774844875389e+00 6.189764222169e+00 -5.000000000000e-03
2.934720072202e+00 2.000394957878e+00 -5.000000000000e-03
4.148787944292e+00 4.366090332605e+00 -5.000000000000e-03
3.310908847671e+00 1.958573532861e+00 -5.000000000000e-03
2.223126494480e+00 6.244611239045e+00 -5.000000000000e-03
4.962332740563e+00 5.578338774945e+00 -5.000000000000e-03
4.379507606709e+00 2.115906498045e+00 -5.000000000000e-03
2.249279955532e+00 2.207895862680e+00 -5.000000000000e-03
3.318738889485e+00 2.693606418202e+00 -5.000000000000e-03
5.310072601646e+00 1.898385705747e+00 -5.000000000000e-03
3.312461037345e+00 1.779356575122e+00 -5.000000000000e-03
2.150681202706e+00 3.021855651224e+00 -5.000000000000e-03
4.926519609892e+00 3.041524013352e+00 -5.000000000000e-03
3.607410063301e+00 2.589799601475e+00 -5.000000000000e-03
2.770720955359e+00 2.108096759857e+00 -5.000000000000e-03
2.518421252210e+00 1.722041917549e+00 -5.000000000000e-03
2.377579674369e+00 2.531160808974e+00 -5.000000000000e-03
3.659936269166e+00 1.367771712354e+00 -5.000000000000e-03
5.214655069064e+00 4.000257736611e+00 -5.000000000000e-03
2.766746287010e+00 6.169891310484e+00 -5.000000000000e-03
3.257853162300e+00 1.617615817374e+00 -5.000000000000e-03
3.438710811365e+00 3.957582938917e+00 -5.000000000000e-03
4.718917187631e+00 9.874767017142e-01 -5.000000000000e-03
1.258104928504e+00 2.824491794355e+00 -5.000000000000e-03
4.001710778098e+00 9.936276825712e-01 -5.000000000000e-03
4.863170256800e+00 5.129536671158e+00 -5.000000000000e-03
5.818990367183e+00 1.593331666174e+00 -5.000000000000e-03
2.488995660730e+00 2.297082343552e+00 -5.000000000000e-03
3.075269812938e+00 1.827376205354e+00 -5.000000000000e-03
5.472426920322e+00 3.275719017562e+00 -5.000000000000e-03
2.201006499483e+00 9.645926467225e-01 -5.000000000000e-03
