3.755980025103e+00 4.674156129740e+00 5.000000000000e-03
5.717877384912e+00 1.352898558160e+00 5.000000000000e-03
4.243153901431e+00 6.215579416928e+00 5.000000000000e-03
2.525368458239e+00 4.926825455339e+00 5.000000000000e-03
4.570087199776e+00 5.024013675927e+00 5.000000000000e-03
9.994499587437e-01 3.324956723195e+00 5.000000000000e-03
1.418058818527e+00 7.673529250268e-01 5.000000000000e-03
4.925778888806e+00 1.485360098819e+00 5.000000000000e-03
4.439059117084e+00 3.995386179974e+00 5.000000000000e-03
1.117411547934e+00 2.580479677630e+00 5.000000000000e-03
5.223623235959e+00 7.439910642389e-01 5.000000000000e-03
1.763599902700e-01 5.483516000311e+00 5.000000000000e-03
4.625386796478e+00 4.769836147677e+00 5.000000000000e-03
3.286411210700e+00 5.750150739346e+00 5.000000000000e-03
2.788639298107e+00 4.669142429169e+00 5.000000000000e-03
2.891272082069e+00 1.027354622077e-01 5.000000000000e-03
1.820020876100e+00 5.442261623523e+00 5.000000000000e-03
3.161394576871e+00 4.571005355635e+00 5.000000000000e-03
3.634765193340e+00 4.347905897467e+00 5.000000000000e-03
4.288625683380e+00 5.184920661832e+00 5.000000000000e-03
6.052824901959e+00 5.389357555613e+00 5.000000000000e-03
5.164260850892e+00 5.503193299358e+00 5.000000000000e-03
3.576822638559e+00 3.140436398083e+00 5.000000000000e-03
1.165743158020e-01 5.348159559004e+00 5.000000000000e-03
3.815283174632e-01 4.484712731034e+00 5.000000000000e-03
6.253167869653e+00 2.505982503313e+00 5.000000000000e-03
7.936816159235e-01 5.628016388762e+00 5.000000000000e-03
2.572290224217e+00 5.939130990899e+00 5.000000000000e-03
3.626018966062e+00 2.988459562237e+00 5.000000000000e-03
3.172664381647e+00 5.944475923843e+00 5.000000000000e-03
5.082159388741e+00 5.421623976940e-03 5.000000000000e-03
2.959136534665e+00 4.369132887230e+00 5.000000000000e-03
1.987597952332e+00 3.302170243764e+00 5.000000000000e-03
4.988100005689e+00 5.722437136300e+00 5.000000000000e-03
2.303458564804e+00 2.851872047489e+00 5.000000000000e-03
9.857952628692e-01 3.303048185691e+00 5.000000000000e-03
3.030247549893e+00 4.300429818737e+00 5.000000000000e-03
4.007322844717e+00 4.260040998508e+00 5.000000000000e-03
5.706038421260e-01 6.059163719868e-01 5.000000000000e-03
4.199447758857e+00 9.712813333508e-01 5.000000000000e-03
4.497993821028e+00 4.143214414270e-01 5.000000000000e-03
9.129724206096e-01 5.159631501013e+00 5.000000000000e-03
2.284910786429e+00 4.923187403290e+00 5.000000000000e-03
2.246351821266e+00 6.083730129048e+00 5.000000000000e-03
6.060960377471e+00 5.371621684656e+00 5.000000000000e-03
4.542005940173e+00 3.430053125861e+00 5.000000000000e-03
3.744906148806e+00 4.869859699716e-01 5.000000000000e-03
4.792569914297e+00 2.244519910312e+00 5.000000000000e-03
1.456415015798e+00 6.247391884823e+00 5.000000000000e-03
3.410426266591e+00 5.172028889654e+00 5.000000000000e-03
3.996899014158e+00 6.671500682188e-01 5.000000000000e-03
3.757595172541e+00 4.792563107311e+00 5.000000000000e-03
6.131459034937e+00 4.501287396770e+00 5.000000000000e-03
1.362140850123e+00 8.034152225526e-01 5.000000000000e-03
4.092258780900e+00 5.706993774384e+00 5.000000000000e-03
1.025654797188e+00 5.094989165454e+00 5.000000000000e-03
2.354075691233e+00 4.089654384634e+00 5.000000000000e-03
1.134643419263e+00 4.472284284499e+00 5.000000000000e-03
4.677418103438e+00 4.761219813482e+00 5.000000000000e-03
5.247460873245e+00 2.457682422975e+00 5.000000000000e-03
5.907698912145e+00 4.953771951082e+00 5.000000000000e-03
6.169736837558e+00 4.754586917682e+00 5.000000000000e-03
4.552553911142e+00 3.940614521431e+00 5.000000000000e-03
3.626752069820e+00 4.423164972529e+00 5.000000000000e-03
3.125493509195e+00 5.203671810715e+00 5.000000000000e-03
4.709218515125e+00 4.130946678156e+00 5.000000000000e-03
3.189818047957e-01 5.704453139118e+00 5.000000000000e-03
4.358587685152e+00 4.937600091619e+00 5.000000000000e-03
4.527934946854e+00 4.850368634292e+00 5.000000000000e-03
3.048015555420e+00 6.030548588076e+00 5.000000000000e-03
4.182115822898e+00 9.992981603198e-01 5.000000000000e-03
2.470874762991e+00 3.385636332178e-02 5.000000000000e-03
4.785863149731e+00 5.159534575692e+00 5.000000000000e-03
3.196934467748e+00 4.621197134333e+00 5.000000000000e-03
3.070112727709e+00 2.189596867134e+00 5.000000000000e-03
4.714605632780e+00 4.786728444877e+00 5.000000000000e-03
4.060031064166e+00 4.808511890828e+00 5.000000000000e-03
3.637096971817e+00 5.462721060894e+00 5.000000000000e-03
3.185845918029e+00 4.561800905868e+00 5.000000000000e-03
4.926718213936e+00 4.581335686430e+00 5.000000000000e-03
4.828415399571e-01 5.449112494186e+00 5.000000000000e-03
4.086018205272e+00 2.785466205526e+00 5.000000000000e-03
2.430362171268e+00 6.191514634293e+00 5.000000000000e-03
2.234836597086e+00 3.350700640246e+00 5.000000000000e-03
2.282952180249e+00 4.009505486498e+00 5.000000000000e-03
1.139222080629e+00 2.822556316205e+00 5.000000000000e-03
3.631918516847e+00 5.752085351243e+00 5.000000000000e-03
4.706920741906e+00 4.532508954706e+00 5.000000000000e-03
4.752705509791e+00 4.905793573311e+00 5.000000000000e-03
2.936075600047e+00 6.009517635233e+00 5.000000000000e-03
3.473955656945e+00 2.016926025469e+00 5.000000000000e-03
3.149935073403e+00 4.398246291977e+00 5.000000000000e-03
2.016208079558e+00 4.264932033995e+00 5.000000000000e-03
3.281107914766e-01 4.298238075850e+00 5.000000000000e-03
3.874325648919e+00 4.264808781229e+00 5.000000000000e-03
4.934572572366e+00 4.333063726594e+00 5.000000000000e-03
3.896517961365e+00 2.342449678245e+00 5.000000000000e-03
2.590382444332e+00 3.918431457149e+00 5.000000000000e-03
5.288980550726e-01 8.456446864157e-01 5.000000000000e-03
5.526865376896e+00 3.106033217217e+00 5.000000000000e-03
2.889453981022e+00 1.171550743791e+00 -5.000000000000e-03
2.267673942896e-01 3.302768070338e+00 -5.000000000000e-03
3.559943453540e-01 3.280016780671e-01 -5.000000000000e-03
1.126111480204e+00 1.591905236499e+00 -5.000000000000e-03
2.515891527881e+00 1.959026607788e+00 -5.000000000000e-03
3.856788680655e+00 1.144452078910e+00 -5.000000000000e-03
6.770421309780e-01 2.402953307910e+00 -5.000000000000e-03
2.129101986610e+00 5.852566031905e+00 -5.000000000000e-03
7.702732152124e-01 1.405707338638e+00 -5.000000000000e-03
6.201431929275e+00 8.351906155307e-01 -5.000000000000e-03
5.764049660060e+00 9.517002018432e-01 -5.000000000000e-03
2.097490534483e+00 1.992860895580e+00 -5.000000000000e-03
3.491843876052e+00 2.238123144401e-01 -5.000000000000e-03
2.232775326628e+00 2.312526303753e+00 -5.000000000000e-03
9.236078162395e-01 1.884474839391e+00 -5.000000000000e-03
1.833368142756e+00 2.260081370056e+00 -5.000000000000e-03
1.508162497114e+00 5.342281145168e+00 -5.000000000000e-03
4.393324771848e+00 6.065240055749e+00 -5.000000000000e-03
2.571305059058e+00 1.671510137715e+00 -5.000000000000e-03
2.207573568906e-01 1.291658883191e+00 -5.000000000000e-03
2.745706305704e+00 2.262989563672e+00 -5.000000000000e-03
8.971124951692e-02 7.346225716395e-01 -5.000000000000e-03
4.331837186114e+00 7.746138971736e-01 -5.000000000000e-03
5.381943394599e+00 4.315449390336e-01 -5.000000000000e-03
5.022292446578e-01 5.804828884672e+00 -5.000000000000e-03
1.172542488930e+00 1.167319809493e+00 -5.000000000000e-03
1.072260804442e+00 2.199301658010e+00 -5.000000000000e-03
5.758730769232e-01 5.805387887027e-02 -5.000000000000e-03
5.567608990520e+00 1.053469637967e+00 -5.000000000000e-03
2.810696901484e+00 3.414415750234e+00 -5.000000000000e-03
2.646034334641e+00 1.064699283347e+00 -5.000000000000e-03
4.840396615338e+00 5.767019795572e-01 -5.000000000000e-03
1.932193234589e+00 4.512873994580e+00 -5.000000000000e-03
2.743073685664e+00 9.453348014979e-01 -5.000000000000e-03
4.941473623593e+00 3.851299518389e+00 -5.000000000000e-03
5.481305592275e+00 8.131639353997e-01 -5.000000000000e-03
1.956091990695e+00 5.724793702189e+00 -5.000000000000e-03
5.890802692248e+00 6.144383996843e-02 -5.000000000000e-03
6.181038639577e+00 1.359061403304e+00 -5.000000000000e-03
2.336905822337e-01 1.517445521828e+00 -5.000000000000e-03
6.078817703825e-01 5.144341729675e+00 -5.000000000000e-03
1.243641051570e+00 1.563528153017e+00 -5.000000000000e-03
2.021241673053e+00 2.019197467549e+00 -5.000000000000e-03
2.656453548788e-01 5.199763694057e+00 -5.000000000000e-03
4.817563786763e+00 2.945938744575e+00 -5.000000000000e-03
8.934745119991e-01 8.518783250056e-01 -5.000000000000e-03
5.883628543393e+00 2.853420428470e+00 -5.000000000000e-03
1.225303883876e+00 3.592537212679e+00 -5.000000000000e-03
5.539487407011e+00 4.082866284474e+00 -5.000000000000e-03
7.424350296553e-01 1.567180649132e+00 -5.000000000000e-03
6.145979388135e+00 1.633062906515e+00 -5.000000000000e-03
2.036107197778e+00 2.827958893265e+00 -5.000000000000e-03
1.409983093930e+00 2.940460355158e+00 -5.000000000000e-03
5.333394160658e+00 5.276721621481e+00 -5.000000000000e-03
3.549706845536e+00 9.550031423763e-01 -5.000000000000e-03
3.022236947642e-01 1.114816013221e+00 -5.000000000000e-03
1.630388191877e+00 2.675306397383e-01 -5.000000000000e-03
3.788009850227e-01 7.875046343223e-01 -5.000000000000e-03
3.780276381012e-01 1.491644883199e+00 -5.000000000000e-03
6.121575607907e+00 1.314158253930e+00 -5.000000000000e-03
5.356405839276e+00 2.212803859442e-01 -5.000000000000e-03
3.015663428570e+00 6.359797049504e-01 -5.000000000000e-03
6.018588177178e+00 1.230576432293e+00 -5.000000000000e-03
2.684930893674e+00 2.995441260424e+00 -5.000000000000e-03
4.993890822184e+00 1.923478639803e+00 -5.000000000000e-03
7.695991294043e-02 1.845366929628e+00 -5.000000000000e-03
2.607939170138e+00 1.713958808025e+00 -5.000000000000e-03
5.618100208575e-02 9.223586820022e-01 -5.000000000000e-03
1.953416710487e+00 2.332263961296e+00 -5.000000000000e-03
4.518427489903e+00 2.169690018502e-01 -5.000000000000e-03
2.813733351733e+00 3.339649656571e+00 -5.000000000000e-03
5.801986371637e+00 6.145433502519e-01 -5.000000000000e-03
5.722198792722e+00 3.797181411795e+00 -5.000000000000e-03
3.995891421762e+00 1.328557908179e+00 -5.000000000000e-03
4.002235076598e+00 1.445163320385e+00 -5.000000000000e-03
4.464615383933e+00 2.215423503285e+00 -5.000000000000e-03
9.602191286268e-01 1.804877873437e+00 -5.000000000000e-03
5.252607381440e+00 2.989573830586e+00 -5.000000000000e-03
5.517801065181e+00 3.629004152934e+00 -5.000000000000e-03
4.495901483788e+00 6.241801167350e+00 -5.000000000000e-03
5.799406835628e+00 1.018144077770e+00 -5.000000000000e-03
5.838527988175e+00 1.104572949195e+00 -5.000000000000e-03
4.830395509902e-01 1.925844608218e+00 -5.000000000000e-03
3.492971959162e-01 3.659039901677e-01 -5.000000000000e-03
5.945229053828e+00 1.847839920608e-01 -5.000000000000e-03
2.782386684915e+00 2.439661710307e+00 -5.000000000000e-03
4.067348013529e+00 1.315642028207e+00 -5.000000000000e-03
4.982768887043e+00 5.481532832780e+00 -5.000000000000e-03
5.608182184426e+00 1.229216261229e+00 -5.000000000000e-03
2.147781597268e-01 7.173085104330e-01 -5.000000000000e-03
4.333745159024e+00 4.381384684310e+00 -5.000000000000e-03
1.676408541669e+00 2.334293657021e+00 -5.000000000000e-03
3.406065279552e-01 2.570887843770e+00 -5.000000000000e-03
2.475417964270e+00 4.089981191767e+00 -5.000000000000e-03
3.428466596854e+00 3.725468346301e-01 -5.000000000000e-03
5.648512326144e+00 1.228844810870e+00 -5.000000000000e-03
4.656388101637e+00 5.862492518832e+00 -5.000000000000e-03
2.897502923918e+00 2.143063432957e+00 -5.000000000000e-03
2.591277267373e+00 7.471497551307e-01 -5.000000000000e-03
4.772011471798e+00 1.168340380584e+00 -5.000000000000e-03
