2.905189559614e+00 4.539256153958e+00 5.000000000000e-03
7.563139261912e-02 8.879345077283e-01 5.000000000000e-03
4.116313427361e+00 5.864488883848e-01 5.000000000000e-03
5.745840017734e+00 1.475343803199e+00 5.000000000000e-03
3.006798011562e+00 5.135110005889e+00 5.000000000000e-03
9.053603296344e-01 1.167577759976e+00 5.000000000000e-03
4.040329060932e+00 2.338972474012e+00 5.000000000000e-03
5.377852103105e+00 1.708517547350e+00 5.000000000000e-03
5.951669166455e+00 6.720170519519e-01 5.000000000000e-03
1.795788731784e+00 4.272183308982e+00 5.000000000000e-03
5.972482934182e+00 2.426831520823e+00 5.000000000000e-03
6.277072674004e+00 4.207638015281e+00 5.000000000000e-03
4.704209656327e+00 5.723052722412e+00 5.000000000000e-03
2.731291971378e+00 4.304524265809e+00 5.000000000000e-03
6.874878139083e-01 2.282478866336e+00 5.000000000000e-03
9.201022143187e-01 4.510583384420e+00 5.000000000000e-03
2.472068784307e+00 1.931569255740e+00 5.000000000000e-03
5.959234900154e+00 3.470148142898e+00 5.000000000000e-03
6.811896387975e-01 4.701452620116e+00 5.000000000000e-03
8.838774768030e-01 5.512380964553e+00 5.000000000000e-03
2.705824038977e+00 4.434303473198e+00 5.000000000000e-03
4.832564392536e+00 5.535974583840e+00 5.000000000000e-03
4.873111581304e+00 3.570651361840e+00 5.000000000000e-03
4.641010972607e+00 4.584709432832e+00 5.000000000000e-03
2.931300231138e+00 4.751875614177e+00 5.000000000000e-03
3.220123244100e+00 1.591284665449e+00 5.000000000000e-03
3.947162768683e+00 5.959501805314e+00 5.000000000000e-03
5.911568056276e+00 3.411753844079e+00 5.000000000000e-03
1.207629290226e+00 4.446261470231e+00 5.000000000000e-03
3.311567039874e+00 3.835542123295e+00 5.000000000000e-03
4.267404667187e+00 5.349709486217e+00 5.000000000000e-03
5.815530651899e+00 1.556167119330e+00 5.000000000000e-03
4.834026817217e+00 4.320841666874e+00 5.000000000000e-03
3.500957373300e+00 3.536999980116e+00 5.000000000000e-03
2.906507278878e+00 2.396388708083e+00 5.000000000000e-03
3.549860862138e+00 5.013642436699e+00 5.000000000000e-03
2.913051662969e+00 5.563395240888e+00 5.000000000000e-03
5.737673301473e+00 5.766581368725e+00 5.000000000000e-03
6.021965724129e+00 6.281782296593e+00 5.000000000000e-03
2.630221401502e+00 4.674011779320e+00 5.000000000000e-03
5.064517057732e-01 5.466128526606e+00 5.000000000000e-03
2.626276792607e+00 5.690184987180e+00 5.000000000000e-03
6.615827843828e-01 3.367916948380e+00 5.000000000000e-03
5.629880095298e+00 2.553703147878e+00 5.000000000000e-03
2.452382664030e+00 5.545784406563e+00 5.000000000000e-03
1.682287655642e+00 4.583247712088e+00 5.000000000000e-03
5.570683273663e+00 5.905279466672e+00 5.000000000000e-03
3.656331286573e-01 2.373140168499e+00 5.000000000000e-03
3.545650524493e+00 5.452805768746e+00 5.000000000000e-03
6.252371031095e+00 3.912321012965e-03 5.000000000000e-03
4.513191077825e+00 5.542564659515e+00 5.000000000000e-03
1.997260316312e+00 4.681516214361e+00 5.000000000000e-03
2.652565943510e+00 4.388995775135e+00 5.000000000000e-03
1.335429040479e+00 4.170805702808e+00 5.000000000000e-03
5.741845301098e+00 3.557867209929e+00 5.000000000000e-03
1.387594183959e+00 5.199989421335e+00 5.000000000000e-03
4.046171679166e+00 5.022435813758e+00 5.000000000000e-03
5.759389420817e+00 4.135484744417e+00 5.000000000000e-03
4.253783999233e+00 5.952382896510e+00 5.000000000000e-03
4.503891638046e+00 5.351888116183e+00 5.000000000000e-03
3.705926551742e+00 3.027275236321e+00 5.000000000000e-03
1.302880915022e-02 9.183381808919e-01 5.000000000000e-03
6.539721361725e-01 3.204150871661e+00 5.000000000000e-03
2.300988603880e+00 4.837705773923e+00 5.000000000000e-03
5.406590906663e-01 4.744751254839e+00 5.000000000000e-03
5.711387255296e+00 4.234519814299e+00 5.000000000000e-03
3.019703881075e+00 3.195795746582e+00 5.000000000000e-03
2.063434860117e+00 5.828706712793e+00 5.000000000000e-03
3.416793468679e+00 5.193312652098e+00 5.000000000000e-03
4.490149092062e+00 5.940708287559e+00 5.000000000000e-03
5.525004487713e+00 6.036319605233e+00 5.000000000000e-03
5.399401923091e+00 3.456529574401e+00 5.000000000000e-03
1.835566719157e+00 5.908319947994e+00 5.000000000000e-03
5.593114157154e+00 5.166385445307e+00 5.000000000000e-03
2.216913474101e+00 1.550125934598e+00 5.000000000000e-03
1.170494297183e+00 2.952336595996e+00 5.000000000000e-03
4.311241185158e+00 5.560976936212e-01 5.000000000000e-03
2.820735222783e+00 5.559966243564e+00 5.000000000000e-03
5.815642386465e+00 5.279800401970e+00 5.000000000000e-03
4.038748555907e+00 4.635362544767e-01 5.000000000000e-03
6.119034747719e+00 5.214891727193e+00 5.000000000000e-03
4.691760871236e+00 3.819898122471e+00 5.000000000000e-03
5.330157558386e+00 4.225978491393e+00 5.000000000000e-03
5.561628836397e+00 5.072879007837e+00 5.000000000000e-03
4.521644674025e+00 5.513622883029e+00 5.000000000000e-03
7.956273129885e-01 4.989113033471e+00 5.000000000000e-03
5.993013001347e+00 4.898314903754e+00 5.000000000000e-03
5.740387859472e+00 5.885321703970e+00 5.000000000000e-03
1.728466565298e+00 5.833194355264e+00 5.000000000000e-03
1.935832166340e+00 5.393066859314e+00 5.000000000000e-03
5.588271296811e+00 6.528035571348e-01 5.000000000000e-03
9.691768642511e-01 2.841218498478e+00 5.000000000000e-03
1.959697980653e+00 6.055790429128e+00 5.000000000000e-03
4.084912825705e+00 3.163373720635e-01 5.000000000000e-03
2.604798434838e+00 2.828285874410e+00 5.000000000000e-03
5.841750239165e+00 3.334482794002e+00 5.000000000000e-03
3.044423152963e+00 5.457845381756e+00 5.000000000000e-03
4.586288530972e+00 9.280675570940e-01 5.000000000000e-03
2.294139536672e-01 4.819025648846e+00 5.000000000000e-03
2.176421800152e+00 2.577352485558e-02 5.000000000000e-03
3.793646239874e+00 2.258051153558e+00 -5.000000000000e-03
4.610230656360e+00 4.082141736627e+00 -5.000000000000e-03
5.359118419613e+00 5.327591232391e+00 -5.000000000000e-03
4.269595998359e+00 6.198818687384e+00 -5.000000000000e-03
4.179218705447e+00 2.466421336569e+00 -5.000000000000e-03
4.035906140678e+00 2.078852174314e+00 -5.000000000000e-03
8.804735692973e-01 9.730506650437e-01 -5.000000000000e-03
4.293011802125e+00 2.616406089364e+00 -5.000000000000e-03
2.795020242619e+00 6.209259639726e+00 -5.000000000000e-03
5.392585233216e+00 3.734569758537e-01 -5.000000000000e-03
3.611268226297e+00 3.096940816730e+00 -5.000000000000e-03
4.118882738316e+00 6.247439883439e+00 -5.000000000000e-03
3.660305589456e+00 1.701024035355e+00 -5.000000000000e-03
3.770379948780e+00 2.273461441814e+00 -5.000000000000e-03
5.555416479992e+00 5.130536852149e-02 -5.000000000000e-03
3.941774714796e-01 1.296721205608e+00 -5.000000000000e-03
3.017368712431e-01 2.935315493447e-01 -5.000000000000e-03
3.319247271364e+00 2.652335459700e+00 -5.000000000000e-03
5.988219010322e+00 9.801500458244e-01 -5.000000000000e-03
4.161750242898e+00 2.299958524432e+00 -5.000000000000e-03
3.171709754693e+00 7.145453827789e-01 -5.000000000000e-03
6.231674793681e-01 1.401709596840e+00 -5.000000000000e-03
3.136649367881e+00 3.323559516371e-01 -5.000000000000e-03
6.008251912310e+00 1.308497916286e+00 -5.000000000000e-03
2.771583966058e+00 8.242262710410e-01 -5.000000000000e-03
3.242743731269e+00 2.042314341755e+00 -5.000000000000e-03
7.756658177121e-01 4.501464401651e+00 -5.000000000000e-03
5.369430901746e-01 6.053036046371e+00 -5.000000000000e-03
1.906583725056e+00 3.675004053672e+00 -5.000000000000e-03
1.019490407270e+00 4.492581906461e-01 -5.000000000000e-03
4.975846624760e+00 2.218098304876e+00 -5.000000000000e-03
3.347310607883e+00 2.672907392299e+00 -5.000000000000e-03
1.882971359013e+00 3.467722933588e+00 -5.000000000000e-03
5.876619669978e+00 5.781951010608e+00 -5.000000000000e-03
2.516841459079e+00 4.185647675701e+00 -5.000000000000e-03
2.683842078589e+00 3.015805308686e+00 -5.000000000000e-03
2.872172483769e+00 2.526947771194e+00 -5.000000000000e-03
3.847810957512e+00 3.418285594515e+00 -5.000000000000e-03
4.147452895569e+00 2.689243406755e+00 -5.000000000000e-03
1.537150636998e+00 2.196637060623e+00 -5.000000000000e-03
2.601025211318e+00 4.141312254690e+00 -5.000000000000e-03
1.205718548995e+00 4.754459143691e+00 -5.000000000000e-03
4.344721605176e-01 1.042466570257e+00 -5.000000000000e-03
5.542339550455e+00 3.508553497600e+00 -5.000000000000e-03
4.558469804364e+00 1.241789979642e+00 -5.000000000000e-03
4.998160754729e+00 4.147669526642e+00 -5.000000000000e-03
2.489133383784e+00 5.129645537046e+00 -5.000000000000e-03
2.843525262056e+00 3.234204242353e+00 -5.000000000000e-03
1.168620784127e+00 4.727143287589e+00 -5.000000000000e-03
2.637986079508e+00 1.030160842941e+00 -5.000000000000e-03
5.058154060936e+00 2.739499440853e+00 -5.000000000000e-03
3.404240084569e+00 1.134119531417e+00 -5.000000000000e-03
2.758379412847e+00 2.277831655793e+00 -5.000000000000e-03
5.903344096658e+00 2.598745597163e+00 -5.000000000000e-03
4.272468578619e+00 2.363129332053e+00 -5.000000000000e-03
2.545232488107e+00 4.997564436302e+00 -5.000000000000e-03
3.735858250557e+00 4.269329779660e+00 -5.000000000000e-03
4.225741137156e+00 2.529654519984e+00 -5.000000000000e-03
3.161646078679e+00 6.235604433198e-01 -5.000000000000e-03
4.098908930142e+00 2.824129565517e+00 -5.000000000000e-03
4.946020654499e+00 3.003573261057e+00 -5.000000000000e-03
4.617331547607e+00 8.487052193851e-02 -5.000000000000e-03
3.477929067507e+00 3.188194858895e+00 -5.000000000000e-03
4.340852896707e+00 2.183703539246e+00 -5.000000000000e-03
3.168413768987e+00 7.352062829116e-01 -5.000000000000e-03
2.493797635975e+00 4.284325906603e+00 -5.000000000000e-03
3.524565642043e+00 1.027608639498e+00 -5.000000000000e-03
5.080899043412e+00 1.411429708869e+00 -5.000000000000e-03
3.257891063822e+00 2.756422867279e+00 -5.000000000000e-03
7.293532944637e-01 9.648616130970e-01 -5.000000000000e-03
2.764144413329e-01 7.424264744358e-01 -5.000000000000e-03
5.333363406067e-02 1.542994174073e+00 -5.000000000000e-03
5.449289678886e+00 4.426138697758e-01 -5.000000000000e-03
1.365911891276e+00 6.078807245890e+00 -5.000000000000e-03
3.399677688750e+00 2.774566808476e+00 -5.000000000000e-03
1.059180213999e+00 1.127383085765e+00 -5.000000000000e-03
1.693229051352e-01 2.347513110846e+00 -5.000000000000e-03
1.932684847892e+00 4.163301521283e+00 -5.000000000000e-03
3.214976963927e+00 3.197153809035e-01 -5.000000000000e-03
1.980925677971e-01 3.670417668794e+00 -5.000000000000e-03
5.446571896325e+00 4.154872650051e+00 -5.000000000000e-03
9.922471031478e-01 4.965181813002e+00 -5.000000000000e-03
3.223726878187e-01 2.771431908460e+00 -5.000000000000e-03
2.323470663108e+00 2.098356184058e+00 -5.000000000000e-03
6.121147315743e+00 1.026262886123e+00 -5.000000000000e-03
2.714821094847e+00 4.017125969944e+00 -5.000000000000e-03
4.594667558078e+00 2.094117977680e+00 -5.000000000000e-03
5.309126812343e+00 1.206163067787e+00 -5.000000000000e-03
4.618936671836e+00 1.252479373716e-01 -5.000000000000e-03
3.398763840754e+00 1.213165067243e+00 -5.000000000000e-03
2.654812411835e+00 8.741970474513e-01 -5.000000000000e-03
3.667226912763e+00 2.700584306708e+00 -5.000000000000e-03
1.132178633847e+00 6.258878026952e+00 -5.000000000000e-03
1.032390874031e+00 5.434269646969e+00 -5.000000000000e-03
1.152098467079e+00 2.406572615354e+00 -5.000000000000e-03
5.980336724067e-01 3.459382843486e+00 -5.000000000000e-03
2.064136853228e+00 2.961913733743e+00 -5.000000000000e-03
5.364980979108e+00 5.355126159591e+00 -5.000000000000e-03
3.225639076227e+00 7.869677791248e-01 -5.000000000000e-03
4.450295982927e+00 4.598312088745e-01 -5.000000000000e-03
