5.567156718040e+00 3.194085763517e+00 5.000000000000e-03
5.635522814196e+00 2.530386028984e+00 5.000000000000e-03
5.176528200924e+00 3.043387654428e+00 5.000000000000e-03
2.120863401349e+00 3.173739813906e+00 5.000000000000e-03
5.022263857089e+00 3.060507883117e+00 5.000000000000e-03
2.525539741851e+00 3.103871884993e+00 5.000000000000e-03
3.077174341653e+00 4.309103190574e+00 5.000000000000e-03
2.643202362484e-01 8.891430489127e-01 5.000000000000e-03
4.820511991506e+00 3.337437234924e+00 5.000000000000e-03
3.655918704362e-01 3.764083984231e+00 5.000000000000e-03
4.624687997940e+00 2.855147722593e+00 5.000000000000e-03
4.681546767403e+00 3.667688370137e+00 5.000000000000e-03
4.681807946522e+00 3.935847328684e-01 5.000000000000e-03
1.792517163856e+00 3.712842739066e+00 5.000000000000e-03
5.441692612485e+00 4.656802615946e+00 5.000000000000e-03
1.310913273854e-01 3.435702569174e+00 5.000000000000e-03
5.062057577898e+00 2.006738438348e+00 5.000000000000e-03
1.599765336440e+00 5.009670486491e+00 5.000000000000e-03
6.065615826459e+00 1.890901428324e+00 5.000000000000e-03
2.101146086636e+00 4.613345798237e+00 5.000000000000e-03
5.018658438913e+00 3.298377745071e+00 5.000000000000e-03
6.282463913919e+00 6.070382885251e-01 5.000000000000e-03
4.760116595974e+00 4.160845752062e+00 5.000000000000e-03
3.281158008597e+00 2.574830111136e+00 5.000000000000e-03
5.517045515709e+00 4.509528740698e+00 5.000000000000e-03
3.773835921739e+00 3.719188822952e+00 5.000000000000e-03
5.536907396365e+00 1.329557200803e+00 5.000000000000e-03
1.772642493210e+00 8.792673228265e-01 5.000000000000e-03
6.079351561612e+00 3.475065509544e+00 5.000000000000e-03
3.939855878360e+00 2.004791391562e+00 5.000000000000e-03
2.484427251576e+00 5.236767777650e+00 5.000000000000e-03
6.491940041376e-01 5.242469689998e+00 5.000000000000e-03
2.500692863097e+00 5.967787491759e+00 5.000000000000e-03
2.698797798447e-01 4.226065627542e+00 5.000000000000e-03
4.618146598507e+00 3.773552425049e+00 5.000000000000e-03
3.074178051407e+00 2.964740337476e+00 5.000000000000e-03
2.901511902454e+00 4.634898302261e+00 5.000000000000e-03
2.557887687719e+00 2.559632958475e+00 5.000000000000e-03
2.306959843570e+00 2.000673015247e+00 5.000000000000e-03
4.150320585263e+00 3.500192826879e+00 5.000000000000e-03
5.311079998021e+00 3.631563133174e+00 5.000000000000e-03
8.575390563593e-02 5.765394195042e+00 5.000000000000e-03
5.553116360136e+00 3.679702144633e+00 5.000000000000e-03
4.996968033204e+00 4.948608176144e+00 5.000000000000e-03
3.314504482539e+00 4.277461439554e+00 5.000000000000e-03
2.643329087061e+00 3.543673274046e+00 5.000000000000e-03
1.250431062428e+00 2.399114758914e+00 5.000000000000e-03
2.386765938392e+00 1.829085794934e+00 5.000000000000e-03
3.596278113045e+00 4.695576875218e+00 5.000000000000e-03
4.143116794643e+00 1.631704207091e+00 5.000000000000e-03
1.670062318577e+00 5.960405145631e+00 5.000000000000e-03
2.075728222992e+00 1.828447314925e+00 5.000000000000e-03
6.050126348345e+00 3.983199653604e+00 5.000000000000e-03
5.787354092104e+00 4.533138371275e+00 5.000000000000e-03
2.687345466619e+00 4.604450935566e+00 5.000000000000e-03
1.044604172243e+00 1.502120261374e+00 5.000000000000e-03
5.956868981638e+00 8.489647792191e-01 5.000000000000e-03
4.586134034557e+00 4.607078498539e+00 5.000000000000e-03
1.521092293280e-01 4.939491702259e+00 5.000000000000e-03
3.872642474471e+00 4.955559260598e+00 5.000000000000e-03
4.274552913131e+00 4.042932465652e+00 5.000000000000e-03
4.777637331952e+00 3.656343738873e+00 5.000000000000e-03
4.407682212900e+00 2.437917398073e+00 5.000000000000e-03
5.749732827025e+00 3.729530987255e+00 5.000000000000e-03
5.305813411650e+00 3.021084638349e+00 5.000000000000e-03
5.133784540601e+00 5.890894715602e+00 5.000000000000e-03
3.629378704964e+00 7.659768481295e-01 5.000000000000e-03
5.832688931802e+00 2.962609475932e+00 5.000000000000e-03
2.375347362514e+00 5.912697806444e+00 5.000000000000e-03
2.015584637162e+00 2.322245681059e+00 5.000000000000e-03
4.127411924881e+00 3.524495796547e+00 5.000000000000e-03
3.336920916941e+00 1.946340599485e+00 5.000000000000e-03
2.941248605601e+00 4.634782960394e+00 5.000000000000e-03
4.998596164302e+00 2.901829432819e+00 5.000000000000e-03
3.743509428768e+00 4.092633009522e+00 5.000000000000e-03
3.004668485291e+00 8.261704606574e-02 5.000000000000e-03
4.410360158984e+00 3.326964995592e+00 5.000000000000e-03
5.666100790976e+00 4.650111576915e+00 5.000000000000e-03
5.744063999058e+00 2.979163033521e+00 5.000000000000e-03
5.189474322847e+00 3.461445067304e+00 5.000000000000e-03
1.680451412497e+00 8.937220431043e-01 5.000000000000e-03
4.319994086801e+00 4.546455926996e+00 5.000000000000e-03
4.824987060172e+00 3.229542450965e+00 5.000000000000e-03
3.783877980930e-01 4.556328765225e+00 5.000000000000e-03
2.120430233677e+00 2.572003904563e+00 5.000000000000e-03
2.279062229922e+00 2.109857730288e+00 5.000000000000e-03
1.482478134174e+00 5.415592016916e+00 5.000000000000e-03
4.126525703194e+00 8.764880786008e-01 5.000000000000e-03
1.245682406791e+00 4.809306357968e+00 5.000000000000e-03
3.787987157743e+00 4.149487255516e+00 5.000000000000e-03
5.353982524058e+00 4.658907959823e+00 5.000000000000e-03
3.869208987179e+00 2.593672759793e+00 5.000000000000e-03
2.769064765415e+00 6.982374029494e-02 5.000000000000e-03
2.970521327117e+00 5.572916736749e+00 5.000000000000e-03
4.613250732300e+00 3.895034135210e+00 5.000000000000e-03
1.995888013618e+00 4.389111448562e+00 5.000000000000e-03
5.158245676961e+00 4.210837436832e+00 5.000000000000e-03
6.152933258322e+00 2.471943164740e+00 5.000000000000e-03
2.561845671857e+00 5.335789014089e+00 5.000000000000e-03
2.244162977000e-01 5.899662188302e-01 5.000000000000e-03
7.205119268970e-01 4.538923316883e+00 -5.000000000000e-03
8.199941033292e-01 2.868974223747e-01 -5.000000000000e-03
6.311267682550e-01 1.516317385138e+00 -5.000000000000e-03
8.223644699386e-01 1.456854360708e+00 -5.000000000000e-03
3.394259289714e+00 5.267786804537e+00 -5.000000000000e-03
2.989675642340e+00 1.430405657344e+00 -5.000000000000e-03
5.228051999432e-01 7.444265738184e-01 -5.000000000000e-03
9.950563961597e-01 1.031871124331e+00 -5.000000000000e-03
1.601548803595e+00 1.677633680293e+00 -5.000000000000e-03
1.549538509671e+00 2.756514682093e+00 -5.000000000000e-03
1.832242057393e+00 5.024622624200e-02 -5.000000000000e-03
4.054761796743e-01 5.484231827190e+00 -5.000000000000e-03
5.758579892504e+00 1.841750803422e-02 -5.000000000000e-03
2.840156595051e+00 6.662997516796e-01 -5.000000000000e-03
4.564563411585e+00 1.508777765863e+00 -5.000000000000e-03
1.235058031496e+00 8.651105421221e-01 -5.000000000000e-03
2.758233906562e+00 5.509554176663e-01 -5.000000000000e-03
3.669840414013e+00 5.695863047732e+00 -5.000000000000e-03
6.016336179849e+00 5.454852799452e+00 -5.000000000000e-03
7.695487578100e-01 1.423018332703e+00 -5.000000000000e-03
5.453954726526e+00 9.501826434930e-01 -5.000000000000e-03
1.269834994053e+00 2.977360051652e+00 -5.000000000000e-03
5.924019873582e+00 5.678954366779e+00 -5.000000000000e-03
2.047096701405e+00 1.288593554523e+00 -5.000000000000e-03
1.405676334731e+00 1.238427922280e+00 -5.000000000000e-03
4.405120217122e+00 2.573547621808e+00 -5.000000000000e-03
3.743865927453e+00 3.202737634162e+00 -5.000000000000e-03
8.453530968671e-01 1.036529780491e+00 -5.000000000000e-03
5.578878468445e+00 5.239223754743e+00 -5.000000000000e-03
3.597706313474e+00 5.963100324592e+00 -5.000000000000e-03
3.823100419937e+00 5.590284712738e+00 -5.000000000000e-03
3.618852352771e+00 5.156383314159e+00 -5.000000000000e-03
5.889527254769e+00 5.889594207196e+00 -5.000000000000e-03
8.193930404077e-01 6.179782050471e+00 -5.000000000000e-03
1.128710746568e+00 4.095324773149e+00 -5.000000000000e-03
1.627245968500e+00 1.495559108054e+00 -5.000000000000e-03
6.833254432215e-01 1.140921207602e+00 -5.000000000000e-03
5.199410113725e+00 6.222044404838e+00 -5.000000000000e-03
7.513272433802e-01 1.533766729228e+00 -5.000000000000e-03
4.754278825705e-01 2.137309295690e+00 -5.000000000000e-03
5.734126943393e+00 4.905909625105e+00 -5.000000000000e-03
1.032643368176e+00 8.602367554583e-01 -5.000000000000e-03
6.038558650903e+00 5.472381768711e+00 -5.000000000000e-03
5.022713292007e+00 6.019281690286e+00 -5.000000000000e-03
8.009967691960e-01 1.060353443139e+00 -5.000000000000e-03
5.821920333546e+00 6.265847409044e+00 -5.000000000000e-03
1.378827625696e+00 2.527511094440e+00 -5.000000000000e-03
6.165163682012e-01 2.796827283981e+00 -5.000000000000e-03
3.701942746594e+00 4.397797514806e-02 -5.000000000000e-03
5.497642736890e+00 1.907540188107e+00 -5.000000000000e-03
2.971350584261e+00 7.159554474474e-01 -5.000000000000e-03
1.754830809475e+00 6.114872090400e-01 -5.000000000000e-03
1.557974338711e+00 4.273787541738e+00 -5.000000000000e-03
7.886619832636e-01 6.150991298776e+00 -5.000000000000e-03
5.024274050636e+00 2.200611942067e+00 -5.000000000000e-03
5.728929211169e+00 5.521287709804e+00 -5.000000000000e-03
1.359621685552e+00 1.380546353635e+00 -5.000000000000e-03
8.467917777508e-01 1.116981838004e+00 -5.000000000000e-03
5.838672362249e+00 1.784008822157e+00 -5.000000000000e-03
4.115289753906e+00 6.093224724836e-01 -5.000000000000e-03
1.846461536775e+00 2.260513183975e+00 -5.000000000000e-03
5.258203537711e+00 5.632311594364e+00 -5.000000000000e-03
3.572003500727e+00 2.074024863909e+00 -5.000000000000e-03
2.024792446529e+00 5.652777864553e+00 -5.000000000000e-03
3.007532444090e+00 1.808985763430e+00 -5.000000000000e-03
5.720666220411e+00 5.653541348289e+00 -5.000000000000e-03
1.178394309860e+00 6.630538983605e-01 -5.000000000000e-03
2.964443570481e-01 5.319342990717e+00 -5.000000000000e-03
4.299250083670e-01 1.453934660362e+00 -5.000000000000e-03
1.932739747770e+00 1.566825029450e+00 -5.000000000000e-03
1.368030222905e+00 8.226468476119e-01 -5.000000000000e-03
6.098951253249e+00 5.580136358557e+00 -5.000000000000e-03
3.657283392265e+00 3.743688588447e+00 -5.000000000000e-03
9.138090496947e-01 3.019007241499e+00 -5.000000000000e-03
4.375387719894e+00 5.871576127974e+00 -5.000000000000e-03
5.533488125721e+00 2.985406181035e+00 -5.000000000000e-03
9.055786906232e-01 3.187617213627e+00 -5.000000000000e-03
4.717974498674e+00 8.540671720552e-01 -5.000000000000e-03
6.233431473269e+00 5.796885884594e+00 -5.000000000000e-03
2.586855354607e+00 5.714143965582e-01 -5.000000000000e-03
1.541515232520e-01 5.611759338446e+00 -5.000000000000e-03
4.034783214807e-01 5.492681005321e+00 -5.000000000000e-03
6.735367100985e-01 5.409641278106e+00 -5.000000000000e-03
9.299376382702e-01 1.089646885235e+00 -5.000000000000e-03
5.714917664815e+00 9.259388513043e-01 -5.000000000000e-03
2.688399247723e+00 3.903988928782e+00 -5.000000000000e-03
1.669887867939e+00 1.159408805669e+00 -5.000000000000e-03
4.231483805643e+00 2.249018540325e+00 -5.000000000000e-03
9.683762308239e-01 6.050599688144e-01 -5.000000000000e-03
7.291217433208e-01 1.412316773091e+00 -5.000000000000e-03
2.385283714069e+00 1.026084771925e+00 -5.000000000000e-03
7.226448678929e-01 6.268363535070e+00 -5.000000000000e-03
3.843648650077e+00 5.748897029496e+00 -5.000000000000e-03
5.144260173115e+00 1.900221965414e+00 -5.000000000000e-03
3.038401368278e+00 2.336739313718e+00 -5.000000000000e-03
6.160775458741e+00 5.675862002461e+00 -5.000000000000e-03
5.913271885393e+00 6.078263197870e+00 -5.000000000000e-03
3.802247579355e-01 2.447495692287e+00 -5.000000000000e-03
4.328402197388e+00 5.103118574095e-01 -5.000000000000e-03
2.562288528880e+00 2.210873978456e+00 -5.000000000000e-03
