1.844133272863e+00 1.998044817183e+00 5.000000000000e-03
3.568168101831e+00 4.503055307400e+00 5.000000000000e-03
5.275803163218e+00 4.318163360098e+00 5.000000000000e-03
1.914327950846e-01 3.003064764149e+00 5.000000000000e-03
3.644130193140e+00 1.348192801701e+00 5.000000000000e-03
3.987168456031e+00 3.284164911973e+00 5.000000000000e-03
2.147373449724e+00 5.538432289845e+00 5.000000000000e-03
3.088970367213e+00 4.983873966910e+00 5.000000000000e-03
5.626571368035e+00 5.030675595013e+00 5.000000000000e-03
5.566648998279e+00 2.982303864504e+00 5.000000000000e-03
4.477499983236e+00 1.928450496679e+00 5.000000000000e-03
5.022673078484e+00 5.928715138552e+00 5.000000000000e-03
9.935160971304e-01 3.914799124105e+00 5.000000000000e-03
5.926031838239e-01 2.340874365216e+00 5.000000000000e-03
9.612139986308e-01 4.840395826222e+00 5.000000000000e-03
2.508762568800e+00 2.073128811812e+00 5.000000000000e-03
1.844390126289e+00 1.827137124838e+00 5.000000000000e-03
3.850778380679e-01 5.209302009370e+00 5.000000000000e-03
1.613671201240e+00 4.033180285123e+00 5.000000000000e-03
1.890073856344e+00 1.926073231730e+00 5.000000000000e-03
4.143369009341e+00 9.697923685146e-01 5.000000000000e-03
4.441459464293e+00 1.360742934460e+00 5.000000000000e-03
2.470302601883e+00 2.414633217620e+00 5.000000000000e-03
4.325298484532e-01 3.265860780306e+00 5.000000000000e-03
1.372427373928e-01 5.370274153648e+00 5.000000000000e-03
2.915840215897e+00 2.324126909628e+00 5.000000000000e-03
4.245181473908e+00 4.474059193858e+00 5.000000000000e-03
4.411145224185e-01 5.162877694746e+00 5.000000000000e-03
5.027744501921e+00 5.999413412027e+00 5.000000000000e-03
5.090748084598e+00 5.427932589781e+00 5.000000000000e-03
2.494128511159e-01 5.046131774525e+00 5.000000000000e-03
3.830861364545e-01 1.203590107461e-01 5.000000000000e-03
4.702212685928e+00 4.285229765649e-01 5.000000000000e-03
6.281973166699e-01 3.149540065977e-01 5.000000000000e-03
4.912355151041e+00 2.873045497537e+00 5.000000000000e-03
5.919076948935e+00 4.953414643951e+00 5.000000000000e-03
5.816430801471e+00 1.219929657349e+00 5.000000000000e-03
3.667818056492e+00 3.054549377660e+00 5.000000000000e-03
3.504437818594e-01 2.988766227505e+00 5.000000000000e-03
2.756419123684e+00 6.069528828987e+00 5.000000000000e-03
3.227830712678e+00 3.322171611557e+00 5.000000000000e-03
5.957761701942e+00 3.253850896892e+00 5.000000000000e-03
1.623741659124e+00 3.361958491757e+00 5.000000000000e-03
2.844896514937e+00 1.983965904159e+00 5.000000000000e-03
5.768194538014e+00 5.821586777877e+00 5.000000000000e-03
1.818258098677e+00 5.551368796682e-01 5.000000000000e-03
4.759203762695e-01 2.770532951904e+00 5.000000000000e-03
4.466289864073e+00 1.668018798086e+00 5.000000000000e-03
5.395565662533e+00 3.214519834838e+00 5.000000000000e-03
7.821157090894e-01 2.833717339377e+00 5.000000000000e-03
6.182735633204e-01 5.287938470111e+00 5.000000000000e-03
4.280726160201e+00 4.555912041154e+00 5.000000000000e-03
6.727665984013e-01 1.041030052131e+00 5.000000000000e-03
4.806773200562e-02 5.247538874102e+00 5.000000000000e-03
5.208248298940e+00 1.170818599188e+00 5.000000000000e-03
4.367292110450e+00 1.461724385183e+00 5.000000000000e-03
5.668510530967e+00 4.395870758065e+00 5.000000000000e-03
3.772517508387e+00 4.411573101326e+00 5.000000000000e-03
8.317437943786e-01 1.810637092859e+00 5.000000000000e-03
1.547354763743e+00 3.769274100208e+00 5.000000000000e-03
4.714926308800e+00 4.521447129866e+00 5.000000000000e-03
3.499074323150e+00 4.519368979369e+00 5.000000000000e-03
2.684356075146e+00 2.225047886137e+00 5.000000000000e-03
3.737774059245e+00 4.585343053144e+00 5.000000000000e-03
9.716318496439e-01 1.595439817252e+00 5.000000000000e-03
4.415359611417e+00 6.058166237859e+00 5.000000000000e-03
3.329314666005e+00 2.499891503471e+00 5.000000000000e-03
5.357612944668e+00 2.992817794362e+00 5.000000000000e-03
6.225334933095e+00 2.870240234810e+00 5.000000000000e-03
5.312753116001e+00 4.358947905014e+00 5.000000000000e-03
6.400570364954e-01 3.961183759888e+00 5.000000000000e-03
6.091099323877e+00 5.204229459048e+00 5.000000000000e-03
4.486559177438e+00 8.397984783943e-01 5.000000000000e-03
5.348918651018e+00 4.242597540194e+00 5.000000000000e-03
3.085840869102e+00 2.510833685219e+00 5.000000000000e-03
6.053691750885e+00 6.206519487990e+00 5.000000000000e-03
5.207415361725e+00 3.059949681976e+00 5.000000000000e-03
9.867915853971e-01 1.896877284150e+00 5.000000000000e-03
3.164218845319e-01 5.235287119786e+00 5.000000000000e-03
3.919869144125e+00 5.263254030222e+00 5.000000000000e-03
4.734776413861e+00 3.738851193895e+00 5.000000000000e-03
1.142381497398e+00 6.237922421560e+00 5.000000000000e-03
4.735253003153e+00 5.413746131450e+00 5.000000000000e-03
2.551874473173e+00 1.446981251746e+00 5.000000000000e-03
5.880161113187e-01 5.286767141828e+00 5.000000000000e-03
2.405727358187e+00 4.307975146005e+00 5.000000000000e-03
4.728133216116e+00 2.230218565326e+00 5.000000000000e-03
5.732449726753e+00 4.202169322384e+00 5.000000000000e-03
6.804262898070e-01 2.658633324641e+00 5.000000000000e-03
1.405327658837e+00 2.059687967139e+00 5.000000000000e-03
4.236138949031e-01 5.537882862244e+00 5.000000000000e-03
2.159088893732e+00 1.182548055488e+00 5.000000000000e-03
1.121311503476e+00 3.792027240680e+00 5.000000000000e-03
5.234299686701e-01 3.206849931697e+00 5.000000000000e-03
1.474865037056e+00 3.474905496469e+00 5.000000000000e-03
2.101296395722e+00 3.207369609416e+00 5.000000000000e-03
6.021314044418e+00 3.317067780220e+00 5.000000000000e-03
2.933254779668e+00 5.889715987596e+00 5.000000000000e-03
4.415800493502e+00 8.284237459317e-01 5.000000000000e-03
1.748639104310e+00 5.665068243013e+00 5.000000000000e-03
2.185652218498e+00 4.411992041014e+00 -5.000000000000e-03
1.613801846247e+00 2.888401506834e+00 -5.000000000000e-03
1.436072352839e+00 5.509690923219e+00 -5.000000000000e-03
1.875425057381e-01 1.526722955582e+00 -5.000000000000e-03
3.764572972467e+00 3.955729333587e+00 -5.000000000000e-03
9.544502960412e-01 8.008104686487e-01 -5.000000000000e-03
4.220670862905e+00 3.859623812270e+00 -5.000000000000e-03
2.766420606918e+00 5.374314748412e-01 -5.000000000000e-03
3.522858469413e+00 4.188564875534e+00 -5.000000000000e-03
5.587219538007e+00 5.311868997056e+00 -5.000000000000e-03
2.751922940242e+00 9.253965184044e-01 -5.000000000000e-03
4.446241194790e+00 5.375562209359e-01 -5.000000000000e-03
3.017200053088e+00 1.455677392429e+00 -5.000000000000e-03
3.470402944036e+00 1.195497239027e+00 -5.000000000000e-03
5.006456628018e+00 5.192818721723e+00 -5.000000000000e-03
2.504614780752e+00 6.162696168167e-01 -5.000000000000e-03
1.864736737321e+00 1.583294999322e+00 -5.000000000000e-03
5.567491231856e+00 4.129997663705e+00 -5.000000000000e-03
4.151847150207e+00 6.230366115691e+00 -5.000000000000e-03
2.658152820668e+00 3.116257026472e+00 -5.000000000000e-03
3.067469675716e+00 3.545882547700e-02 -5.000000000000e-03
4.217810704532e+00 4.866081722929e+00 -5.000000000000e-03
2.720941330069e+00 1.542246552667e-02 -5.000000000000e-03
1.900359447240e+00 2.008060800851e-01 -5.000000000000e-03
5.985709408141e+00 8.270342381012e-01 -5.000000000000e-03
2.448301564905e+00 6.992962847599e-01 -5.000000000000e-03
5.411725779790e+00 2.100914372826e+00 -5.000000000000e-03
1.653781945820e+00 5.815405837614e+00 -5.000000000000e-03
4.369466043014e+00 5.653740328920e+00 -5.000000000000e-03
5.891727811548e+00 2.285925032903e+00 -5.000000000000e-03
3.025612806925e+00 9.524673087520e-01 -5.000000000000e-03
1.200583267310e+00 5.692319026009e+00 -5.000000000000e-03
3.284429408530e+00 6.054380981898e+00 -5.000000000000e-03
1.939890338752e+00 1.587969509989e+00 -5.000000000000e-03
8.117821897877e-01 3.266965035091e+00 -5.000000000000e-03
2.309131665505e+00 7.607884934339e-01 -5.000000000000e-03
2.008297166811e+00 2.301105856724e-01 -5.000000000000e-03
6.191974364345e+00 1.794570811937e+00 -5.000000000000e-03
1.338510732624e+00 7.467612165353e-01 -5.000000000000e-03
2.902559666779e+00 6.180929033000e-01 -5.000000000000e-03
1.102024757423e+00 2.532293168088e+00 -5.000000000000e-03
5.902945378842e+00 5.499421431995e+00 -5.000000000000e-03
5.898461752390e+00 1.577622289999e+00 -5.000000000000e-03
5.099366530311e+00 7.134412605746e-01 -5.000000000000e-03
3.716278256503e+00 3.795023564397e+00 -5.000000000000e-03
4.834384240818e+00 1.343504798923e+00 -5.000000000000e-03
1.617073034990e+00 3.349917905974e-01 -5.000000000000e-03
3.531677704779e+00 1.405280952244e+00 -5.000000000000e-03
5.872703881653e+00 5.462306318049e+00 -5.000000000000e-03
3.821123214609e+00 6.164167288693e+00 -5.000000000000e-03
2.387665840240e+00 3.644986459598e-01 -5.000000000000e-03
3.011099984605e-01 4.405090723313e+00 -5.000000000000e-03
2.851905113579e+00 4.418906030316e+00 -5.000000000000e-03
1.659017857752e+00 4.897689806750e+00 -5.000000000000e-03
5.366358684178e+00 5.040517428223e+00 -5.000000000000e-03
1.512828130023e+00 3.739787843334e-01 -5.000000000000e-03
4.109956236180e+00 3.684750836058e+00 -5.000000000000e-03
2.407717572089e+00 2.179850509852e-01 -5.000000000000e-03
1.289721403205e+00 1.437074572505e-01 -5.000000000000e-03
2.292810444139e-01 1.685898807429e+00 -5.000000000000e-03
5.025347090932e+00 5.126515668147e+00 -5.000000000000e-03
1.954219032481e+00 6.067624252650e+00 -5.000000000000e-03
1.153199471725e+00 5.988192545409e+00 -5.000000000000e-03
4.697047935419e+00 6.002653083926e+00 -5.000000000000e-03
3.086274143861e+00 2.640100369350e-02 -5.000000000000e-03
5.615410382128e+00 4.714978997408e+00 -5.000000000000e-03
2.330221288940e+00 6.363435764363e-01 -5.000000000000e-03
9.444825342924e-01 5.907344731606e+00 -5.000000000000e-03
1.650573694282e+00 1.136006728714e+00 -5.000000000000e-03
3.517786454157e+00 3.258402678361e-02 -5.000000000000e-03
1.246852740512e-01 3.950184708941e+00 -5.000000000000e-03
5.456054034486e+00 4.595708206285e+00 -5.000000000000e-03
9.562339003546e-01 5.786479521307e+00 -5.000000000000e-03
5.097477767754e+00 1.790093009420e+00 -5.000000000000e-03
2.122409346942e+00 1.872957851864e+00 -5.000000000000e-03
3.475208051813e+00 8.441055485210e-01 -5.000000000000e-03
5.189217619263e+00 7.994866714584e-01 -5.000000000000e-03
2.452163514579e+00 8.613355145303e-01 -5.000000000000e-03
1.146254988831e+00 5.673795572653e+00 -5.000000000000e-03
4.163585964465e+00 3.691526618983e-01 -5.000000000000e-03
3.531475955520e+00 4.225615140839e+00 -5.000000000000e-03
6.055792489473e+00 1.260755924467e-01 -5.000000000000e-03
3.275219410480e+00 2.767412626042e+00 -5.000000000000e-03
5.904483775970e+00 8.611911023133e-01 -5.000000000000e-03
2.332733787776e+00 3.279492983428e-01 -5.000000000000e-03
5.602147892779e+00 5.322085281812e+00 -5.000000000000e-03
5.085846568235e+00 2.536074018377e-01 -5.000000000000e-03
3.032907469558e+00 2.775681116850e+00 -5.000000000000e-03
1.938106837240e+00 6.029946158233e+00 -5.000000000000e-03
4.584694702089e+00 5.243246728142e-01 -5.000000000000e-03
4.076051026710e+00 4.126936086272e+00 -5.000000000000e-03
2.562653256813e+00 5.866335058362e-01 -5.000000000000e-03
1.790565677363e+00 1.689498473255e+00 -5.000000000000e-03
6.062990343922e+00 5.546508550330e+00 -5.000000000000e-03
3.165692516685e+00 1.490915803008e+00 -5.000000000000e-03
4.051356045678e+00 4.042057661825e+00 -5.000000000000e-03
2.066834470955e+00 5.141424655573e-01 -5.000000000000e-03
1.408550792157e+00 5.504059716245e+00 -5.000000000000e-03
1.278659522304e+00 9.396872655589e-02 -5.000000000000e-03
3.936701038847e+00 2.088313794800e+00 -5.000000000000e-03
