3.085837752987e+00 4.685949201936e+00 5.000000000000e-03
2.768225393177e+00 6.274503328881e-01 5.000000000000e-03
6.153300307428e+00 4.862642303517e+00 5.000000000000e-03
4.862939886886e+00 1.522775424026e+00 5.000000000000e-03
3.785960151375e+00 8.603536352773e-01 5.000000000000e-03
4.651460593238e+00 1.001320654027e+00 5.000000000000e-03
1.024025027319e+00 2.688013065030e-01 5.000000000000e-03
6.075268483301e+00 5.579111709476e+00 5.000000000000e-03
4.641608063374e+00 3.579100666523e+00 5.000000000000e-03
6.102680831851e+00 2.735750797556e+00 5.000000000000e-03
6.032144281469e+00 6.108768342586e-01 5.000000000000e-03
5.388037295100e+00 5.560527841282e+00 5.000000000000e-03
1.677094937086e-01 5.989775483455e+00 5.000000000000e-03
4.189341768723e+00 3.174760200521e+00 5.000000000000e-03
5.375735306572e+00 5.752690266322e+00 5.000000000000e-03
4.202365080397e+00 5.412736279053e+00 5.000000000000e-03
3.350373686168e+00 5.863441397247e+00 5.000000000000e-03
5.984886597049e+00 5.186681025021e+00 5.000000000000e-03
1.569888561698e+00 4.274715656458e+00 5.000000000000e-03
6.075792906051e+00 4.732960484333e+00 5.000000000000e-03
2.902129560575e-01 3.864499283821e+00 5.000000000000e-03
2.529743092591e-01 2.633746708326e+00 5.000000000000e-03
3.765539557718e+00 1.137459694533e+00 5.000000000000e-03
4.396298997757e+00 1.157252541220e+00 5.000000000000e-03
5.875357971475e+00 4.648044481812e+00 5.000000000000e-03
3.972165266532e+00 4.833240137278e+00 5.000000000000e-03
1.409100415364e-01 6.066219239647e+00 5.000000000000e-03
1.064419386071e+00 4.750010817372e-01 5.000000000000e-03
6.139364203691e+00 4.339731714322e+00 5.000000000000e-03
5.314117149312e+00 4.249053996845e+00 5.000000000000e-03
5.166200650348e+00 8.079285706991e-01 5.000000000000e-03
1.550949844189e+00 5.232971714929e+00 5.000000000000e-03
1.847433750467e+00 8.235852641658e-01 5.000000000000e-03
4.396654038639e+00 1.571853837560e+00 5.000000000000e-03
5.385035572475e+00 5.928684154771e+00 5.000000000000e-03
6.002836800393e+00 3.646488988686e+00 5.000000000000e-03
1.257623357131e+00 4.567067878199e-01 5.000000000000e-03
3.927929708694e+00 5.111507411407e+00 5.000000000000e-03
2.703874617113e-02 2.170935949835e+00 5.000000000000e-03
5.925611881522e+00 4.667245488601e+00 5.000000000000e-03
6.106125785076e+00 3.418151250417e+00 5.000000000000e-03
1.966036806851e-02 3.323287004013e+00 5.000000000000e-03
4.899538539285e+00 1.465596532187e+00 5.000000000000e-03
5.026361347646e+00 2.644331916539e+00 5.000000000000e-03
4.372158639176e+00 4.526510629138e+00 5.000000000000e-03
4.752957380512e+00 4.386406820142e+00 5.000000000000e-03
2.180984335325e-01 5.046248389118e+00 5.000000000000e-03
6.068144767479e+00 1.167885515927e+00 5.000000000000e-03
4.396996050904e+00 5.507561227681e+00 5.000000000000e-03
9.444458506172e-01 7.763055571388e-01 5.000000000000e-03
3.577760738267e+00 5.799794362681e+00 5.000000000000e-03
4.983827513057e+00 2.067228286725e+00 5.000000000000e-03
1.293442145205e+00 4.015088805535e+00 5.000000000000e-03
5.950461959972e+00 5.771653184892e+00 5.000000000000e-03
4.787279283061e+00 1.979054162321e+00 5.000000000000e-03
5.780774313779e+00 5.548262878253e+00 5.000000000000e-03
6.021940831055e+00 3.824671865199e+00 5.000000000000e-03
4.775992001708e+00 1.763077953272e+00 5.000000000000e-03
7.569988098123e-01 5.609296527312e+00 5.000000000000e-03
5.906843529642e+00 4.173704803292e+00 5.000000000000e-03
5.980851167227e+00 4.008323778758e+00 5.000000000000e-03
5.383300901738e+00 3.162298728346e+00 5.000000000000e-03
4.987008463017e+00 3.691819327425e+00 5.000000000000e-03
5.206693300225e+00 3.796909574736e+00 5.000000000000e-03
4.508831016303e+00 9.821926085656e-01 5.000000000000e-03
5.126711242952e+00 8.505449605671e-01 5.000000000000e-03
5.141848709076e+00 5.247397915211e+00 5.000000000000e-03
2.771361994924e+00 5.383142736137e+00 5.000000000000e-03
5.501033240193e+00 3.328593633504e+00 5.000000000000e-03
1.940724501464e+00 4.016075446911e+00 5.000000000000e-03
3.033500271876e-01 9.571437777960e-01 5.000000000000e-03
4.701096668037e+00 4.263880868980e+00 5.000000000000e-03
5.696601255675e+00 4.139869497988e+00 5.000000000000e-03
5.173747385207e+00 4.842951052205e+00 5.000000000000e-03
6.099549446679e+00 4.845600319824e+00 5.000000000000e-03
5.527782117834e+00 4.660207813915e+00 5.000000000000e-03
4.018491523000e+00 4.772651442265e+00 5.000000000000e-03
9.678061047527e-01 6.151825540168e+00 5.000000000000e-03
3.351575611167e+00 3.563481370747e+00 5.000000000000e-03
6.172033214661e-01 5.246527863500e+00 5.000000000000e-03
2.306500111317e-01 1.772973853674e+00 5.000000000000e-03
4.094123459793e+00 1.423893757394e+00 5.000000000000e-03
3.449057417160e+00 5.863840006217e+00 5.000000000000e-03
6.215768352368e+00 2.644012924890e+00 5.000000000000e-03
5.367391285987e+00 6.200174922152e+00 5.000000000000e-03
5.996043732794e+00 5.206477140070e+00 5.000000000000e-03
4.967907887503e+00 1.672841315120e+00 5.000000000000e-03
3.878687832477e+00 1.654522615330e+00 5.000000000000e-03
3.952636379684e+00 4.949847655471e+00 5.000000000000e-03
3.421817422581e+00 1.921210875624e+00 5.000000000000e-03
2.661043015056e-01 2.664401024691e+00 5.000000000000e-03
4.390825474477e+00 2.055602420101e+00 5.000000000000e-03
5.341953722225e+00 4.716484459132e+00 5.000000000000e-03
4.492865385066e+00 4.707662781052e+00 5.000000000000e-03
5.520604662968e+00 4.608720688408e+00 5.000000000000e-03
5.128335212444e+00 7.273267787780e-01 5.000000000000e-03
5.552297954115e+00 5.995610722783e+00 5.000000000000e-03
4.801201943141e+00 1.870362461741e+00 5.000000000000e-03
5.692832687288e+00 5.068203276947e+00 5.000000000000e-03
2.801431607081e+00 1.155033832943e-01 5.000000000000e-03
2.890490458801e+00 3.132515756288e-01 -5.000000000000e-03
4.599408497727e+00 2.151080305031e+00 -5.000000000000e-03
5.220824343049e+00 2.788037425909e+00 -5.000000000000e-03
3.250525751187e+00 1.144323757173e+00 -5.000000000000e-03
2.341473018849e+00 3.072083017678e+00 -5.000000000000e-03
2.156440085658e+00 4.453972167071e+00 -5.000000000000e-03
2.709839719121e+00 4.524777901585e+00 -5.000000000000e-03
2.105816856025e+00 3.809836396601e+00 -5.000000000000e-03
2.913263916471e+00 5.312163316796e+00 -5.000000000000e-03
1.881436924162e+00 6.204365786040e+00 -5.000000000000e-03
4.577623840906e+00 5.754108069863e-01 -5.000000000000e-03
2.245067366336e+00 4.722281915034e+00 -5.000000000000e-03
1.636953475384e+00 5.554816803556e+00 -5.000000000000e-03
3.264119598040e+00 2.144917830295e+00 -5.000000000000e-03
9.950124123322e-01 1.598974196059e+00 -5.000000000000e-03
7.952015364947e-01 4.992807726085e+00 -5.000000000000e-03
2.104537403837e+00 8.291437507714e-01 -5.000000000000e-03
3.044306656442e+00 2.422991453453e+00 -5.000000000000e-03
2.222525562122e+00 2.521729824323e+00 -5.000000000000e-03
3.126619625755e+00 5.866614309167e+00 -5.000000000000e-03
2.976112659909e-01 3.073524603227e+00 -5.000000000000e-03
1.675822523474e+00 4.549966798596e+00 -5.000000000000e-03
1.152497944404e+00 2.126130260213e+00 -5.000000000000e-03
2.597599379299e+00 2.735767960330e+00 -5.000000000000e-03
6.189798213204e+00 3.684750947870e-01 -5.000000000000e-03
2.288226486608e+00 8.834632221036e-01 -5.000000000000e-03
2.608472469419e+00 2.877839813772e+00 -5.000000000000e-03
2.233376659928e+00 2.372728790045e+00 -5.000000000000e-03
2.705536627195e+00 4.830612794291e+00 -5.000000000000e-03
2.274159100085e+00 2.802174239900e+00 -5.000000000000e-03
3.170305433482e+00 2.391551916399e+00 -5.000000000000e-03
1.896700327046e+00 4.370998166015e+00 -5.000000000000e-03
2.843204575665e+00 3.532449416509e+00 -5.000000000000e-03
1.577263325368e+00 2.628482806026e+00 -5.000000000000e-03
2.334622614803e+00 5.945566564977e+00 -5.000000000000e-03
2.311514434687e+00 2.691836821109e+00 -5.000000000000e-03
5.088301036148e+00 2.840471317381e+00 -5.000000000000e-03
4.076134128774e+00 1.181818758321e+00 -5.000000000000e-03
2.594084735716e+00 2.740809761385e+00 -5.000000000000e-03
3.600670484120e+00 2.104097771187e+00 -5.000000000000e-03
2.533824489422e+00 4.301519252813e+00 -5.000000000000e-03
4.054726197276e-01 1.260722446195e+00 -5.000000000000e-03
4.875283520305e-01 5.522267626429e+00 -5.000000000000e-03
2.061463158231e+00 2.868309055919e+00 -5.000000000000e-03
1.525722092535e+00 2.390476818728e+00 -5.000000000000e-03
1.713646300000e+00 3.582077825344e+00 -5.000000000000e-03
6.196687154173e+00 3.075509062452e-01 -5.000000000000e-03
2.955774863970e+00 8.165936875755e-01 -5.000000000000e-03
3.257458089729e+00 1.556695964027e+00 -5.000000000000e-03
3.962745016821e+00 2.435827398671e+00 -5.000000000000e-03
5.800304848153e+00 6.205565980542e+00 -5.000000000000e-03
3.545161331258e+00 3.916460300085e+00 -5.000000000000e-03
3.387050349415e+00 2.244129937160e+00 -5.000000000000e-03
6.194441316778e+00 1.796525714492e+00 -5.000000000000e-03
2.253189509994e+00 1.716237210876e+00 -5.000000000000e-03
2.780967128660e+00 3.189275239110e+00 -5.000000000000e-03
3.586803728943e+00 1.090450293050e-01 -5.000000000000e-03
2.756389687789e+00 1.171797327465e+00 -5.000000000000e-03
1.586324697066e+00 9.419858170330e-01 -5.000000000000e-03
2.624818381080e+00 4.965331642743e+00 -5.000000000000e-03
1.809585663964e+00 1.367007443912e+00 -5.000000000000e-03
3.388714097762e+00 4.466034740327e+00 -5.000000000000e-03
1.092624736597e+00 4.092167077248e+00 -5.000000000000e-03
2.242100638822e+00 4.358002846525e+00 -5.000000000000e-03
1.225308229497e+00 3.725726951911e+00 -5.000000000000e-03
3.611494579232e+00 3.588509049871e+00 -5.000000000000e-03
2.602306859303e+00 4.847256762556e+00 -5.000000000000e-03
1.185111118298e+00 5.985646182641e+00 -5.000000000000e-03
7.556697333244e-01 4.178346395178e+00 -5.000000000000e-03
1.777194674928e+00 3.493377101985e+00 -5.000000000000e-03
4.074329133708e+00 4.532032196495e+00 -5.000000000000e-03
3.384786416367e+00 3.848124268120e+00 -5.000000000000e-03
1.092321414130e+00 2.016375300790e+00 -5.000000000000e-03
3.087859123116e+00 2.499073291233e+00 -5.000000000000e-03
4.853903574529e-02 1.695038956985e+00 -5.000000000000e-03
2.268242990772e+00 2.914391388891e+00 -5.000000000000e-03
2.240426696756e+00 2.848113887708e+00 -5.000000000000e-03
4.735957571441e-01 7.660458666376e-01 -5.000000000000e-03
1.295336782933e+00 5.167265830885e+00 -5.000000000000e-03
4.508939095528e+00 2.393033645910e+00 -5.000000000000e-03
3.163989785738e-01 5.483539658397e+00 -5.000000000000e-03
2.368436762540e+00 2.857015515395e+00 -5.000000000000e-03
3.847563490987e+00 3.682962190599e+00 -5.000000000000e-03
2.405924354976e+00 8.012812322922e-01 -5.000000000000e-03
2.638744904526e+00 2.863790516808e+00 -5.000000000000e-03
3.175660847408e+00 3.486954357361e+00 -5.000000000000e-03
2.054013101484e+00 3.096661703171e+00 -5.000000000000e-03
2.188457113735e-01 2.274192393833e-01 -5.000000000000e-03
5.528877383674e+00 2.378061589695e+00 -5.000000000000e-03
3.988141433029e+00 2.619376830420e+00 -5.000000000000e-03
2.178732669966e+00 3.834021860528e+00 -5.000000000000e-03
5.145149259686e+00 3.318979555148e+00 -5.000000000000e-03
2.133147618704e+00 3.028037814460e+00 -5.000000000000e-03
1.176015070075e+00 1.604660715545e+00 -5.000000000000e-03
2.287401096447e+00 3.079760945446e+00 -5.000000000000e-03
2.120438338176e+00 5.928822676075e+00 -5.000000000000e-03
2.745647815881e+00 2.987582967742e+00 -5.000000000000e-03
1.136065015287e+00 2.190718351335e+00 -5.000000000000e-03
2.906053309306e+00 3.814727665498e-01 -5.000000000000e-03
4.722166871257e+00 4.901651784735e+00 -5.000000000000e-03
