4.227223899501e+00 3.331234745158e+00 5.000000000000e-03
1.014129429016e+00 4.593535412645e+00 5.000000000000e-03
2.087450094713e+00 1.522740412345e+00 5.000000000000e-03
3.069529922888e+00 4.511556171840e+00 5.000000000000e-03
3.812394852118e+00 3.212187892714e+00 5.000000000000e-03
8.638365441221e-02 3.974397401770e+00 5.000000000000e-03
4.898734341405e+00 4.562417798805e+00 5.000000000000e-03
3.547988005649e+00 2.387725163049e+00 5.000000000000e-03
3.326793084231e+00 2.692884911729e+00 5.000000000000e-03
7.402902089648e-01 4.951983600131e+00 5.000000000000e-03
3.912849006777e+00 2.679579406905e+00 5.000000000000e-03
3.836050585844e+00 3.132223895314e+00 5.000000000000e-03
4.736802763442e+00 2.271267704452e+00 5.000000000000e-03
3.080805168559e+00 3.985394886203e+00 5.000000000000e-03
5.060874277911e+00 2.418588885352e+00 5.000000000000e-03
4.163246551033e+00 2.881079249536e+00 5.000000000000e-03
8.904427476876e-01 4.947698219835e+00 5.000000000000e-03
5.209162135084e-01 5.191850806002e+00 5.000000000000e-03
5.894930239059e+00 1.783317308115e+00 5.000000000000e-03
5.364174930891e+00 3.740035058265e+00 5.000000000000e-03
3.888399859594e+00 3.821897413108e+00 5.000000000000e-03
1.378964792150e+00 5.534819214881e+00 5.000000000000e-03
5.245647913755e+00 4.868609887619e+00 5.000000000000e-03
6.010032832536e+00 1.558625678303e+00 5.000000000000e-03
5.032574912771e+00 2.141285188886e+00 5.000000000000e-03
8.663313120986e-02 1.901004682600e+00 5.000000000000e-03
3.367445983207e+00 6.159047528111e+00 5.000000000000e-03
1.145054264033e+00 2.862756451150e+00 5.000000000000e-03
5.132794615321e+00 1.803595158394e+00 5.000000000000e-03
1.066829239789e+00 4.124777444895e+00 5.000000000000e-03
6.634919328338e-01 3.065904115371e+00 5.000000000000e-03
3.318878246199e+00 4.064690378112e+00 5.000000000000e-03
4.751108495330e+00 5.799715528517e+00 5.000000000000e-03
2.108717477889e+00 7.913530411313e-01 5.000000000000e-03
3.660056063929e+00 2.825081857240e+00 5.000000000000e-03
5.202104458224e+00 5.589784102617e+00 5.000000000000e-03
5.478418618627e+00 2.999154396189e+00 5.000000000000e-03
5.047589929746e+00 4.977414511101e+00 5.000000000000e-03
4.448428543796e+00 6.168421966498e+00 5.000000000000e-03
2.162221784104e+00 3.025056235352e+00 5.000000000000e-03
3.691367953296e+00 2.149838174821e+00 5.000000000000e-03
5.399918093899e+00 2.126910290235e+00 5.000000000000e-03
4.072889864497e+00 3.169323724425e+00 5.000000000000e-03
6.055962024194e+00 2.778208214558e+00 5.000000000000e-03
4.287400319973e+00 4.355321351818e+00 5.000000000000e-03
4.807966322683e+00 3.938730604895e+00 5.000000000000e-03
2.531658831533e+00 4.978843603878e+00 5.000000000000e-03
3.242244705887e+00 4.910159479329e+00 5.000000000000e-03
5.902558333464e+00 3.078391153740e+00 5.000000000000e-03
5.609403754598e+00 5.370509210142e+00 5.000000000000e-03
4.244382336237e+00 2.144247738364e+00 5.000000000000e-03
4.091053723565e+00 5.387073907996e+00 5.000000000000e-03
8.661841139218e-02 1.137932736248e-01 5.000000000000e-03
4.816144765741e+00 2.507071437660e+00 5.000000000000e-03
5.645768784780e+00 3.079713501729e+00 5.000000000000e-03
1.614499634999e+00 5.566057280173e+00 5.000000000000e-03
4.097568735609e+00 5.993928953290e+00 5.000000000000e-03
4.123483646721e+00 3.973855601400e+00 5.000000000000e-03
3.544658904871e+00 8.434425576909e-01 5.000000000000e-03
4.074985068571e-01 4.472713773521e+00 5.000000000000e-03
3.399328132275e+00 3.267781953946e+00 5.000000000000e-03
4.362705196686e+00 2.940752376134e+00 5.000000000000e-03
4.895128047526e+00 5.957903988796e+00 5.000000000000e-03
5.064424793708e+00 3.061057346523e+00 5.000000000000e-03
3.971894567516e+00 3.007857204439e+00 5.000000000000e-03
2.204996956344e+00 4.721739664697e+00 5.000000000000e-03
6.258695857896e+00 1.767682849277e+00 5.000000000000e-03
4.174501634832e+00 5.460285661267e+00 5.000000000000e-03
4.767938101772e+00 5.957047355742e+00 5.000000000000e-03
2.322393464261e-01 2.581677268338e+00 5.000000000000e-03
2.142083169632e+00 3.051529511917e+00 5.000000000000e-03
6.975556825910e-01 3.548396767492e+00 5.000000000000e-03
5.439715489222e+00 2.988856238741e+00 5.000000000000e-03
3.903668182356e+00 2.937229785697e+00 5.000000000000e-03
3.618024430160e+00 4.207647317510e+00 5.000000000000e-03
1.030043660467e+00 2.702079705494e+00 5.000000000000e-03
4.140511598598e+00 3.212845752891e+00 5.000000000000e-03
5.093867283341e+00 2.239240318010e+00 5.000000000000e-03
2.666985428256e+00 2.619905125592e+00 5.000000000000e-03
3.623460606028e+00 2.384906868879e+00 5.000000000000e-03
1.055255257617e+00 2.875921356508e+00 5.000000000000e-03
5.930337046755e+00 2.651672504027e+00 5.000000000000e-03
3.568897014165e+00 3.488472422733e+00 5.000000000000e-03
1.812637511703e-01 3.531082273047e-01 5.000000000000e-03
1.845198661146e-02 2.990777154858e+00 5.000000000000e-03
3.321703512053e+00 3.855285169003e+00 5.000000000000e-03
4.205428083970e+00 2.302896683035e+00 5.000000000000e-03
2.858245248871e+00 2.129556733453e+00 5.000000000000e-03
4.982162489761e+00 4.961814595928e-01 5.000000000000e-03
3.626842042482e+00 4.134776796351e+00 5.000000000000e-03
6.256751794127e+00 1.601776766322e+00 5.000000000000e-03
6.266233475339e+00 4.960354493964e+00 5.000000000000e-03
4.783752108588e+00 3.631505016680e+00 5.000000000000e-03
4.079899491831e+00 2.346542641942e+00 5.000000000000e-03
5.289888435876e+00 3.293518547064e-01 5.000000000000e-03
4.996540193277e+00 3.346965219529e+00 5.000000000000e-03
5.689742468244e+00 4.247986097024e+00 5.000000000000e-03
5.885028406776e+00 5.844140796113e+00 5.000000000000e-03
1.351724270917e+00 2.704648534355e+00 5.000000000000e-03
1.138472278607e+00 5.677153790866e+00 5.000000000000e-03
1.767267167918e+00 7.945705194788e-01 -5.000000000000e-03
3.803946251513e+00 5.820372374439e+00 -5.000000000000e-03
2.042964953723e+00 1.635725926145e-01 -5.000000000000e-03
1.929093497354e+00 1.456500608976e-02 -5.000000000000e-03
2.498956218922e+00 6.018876926534e+00 -5.000000000000e-03
5.681402844885e+00 1.245876984675e+00 -5.000000000000e-03
2.028058590366e+00 8.222289198455e-02 -5.000000000000e-03
2.063679579138e+00 1.113589053942e-01 -5.000000000000e-03
1.779234727196e+00 1.258973613538e+00 -5.000000000000e-03
1.519374096409e+00 6.148014690268e+00 -5.000000000000e-03
6.787409727309e-01 5.779959159993e+00 -5.000000000000e-03
3.365936884871e+00 7.673808255185e-01 -5.000000000000e-03
8.904051224419e-01 6.101462183097e+00 -5.000000000000e-03
3.116465906212e+00 2.043941561684e-01 -5.000000000000e-03
2.275013577289e-01 4.466112184681e+00 -5.000000000000e-03
3.197031051409e+00 6.113026499430e+00 -5.000000000000e-03
4.322041915621e+00 1.967851664568e+00 -5.000000000000e-03
2.969080808249e+00 1.721338353461e+00 -5.000000000000e-03
2.089814994279e+00 3.863421388719e+00 -5.000000000000e-03
1.821781840274e+00 5.938659654625e+00 -5.000000000000e-03
3.786243580034e+00 5.668264501593e+00 -5.000000000000e-03
2.793789592939e+00 6.294200760907e-01 -5.000000000000e-03
1.774156899038e+00 4.799201077488e+00 -5.000000000000e-03
1.467388814196e+00 5.995841770311e+00 -5.000000000000e-03
1.836697474711e+00 5.825214528303e+00 -5.000000000000e-03
5.720211321082e+00 5.673479828746e+00 -5.000000000000e-03
5.670783779787e+00 9.857303128388e-01 -5.000000000000e-03
2.981265092519e+00 9.231322294434e-01 -5.000000000000e-03
2.960546564654e+00 3.139110738598e+00 -5.000000000000e-03
5.281155959405e+00 5.057779224617e-01 -5.000000000000e-03
2.062562960456e+00 2.310864351270e+00 -5.000000000000e-03
7.145218309013e-01 3.277236706259e+00 -5.000000000000e-03
1.857577170764e+00 4.389683176416e+00 -5.000000000000e-03
9.402579627838e-01 6.770980213525e-01 -5.000000000000e-03
5.613376896059e+00 5.633102588283e-01 -5.000000000000e-03
2.332471862035e+00 5.529298357065e+00 -5.000000000000e-03
1.628605882785e+00 6.044041383438e+00 -5.000000000000e-03
2.954318498877e+00 1.584107053435e+00 -5.000000000000e-03
2.281368415426e+00 8.710852867426e-02 -5.000000000000e-03
1.205491922802e+00 5.943029237307e+00 -5.000000000000e-03
5.925019995114e+00 1.316207079193e+00 -5.000000000000e-03
3.153732647558e+00 6.187073963732e-01 -5.000000000000e-03
2.102658242384e+00 3.888043398513e+00 -5.000000000000e-03
1.960838763490e+00 4.168563223460e+00 -5.000000000000e-03
1.997420436084e+00 6.274232838165e+00 -5.000000000000e-03
8.378677251580e-01 6.051132362611e+00 -5.000000000000e-03
1.631446227882e+00 1.423678388699e-01 -5.000000000000e-03
3.755124481028e+00 5.515850018071e+00 -5.000000000000e-03
2.718936723340e+00 1.483995407296e-01 -5.000000000000e-03
5.111481343152e+00 1.416754301062e+00 -5.000000000000e-03
3.207145912386e+00 3.232648537059e-01 -5.000000000000e-03
3.328962252375e+00 1.706151382077e+00 -5.000000000000e-03
2.812088147571e+00 3.914005211361e+00 -5.000000000000e-03
9.443254821419e-01 6.338115801685e-01 -5.000000000000e-03
1.787922993878e+00 6.344997908031e-01 -5.000000000000e-03
1.854058707267e+00 4.056629148549e+00 -5.000000000000e-03
2.084184680861e+00 6.192259141694e+00 -5.000000000000e-03
2.397564688559e+00 4.756422835248e+00 -5.000000000000e-03
3.714527741038e+00 5.019412756459e-01 -5.000000000000e-03
1.044879299754e+00 2.305607361915e+00 -5.000000000000e-03
4.749271355632e-01 2.687225182182e+00 -5.000000000000e-03
6.163405590324e+00 1.255090301218e+00 -5.000000000000e-03
6.098314317290e+00 2.579949456187e+00 -5.000000000000e-03
1.074913345979e+00 5.326044148261e+00 -5.000000000000e-03
1.106612390855e-01 3.223439104059e+00 -5.000000000000e-03
1.711375010166e+00 4.227064657780e+00 -5.000000000000e-03
1.705015147637e+00 6.098635610086e+00 -5.000000000000e-03
2.006142592516e+00 3.909423081265e+00 -5.000000000000e-03
3.564820418189e+00 7.008307565539e-01 -5.000000000000e-03
4.354983479788e+00 4.132016243814e+00 -5.000000000000e-03
2.935196984287e+00 6.241008503416e+00 -5.000000000000e-03
4.245751321380e+00 5.285008341684e+00 -5.000000000000e-03
5.350086409596e+00 5.600812631134e+00 -5.000000000000e-03
2.961656797515e+00 3.439110324768e+00 -5.000000000000e-03
1.276532667365e+00 1.546658080447e+00 -5.000000000000e-03
5.313860973861e+00 3.466897837680e+00 -5.000000000000e-03
8.754616351927e-01 1.480593644605e+00 -5.000000000000e-03
3.951253046834e+00 1.303837751391e+00 -5.000000000000e-03
1.801108865013e+00 4.193081720802e+00 -5.000000000000e-03
2.528364734796e+00 2.167855105908e+00 -5.000000000000e-03
5.901321233219e+00 4.790339341483e+00 -5.000000000000e-03
3.358960349755e+00 7.725566138652e-01 -5.000000000000e-03
2.993443964949e+00 5.161749311838e+00 -5.000000000000e-03
2.121240035737e+00 1.637110122598e-01 -5.000000000000e-03
3.065229630917e+00 5.754883543251e+00 -5.000000000000e-03
5.218919431772e+00 4.362134794762e+00 -5.000000000000e-03
1.905933730918e+00 2.134807378604e+00 -5.000000000000e-03
3.540652030968e+00 3.899064157609e+00 -5.000000000000e-03
2.292235523209e+00 4.983903854443e+00 -5.000000000000e-03
2.473558926027e+00 1.712988168708e-01 -5.000000000000e-03
1.686573427034e+00 1.820806955148e+00 -5.000000000000e-03
1.012930245895e+00 7.736612722530e-01 -5.000000000000e-03
2.355408736268e+00 2.249311108484e+00 -5.000000000000e-03
5.551762026689e+00 1.720621105649e+00 -5.000000000000e-03
5.923565228773e+00 4.908614919152e+00 -5.000000000000e-03
2.146355166185e+00 3.986916483180e+00 -5.000000000000e-03
1.639990181729e+00 4.673146834329e+00 -5.000000000000e-03
6.184438616865e+00 2.401331179283e+00 -5.000000000000e-03
9.610379949519e-02 3.595039234624e+00 -5.000000000000e-03
3.131000065039e-01 3.498190478318e+00 -5.000000000000e-03
