4.516071686211e+00 1.958990678912e+00 5.000000000000e-03
5.812581054806e+00 4.836918747637e+00 5.000000000000e-03
3.468405424014e+00 3.017244001681e+00 5.000000000000e-03
4.964672358900e+00 1.435612826221e+00 5.000000000000e-03
5.430070821931e+00 2.894684778133e+00 5.000000000000e-03
5.082918949104e+00 1.606197682041e+00 5.000000000000e-03
4.657621480781e+00 6.193899559186e-01 5.000000000000e-03
5.503436280632e+00 2.591432463493e+00 5.000000000000e-03
4.971121209402e+00 4.894662611669e+00 5.000000000000e-03
2.444633468896e-01 2.283347015805e+00 5.000000000000e-03
4.477751948379e+00 1.880211513313e+00 5.000000000000e-03
3.611022195450e+00 9.262534363253e-01 5.000000000000e-03
4.903099090041e-01 1.496031353137e+00 5.000000000000e-03
3.542933084367e+00 1.077881111644e+00 5.000000000000e-03
2.300720492996e-01 1.604142033577e+00 5.000000000000e-03
4.597128908656e+00 1.224005324231e+00 5.000000000000e-03
1.986655680724e+00 2.248725988405e+00 5.000000000000e-03
4.940936384040e+00 4.188029586261e+00 5.000000000000e-03
4.857583481382e+00 5.423164114306e+00 5.000000000000e-03
4.565350240042e+00 1.948695633548e+00 5.000000000000e-03
1.136240109027e+00 4.064021305143e+00 5.000000000000e-03
3.947728730269e+00 1.487978904278e+00 5.000000000000e-03
4.526968032561e+00 5.771564945493e+00 5.000000000000e-03
4.226484980146e+00 2.274276124688e+00 5.000000000000e-03
3.035199711051e+00 3.169186240956e+00 5.000000000000e-03
4.076768348731e+00 6.342927297125e-01 5.000000000000e-03
5.507511581818e+00 6.274717366034e+00 5.000000000000e-03
3.336676348721e+00 8.262771620052e-01 5.000000000000e-03
5.246660508143e+00 2.407605035326e+00 5.000000000000e-03
1.158876981072e+00 2.515236378857e+00 5.000000000000e-03
4.919210315726e+00 1.578092408341e+00 5.000000000000e-03
2.424021582457e+00 3.648347802936e+00 5.000000000000e-03
3.477910522509e+00 1.124972750730e+00 5.000000000000e-03
1.708249677089e+00 2.731298293011e+00 5.000000000000e-03
4.608095288053e+00 1.477945577637e+00 5.000000000000e-03
4.057659763581e+00 2.084694760535e+00 5.000000000000e-03
4.735627767535e+00 4.948948582156e-02 5.000000000000e-03
2.331968159710e+00 3.151455677980e+00 5.000000000000e-03
2.906404133965e+00 3.999142607154e+00 5.000000000000e-03
1.973693623383e+00 3.681337770945e+00 5.000000000000e-03
4.490920456853e+00 1.181939340892e+00 5.000000000000e-03
1.126145446886e+00 6.095625464937e+00 5.000000000000e-03
3.378983784218e+00 1.661522528244e+00 5.000000000000e-03
4.333423536361e+00 2.921789945574e+00 5.000000000000e-03
4.129444046749e+00 3.064535961431e+00 5.000000000000e-03
3.236923855926e+00 1.889153743359e+00 5.000000000000e-03
6.109467493093e+00 1.874967819081e+00 5.000000000000e-03
4.969841807664e+00 1.491146661254e+00 5.000000000000e-03
4.132262557801e+00 6.270002231151e+00 5.000000000000e-03
1.019533809984e-01 5.986201821788e-02 5.000000000000e-03
4.539386819498e+00 1.079972511904e+00 5.000000000000e-03
5.204063890722e+00 2.144021407624e+00 5.000000000000e-03
2.520789621280e+00 2.889034117105e+00 5.000000000000e-03
5.741867699708e+00 4.798018433676e-02 5.000000000000e-03
5.818577340333e-01 2.517317467818e+00 5.000000000000e-03
3.770782213568e+00 4.422650521690e+00 5.000000000000e-03
3.468837140230e+00 1.397112281703e+00 5.000000000000e-03
4.644771272576e+00 2.709256324486e+00 5.000000000000e-03
5.161701243596e-01 4.277481933387e-01 5.000000000000e-03
5.074973816581e+00 1.088269809556e+00 5.000000000000e-03
2.433271451330e+00 1.979646290307e+00 5.000000000000e-03
4.910099917773e+00 1.764409428013e+00 5.000000000000e-03
4.437079174231e+00 1.734095653550e+00 5.000000000000e-03
5.498548971375e+00 5.252128207993e+00 5.000000000000e-03
5.554996216131e+00 4.322924541616e+00 5.000000000000e-03
4.924970779406e-01 2.109228624277e+00 5.000000000000e-03
3.293839942382e+00 3.109415147237e+00 5.000000000000e-03
4.170174468496e+00 1.041474755354e+00 5.000000000000e-03
4.654553186333e-01 2.928114402428e+00 5.000000000000e-03
5.063216699899e+00 3.848177521708e+00 5.000000000000e-03
3.088130704710e+00 2.243852212474e+00 5.000000000000e-03
4.989782050064e+00 2.421662990337e+00 5.000000000000e-03
3.787467016831e+00 5.037458134305e+00 5.000000000000e-03
5.562231312172e+00 5.060729175643e+00 5.000000000000e-03
1.157261999191e+00 3.619689954206e+00 5.000000000000e-03
4.819777094227e+00 2.024646591649e+00 5.000000000000e-03
5.566560837158e+00 3.028777143462e+00 5.000000000000e-03
5.717369008128e+00 5.576924272061e+00 5.000000000000e-03
6.161838437749e+00 1.467514052398e+00 5.000000000000e-03
2.573463755404e+00 1.499054646023e+00 5.000000000000e-03
4.954028862411e+00 1.144216032501e+00 5.000000000000e-03
4.520686294508e+00 1.003446323169e+00 5.000000000000e-03
4.293397801916e+00 4.151271981196e+00 5.000000000000e-03
1.255483478736e+00 3.651086611696e+00 5.000000000000e-03
4.751774307735e+00 1.386750592046e+00 5.000000000000e-03
2.175023193014e+00 3.531812631792e+00 5.000000000000e-03
5.464271016197e-01 2.015989516221e+00 5.000000000000e-03
4.828911211271e+00 1.322434595045e+00 5.000000000000e-03
3.363254781643e+00 3.226573827972e+00 5.000000000000e-03
5.519952127636e+00 4.529865386177e+00 5.000000000000e-03
8.638894011919e-01 3.822099955622e+00 5.000000000000e-03
6.064953224920e+00 5.969554473171e+00 5.000000000000e-03
1.993188122851e-01 4.286894127996e+00 5.000000000000e-03
2.695585859258e+00 2.898531233278e+00 5.000000000000e-03
4.749593773943e+00 2.161129901585e+00 5.000000000000e-03
5.580690152412e+00 3.385918253438e+00 5.000000000000e-03
4.550856475089e+00 5.384664621513e+00 5.000000000000e-03
4.236404264503e+00 3.067804816479e+00 5.000000000000e-03
5.011810240430e+00 1.346419581928e+00 5.000000000000e-03
1.654797377608e+00 1.585040464105e+00 5.000000000000e-03
1.524766572527e+00 2.160816822726e+00 -5.000000000000e-03
6.507880052482e-01 1.308417832942e+00 -5.000000000000e-03
1.100221501311e-03 3.003012877429e+00 -5.000000000000e-03
8.494069072194e-02 5.811158494733e-01 -5.000000000000e-03
2.744036513708e+00 4.576340891153e+00 -5.000000000000e-03
3.726496444349e+00 3.885564722383e+00 -5.000000000000e-03
9.748150365499e-01 5.789659406746e+00 -5.000000000000e-03
2.865233710095e+00 2.757375197761e+00 -5.000000000000e-03
1.909303883217e+00 5.625943713214e+00 -5.000000000000e-03
1.083351908569e+00 8.098691440304e-01 -5.000000000000e-03
1.801325751448e+00 5.340799211362e+00 -5.000000000000e-03
5.436980561924e+00 4.162486143618e+00 -5.000000000000e-03
2.698350900491e+00 4.700500016840e+00 -5.000000000000e-03
2.663065227490e+00 6.704494588903e-01 -5.000000000000e-03
1.224190214215e+00 4.419634510838e+00 -5.000000000000e-03
2.333850011362e+00 4.456682412213e+00 -5.000000000000e-03
2.583844369518e+00 6.028781703570e+00 -5.000000000000e-03
4.612676717265e+00 5.117291016317e+00 -5.000000000000e-03
1.554754389357e+00 3.640970527610e+00 -5.000000000000e-03
1.674785057056e+00 4.777552172985e+00 -5.000000000000e-03
1.241162401346e+00 4.574551538185e+00 -5.000000000000e-03
8.769163219967e-01 2.743542243980e+00 -5.000000000000e-03
2.310714903193e+00 4.966773070077e+00 -5.000000000000e-03
6.061282598909e+00 4.612304190091e+00 -5.000000000000e-03
1.270802841901e+00 4.643761309796e+00 -5.000000000000e-03
5.160913306829e-01 6.857020803787e-01 -5.000000000000e-03
2.497416706783e-01 5.202878995687e+00 -5.000000000000e-03
2.431940204456e+00 5.813176725822e+00 -5.000000000000e-03
2.237862390086e+00 6.151384662473e+00 -5.000000000000e-03
1.557808519337e+00 6.142604759817e+00 -5.000000000000e-03
2.322888993396e+00 2.258112677458e-01 -5.000000000000e-03
6.321104786679e-01 4.740225862723e+00 -5.000000000000e-03
4.649920854213e-02 2.333636038838e+00 -5.000000000000e-03
2.207656111473e-02 5.014262620113e+00 -5.000000000000e-03
5.124157713821e-01 5.209252013514e+00 -5.000000000000e-03
7.663450645570e-02 5.680655595116e+00 -5.000000000000e-03
2.280773272606e+00 8.702731625492e-01 -5.000000000000e-03
3.459095234383e+00 3.785648398900e+00 -5.000000000000e-03
1.433298246397e+00 5.371378314835e+00 -5.000000000000e-03
3.554661834620e+00 4.021941428532e+00 -5.000000000000e-03
2.775927245101e+00 5.360229381422e+00 -5.000000000000e-03
1.704718246114e+00 5.601218052173e+00 -5.000000000000e-03
4.735813115805e+00 5.114899514945e+00 -5.000000000000e-03
1.586265858974e+00 5.300197008323e+00 -5.000000000000e-03
1.327994168578e+00 1.001218420975e+00 -5.000000000000e-03
1.444711550032e+00 4.109056018512e+00 -5.000000000000e-03
3.053279112207e+00 2.583769448812e+00 -5.000000000000e-03
4.603591892883e+00 5.555383855103e+00 -5.000000000000e-03
1.734510989238e+00 1.400377306911e-01 -5.000000000000e-03
3.767038113766e+00 4.122120514705e+00 -5.000000000000e-03
6.425628966247e-01 3.270637092798e+00 -5.000000000000e-03
5.834455659931e-01 5.235664869823e+00 -5.000000000000e-03
1.399610340622e+00 5.306754238778e+00 -5.000000000000e-03
8.636263848565e-01 5.831333507873e-01 -5.000000000000e-03
3.130578955240e+00 5.299084839445e+00 -5.000000000000e-03
1.946754862573e+00 5.536675550172e+00 -5.000000000000e-03
3.879179947685e-01 5.271463864489e+00 -5.000000000000e-03
2.439136756859e+00 5.725141677704e-01 -5.000000000000e-03
6.198217170080e+00 5.456028303566e+00 -5.000000000000e-03
7.081013700373e-02 4.894130251277e+00 -5.000000000000e-03
5.511252361338e+00 9.976889500224e-01 -5.000000000000e-03
1.944222748275e+00 5.646538901349e+00 -5.000000000000e-03
2.745199030863e-01 1.041925028696e+00 -5.000000000000e-03
1.743023985140e+00 5.038899953655e+00 -5.000000000000e-03
2.053677999428e+00 1.880319597137e+00 -5.000000000000e-03
3.856454086975e+00 2.058877892142e-01 -5.000000000000e-03
5.912083509891e+00 3.971522077943e+00 -5.000000000000e-03
3.739245259869e+00 2.275146514051e+00 -5.000000000000e-03
1.801653904462e+00 5.447185504638e+00 -5.000000000000e-03
1.704423184426e+00 5.360935110824e+00 -5.000000000000e-03
8.175137151674e-01 5.573076274435e+00 -5.000000000000e-03
1.296269170669e+00 3.871942281960e+00 -5.000000000000e-03
2.620968614338e+00 3.811179757041e+00 -5.000000000000e-03
9.905373413332e-01 5.876906947337e+00 -5.000000000000e-03
2.735891791953e+00 5.350907374847e+00 -5.000000000000e-03
5.658725221020e+00 4.228658652030e+00 -5.000000000000e-03
2.018978496102e+00 4.551534977382e+00 -5.000000000000e-03
1.182861648354e+00 5.789167307271e+00 -5.000000000000e-03
4.449436006084e+00 3.161263661009e-01 -5.000000000000e-03
3.752464095546e+00 4.229019329512e+00 -5.000000000000e-03
2.606522491099e+00 9.468781530911e-01 -5.000000000000e-03
4.584130574771e+00 5.632603510338e+00 -5.000000000000e-03
1.228574729937e+00 5.660235105586e+00 -5.000000000000e-03
2.333539054493e+00 4.862987115584e+00 -5.000000000000e-03
1.811063168220e+00 5.578035769385e+00 -5.000000000000e-03
2.876236944067e+00 1.773709490913e+00 -5.000000000000e-03
1.712550286058e+00 5.028672110260e+00 -5.000000000000e-03
3.149225360155e+00 3.828891090533e+00 -5.000000000000e-03
2.718267931739e+00 4.424883422981e+00 -5.000000000000e-03
2.078408936877e+00 5.610891915588e+00 -5.000000000000e-03
1.388043468836e+00 4.827305034263e+00 -5.000000000000e-03
8.248042630088e-01 5.193077974238e+00 -5.000000000000e-03
1.044050115914e+00 4.637346266104e+00 -5.000000000000e-03
2.197171996219e+00 2.408931642836e+00 -5.000000000000e-03
8.927184957017e-01 4.844527987572e+00 -5.000000000000e-03
1.957506058508e+00 5.429350328229e+00 -5.000000000000e-03
2.097660793767e+00 8.023401800904e-01 -5.000000000000e-03
1.869505631193e-01 1.171941551986e+00 -5.000000000000e-03
2.047408443205e+00 5.383390307362e+00 -5.000000000000e-03
5.157048923083e-01 1.999775308542e-01 -5.000000000000e-03
