5.740002853673e+00 4.287526860026e+00 5.000000000000e-03
5.885273499405e+00 4.112845416980e+00 5.000000000000e-03
1.184401712950e+00 3.123240748244e+00 5.000000000000e-03
1.165170834734e+00 1.870212597417e+00 5.000000000000e-03
1.646554004406e+00 5.033514047539e+00 5.000000000000e-03
1.496840695073e+00 1.754205511325e+00 5.000000000000e-03
3.246721646843e+00 1.861117576600e+00 5.000000000000e-03
5.713798128977e+00 3.123515317054e+00 5.000000000000e-03
4.338902323091e+00 2.212125074143e+00 5.000000000000e-03
4.399160880373e+00 5.078554799746e+00 5.000000000000e-03
2.041952260434e+00 5.117818274749e+00 5.000000000000e-03
1.312773790786e-01 4.433475276189e+00 5.000000000000e-03
4.342317215421e-01 4.294214048997e+00 5.000000000000e-03
5.645778053226e+00 5.877548557482e+00 5.000000000000e-03
3.626509317738e-01 4.261116931077e+00 5.000000000000e-03
1.866006181443e+00 5.788346834600e+00 5.000000000000e-03
2.075893662505e+00 1.758078606695e+00 5.000000000000e-03
1.852338191908e+00 5.249225452899e+00 5.000000000000e-03
6.112003573474e+00 3.402484909602e+00 5.000000000000e-03
8.381260950497e-01 3.032319937776e+00 5.000000000000e-03
6.049456440252e+00 5.332668842567e+00 5.000000000000e-03
2.056976330727e-01 4.721276816709e+00 5.000000000000e-03
4.123964814033e+00 3.818160979650e+00 5.000000000000e-03
1.030826352873e+00 5.857411849550e+00 5.000000000000e-03
5.618192694782e+00 4.287149034999e+00 5.000000000000e-03
6.239368525227e+00 2.712207864610e+00 5.000000000000e-03
6.024403195856e+00 2.964281113927e+00 5.000000000000e-03
5.837540899898e-01 4.299607436813e+00 5.000000000000e-03
2.653406172230e+00 1.536227668851e+00 5.000000000000e-03
1.706406082405e+00 3.161114545665e+00 5.000000000000e-03
4.501184816030e+00 5.094908723455e+00 5.000000000000e-03
7.203030850749e-01 4.248278882876e+00 5.000000000000e-03
1.128330420571e+00 4.346092599378e+00 5.000000000000e-03
1.079506935185e+00 4.932945477872e+00 5.000000000000e-03
9.000517368820e-01 3.883516367916e+00 5.000000000000e-03
6.115022516330e+00 3.888539506651e+00 5.000000000000e-03
5.728454545524e+00 3.050791615101e+00 5.000000000000e-03
1.917271037616e+00 6.078013455458e+00 5.000000000000e-03
5.933815973263e+00 4.815740556731e+00 5.000000000000e-03
2.734708534059e-01 4.612455939453e+00 5.000000000000e-03
2.957174646605e+00 3.366769119688e+00 5.000000000000e-03
2.753985085078e-01 4.724179945940e+00 5.000000000000e-03
4.338752005112e+00 3.891170003080e+00 5.000000000000e-03
3.324538724679e+00 2.554108881659e+00 5.000000000000e-03
1.076947229912e+00 5.749954578998e+00 5.000000000000e-03
2.815126940941e+00 3.550806337815e+00 5.000000000000e-03
5.560147276839e+00 1.740823165868e+00 5.000000000000e-03
5.653552915701e+00 2.568395057930e+00 5.000000000000e-03
3.099889915955e+00 1.999847205177e+00 5.000000000000e-03
3.498896581745e+00 2.922443151049e+00 5.000000000000e-03
1.424468298049e+00 3.054185381602e+00 5.000000000000e-03
4.738277192142e+00 3.064785078665e+00 5.000000000000e-03
1.281541691980e+00 3.999941748264e+00 5.000000000000e-03
6.225617525957e+00 2.535344279644e+00 5.000000000000e-03
2.120867239633e-01 4.348376413039e+00 5.000000000000e-03
1.871971676420e-01 4.387355124279e+00 5.000000000000e-03
1.012358752628e+00 6.095869467891e+00 5.000000000000e-03
3.661026733193e+00 5.993668594681e+00 5.000000000000e-03
4.482174687042e+00 4.776728668891e+00 5.000000000000e-03
5.617302435821e+00 4.205915600282e+00 5.000000000000e-03
5.719872395336e+00 1.393531165704e+00 5.000000000000e-03
5.733634873736e-01 1.239804275587e+00 5.000000000000e-03
8.013270569496e-01 3.507087656593e+00 5.000000000000e-03
5.221029998919e-01 5.491152137297e+00 5.000000000000e-03
5.934834720962e+00 3.535440896932e+00 5.000000000000e-03
6.517844543416e-01 4.161856204962e+00 5.000000000000e-03
2.645054200531e+00 3.483560940450e+00 5.000000000000e-03
5.196260002028e-01 1.147715406391e+00 5.000000000000e-03
1.250643028979e+00 5.097515866161e+00 5.000000000000e-03
2.504451226136e+00 4.494992270147e+00 5.000000000000e-03
5.235916354965e-01 4.081709045900e+00 5.000000000000e-03
5.716442250688e+00 3.563496476636e+00 5.000000000000e-03
3.783543902503e+00 4.829975659369e+00 5.000000000000e-03
1.209581617379e+00 4.228935474196e+00 5.000000000000e-03
5.546004390600e+00 3.583474455545e+00 5.000000000000e-03
1.560018559373e+00 5.162532724849e+00 5.000000000000e-03
5.702992443914e+00 1.550347351573e+00 5.000000000000e-03
3.254595110407e+00 2.063588048950e+00 5.000000000000e-03
2.497956539249e-01 3.326639968540e+00 5.000000000000e-03
2.893545795780e+00 3.699619444246e+00 5.000000000000e-03
4.562559691329e-02 3.366550106179e+00 5.000000000000e-03
8.761828251502e-01 1.262390929720e+00 5.000000000000e-03
1.202830570347e+00 4.055520257871e+00 5.000000000000e-03
6.927857508296e-01 8.985422056713e-02 5.000000000000e-03
4.892696217392e+00 3.378991538599e+00 5.000000000000e-03
5.784424610426e+00 2.420468823966e+00 5.000000000000e-03
5.147334361684e+00 6.204513585616e+00 5.000000000000e-03
2.473847576981e+00 4.063103391867e+00 5.000000000000e-03
4.173763881069e-01 3.270869552456e+00 5.000000000000e-03
5.126530107919e+00 6.169289988329e+00 5.000000000000e-03
5.943897283550e+00 5.102151367758e+00 5.000000000000e-03
8.988127151586e-01 4.603058708822e+00 5.000000000000e-03
6.153130958994e-01 2.997062826100e-01 5.000000000000e-03
6.002459025729e+00 3.023545212939e+00 5.000000000000e-03
5.869524041151e+00 3.349119124500e+00 5.000000000000e-03
4.831982526278e+00 4.983098109269e+00 5.000000000000e-03
5.400777993733e-01 3.180767881100e-01 5.000000000000e-03
6.066373982349e+00 3.626951025549e+00 5.000000000000e-03
3.631795642099e+00 4.910892357075e+00 5.000000000000e-03
6.226879473692e+00 9.037861876657e-01 5.000000000000e-03
5.322282970697e+00 5.568819666720e+00 -5.000000000000e-03
1.941653613492e+00 4.490727651542e+00 -5.000000000000e-03
3.472874800115e+00 7.564061459749e-01 -5.000000000000e-03
3.343475473677e+00 6.227131012958e+00 -5.000000000000e-03
3.272799563937e+00 8.339006027816e-02 -5.000000000000e-03
3.807650271775e+00 4.301065785790e+00 -5.000000000000e-03
4.211662482920e+00 6.279763542727e+00 -5.000000000000e-03
2.560806976909e+00 6.954307752159e-01 -5.000000000000e-03
3.285523167379e+00 8.276414838523e-01 -5.000000000000e-03
4.770945033331e+00 1.178213803726e+00 -5.000000000000e-03
2.890586840611e+00 8.952061953494e-01 -5.000000000000e-03
2.854474974930e+00 2.710448156876e+00 -5.000000000000e-03
2.033493505845e+00 1.278377568547e+00 -5.000000000000e-03
3.521454984663e+00 3.592662560278e-02 -5.000000000000e-03
1.415308798581e+00 8.868413007104e-01 -5.000000000000e-03
7.980567583188e-01 4.759747879895e+00 -5.000000000000e-03
4.249253097739e+00 5.218087551559e+00 -5.000000000000e-03
5.949252067818e+00 6.116252752586e+00 -5.000000000000e-03
2.028865140555e+00 3.071399705682e+00 -5.000000000000e-03
3.643102524455e+00 1.698220390091e+00 -5.000000000000e-03
1.316519346537e+00 1.845313599998e+00 -5.000000000000e-03
5.399159236131e+00 3.470651526598e+00 -5.000000000000e-03
3.604520838522e+00 8.904929054352e-02 -5.000000000000e-03
4.980258246290e+00 5.009456311780e+00 -5.000000000000e-03
5.081950990236e+00 5.874329242705e-01 -5.000000000000e-03
3.298991541589e+00 3.476107669247e+00 -5.000000000000e-03
2.420021430123e+00 5.267742893449e+00 -5.000000000000e-03
4.642117218738e+00 4.056562789881e+00 -5.000000000000e-03
3.657590611924e+00 5.817935735804e-01 -5.000000000000e-03
2.692676710576e+00 4.881679630768e+00 -5.000000000000e-03
2.812049713513e+00 1.027404489466e+00 -5.000000000000e-03
5.123908470962e+00 2.925836248480e+00 -5.000000000000e-03
3.041642993082e+00 3.024549838627e+00 -5.000000000000e-03
4.485731194042e+00 1.426475636505e+00 -5.000000000000e-03
3.054479933847e-01 1.227142475518e+00 -5.000000000000e-03
4.183403338536e+00 1.245496296294e+00 -5.000000000000e-03
2.914985093573e+00 1.512021835574e+00 -5.000000000000e-03
1.750288605895e+00 3.316448023576e+00 -5.000000000000e-03
4.056154310767e+00 2.193316321144e+00 -5.000000000000e-03
1.721289393283e+00 2.297317904625e+00 -5.000000000000e-03
5.002945441717e+00 3.101940612763e+00 -5.000000000000e-03
9.861686458837e-01 1.125471486253e+00 -5.000000000000e-03
4.924461710352e+00 6.048890948140e+00 -5.000000000000e-03
7.471598982535e-02 5.205522768669e+00 -5.000000000000e-03
1.476418545754e-01 3.691229852667e+00 -5.000000000000e-03
2.343995687790e+00 2.653843661246e-01 -5.000000000000e-03
2.955970828289e+00 9.616662009627e-01 -5.000000000000e-03
1.639648267574e+00 3.515880611417e+00 -5.000000000000e-03
8.530014180609e-01 1.863828783933e+00 -5.000000000000e-03
3.156137917246e+00 3.098164232944e+00 -5.000000000000e-03
3.853588659576e+00 6.414046881403e-02 -5.000000000000e-03
2.396983633578e+00 1.192444464594e+00 -5.000000000000e-03
2.052036764522e+00 2.095976436074e+00 -5.000000000000e-03
2.923679210830e+00 8.601066435633e-01 -5.000000000000e-03
4.843359931194e+00 2.819046343674e-01 -5.000000000000e-03
5.198083994003e+00 4.913406543086e-01 -5.000000000000e-03
2.021039934815e+00 1.646662362707e+00 -5.000000000000e-03
2.583821554219e+00 4.378308496002e-01 -5.000000000000e-03
2.260363314136e+00 9.184961931322e-01 -5.000000000000e-03
4.416059147392e+00 1.631140057720e+00 -5.000000000000e-03
3.210923163230e+00 5.867386886039e+00 -5.000000000000e-03
2.123829959743e+00 1.151306405735e+00 -5.000000000000e-03
1.971205915390e+00 7.135529024407e-01 -5.000000000000e-03
5.612553461716e+00 1.257176284284e+00 -5.000000000000e-03
4.278411900111e+00 5.306042331066e+00 -5.000000000000e-03
2.334262908515e+00 9.420152962687e-01 -5.000000000000e-03
3.174260964655e+00 2.797363281592e+00 -5.000000000000e-03
2.055369558508e+00 1.923474297267e+00 -5.000000000000e-03
4.104151881560e+00 5.106852546484e-01 -5.000000000000e-03
2.824023986001e+00 3.579244288085e-01 -5.000000000000e-03
2.730472319791e+00 4.826627182931e+00 -5.000000000000e-03
4.678451392470e+00 5.604680471020e+00 -5.000000000000e-03
3.062753104271e+00 9.829734196449e-01 -5.000000000000e-03
3.027218376720e+00 1.589038686726e+00 -5.000000000000e-03
1.281878851896e+00 2.252290493831e+00 -5.000000000000e-03
2.372241933771e+00 4.543712974979e+00 -5.000000000000e-03
1.532615305706e+00 1.110476070940e+00 -5.000000000000e-03
2.972693766333e+00 6.249547427547e+00 -5.000000000000e-03
2.689976317081e+00 1.982802962454e+00 -5.000000000000e-03
3.534391608822e+00 1.037909062335e+00 -5.000000000000e-03
1.076046269854e-01 2.275572866392e+00 -5.000000000000e-03
4.589090353199e+00 3.600084102377e+00 -5.000000000000e-03
3.004336290936e+00 9.476978106959e-01 -5.000000000000e-03
3.488897155841e+00 7.223521977821e-01 -5.000000000000e-03
3.178306586944e+00 4.219612660610e+00 -5.000000000000e-03
2.819495812193e+00 3.968511700423e+00 -5.000000000000e-03
2.716282279466e+00 7.674969421525e-01 -5.000000000000e-03
6.316994680046e-01 1.613180568080e+00 -5.000000000000e-03
4.729535188977e+00 5.740798203442e+00 -5.000000000000e-03
2.545238904127e+00 3.282042373260e+00 -5.000000000000e-03
2.571007116369e+00 2.666634140437e+00 -5.000000000000e-03
2.077828940733e+00 4.098851081870e+00 -5.000000000000e-03
4.722577741000e+00 2.618962861923e+00 -5.000000000000e-03
3.230128524440e+00 4.888708218264e-01 -5.000000000000e-03
4.087755496331e+00 4.430953728223e+00 -5.000000000000e-03
2.226605916059e+00 3.078134008379e+00 -5.000000000000e-03
3.925603467432e+00 1.740195616758e+00 -5.000000000000e-03
2.595025590361e+00 1.336265975942e+00 -5.000000000000e-03
1.243890411274e+00 3.544585696141e+00 -5.000000000000e-03
5.717382163963e+00 5.229511770694e+00 -5.000000000000e-03
