2.078393323345e+00 2.914169947771e+00 5.000000000000e-03
6.091345841354e+00 3.920903189478e+00 5.000000000000e-03
3.367712526838e+00 3.845607995865e-01 5.000000000000e-03
1.377597921066e+00 2.972299447074e+00 5.000000000000e-03
6.911094131831e-01 2.260338528665e+00 5.000000000000e-03
2.590850048089e+00 3.117193040595e+00 5.000000000000e-03
2.010115263854e+00 2.175522034700e+00 5.000000000000e-03
9.406683589804e-01 4.913816052783e+00 5.000000000000e-03
2.085548211112e+00 2.960045977852e+00 5.000000000000e-03
2.458677668391e+00 1.538689969223e+00 5.000000000000e-03
9.298932227899e-01 5.668487869542e+00 5.000000000000e-03
1.826564787514e+00 2.203833640554e+00 5.000000000000e-03
5.321266940314e+00 2.147328910389e+00 5.000000000000e-03
2.990931934209e+00 3.145141032838e+00 5.000000000000e-03
1.815556855776e+00 3.953086828367e+00 5.000000000000e-03
1.433776670669e-01 3.407155225599e+00 5.000000000000e-03
2.244746095961e+00 3.496515584036e+00 5.000000000000e-03
3.796558256268e+00 2.886496494500e+00 5.000000000000e-03
1.251235318788e+00 2.465507571163e+00 5.000000000000e-03
2.068737226730e+00 4.738770237842e+00 5.000000000000e-03
5.864606146044e+00 3.551230650800e+00 5.000000000000e-03
1.256073688807e+00 4.820323742955e+00 5.000000000000e-03
3.875308212416e+00 1.816872084858e+00 5.000000000000e-03
1.770716409129e+00 1.156910632175e+00 5.000000000000e-03
9.185656178038e-01 4.615307427696e+00 5.000000000000e-03
2.725657567196e+00 1.252785989341e+00 5.000000000000e-03
3.069622200884e+00 6.187884594300e+00 5.000000000000e-03
4.353449487839e+00 2.513739150336e+00 5.000000000000e-03
1.593350636931e+00 1.745800833503e+00 5.000000000000e-03
1.785129656378e+00 2.179448960872e+00 5.000000000000e-03
9.209302508781e-01 2.104515356039e+00 5.000000000000e-03
3.929777122265e+00 4.114814138265e+00 5.000000000000e-03
2.749000943272e+00 2.969631558050e+00 5.000000000000e-03
3.210618019972e+00 4.141160327812e+00 5.000000000000e-03
4.465860495667e+00 4.788680179898e+00 5.000000000000e-03
2.536207385377e-01 4.868452749813e+00 5.000000000000e-03
1.792958607864e+00 2.195294642132e+00 5.000000000000e-03
3.011546454070e+00 3.879522226837e+00 5.000000000000e-03
2.382024272968e+00 1.893291490982e+00 5.000000000000e-03
5.146657681002e+00 4.122376114150e+00 5.000000000000e-03
3.711024668163e+00 1.004115970526e+00 5.000000000000e-03
3.175972569393e+00 2.235131094224e+00 5.000000000000e-03
2.636576354984e+00 5.952729976784e+00 5.000000000000e-03
1.977845470660e+00 2.295956087615e+00 5.000000000000e-03
5.162374759164e+00 3.056852818544e+00 5.000000000000e-03
4.240579215719e+00 2.204485201196e+00 5.000000000000e-03
1.843656752308e+00 3.904328153850e+00 5.000000000000e-03
9.468311113391e-01 4.392045844619e-01 5.000000000000e-03
3.468796354218e+00 2.727520717414e+00 5.000000000000e-03
5.458651575528e+00 6.217768637221e+00 5.000000000000e-03
4.447274130903e+00 1.966168513097e+00 5.000000000000e-03
2.280123292075e+00 1.748279986644e+00 5.000000000000e-03
2.129222362597e+00 2.545119733965e+00 5.000000000000e-03
2.904382057827e+00 2.946160830183e+00 5.000000000000e-03
6.434896402349e-01 5.645346107742e+00 5.000000000000e-03
4.228848030798e+00 3.408938276387e+00 5.000000000000e-03
1.126060975793e+00 1.558263533600e+00 5.000000000000e-03
1.724715457191e+00 2.240709780604e+00 5.000000000000e-03
8.194690620342e-01 1.579049169544e+00 5.000000000000e-03
3.183602548839e-01 1.449332899855e+00 5.000000000000e-03
1.117003745022e+00 1.536114143030e+00 5.000000000000e-03
6.091064646318e+00 4.478608023462e+00 5.000000000000e-03
1.736470877922e+00 2.024255367481e+00 5.000000000000e-03
2.460624539821e+00 2.446681323020e+00 5.000000000000e-03
1.720010510841e+00 1.332314081454e+00 5.000000000000e-03
2.242163730546e+00 5.933943215112e+00 5.000000000000e-03
2.106168949278e+00 4.024202372607e+00 5.000000000000e-03
2.872126650139e+00 3.307355883049e+00 5.000000000000e-03
1.263266969046e+00 3.057883217164e+00 5.000000000000e-03
2.021780596910e+00 3.556709204075e+00 5.000000000000e-03
2.021688439994e+00 1.913271393764e-01 5.000000000000e-03
2.445610199823e+00 2.295999264190e+00 5.000000000000e-03
1.700913534669e+00 1.262785607782e+00 5.000000000000e-03
3.663948270644e+00 2.654750907159e+00 5.000000000000e-03
1.756951144568e+00 2.265828979513e+00 5.000000000000e-03
4.767317387683e+00 4.523189216393e+00 5.000000000000e-03
1.858355763036e+00 2.231332870602e+00 5.000000000000e-03
6.111354369228e+00 3.141453333230e+00 5.000000000000e-03
1.440374693622e+00 1.376245856331e+00 5.000000000000e-03
2.826468412357e+00 5.893345444879e+00 5.000000000000e-03
2.195976066790e+00 4.374415748826e-01 5.000000000000e-03
1.129056451398e+00 5.060682011563e+00 5.000000000000e-03
1.846327216324e+00 5.145426530191e+00 5.000000000000e-03
2.408009062910e+00 2.273828912586e+00 5.000000000000e-03
3.645808165372e+00 3.052899958768e+00 5.000000000000e-03
2.240684344421e+00 2.884797598536e+00 5.000000000000e-03
1.674468746797e+00 4.722078292685e+00 5.000000000000e-03
7.780125469172e-01 5.567804847883e+00 5.000000000000e-03
7.987623803703e-01 1.621602440344e+00 5.000000000000e-03
7.199753464062e-01 1.673026609390e+00 5.000000000000e-03
4.803927117983e+00 4.854895931004e+00 5.000000000000e-03
1.448170330926e+00 2.085801998100e+00 5.000000000000e-03
4.056616513814e+00 3.073366776559e+00 5.000000000000e-03
2.904659795741e+00 5.675650668190e+00 5.000000000000e-03
4.561811685126e+00 3.036578159134e+00 5.000000000000e-03
3.158933149933e+00 2.315623572034e+00 5.000000000000e-03
1.222985726792e+00 2.951331569688e+00 5.000000000000e-03
3.000481094015e+00 2.741789951489e+00 5.000000000000e-03
2.351942853129e+00 2.099498603943e+00 5.000000000000e-03
1.876654217225e+00 2.251772175901e+00 5.000000000000e-03
2.270963095543e+00 4.896610535135e+00 -5.000000000000e-03
4.899337786819e+00 2.490568414314e+00 -5.000000000000e-03
8.533462522164e-01 4.318651794263e+00 -5.000000000000e-03
5.293124987385e+00 5.083853935552e+00 -5.000000000000e-03
4.516168947666e-02 1.095452142796e+00 -5.000000000000e-03
5.307065200366e+00 5.701370354375e+00 -5.000000000000e-03
4.833049665264e+00 4.023239260946e+00 -5.000000000000e-03
4.482903594216e+00 1.507850189538e+00 -5.000000000000e-03
3.711751016145e+00 8.044580491454e-01 -5.000000000000e-03
4.958374053868e-01 2.846749253503e+00 -5.000000000000e-03
5.480441524930e+00 5.670212556410e+00 -5.000000000000e-03
2.842738366809e-01 5.566787374655e+00 -5.000000000000e-03
4.614486191085e+00 1.675376490570e+00 -5.000000000000e-03
5.684830413881e+00 2.948739623237e+00 -5.000000000000e-03
4.813159490704e-01 5.917679452751e+00 -5.000000000000e-03
4.649170443521e+00 1.035174143432e-01 -5.000000000000e-03
4.986974723035e+00 1.246040914101e-01 -5.000000000000e-03
5.893226931877e+00 4.905361921522e+00 -5.000000000000e-03
5.708236447275e+00 2.857322840782e+00 -5.000000000000e-03
5.351265861607e+00 3.343790162306e-01 -5.000000000000e-03
4.480479024457e+00 5.350192339659e-01 -5.000000000000e-03
5.818165638548e+00 6.282234160841e+00 -5.000000000000e-03
4.521860734223e+00 6.419590846933e-02 -5.000000000000e-03
4.771946638130e+00 3.229269418476e+00 -5.000000000000e-03
3.951792702056e+00 2.297201076237e+00 -5.000000000000e-03
1.201852669220e-01 4.910551217622e+00 -5.000000000000e-03
5.846346841898e+00 4.538997306271e+00 -5.000000000000e-03
5.831528568396e+00 3.749434237932e+00 -5.000000000000e-03
5.098269752519e+00 1.614709823398e+00 -5.000000000000e-03
5.171354072282e+00 5.395778965793e+00 -5.000000000000e-03
2.009515017028e+00 6.311633681488e-01 -5.000000000000e-03
5.352268681861e+00 4.788865816271e+00 -5.000000000000e-03
6.186760708661e+00 2.075906037202e-01 -5.000000000000e-03
5.392642700942e+00 4.897908152075e+00 -5.000000000000e-03
5.621501714004e+00 7.550984808743e-01 -5.000000000000e-03
4.233298029403e+00 4.850864119135e+00 -5.000000000000e-03
5.698037701477e+00 6.004893475827e+00 -5.000000000000e-03
5.348929819503e+00 1.131876603896e-01 -5.000000000000e-03
4.869482669023e+00 5.662121080285e+00 -5.000000000000e-03
1.747014523410e+00 4.290821197425e+00 -5.000000000000e-03
5.761891916358e+00 5.452026042999e+00 -5.000000000000e-03
4.566807054665e+00 4.605248096395e-01 -5.000000000000e-03
7.593098654446e-01 3.414222772915e+00 -5.000000000000e-03
8.758511277656e-01 4.256056745394e+00 -5.000000000000e-03
3.654820823545e-01 5.814631534014e+00 -5.000000000000e-03
4.984084055649e+00 5.381889642302e+00 -5.000000000000e-03
5.220206007367e+00 5.391109258376e+00 -5.000000000000e-03
8.938145228793e-01 2.637343502934e+00 -5.000000000000e-03
4.917756809850e+00 9.704512953206e-01 -5.000000000000e-03
4.864242133651e+00 4.311631969707e+00 -5.000000000000e-03
2.125815172756e-01 4.504472812219e+00 -5.000000000000e-03
5.041707454516e+00 6.228594205797e+00 -5.000000000000e-03
4.528680003159e+00 3.918678346081e-01 -5.000000000000e-03
4.923847566072e+00 5.380704691025e-01 -5.000000000000e-03
1.642213140678e+00 5.739265573355e+00 -5.000000000000e-03
6.836410812534e-01 9.177407959900e-02 -5.000000000000e-03
5.293745465346e+00 3.193864237620e+00 -5.000000000000e-03
3.564874552050e+00 5.340611363832e+00 -5.000000000000e-03
5.391943105465e+00 4.935262455698e+00 -5.000000000000e-03
5.651800773498e+00 1.301607112480e-01 -5.000000000000e-03
5.047917656285e-02 1.419318200795e+00 -5.000000000000e-03
6.007785081217e+00 3.698472148963e+00 -5.000000000000e-03
3.910371840937e-01 2.817417227650e+00 -5.000000000000e-03
5.306273711435e+00 2.316655417910e+00 -5.000000000000e-03
4.701353794482e+00 6.270148431211e+00 -5.000000000000e-03
2.024994874723e-01 2.356150918174e+00 -5.000000000000e-03
4.977302402959e+00 5.635218413286e+00 -5.000000000000e-03
5.391042779603e+00 5.240121955912e+00 -5.000000000000e-03
4.828762613052e+00 5.580857995373e+00 -5.000000000000e-03
5.662234326573e+00 1.340814674555e+00 -5.000000000000e-03
4.141143094051e+00 1.376348777169e+00 -5.000000000000e-03
4.548626202094e+00 4.703240206542e-01 -5.000000000000e-03
2.332520253301e+00 8.398055037336e-02 -5.000000000000e-03
4.823810834043e+00 5.570931965579e+00 -5.000000000000e-03
4.559868618412e+00 4.568638621068e+00 -5.000000000000e-03
5.383771728265e+00 5.521067508038e+00 -5.000000000000e-03
5.350035847543e+00 5.490731304940e+00 -5.000000000000e-03
3.714337637118e+00 6.120829098363e+00 -5.000000000000e-03
2.536711358698e+00 5.885099490977e+00 -5.000000000000e-03
5.529019716122e+00 5.402100776454e+00 -5.000000000000e-03
1.439572690127e+00 4.481350612578e+00 -5.000000000000e-03
5.374744598145e+00 5.859762541949e+00 -5.000000000000e-03
4.833794700278e+00 1.675674510911e+00 -5.000000000000e-03
5.009177392943e+00 2.129979716082e-01 -5.000000000000e-03
4.264594703540e+00 5.691350850968e-01 -5.000000000000e-03
4.244928745550e+00 1.567114967936e+00 -5.000000000000e-03
3.758718953345e+00 5.035327767391e+00 -5.000000000000e-03
4.070876666720e+00 1.364195861599e-01 -5.000000000000e-03
3.148774039046e+00 5.944001212465e+00 -5.000000000000e-03
3.601190477445e+00 3.583644302081e-01 -5.000000000000e-03
4.830103113244e+00 4.837743501855e-01 -5.000000000000e-03
3.588613911937e+00 6.013646335426e-01 -5.000000000000e-03
4.832934405791e+00 1.431813539565e+00 -5.000000000000e-03
5.992365581063e+00 2.892286493124e+00 -5.000000000000e-03
1.164829785316e+00 6.208688602775e+00 -5.000000000000e-03
5.127410132065e+00 1.342015325598e+00 -5.000000000000e-03
5.007314378836e+00 6.246308470087e+00 -5.000000000000e-03
5.539451356968e+00 5.133288254487e+00 -5.000000000000e-03
5.289861854365e+00 5.454579321872e+00 -5.000000000000e-03
6.229007027685e+00 6.146615725907e+00 -5.000000000000e-03
