6.044674466079e+00 2.410827033271e+00 5.000000000000e-03
3.102606981402e+00 2.193137070586e+00 5.000000000000e-03
5.204464761457e+00 4.138207237651e+00 5.000000000000e-03
1.523295116666e-01 1.005719974301e+00 5.000000000000e-03
3.389516720984e+00 3.302481023585e+00 5.000000000000e-03
5.911725876118e+00 6.677701336644e-01 5.000000000000e-03
9.339685356604e-01 1.503419001723e+00 5.000000000000e-03
4.450535756981e+00 2.729165832121e+00 5.000000000000e-03
3.154356811189e+00 3.307589187541e+00 5.000000000000e-03
5.514027644415e+00 1.643976277939e+00 5.000000000000e-03
1.965246316595e+00 4.047097419813e+00 5.000000000000e-03
4.999619933779e+00 1.978140731616e+00 5.000000000000e-03
4.221812733369e+00 2.784755864167e+00 5.000000000000e-03
2.954029256810e-01 2.810981755552e+00 5.000000000000e-03
2.829833227329e-01 4.623846791975e+00 5.000000000000e-03
4.808858017913e+00 2.215004238830e+00 5.000000000000e-03
4.628390189354e-01 8.695774381267e-01 5.000000000000e-03
4.672623967454e+00 4.227688409973e+00 5.000000000000e-03
4.216226534474e+00 4.982527842746e+00 5.000000000000e-03
3.898561147788e+00 2.913783899542e+00 5.000000000000e-03
6.225518407217e+00 2.846001740603e+00 5.000000000000e-03
5.548607434453e-01 3.178733331424e+00 5.000000000000e-03
1.667455185579e+00 3.307015012746e+00 5.000000000000e-03
1.466306752563e+00 1.633082776869e+00 5.000000000000e-03
1.567136294840e+00 4.468140631285e+00 5.000000000000e-03
5.075153549629e+00 1.914681897381e+00 5.000000000000e-03
7.306249749746e-01 4.357050097843e+00 5.000000000000e-03
1.144970227308e+00 5.201967241349e+00 5.000000000000e-03
2.208631581649e-01 4.030995528216e+00 5.000000000000e-03
3.259378654463e+00 3.029148790470e+00 5.000000000000e-03
4.236236609517e+00 5.614196698791e+00 5.000000000000e-03
6.258764529945e+00 2.974468357862e+00 5.000000000000e-03
5.638064061464e+00 2.643034014302e+00 5.000000000000e-03
6.132177866585e+00 8.501801494020e-01 5.000000000000e-03
5.043070164014e+00 2.299225535283e+00 5.000000000000e-03
5.000571819175e+00 4.624907600142e+00 5.000000000000e-03
4.315946417492e+00 2.392442227729e+00 5.000000000000e-03
1.432249126337e+00 3.192294881915e+00 5.000000000000e-03
4.733803342855e+00 2.902249772014e+00 5.000000000000e-03
1.703621023067e+00 2.298904404597e+00 5.000000000000e-03
3.683306077562e+00 2.787643626544e+00 5.000000000000e-03
6.043692457847e-01 3.568053619348e+00 5.000000000000e-03
4.834644852461e+00 2.412982178659e+00 5.000000000000e-03
5.199828341547e+00 5.056108027434e+00 5.000000000000e-03
2.069436459037e+00 2.213394845211e+00 5.000000000000e-03
6.171407866705e-01 2.183590730836e+00 5.000000000000e-03
1.284451118070e+00 3.575342821063e+00 5.000000000000e-03
3.564480939798e-01 3.943989017558e+00 5.000000000000e-03
1.691863567297e+00 4.387416800377e+00 5.000000000000e-03
1.224288879635e+00 9.284116565137e-01 5.000000000000e-03
7.551441034822e-01 3.550484079141e+00 5.000000000000e-03
7.151185362610e-01 1.141468512216e+00 5.000000000000e-03
4.451119519199e+00 3.223976794357e+00 5.000000000000e-03
4.731376526766e+00 3.281075087684e+00 5.000000000000e-03
1.930623384133e+00 4.267320772687e+00 5.000000000000e-03
1.023350195405e+00 7.392226725765e-01 5.000000000000e-03
2.184486938297e+00 3.841605187879e+00 5.000000000000e-03
1.649209776797e+00 2.106913352486e+00 5.000000000000e-03
3.038927477099e+00 4.724113878044e+00 5.000000000000e-03
1.206685032773e+00 6.079176321542e-01 5.000000000000e-03
3.148082155199e+00 2.830772348816e+00 5.000000000000e-03
2.706501604923e+00 3.495594149898e+00 5.000000000000e-03
5.963617113851e+00 1.498727058488e+00 5.000000000000e-03
2.784905487119e+00 4.128377241235e+00 5.000000000000e-03
5.087792680222e+00 2.031712925402e+00 5.000000000000e-03
5.191097088297e+00 2.246367148989e+00 5.000000000000e-03
2.085411451997e+00 4.193409264262e+00 5.000000000000e-03
6.643126874877e-01 1.063757381406e+00 5.000000000000e-03
5.641488110755e+00 2.490693549637e+00 5.000000000000e-03
4.918150472545e+00 8.334609957573e-01 5.000000000000e-03
1.670854760723e+00 2.293795546133e+00 5.000000000000e-03
3.560025101708e-01 4.544459199197e-01 5.000000000000e-03
4.283990525560e+00 2.369765809155e+00 5.000000000000e-03
5.398989998844e+00 2.554516272092e+00 5.000000000000e-03
9.464486456021e-01 5.781092777103e+00 5.000000000000e-03
7.494984514971e-02 3.955620087295e+00 5.000000000000e-03
5.028037143440e+00 2.170650951268e+00 5.000000000000e-03
5.223826174425e+00 5.279652981954e+00 5.000000000000e-03
4.923714214647e-01 1.641253411691e+00 5.000000000000e-03
3.670766277186e+00 3.055389301844e+00 5.000000000000e-03
2.498502232480e-01 3.826247847626e+00 5.000000000000e-03
5.083363075508e+00 5.119267556024e+00 5.000000000000e-03
5.567913316001e+00 2.707715537926e+00 5.000000000000e-03
2.095224186562e+00 3.312773300789e+00 5.000000000000e-03
3.523142140332e+00 3.341561003861e+00 5.000000000000e-03
5.210603502193e-01 5.557336974906e+00 5.000000000000e-03
3.612770400597e+00 3.107773701342e+00 5.000000000000e-03
5.027471176736e+00 1.096787039962e+00 5.000000000000e-03
2.977369985919e+00 1.778491584287e+00 5.000000000000e-03
9.166617692933e-01 5.709923865893e+00 5.000000000000e-03
4.718051274158e+00 1.824863762679e+00 5.000000000000e-03
5.823620680312e+00 7.486713420218e-01 5.000000000000e-03
9.424495563406e-01 2.265527061374e+00 5.000000000000e-03
4.601851272198e+00 2.912035941626e+00 5.000000000000e-03
2.013278680381e+00 5.498708072753e+00 5.000000000000e-03
2.248699638570e+00 1.896156871021e+00 5.000000000000e-03
5.546902215679e+00 3.930304456565e+00 5.000000000000e-03
2.806517229142e+00 1.814936158488e+00 5.000000000000e-03
1.142346095756e-02 4.107461027078e+00 5.000000000000e-03
1.838874731773e+00 1.468646188327e+00 5.000000000000e-03
1.435624504956e+00 7.762836037272e-01 -5.000000000000e-03
4.941764468002e+00 1.625708691413e+00 -5.000000000000e-03
6.020908574398e+00 2.870397434011e-01 -5.000000000000e-03
4.207350017791e+00 6.228814057800e+00 -5.000000000000e-03
4.324645396036e+00 6.121846671699e+00 -5.000000000000e-03
4.478011040031e+00 1.906772695996e+00 -5.000000000000e-03
4.083724092316e+00 5.925744335431e+00 -5.000000000000e-03
1.202961470038e-01 5.359314537952e-01 -5.000000000000e-03
5.049984424636e+00 3.687698724022e+00 -5.000000000000e-03
4.116500267434e+00 5.753205907017e+00 -5.000000000000e-03
1.906629501017e+00 4.629068231944e+00 -5.000000000000e-03
2.707587573957e+00 5.242519155912e+00 -5.000000000000e-03
3.592481375166e+00 4.955502484521e-01 -5.000000000000e-03
3.761021828377e+00 4.498330205836e+00 -5.000000000000e-03
5.459812668175e+00 6.676293262487e-01 -5.000000000000e-03
6.118006659978e+00 5.590170096016e+00 -5.000000000000e-03
5.892542723247e+00 4.971105554116e+00 -5.000000000000e-03
3.128327877122e-01 2.093299653613e+00 -5.000000000000e-03
1.885610784980e+00 5.623408497816e+00 -5.000000000000e-03
5.098107399878e-02 1.593050801151e+00 -5.000000000000e-03
2.817601368877e+00 5.461038271590e+00 -5.000000000000e-03
1.477023594450e+00 4.574029800513e+00 -5.000000000000e-03
2.163925125168e+00 1.199073346030e+00 -5.000000000000e-03
4.056293205737e+00 5.797768430722e+00 -5.000000000000e-03
4.521503695573e+00 1.839371244944e-01 -5.000000000000e-03
4.858233156377e+00 4.123814981201e-01 -5.000000000000e-03
1.310701543921e+00 4.723201069192e+00 -5.000000000000e-03
2.514460420398e+00 5.001879195492e+00 -5.000000000000e-03
2.636844086185e+00 2.179925609419e+00 -5.000000000000e-03
3.151466151122e+00 4.007702123715e+00 -5.000000000000e-03
4.084506493673e+00 9.210154916124e-01 -5.000000000000e-03
4.255227698153e+00 1.053959259369e+00 -5.000000000000e-03
8.422187127926e-02 5.282163808029e+00 -5.000000000000e-03
4.821404537985e+00 5.959482072637e+00 -5.000000000000e-03
3.999211461467e-01 5.013361216039e+00 -5.000000000000e-03
4.472693045451e+00 3.184636285980e-01 -5.000000000000e-03
4.234303211158e+00 5.817822267727e+00 -5.000000000000e-03
4.454072616156e+00 7.002728104206e-01 -5.000000000000e-03
4.039889242197e+00 5.873668112128e+00 -5.000000000000e-03
1.363447364004e-01 2.009366351734e+00 -5.000000000000e-03
1.150696662332e+00 2.907606779405e-02 -5.000000000000e-03
3.613557410218e+00 3.860712842227e+00 -5.000000000000e-03
1.907112843267e+00 5.605599247595e+00 -5.000000000000e-03
6.117011482172e+00 4.986596980622e+00 -5.000000000000e-03
3.672375582804e+00 5.575624048224e+00 -5.000000000000e-03
3.651915380406e+00 5.346601662829e-01 -5.000000000000e-03
3.904861145600e+00 5.715709934886e+00 -5.000000000000e-03
2.319925648461e+00 4.897166397726e+00 -5.000000000000e-03
4.098387466731e+00 6.011614484634e+00 -5.000000000000e-03
1.216361518352e+00 4.903039708215e+00 -5.000000000000e-03
3.835221353662e+00 4.390237912736e+00 -5.000000000000e-03
5.989765595013e+00 3.983267505917e+00 -5.000000000000e-03
1.403356582881e+00 2.932222709756e+00 -5.000000000000e-03
4.819380677170e+00 6.001769427063e+00 -5.000000000000e-03
4.398210765776e+00 5.926588131386e+00 -5.000000000000e-03
5.955267901235e+00 6.044982896399e+00 -5.000000000000e-03
4.131768998697e+00 6.239098826600e+00 -5.000000000000e-03
3.253959998603e+00 3.909918069991e+00 -5.000000000000e-03
3.041856491223e+00 5.449309124511e+00 -5.000000000000e-03
6.084283160727e+00 5.298370899920e+00 -5.000000000000e-03
1.462326109524e+00 5.429063206731e+00 -5.000000000000e-03
7.213229128927e-01 5.974735985727e+00 -5.000000000000e-03
4.970064219145e+00 5.287246492808e+00 -5.000000000000e-03
3.098309830781e+00 2.459801029815e+00 -5.000000000000e-03
5.511845110569e+00 4.815957255092e+00 -5.000000000000e-03
9.404439270454e-01 3.769147959058e+00 -5.000000000000e-03
4.589862589691e+00 2.256611243578e-01 -5.000000000000e-03
6.259919203990e+00 5.377311776401e+00 -5.000000000000e-03
5.315715027053e+00 5.568006536220e+00 -5.000000000000e-03
5.760096255065e-01 5.817283323357e+00 -5.000000000000e-03
5.068961037800e-01 2.914277416257e-01 -5.000000000000e-03
5.667210812794e+00 1.840582314263e+00 -5.000000000000e-03
4.224918421370e+00 1.164710191452e+00 -5.000000000000e-03
2.488637328875e+00 2.451950537606e+00 -5.000000000000e-03
6.111511106047e+00 3.859031557084e+00 -5.000000000000e-03
2.997566675738e+00 5.032777297817e+00 -5.000000000000e-03
3.589588731733e+00 4.962909968997e+00 -5.000000000000e-03
6.139518403792e+00 4.192931811511e+00 -5.000000000000e-03
3.004365159669e+00 6.242176053252e+00 -5.000000000000e-03
5.359960748378e+00 5.946253050115e+00 -5.000000000000e-03
6.267907804550e+00 4.454355450683e+00 -5.000000000000e-03
2.715715800617e+00 5.245588098126e+00 -5.000000000000e-03
5.549869657151e+00 5.493455117928e+00 -5.000000000000e-03
6.028977151508e+00 3.228323469562e-01 -5.000000000000e-03
3.886752018565e+00 5.489244417806e+00 -5.000000000000e-03
6.219029673837e+00 1.712757037537e+00 -5.000000000000e-03
4.026124783871e+00 5.664429617685e-01 -5.000000000000e-03
5.021416668415e-01 5.952809922108e+00 -5.000000000000e-03
3.178961774474e-02 5.245950323406e+00 -5.000000000000e-03
3.707677356746e+00 6.273796289259e+00 -5.000000000000e-03
5.900539195773e+00 3.223282272050e-01 -5.000000000000e-03
4.591753902483e+00 5.968978983299e+00 -5.000000000000e-03
4.248526220247e+00 5.302085983268e+00 -5.000000000000e-03
9.498777989029e-01 1.228449760335e+00 -5.000000000000e-03
6.199676206914e+00 4.357778373562e+00 -5.000000000000e-03
3.435435685237e+00 1.819309469974e+00 -5.000000000000e-03
1.325452309369e+00 6.246402109227e+00 -5.000000000000e-03
1.372535516937e+00 5.808278869631e+00 -5.000000000000e-03
6.216469867125e+00 1.285981717282e-01 -5.000000000000e-03
2.181343311901e+00 6.230054172739e+00 -5.000000000000e-03
