6.173834740812e+00 1.464189998145e+00 5.000000000000e-03
6.120481957347e+00 1.048398119693e+00 5.000000000000e-03
7.179173584104e-01 3.729203160280e+00 5.000000000000e-03
4.946790425970e+00 1.627643535510e+00 5.000000000000e-03
5.807659285656e+00 2.825153194466e+00 5.000000000000e-03
2.448763134922e+00 3.586677515070e+00 5.000000000000e-03
1.524575211344e+00 1.193104000275e+00 5.000000000000e-03
2.805666732971e-02 4.811782356142e+00 5.000000000000e-03
2.251047552704e-01 1.711078599767e+00 5.000000000000e-03
5.389908506805e+00 5.676722743977e+00 5.000000000000e-03
4.095044384608e-01 1.657521482718e+00 5.000000000000e-03
2.471137798792e+00 2.429173413389e+00 5.000000000000e-03
1.128465578427e+00 3.958123374380e-01 5.000000000000e-03
6.088811408502e+00 2.357812159061e+00 5.000000000000e-03
4.657061103971e+00 1.299630131591e+00 5.000000000000e-03
1.159458212796e+00 2.446381095111e+00 5.000000000000e-03
5.840722525444e+00 2.342709481721e+00 5.000000000000e-03
1.919871141675e-01 5.101384081194e-01 5.000000000000e-03
4.263657711338e-01 2.496707429721e-01 5.000000000000e-03
2.368332605610e+00 5.489118836273e+00 5.000000000000e-03
6.086547551195e+00 1.534990840120e+00 5.000000000000e-03
1.274609886236e+00 1.309528535558e+00 5.000000000000e-03
1.614135432947e+00 2.373510231068e+00 5.000000000000e-03
4.561011666333e-01 6.126065634176e+00 5.000000000000e-03
1.067593856918e+00 2.011562407390e+00 5.000000000000e-03
2.327743219230e-02 3.610673084939e+00 5.000000000000e-03
1.817960151451e+00 3.716251411216e+00 5.000000000000e-03
5.547021736413e+00 1.168186776557e+00 5.000000000000e-03
5.626065493400e+00 1.573905816838e+00 5.000000000000e-03
2.197495570139e+00 2.582545900056e+00 5.000000000000e-03
1.315001223087e+00 1.918702182648e+00 5.000000000000e-03
6.239606491658e+00 3.169335089019e+00 5.000000000000e-03
1.685427156413e+00 2.473547437999e+00 5.000000000000e-03
3.833899821230e-02 2.638028496881e+00 5.000000000000e-03
3.852022602022e-01 4.187260796967e+00 5.000000000000e-03
1.197063893592e+00 1.958698117440e+00 5.000000000000e-03
6.196098780410e+00 3.221216048535e-01 5.000000000000e-03
1.021528941072e+00 1.574616280415e+00 5.000000000000e-03
1.289751191965e+00 3.569131366718e+00 5.000000000000e-03
5.761473232485e+00 2.201064710108e+00 5.000000000000e-03
6.251884763742e+00 1.595876506272e+00 5.000000000000e-03
5.649183956637e+00 1.715720381093e+00 5.000000000000e-03
5.646506460174e+00 3.280535042850e+00 5.000000000000e-03
1.408406459533e+00 1.598636806880e+00 5.000000000000e-03
7.787501993469e-01 4.242201444661e+00 5.000000000000e-03
3.895102145578e-01 4.600948870438e-01 5.000000000000e-03
1.368143965108e+00 1.557030897621e+00 5.000000000000e-03
4.320884337996e+00 4.341592321257e+00 5.000000000000e-03
6.021463247299e-01 3.058315501172e+00 5.000000000000e-03
6.280689422550e+00 4.489752374602e+00 5.000000000000e-03
1.149044990999e+00 3.414853859122e+00 5.000000000000e-03
6.158171506216e+00 2.452320987123e+00 5.000000000000e-03
2.720597507568e-01 2.289230194732e+00 5.000000000000e-03
1.120524220087e+00 4.354929396512e+00 5.000000000000e-03
2.755955163144e+00 2.342361292541e+00 5.000000000000e-03
2.381041834094e+00 2.389039293685e+00 5.000000000000e-03
5.121388267304e+00 1.943654330903e+00 5.000000000000e-03
6.124963268706e+00 1.469990702411e+00 5.000000000000e-03
1.348194105533e+00 2.754201469498e+00 5.000000000000e-03
2.348206917919e-01 1.485406825042e+00 5.000000000000e-03
3.157111887049e+00 1.490725821466e+00 5.000000000000e-03
2.398664505357e+00 2.543676242423e+00 5.000000000000e-03
2.339847366833e+00 2.554160675842e+00 5.000000000000e-03
2.691931838643e-01 1.058351957648e+00 5.000000000000e-03
5.545122121864e+00 3.138607889264e+00 5.000000000000e-03
6.205523704661e+00 3.935100627226e+00 5.000000000000e-03
4.893330072724e+00 3.303505020852e+00 5.000000000000e-03
3.097847476932e+00 1.925457506908e+00 5.000000000000e-03
5.688574843789e+00 4.164087556876e+00 5.000000000000e-03
1.262213387904e+00 2.377905025687e+00 5.000000000000e-03
1.777656108403e+00 3.830394845403e+00 5.000000000000e-03
5.548933260182e+00 1.175800746401e-01 5.000000000000e-03
2.506531322292e-01 2.365022298770e+00 5.000000000000e-03
6.215493018158e+00 2.489540043203e+00 5.000000000000e-03
1.833757705214e+00 1.844955829904e+00 5.000000000000e-03
3.575785648341e-01 7.638213898090e-02 5.000000000000e-03
1.249715608467e+00 2.040736136946e+00 5.000000000000e-03
4.463449799740e+00 1.737161549993e-01 5.000000000000e-03
3.093750572592e+00 5.212858300936e-01 5.000000000000e-03
2.623245099998e+00 4.821937628726e-01 5.000000000000e-03
3.355750258891e-01 5.144565902471e-01 5.000000000000e-03
1.476670660167e+00 1.828720730547e+00 5.000000000000e-03
5.615100893082e+00 3.525388262285e+00 5.000000000000e-03
3.688180697606e+00 3.038838372662e+00 5.000000000000e-03
3.316516496700e+00 7.825835836016e-01 5.000000000000e-03
8.586951191081e-01 2.441754603676e+00 5.000000000000e-03
3.113502806688e+00 2.402076854747e+00 5.000000000000e-03
2.672965376538e-01 3.085589937605e+00 5.000000000000e-03
4.376866203101e-01 3.741237424874e+00 5.000000000000e-03
1.268380672342e+00 1.990306858453e+00 5.000000000000e-03
2.431596274597e+00 5.146349337444e+00 5.000000000000e-03
4.438884992817e+00 1.865217826797e+00 5.000000000000e-03
4.001480461178e-01 3.630545581053e+00 5.000000000000e-03
2.482851926228e+00 2.465349880993e+00 5.000000000000e-03
7.734375026835e-01 5.763406529875e+00 5.000000000000e-03
1.442101658464e+00 4.137355843905e+00 5.000000000000e-03
3.372720574772e+00 2.249544229794e+00 5.000000000000e-03
5.447927291235e-01 3.845954745827e+00 5.000000000000e-03
1.645801642826e+00 1.264097341028e+00 5.000000000000e-03
1.327244520270e+00 1.932877456938e+00 5.000000000000e-03
3.419321390587e+00 5.506914105873e+00 -5.000000000000e-03
5.073718529441e+00 1.223224089558e+00 -5.000000000000e-03
2.738878958523e+00 1.236470090095e+00 -5.000000000000e-03
5.890755099355e+00 6.142104465084e+00 -5.000000000000e-03
6.166256143560e+00 5.088397703654e+00 -5.000000000000e-03
3.641134069805e+00 6.137133233216e+00 -5.000000000000e-03
3.013175679605e+00 5.242954986575e+00 -5.000000000000e-03
3.959219772572e+00 5.313136780427e-01 -5.000000000000e-03
2.153138148869e+00 4.042121504306e+00 -5.000000000000e-03
2.110861690737e+00 6.073202509296e-01 -5.000000000000e-03
5.936079226394e+00 9.272762466453e-02 -5.000000000000e-03
3.988545974899e+00 5.030208023895e+00 -5.000000000000e-03
5.307570371417e+00 5.281659943307e-01 -5.000000000000e-03
2.192610690668e+00 1.366186259357e+00 -5.000000000000e-03
4.155220043114e+00 5.112648936356e+00 -5.000000000000e-03
2.777369976915e+00 5.200243936301e+00 -5.000000000000e-03
3.705660833630e+00 5.272164732846e+00 -5.000000000000e-03
4.158948445913e+00 3.809727891456e+00 -5.000000000000e-03
9.760827578299e-01 4.973022490026e+00 -5.000000000000e-03
1.086983726360e+00 6.918655847148e-01 -5.000000000000e-03
4.424936299085e+00 3.448869545141e+00 -5.000000000000e-03
3.150645778155e+00 3.666448778747e+00 -5.000000000000e-03
4.227700598181e+00 1.811726642919e+00 -5.000000000000e-03
5.780030222259e+00 5.204532747388e+00 -5.000000000000e-03
4.103883406256e+00 6.258286591293e+00 -5.000000000000e-03
4.280578735528e+00 5.258691333002e+00 -5.000000000000e-03
3.242313640666e+00 1.844501195425e+00 -5.000000000000e-03
4.229830916355e+00 5.656845014526e+00 -5.000000000000e-03
4.086443665699e+00 4.548222976893e+00 -5.000000000000e-03
4.971542769744e+00 7.247097681224e-01 -5.000000000000e-03
5.080477392371e+00 4.038082390756e+00 -5.000000000000e-03
5.888396030382e+00 8.753367523486e-01 -5.000000000000e-03
5.233489155814e+00 5.813367425784e+00 -5.000000000000e-03
3.716849173145e+00 4.157414548596e+00 -5.000000000000e-03
3.801641517307e+00 5.968200929077e+00 -5.000000000000e-03
4.728911295298e+00 1.043800626427e+00 -5.000000000000e-03
4.772064760998e+00 5.675566507168e+00 -5.000000000000e-03
4.232532886346e+00 3.021963095632e+00 -5.000000000000e-03
3.610411006004e+00 6.194917942898e+00 -5.000000000000e-03
3.345446350174e+00 3.330968921313e+00 -5.000000000000e-03
1.930672654782e+00 4.365066328271e+00 -5.000000000000e-03
5.174949822144e+00 5.759584692790e+00 -5.000000000000e-03
4.574875806544e+00 5.560704606150e+00 -5.000000000000e-03
4.212771079299e+00 5.728688156306e+00 -5.000000000000e-03
3.291281139655e+00 3.914523549074e+00 -5.000000000000e-03
8.927879014760e-01 3.399303245290e+00 -5.000000000000e-03
3.283329195674e+00 5.445122434596e+00 -5.000000000000e-03
3.331753832249e+00 2.765832787606e+00 -5.000000000000e-03
2.338177927142e+00 2.934899517749e+00 -5.000000000000e-03
4.268032877312e+00 5.463381240875e+00 -5.000000000000e-03
4.932815279094e+00 6.027801141544e+00 -5.000000000000e-03
3.597075969669e+00 5.864151500778e+00 -5.000000000000e-03
2.828719292205e-01 8.822425385530e-01 -5.000000000000e-03
4.273923841316e+00 6.234035928472e+00 -5.000000000000e-03
1.855883302521e+00 4.332716972152e+00 -5.000000000000e-03
3.725848755719e+00 6.250978738849e+00 -5.000000000000e-03
3.611135807459e+00 4.476397347915e-01 -5.000000000000e-03
4.116044441551e+00 5.712412912622e+00 -5.000000000000e-03
5.474931092046e+00 5.574195859230e+00 -5.000000000000e-03
4.179859173951e+00 5.480881240236e+00 -5.000000000000e-03
4.388172530113e+00 4.824456465135e+00 -5.000000000000e-03
3.492763958738e+00 5.645932113714e+00 -5.000000000000e-03
4.443604322594e+00 9.248001650038e-01 -5.000000000000e-03
8.291842774359e-01 5.412226199596e+00 -5.000000000000e-03
4.895043695798e+00 4.555698567578e+00 -5.000000000000e-03
3.360657560819e+00 8.875515799685e-01 -5.000000000000e-03
2.985391412449e+00 5.284600509744e+00 -5.000000000000e-03
2.965341163856e+00 5.540815057503e+00 -5.000000000000e-03
4.139381237672e+00 5.976482174939e+00 -5.000000000000e-03
4.300728938684e+00 5.696650753070e+00 -5.000000000000e-03
3.848605189595e+00 1.305654047027e+00 -5.000000000000e-03
5.154258876588e+00 5.762093342855e+00 -5.000000000000e-03
4.572827667713e+00 4.608488002057e+00 -5.000000000000e-03
4.144961091544e+00 5.986041575279e+00 -5.000000000000e-03
6.071642798079e+00 8.035325698829e-01 -5.000000000000e-03
4.374490212116e+00 5.984358369826e+00 -5.000000000000e-03
4.562482159700e+00 6.260478723302e+00 -5.000000000000e-03
5.028516402573e+00 5.653025981946e+00 -5.000000000000e-03
4.525620228817e+00 2.861050860402e+00 -5.000000000000e-03
3.062457301995e+00 5.293228979639e+00 -5.000000000000e-03
1.852788715853e-01 8.075212464918e-01 -5.000000000000e-03
3.818612873839e+00 6.095983601530e-01 -5.000000000000e-03
4.734833605486e+00 5.433882375085e+00 -5.000000000000e-03
3.600783833620e+00 1.553575496525e+00 -5.000000000000e-03
4.016785210827e+00 4.165562477973e-01 -5.000000000000e-03
4.294150217519e+00 5.571931401310e+00 -5.000000000000e-03
5.953822033701e+00 9.501830685925e-01 -5.000000000000e-03
3.838624632536e+00 5.198199889889e+00 -5.000000000000e-03
5.639098438169e+00 7.566860665831e-01 -5.000000000000e-03
2.207932455406e+00 5.099387258265e+00 -5.000000000000e-03
8.404459963989e-02 5.986702639934e+00 -5.000000000000e-03
3.588396091221e+00 5.815472543777e+00 -5.000000000000e-03
3.959440316669e+00 3.044739342738e+00 -5.000000000000e-03
4.377805228868e+00 1.712162939361e+00 -5.000000000000e-03
4.746175614974e+00 3.388572977228e+00 -5.000000000000e-03
3.704128426334e+00 2.208389110010e+00 -5.000000000000e-03
3.609797332646e+00 5.923200541813e+00 -5.000000000000e-03
2.855422164359e+00 3.358560329370e+00 -5.000000000000e-03
4.891550193730e+00 5.663957474031e+00 -5.000000000000e-03
2.137518008374e+00 5.164085298574e+00 -5.000000000000e-03
