2.823827365844e+00 2.859549718199e+00 5.000000000000e-03
2.362387234244e+00 4.089827492491e+00 5.000000000000e-03
2.467081185132e+00 3.602579682538e+00 5.000000000000e-03
1.731336936854e+00 3.028984096846e+00 5.000000000000e-03
4.496448964953e+00 2.855849357109e+00 5.000000000000e-03
2.877636157515e+00 3.156646940226e+00 5.000000000000e-03
2.262133598682e+00 5.938412631600e+00 5.000000000000e-03
3.691710784525e+00 3.517567249643e+00 5.000000000000e-03
1.612953026391e+00 1.331323067125e+00 5.000000000000e-03
2.146391509770e+00 1.863607831562e+00 5.000000000000e-03
4.188841641125e+00 4.346923983748e+00 5.000000000000e-03
2.578310725688e+00 1.327507416968e+00 5.000000000000e-03
4.420258233764e+00 3.304392320800e+00 5.000000000000e-03
2.962770903778e+00 1.352324679908e+00 5.000000000000e-03
2.323227390394e+00 2.342128658979e+00 5.000000000000e-03
5.029138979285e+00 3.060477728265e+00 5.000000000000e-03
3.263064016329e+00 3.299405887638e+00 5.000000000000e-03
9.858590192540e-01 4.781914688995e+00 5.000000000000e-03
5.518566181818e+00 4.867462234347e+00 5.000000000000e-03
2.596905974638e+00 1.240534126597e+00 5.000000000000e-03
2.194279157561e+00 6.027741688758e+00 5.000000000000e-03
5.092669438692e+00 6.069320363158e-01 5.000000000000e-03
2.782816746404e-01 2.729090831324e+00 5.000000000000e-03
2.637530148099e+00 5.755967812747e+00 5.000000000000e-03
4.071134708173e+00 9.270333000885e-01 5.000000000000e-03
4.071771201723e+00 2.149960854435e+00 5.000000000000e-03
5.477845896211e+00 2.519048735720e+00 5.000000000000e-03
1.057523112713e+00 1.711528232364e+00 5.000000000000e-03
2.679400227797e+00 6.181008772391e+00 5.000000000000e-03
2.772817721081e+00 6.004799508665e+00 5.000000000000e-03
3.644663001997e+00 1.398115731636e+00 5.000000000000e-03
1.692802906581e+00 5.445948925653e+00 5.000000000000e-03
4.340191544269e+00 2.507128007485e+00 5.000000000000e-03
1.654014347236e+00 4.011072509020e+00 5.000000000000e-03
2.613951802900e+00 1.160913741952e+00 5.000000000000e-03
3.494004731451e+00 1.761542533280e+00 5.000000000000e-03
2.811334435460e+00 1.174229596549e+00 5.000000000000e-03
4.853980599389e+00 2.975131994607e+00 5.000000000000e-03
3.754094433859e+00 2.515265438135e+00 5.000000000000e-03
2.747552610955e-01 2.032972943620e-02 5.000000000000e-03
3.938422791090e+00 1.631049417981e+00 5.000000000000e-03
1.614887804264e+00 1.505084814815e+00 5.000000000000e-03
2.093036392079e+00 2.883202688155e+00 5.000000000000e-03
1.060338113084e+00 4.258441404211e+00 5.000000000000e-03
2.950488564028e+00 1.891627902072e+00 5.000000000000e-03
5.072106279762e+00 1.335704065141e+00 5.000000000000e-03
2.304108683089e+00 2.288132861629e+00 5.000000000000e-03
1.489991007292e+00 4.577426370671e+00 5.000000000000e-03
1.710281888858e+00 4.282966688117e+00 5.000000000000e-03
2.705867673955e+00 4.437332557504e+00 5.000000000000e-03
5.012850317987e+00 2.771833754748e+00 5.000000000000e-03
8.679531802221e-01 2.444898343414e+00 5.000000000000e-03
2.680228233940e+00 1.126567771259e+00 5.000000000000e-03
1.997655183567e+00 1.629830685925e+00 5.000000000000e-03
2.910853142766e+00 4.247438329082e+00 5.000000000000e-03
2.531701291415e+00 1.198171204592e+00 5.000000000000e-03
1.396426315837e+00 1.694554725031e+00 5.000000000000e-03
3.173274001045e+00 8.026220895314e-01 5.000000000000e-03
3.017168803469e+00 2.598510339815e+00 5.000000000000e-03
3.155138696074e+00 3.729663890903e+00 5.000000000000e-03
1.173757144399e+00 8.074754342744e-01 5.000000000000e-03
1.838531975828e+00 2.134081957322e+00 5.000000000000e-03
2.741441813123e+00 1.389498425283e+00 5.000000000000e-03
2.632541557584e+00 1.128346512825e+00 5.000000000000e-03
5.699021287112e+00 2.312927808269e+00 5.000000000000e-03
4.594899580565e+00 3.463129841353e+00 5.000000000000e-03
3.801760916945e+00 3.297266855966e+00 5.000000000000e-03
3.628226909554e+00 2.376980828192e+00 5.000000000000e-03
1.673211787256e+00 3.177205935328e+00 5.000000000000e-03
2.093445037671e+00 5.248630577010e+00 5.000000000000e-03
2.674408703085e+00 1.143807850287e+00 5.000000000000e-03
2.762800521788e+00 1.550002867936e+00 5.000000000000e-03
2.896227529481e+00 9.142850703334e-02 5.000000000000e-03
4.171644598776e+00 5.937041921901e+00 5.000000000000e-03
2.802357496163e+00 1.192261535756e+00 5.000000000000e-03
1.189599303056e+00 2.331933646634e+00 5.000000000000e-03
2.688517046068e+00 7.140848841189e-01 5.000000000000e-03
1.592781875357e+00 4.268012167723e+00 5.000000000000e-03
2.294050758285e+00 9.341455237118e-02 5.000000000000e-03
4.891024718644e+00 4.243984865071e+00 5.000000000000e-03
2.972371451888e+00 1.046553464585e+00 5.000000000000e-03
3.263557568425e+00 4.625220598298e+00 5.000000000000e-03
5.465845560739e+00 4.044820906248e+00 5.000000000000e-03
3.390834228082e+00 5.735640865372e-01 5.000000000000e-03
3.123723739738e+00 2.885006136868e+00 5.000000000000e-03
1.642661465561e+00 3.360324558780e+00 5.000000000000e-03
4.360398571584e+00 5.424762490778e+00 5.000000000000e-03
1.385287453273e+00 1.603824301422e+00 5.000000000000e-03
3.047772050356e+00 2.560986387768e+00 5.000000000000e-03
2.981237217010e+00 2.713404297601e+00 5.000000000000e-03
1.854450332916e+00 1.408955900427e+00 5.000000000000e-03
2.710118829481e+00 1.127389775909e+00 5.000000000000e-03
3.334040814558e+00 8.632770576351e-01 5.000000000000e-03
2.785834587618e+00 4.998469438442e+00 5.000000000000e-03
2.145956734614e+00 2.235014954844e+00 5.000000000000e-03
1.769382475096e+00 4.229965669586e+00 5.000000000000e-03
1.088962809776e+00 5.009071081441e+00 5.000000000000e-03
3.649458995954e+00 4.132252311606e+00 5.000000000000e-03
3.200147812647e+00 2.538346760542e+00 5.000000000000e-03
2.862391835896e+00 9.801507991099e-01 5.000000000000e-03
5.329263837312e+00 3.748923774492e+00 -5.000000000000e-03
5.787903850504e+00 4.315458960748e-01 -5.000000000000e-03
4.940121558897e+00 5.914290971179e+00 -5.000000000000e-03
4.612597998254e-01 4.881481649302e+00 -5.000000000000e-03
6.250080185549e+00 1.141440856933e+00 -5.000000000000e-03
7.756024641243e-01 6.034556081901e+00 -5.000000000000e-03
5.140430519385e+00 6.062250614415e+00 -5.000000000000e-03
3.966644644752e+00 1.821470203472e+00 -5.000000000000e-03
6.152245244874e+00 3.827990279172e+00 -5.000000000000e-03
5.401514313617e+00 4.644192710802e+00 -5.000000000000e-03
5.500435464979e+00 5.651401221454e+00 -5.000000000000e-03
5.900018083667e+00 6.230038074362e+00 -5.000000000000e-03
5.609353545341e+00 4.144157988435e+00 -5.000000000000e-03
2.192282808452e+00 4.632902153231e+00 -5.000000000000e-03
2.575926853384e+00 5.303744460799e+00 -5.000000000000e-03
4.522735790611e+00 1.159466632636e+00 -5.000000000000e-03
6.947924283717e-01 9.446625982038e-01 -5.000000000000e-03
5.592644215118e+00 4.222922884501e+00 -5.000000000000e-03
6.161360775663e+00 3.619638427754e-01 -5.000000000000e-03
1.203420055870e-01 6.050469278625e+00 -5.000000000000e-03
3.144897577913e-01 1.862440378087e+00 -5.000000000000e-03
4.310809650232e+00 3.809751614813e+00 -5.000000000000e-03
4.430576845375e+00 3.805158483907e-01 -5.000000000000e-03
1.205410955746e+00 4.651882601975e+00 -5.000000000000e-03
4.082864300134e-01 3.381101557130e+00 -5.000000000000e-03
4.085279139878e+00 2.722980680525e+00 -5.000000000000e-03
5.259776569666e-01 1.423522491490e+00 -5.000000000000e-03
7.388320496320e-02 5.844554393193e+00 -5.000000000000e-03
5.729670020621e+00 3.523678635516e+00 -5.000000000000e-03
5.916237774999e+00 1.685839127724e+00 -5.000000000000e-03
1.711200725207e+00 5.715260730344e+00 -5.000000000000e-03
5.925520508222e+00 1.143323630366e+00 -5.000000000000e-03
6.188329540037e+00 5.853256911868e+00 -5.000000000000e-03
5.590910732638e+00 1.941598487405e-01 -5.000000000000e-03
3.041286267475e-01 1.331332546392e+00 -5.000000000000e-03
6.059636472400e+00 5.978061282354e+00 -5.000000000000e-03
6.066138580730e+00 6.068178756105e+00 -5.000000000000e-03
3.319742953304e-01 1.615562528730e+00 -5.000000000000e-03
2.115401304725e+00 4.121882188886e+00 -5.000000000000e-03
4.885079895213e+00 5.686632343347e+00 -5.000000000000e-03
6.134078640379e+00 1.250155157020e+00 -5.000000000000e-03
5.762854868504e+00 1.343625340997e-01 -5.000000000000e-03
6.199212389501e+00 1.241194084750e+00 -5.000000000000e-03
4.923971948356e+00 5.849178274209e+00 -5.000000000000e-03
1.259308732777e+00 2.858813321488e+00 -5.000000000000e-03
5.982106946145e+00 3.405862060998e+00 -5.000000000000e-03
4.582196717150e+00 7.778518395610e-01 -5.000000000000e-03
5.247394763420e+00 5.886534794054e+00 -5.000000000000e-03
5.888555597013e+00 1.024160967110e+00 -5.000000000000e-03
1.535640775331e+00 5.513896128088e+00 -5.000000000000e-03
1.718503235667e+00 5.270282761485e+00 -5.000000000000e-03
5.949287497738e+00 1.214462441355e+00 -5.000000000000e-03
3.281248433836e-01 4.442614962785e-01 -5.000000000000e-03
6.138380800747e+00 6.017252636904e+00 -5.000000000000e-03
5.637337844154e+00 7.002582226453e-01 -5.000000000000e-03
5.760136164881e-01 3.600722379492e+00 -5.000000000000e-03
3.786595746940e+00 5.160085815141e+00 -5.000000000000e-03
5.451384235754e-01 1.781307554825e-02 -5.000000000000e-03
6.087796798899e+00 6.005097413145e+00 -5.000000000000e-03
6.070122244912e+00 1.370167264091e+00 -5.000000000000e-03
4.270183560504e-01 4.433094481570e+00 -5.000000000000e-03
1.974352937893e+00 2.115900650234e+00 -5.000000000000e-03
5.350980595777e+00 4.756726823503e+00 -5.000000000000e-03
6.148318400210e+00 5.617433998369e-01 -5.000000000000e-03
3.177867881082e-03 6.810210538692e-01 -5.000000000000e-03
5.757768104770e+00 2.129821376266e+00 -5.000000000000e-03
5.626663244858e+00 1.231877036989e+00 -5.000000000000e-03
5.641272352552e+00 3.110220191035e-01 -5.000000000000e-03
3.788153285842e-02 6.257263203339e+00 -5.000000000000e-03
4.885690261825e+00 1.894646588208e+00 -5.000000000000e-03
5.956087440592e+00 5.933243745926e+00 -5.000000000000e-03
5.766344974827e+00 1.548701791585e-01 -5.000000000000e-03
3.122225580664e+00 4.079331806061e+00 -5.000000000000e-03
3.378900414251e-02 6.267553067235e+00 -5.000000000000e-03
5.405718110397e+00 6.226956131012e+00 -5.000000000000e-03
6.199410875358e+00 3.890299178719e-01 -5.000000000000e-03
8.738487791642e-01 5.282182874279e+00 -5.000000000000e-03
4.346944472237e-01 5.329348801213e+00 -5.000000000000e-03
2.863335435375e-01 5.370332292652e+00 -5.000000000000e-03
5.924398141628e+00 1.955628679001e+00 -5.000000000000e-03
7.519167092755e-01 4.380875844303e-01 -5.000000000000e-03
3.857736043809e+00 6.780267205403e-02 -5.000000000000e-03
1.366156880736e-01 4.383570927884e+00 -5.000000000000e-03
6.042463003632e+00 4.870651728035e-01 -5.000000000000e-03
5.657431305770e+00 5.557163043090e+00 -5.000000000000e-03
2.663090474005e+00 5.447293053895e+00 -5.000000000000e-03
8.835989660811e-02 6.226246975606e-01 -5.000000000000e-03
5.130864832569e+00 7.183607447915e-03 -5.000000000000e-03
3.020313718494e-02 3.861593568265e+00 -5.000000000000e-03
3.990899281083e+00 4.292510725806e-01 -5.000000000000e-03
3.375810643868e+00 1.955272727830e+00 -5.000000000000e-03
6.719373868387e-01 4.903626443491e+00 -5.000000000000e-03
1.218466144348e+00 5.876901095653e+00 -5.000000000000e-03
2.290613487318e-01 3.294301235536e+00 -5.000000000000e-03
5.747477237319e+00 3.314352003598e+00 -5.000000000000e-03
5.642390782957e+00 5.388615572388e+00 -5.000000000000e-03
5.947477233227e+00 1.905109063211e+00 -5.000000000000e-03
3.373746336135e-01 5.072590786211e+00 -5.000000000000e-03
5.628171090675e+00 1.603089834403e+00 -5.000000000000e-03
5.865109826670e+00 6.230398206461e+00 -5.000000000000e-03
