3.301230182836e+00 2.896777002688e-01 5.000000000000e-03
2.136710132400e+00 2.081921375633e+00 5.000000000000e-03
5.562828618917e+00 5.682198933268e+00 5.000000000000e-03
4.685802537028e+00 6.063393948103e+00 5.000000000000e-03
5.129974844174e+00 5.569246305273e-01 5.000000000000e-03
3.430453152673e+00 7.891818456153e-01 5.000000000000e-03
4.294241320901e+00 1.676049883222e+00 5.000000000000e-03
3.440827715338e+00 4.904373007396e-01 5.000000000000e-03
3.228268695324e+00 1.633850552741e+00 5.000000000000e-03
1.171167006800e+00 5.664873260956e+00 5.000000000000e-03
2.426003774024e+00 6.266300754352e+00 5.000000000000e-03
3.425763408570e+00 4.247894508164e-01 5.000000000000e-03
3.016582192307e+00 4.012766302831e+00 5.000000000000e-03
4.978439604309e-01 8.900650050466e-01 5.000000000000e-03
4.169457281989e+00 5.994502000433e+00 5.000000000000e-03
2.746169660748e+00 8.079600008216e-01 5.000000000000e-03
7.141133175002e-01 3.869025625981e+00 5.000000000000e-03
5.968920783459e-01 4.245193061592e+00 5.000000000000e-03
4.616216600127e+00 4.823349263465e+00 5.000000000000e-03
5.119046928230e+00 5.579703074873e+00 5.000000000000e-03
3.798216137136e+00 5.868971294873e+00 5.000000000000e-03
4.860859933132e+00 4.678353897740e+00 5.000000000000e-03
4.660831304985e+00 2.923103836009e+00 5.000000000000e-03
3.318886574126e+00 7.751169754494e-01 5.000000000000e-03
4.096738237995e+00 6.126010799415e+00 5.000000000000e-03
2.686578741562e+00 5.854302902409e+00 5.000000000000e-03
4.147408225672e+00 3.737619654763e+00 5.000000000000e-03
2.596983558410e+00 6.140499121608e+00 5.000000000000e-03
3.935609760121e+00 6.737998164542e-02 5.000000000000e-03
2.772845628578e+00 5.270859764353e+00 5.000000000000e-03
3.010806587535e+00 6.282679731839e+00 5.000000000000e-03
3.696924804561e+00 5.950945852186e+00 5.000000000000e-03
2.114854840146e-01 6.188011454362e+00 5.000000000000e-03
2.671474307273e+00 3.776180439959e-01 5.000000000000e-03
2.699511992304e+00 1.617132123917e+00 5.000000000000e-03
2.905753378484e+00 5.799109909013e+00 5.000000000000e-03
1.143059051538e+00 1.519049639581e+00 5.000000000000e-03
1.773966009322e+00 6.455447021494e-01 5.000000000000e-03
2.724408015661e+00 3.239006363037e+00 5.000000000000e-03
4.896529537032e+00 4.331621919973e+00 5.000000000000e-03
6.245228240322e-01 4.642739547140e+00 5.000000000000e-03
4.382665243755e+00 3.497974014645e+00 5.000000000000e-03
3.205045567539e+00 2.979925028667e+00 5.000000000000e-03
2.719072943186e+00 5.861095235271e+00 5.000000000000e-03
4.801724354338e+00 2.789909647589e-01 5.000000000000e-03
2.355482874683e-01 4.711468379948e+00 5.000000000000e-03
3.077170361904e-01 2.875105470267e-01 5.000000000000e-03
4.979300191540e+00 5.673449702744e+00 5.000000000000e-03
4.794426435693e+00 4.874710630110e+00 5.000000000000e-03
4.717854083777e+00 5.639687892059e+00 5.000000000000e-03
1.603068120242e+00 5.883298589242e+00 5.000000000000e-03
3.324562374571e+00 8.737396636245e-01 5.000000000000e-03
3.295259098761e+00 5.581181236608e+00 5.000000000000e-03
3.202009831864e+00 1.443767739689e+00 5.000000000000e-03
5.348642857605e+00 5.631319447638e+00 5.000000000000e-03
2.490693660306e+00 3.355616698130e+00 5.000000000000e-03
2.874663175440e+00 9.638561477392e-01 5.000000000000e-03
4.984060700744e+00 7.569783766271e-01 5.000000000000e-03
5.197893962635e+00 1.007301372878e+00 5.000000000000e-03
5.648870016631e+00 5.285538911460e+00 5.000000000000e-03
3.877746811891e+00 3.019345502013e+00 5.000000000000e-03
4.885825640495e+00 4.026622408881e+00 5.000000000000e-03
3.715761714380e+00 6.199090101906e+00 5.000000000000e-03
2.424106221567e+00 9.679017827958e-02 5.000000000000e-03
3.359915243728e+00 1.030513341681e+00 5.000000000000e-03
4.891733179747e+00 5.783257773631e+00 5.000000000000e-03
1.995081911918e+00 3.326982541479e+00 5.000000000000e-03
2.523285190399e+00 1.491109246607e+00 5.000000000000e-03
2.962677286571e+00 2.881179614278e+00 5.000000000000e-03
2.184094268361e+00 5.214249716585e+00 5.000000000000e-03
5.240017238302e+00 5.098330984634e+00 5.000000000000e-03
3.240011416446e+00 1.914312292175e+00 5.000000000000e-03
2.906669012348e+00 6.251643644679e-02 5.000000000000e-03
4.365833922840e+00 5.808830254554e+00 5.000000000000e-03
2.565174254332e+00 5.332116418781e+00 5.000000000000e-03
3.898458182945e+00 2.660474185937e+00 5.000000000000e-03
3.071073310412e+00 5.215825739087e-02 5.000000000000e-03
2.192196846589e+00 4.595333439159e+00 5.000000000000e-03
3.105821844226e+00 6.246284920446e-01 5.000000000000e-03
1.982924395710e+00 3.480912680418e-01 5.000000000000e-03
6.791194683687e-02 4.809580124657e+00 5.000000000000e-03
5.727028975853e-01 5.109274691370e+00 5.000000000000e-03
3.480627209751e+00 5.333554227524e+00 5.000000000000e-03
3.003183928988e+00 4.821092015118e+00 5.000000000000e-03
3.371684607084e+00 5.935419277698e+00 5.000000000000e-03
1.990004143527e+00 1.659986093138e+00 5.000000000000e-03
4.506899885938e+00 5.568702838459e+00 5.000000000000e-03
2.722156797466e+00 3.602663482109e+00 5.000000000000e-03
3.240480151991e+00 3.030020576763e+00 5.000000000000e-03
3.245914131056e+00 6.222700457239e+00 5.000000000000e-03
4.822582648090e+00 9.910793798365e-01 5.000000000000e-03
3.079019550874e+00 1.757499329034e+00 5.000000000000e-03
9.861381304981e-02 5.855029067431e+00 5.000000000000e-03
4.292044651494e+00 4.142719616834e+00 5.000000000000e-03
3.428700875775e+00 9.903730878315e-01 5.000000000000e-03
1.200576850530e+00 3.505743048029e+00 5.000000000000e-03
1.606729768684e+00 3.476470868428e+00 5.000000000000e-03
3.912272639760e+00 6.116899525702e+00 5.000000000000e-03
4.646820848525e+00 5.806296911738e+00 5.000000000000e-03
3.024905314824e+00 6.269844623289e+00 5.000000000000e-03
3.913785437670e+00 3.371919602665e+00 -5.000000000000e-03
5.493099103680e+00 1.305522921968e+00 -5.000000000000e-03
5.998651440496e+00 7.812385568922e-01 -5.000000000000e-03
2.573454354453e-01 3.025879973707e+00 -5.000000000000e-03
5.223842027021e+00 2.829746895876e+00 -5.000000000000e-03
7.511292241371e-01 3.146209716434e+00 -5.000000000000e-03
1.230737648159e+00 4.160414608133e+00 -5.000000000000e-03
1.496144692106e-01 2.216918986800e+00 -5.000000000000e-03
3.616141092722e+00 3.081004926981e+00 -5.000000000000e-03
3.457117315829e+00 2.028819381558e+00 -5.000000000000e-03
4.305410270202e+00 3.739635156823e+00 -5.000000000000e-03
5.510159273452e-01 1.921259892104e+00 -5.000000000000e-03
6.033636175217e+00 2.334748928726e+00 -5.000000000000e-03
5.310610674145e-01 1.339974303284e+00 -5.000000000000e-03
3.890017445493e+00 1.909678907100e+00 -5.000000000000e-03
3.928766472219e+00 3.533661035239e+00 -5.000000000000e-03
5.248898150052e+00 8.291266474088e-01 -5.000000000000e-03
5.653544126683e+00 1.721350826307e+00 -5.000000000000e-03
8.641102840713e-01 2.009626517584e+00 -5.000000000000e-03
2.482868240222e+00 4.016700845922e+00 -5.000000000000e-03
5.441678604572e-01 5.318767819241e+00 -5.000000000000e-03
5.348284852143e+00 4.256932237461e+00 -5.000000000000e-03
9.045378484568e-01 4.023680983517e+00 -5.000000000000e-03
2.065140008663e-01 3.723986813542e+00 -5.000000000000e-03
6.044565170826e+00 1.711773344624e+00 -5.000000000000e-03
5.848835664817e+00 3.543215233735e+00 -5.000000000000e-03
4.898008436422e+00 1.595060845561e+00 -5.000000000000e-03
3.785648412401e+00 5.685635477984e+00 -5.000000000000e-03
5.698709505252e+00 1.678989440469e+00 -5.000000000000e-03
5.092322041582e+00 3.600090530286e+00 -5.000000000000e-03
3.949198011055e+00 2.421224273038e+00 -5.000000000000e-03
6.010666215137e+00 1.795747387950e+00 -5.000000000000e-03
4.947312417180e+00 3.176391713910e+00 -5.000000000000e-03
1.601934992260e+00 7.444088960130e-01 -5.000000000000e-03
6.648731441502e-01 2.117031923487e+00 -5.000000000000e-03
5.735485578866e+00 2.310875915342e+00 -5.000000000000e-03
2.808811624353e+00 4.376895734565e+00 -5.000000000000e-03
4.056657841270e-01 4.551586250151e+00 -5.000000000000e-03
3.911188060225e+00 1.551392574597e+00 -5.000000000000e-03
4.938585027294e+00 2.294940220272e+00 -5.000000000000e-03
2.900314922544e+00 3.165056891310e+00 -5.000000000000e-03
1.379233072790e-01 3.264915279148e+00 -5.000000000000e-03
6.900989826749e-01 3.063156243002e+00 -5.000000000000e-03
6.059292757441e+00 5.552222121926e+00 -5.000000000000e-03
6.198289987352e+00 2.665847756392e+00 -5.000000000000e-03
4.155587177689e+00 4.454619638990e+00 -5.000000000000e-03
3.513209788166e-01 2.931731281976e+00 -5.000000000000e-03
8.006698407136e-01 2.690078220627e+00 -5.000000000000e-03
3.809963216005e+00 1.643688270686e+00 -5.000000000000e-03
5.992035388652e+00 2.699303293812e+00 -5.000000000000e-03
5.549795429723e+00 1.845826723192e+00 -5.000000000000e-03
5.998336889847e+00 1.706413750914e+00 -5.000000000000e-03
5.396040855443e-02 1.338058902110e+00 -5.000000000000e-03
1.297009328101e+00 4.721604049620e+00 -5.000000000000e-03
5.216482846490e+00 2.016632659048e+00 -5.000000000000e-03
3.545576485462e-01 3.186935114335e+00 -5.000000000000e-03
5.686960479880e+00 3.121183632992e+00 -5.000000000000e-03
6.134331483983e+00 1.289080451286e+00 -5.000000000000e-03
2.368836004851e+00 3.555634206889e+00 -5.000000000000e-03
6.221019050493e+00 1.605835467072e+00 -5.000000000000e-03
1.841047424287e+00 2.680368539248e+00 -5.000000000000e-03
7.767107250059e-02 1.561440434431e+00 -5.000000000000e-03
6.132627656103e+00 2.181815314227e+00 -5.000000000000e-03
9.399351834735e-01 3.191515841558e+00 -5.000000000000e-03
5.799736306482e+00 3.440086200011e+00 -5.000000000000e-03
4.652701033010e+00 7.335369224048e-01 -5.000000000000e-03
6.247832926102e+00 1.684712029750e+00 -5.000000000000e-03
4.388801490070e+00 2.827476273854e+00 -5.000000000000e-03
1.319774184565e+00 4.630364723975e+00 -5.000000000000e-03
6.070821952200e+00 2.222164333905e+00 -5.000000000000e-03
4.575726413177e+00 7.760666290656e-01 -5.000000000000e-03
2.138241312501e+00 2.449059241600e+00 -5.000000000000e-03
5.451107445130e+00 1.905936179413e+00 -5.000000000000e-03
1.297633336569e+00 2.408964579432e+00 -5.000000000000e-03
3.096630749177e+00 4.219557370193e+00 -5.000000000000e-03
5.645639598037e+00 4.777037356784e+00 -5.000000000000e-03
1.787475333985e-01 1.665265577722e+00 -5.000000000000e-03
3.623040155132e+00 3.001002402087e+00 -5.000000000000e-03
5.962418743100e+00 1.634056935822e+00 -5.000000000000e-03
5.825705814419e+00 1.833130287891e+00 -5.000000000000e-03
4.209469648986e-01 2.953571980816e+00 -5.000000000000e-03
2.347733305239e+00 3.031298571867e+00 -5.000000000000e-03
5.982319609649e+00 4.690716300425e+00 -5.000000000000e-03
5.566332106360e+00 3.748088420096e+00 -5.000000000000e-03
6.116291342304e-01 2.808777800062e+00 -5.000000000000e-03
3.052341568404e-01 1.674764367003e+00 -5.000000000000e-03
6.245596520668e+00 2.257665493615e+00 -5.000000000000e-03
4.597621331751e+00 1.437863480922e+00 -5.000000000000e-03
5.599248959023e+00 1.495020550202e+00 -5.000000000000e-03
3.773504861375e+00 8.829634895194e-01 -5.000000000000e-03
5.785240890102e+00 2.194894803741e+00 -5.000000000000e-03
6.005385419043e+00 3.132453656791e+00 -5.000000000000e-03
6.127186950863e+00 4.128849040897e+00 -5.000000000000e-03
5.749449263404e+00 2.817629133571e+00 -5.000000000000e-03
1.997496100571e-01 2.009333276173e+00 -5.000000000000e-03
4.918026254603e+00 1.546371588933e-02 -5.000000000000e-03
6.178631129230e+00 3.216424410545e+00 -5.000000000000e-03
5.243640729553e+00 3.265710373051e+00 -5.000000000000e-03
3.179488082387e+00 2.373049585236e+00 -5.000000000000e-03
6.238935884759e+00 1.978232457109e+00 -5.000000000000e-03
