5.306896323209e+00 1.939174741889e+00 5.000000000000e-03
3.125222913681e+00 6.203868173000e+00 5.000000000000e-03
3.799921847457e+00 2.313833850917e+00 5.000000000000e-03
8.124684604144e-01 2.633282701950e+00 5.000000000000e-03
4.802217011008e+00 3.054744152312e-01 5.000000000000e-03
5.628103413426e+00 4.081689965798e+00 5.000000000000e-03
7.002648359289e-02 5.041785929092e+00 5.000000000000e-03
4.551853936827e+00 3.005908618969e+00 5.000000000000e-03
1.977212208327e+00 7.271097652729e-01 5.000000000000e-03
3.659242911092e+00 5.540206959964e+00 5.000000000000e-03
1.948048144896e+00 1.903984276341e+00 5.000000000000e-03
3.148679714589e+00 6.206138724233e-01 5.000000000000e-03
2.011250309717e+00 5.610115394239e+00 5.000000000000e-03
3.163643590806e+00 1.198272181406e+00 5.000000000000e-03
1.075625992621e+00 4.738748075987e+00 5.000000000000e-03
5.137100018379e+00 6.100069234277e-01 5.000000000000e-03
4.509932415908e+00 1.487992149243e+00 5.000000000000e-03
2.738984690591e+00 6.065527161461e+00 5.000000000000e-03
4.108233689498e+00 6.010394005805e+00 5.000000000000e-03
3.026992386489e+00 3.994758828161e-01 5.000000000000e-03
2.701758094438e+00 3.076034350394e-01 5.000000000000e-03
4.608460599107e+00 8.757851811509e-01 5.000000000000e-03
6.142138951626e+00 3.448761669706e-01 5.000000000000e-03
4.824837674649e-01 3.190381865806e+00 5.000000000000e-03
5.166508850304e+00 7.450054527083e-01 5.000000000000e-03
4.395880127311e+00 5.579085812542e+00 5.000000000000e-03
5.514175868405e+00 5.455510447691e+00 5.000000000000e-03
3.029006583953e+00 5.770959460786e+00 5.000000000000e-03
3.035202218706e+00 7.370055776082e-01 5.000000000000e-03
2.769126939984e+00 6.187900406629e+00 5.000000000000e-03
3.728551655467e+00 3.804286186493e+00 5.000000000000e-03
2.261372879173e+00 6.035474441709e-01 5.000000000000e-03
4.718520468748e+00 5.720988269848e+00 5.000000000000e-03
5.946312848314e+00 1.173409439791e+00 5.000000000000e-03
4.333300709948e+00 5.990822376306e+00 5.000000000000e-03
5.653209967226e+00 4.075940454512e+00 5.000000000000e-03
3.243375632207e+00 5.976628341325e+00 5.000000000000e-03
3.763889352064e+00 5.786890063850e+00 5.000000000000e-03
4.167955313223e+00 1.120714082914e+00 5.000000000000e-03
5.999446897550e-01 5.496294054162e-01 5.000000000000e-03
7.619454845647e-01 5.090592487125e+00 5.000000000000e-03
5.386082868166e+00 1.180110032305e-01 5.000000000000e-03
2.413755317840e+00 1.201810794176e+00 5.000000000000e-03
1.270464979110e+00 9.203108339853e-01 5.000000000000e-03
2.695758360476e+00 3.262193464397e-01 5.000000000000e-03
5.064945549316e+00 3.852425616053e+00 5.000000000000e-03
8.520861926997e-01 2.637524354625e+00 5.000000000000e-03
1.482276840884e+00 8.129216101055e-02 5.000000000000e-03
4.936985463616e+00 6.602195317773e-01 5.000000000000e-03
5.036213848398e+00 1.458539994724e+00 5.000000000000e-03
4.561893963848e+00 8.019236177977e-01 5.000000000000e-03
2.410212227970e+00 5.915354570697e-01 5.000000000000e-03
1.918477826880e+00 1.527388590313e+00 5.000000000000e-03
1.575997634995e+00 5.030928576078e+00 5.000000000000e-03
7.969092262370e-01 3.514896236496e+00 5.000000000000e-03
4.621724492752e+00 3.594670042626e+00 5.000000000000e-03
2.771871602872e-01 5.130655258140e+00 5.000000000000e-03
3.079944167734e+00 4.832878992742e+00 5.000000000000e-03
2.652059341064e+00 1.880218939836e-02 5.000000000000e-03
4.475570033043e+00 5.132568887270e+00 5.000000000000e-03
4.604337598605e+00 1.182479444036e+00 5.000000000000e-03
4.765167963473e+00 1.759560480542e+00 5.000000000000e-03
3.331549377380e+00 5.480157462899e-03 5.000000000000e-03
4.426805298138e+00 2.940493116882e-01 5.000000000000e-03
2.521165140448e+00 6.034777681129e+00 5.000000000000e-03
1.194249786858e+00 4.771642997388e+00 5.000000000000e-03
4.546404758362e+00 5.818489289670e+00 5.000000000000e-03
5.661736667916e+00 5.963779666888e+00 5.000000000000e-03
5.274447852939e+00 5.852885028682e+00 5.000000000000e-03
5.130032759552e+00 7.252220331486e-01 5.000000000000e-03
5.799888656981e-01 5.233523950354e-01 5.000000000000e-03
4.099732210955e+00 4.274202456190e+00 5.000000000000e-03
3.245812208665e+00 6.015333633452e+00 5.000000000000e-03
2.718252064747e+00 6.091600170251e+00 5.000000000000e-03
2.079697036509e+00 3.742961771698e+00 5.000000000000e-03
1.611082643574e+00 2.632763400555e+00 5.000000000000e-03
2.102128523229e+00 5.687019106742e+00 5.000000000000e-03
4.234493770955e+00 8.458884535099e-01 5.000000000000e-03
8.732521759914e-01 2.222287695977e-01 5.000000000000e-03
2.609698186626e+00 5.944164858839e+00 5.000000000000e-03
3.386451090408e+00 4.525723435068e+00 5.000000000000e-03
1.762519337774e+00 7.722212069227e-01 5.000000000000e-03
2.351896643815e+00 5.206815614733e-01 5.000000000000e-03
3.600119348414e+00 7.157812901018e-02 5.000000000000e-03
6.060229031853e+00 4.617402141146e+00 5.000000000000e-03
2.149599479933e+00 1.778566861304e-01 5.000000000000e-03
4.434408270350e+00 6.439668178865e-01 5.000000000000e-03
4.393046785644e-01 1.256034146265e+00 5.000000000000e-03
5.697834095376e+00 2.336973984941e+00 5.000000000000e-03
3.288404554642e+00 1.394108302874e+00 5.000000000000e-03
3.069549797927e+00 2.019013983392e+00 5.000000000000e-03
3.487976120206e+00 6.249009343664e-01 5.000000000000e-03
3.628230337567e-01 6.086401197273e+00 5.000000000000e-03
6.155513544100e+00 4.731917439943e+00 5.000000000000e-03
5.043414325433e+00 2.796637640110e+00 5.000000000000e-03
2.086662494158e+00 5.612091060461e+00 5.000000000000e-03
4.077445486725e+00 8.237421142462e-01 5.000000000000e-03
4.649756698023e+00 2.988687800752e+00 5.000000000000e-03
1.150225066854e+00 3.648932300734e+00 5.000000000000e-03
5.544831406800e+00 6.230414177597e+00 5.000000000000e-03
2.799332788073e-01 2.893567630829e+00 -5.000000000000e-03
2.828701439885e+00 3.097808902944e+00 -5.000000000000e-03
1.859653526353e+00 2.685134262015e+00 -5.000000000000e-03
4.496589204409e+00 2.219819950273e+00 -5.000000000000e-03
2.043565418237e+00 1.013015864562e+00 -5.000000000000e-03
4.629156100607e+00 4.105010099625e+00 -5.000000000000e-03
9.881411217738e-01 2.601025533431e+00 -5.000000000000e-03
1.213016285665e+00 4.522287646093e+00 -5.000000000000e-03
1.183717954680e+00 5.080581902397e-01 -5.000000000000e-03
6.900100795666e-01 3.871567021789e+00 -5.000000000000e-03
1.307884540901e+00 3.163711345851e+00 -5.000000000000e-03
6.117955344342e+00 5.798328311697e+00 -5.000000000000e-03
1.989841533011e+00 6.030571537473e+00 -5.000000000000e-03
2.874858485736e+00 5.646822154855e+00 -5.000000000000e-03
2.511061826821e+00 2.598222776794e+00 -5.000000000000e-03
7.104090199926e-01 4.415669158283e+00 -5.000000000000e-03
2.698715861049e+00 3.433570053319e+00 -5.000000000000e-03
5.060493078416e+00 2.977068074119e+00 -5.000000000000e-03
1.121063348103e+00 2.814519428133e+00 -5.000000000000e-03
9.911536910216e-01 3.283396732556e+00 -5.000000000000e-03
5.850875325565e+00 3.004239823131e+00 -5.000000000000e-03
2.886765480955e+00 4.626962216385e+00 -5.000000000000e-03
4.095969954833e-01 4.750724628531e+00 -5.000000000000e-03
1.200491358390e+00 2.918484066004e+00 -5.000000000000e-03
2.734209463558e+00 4.051032103220e+00 -5.000000000000e-03
5.360345545690e+00 3.083412420022e+00 -5.000000000000e-03
5.897671335749e+00 2.763330608081e+00 -5.000000000000e-03
8.492036294652e-01 1.403232388210e+00 -5.000000000000e-03
3.774352591903e+00 3.245789085244e+00 -5.000000000000e-03
2.777289013660e+00 5.635251856705e+00 -5.000000000000e-03
4.565626300121e+00 4.945396903678e+00 -5.000000000000e-03
3.711691269077e+00 4.785695089885e+00 -5.000000000000e-03
3.505186249024e+00 1.664713669933e+00 -5.000000000000e-03
4.720538310081e+00 2.094189837359e+00 -5.000000000000e-03
6.093877454636e+00 1.702526906478e+00 -5.000000000000e-03
6.371548385895e-01 5.004794479856e+00 -5.000000000000e-03
3.577202680816e+00 2.396378332050e+00 -5.000000000000e-03
1.529729112575e+00 3.061004527337e+00 -5.000000000000e-03
1.464647672451e+00 2.985605961882e+00 -5.000000000000e-03
3.776162695978e+00 3.667019684084e+00 -5.000000000000e-03
1.115595728172e+00 3.150815936262e+00 -5.000000000000e-03
5.910993120418e+00 9.110765495050e-01 -5.000000000000e-03
2.894556988495e-01 2.234069050642e+00 -5.000000000000e-03
6.029647298311e+00 3.237177166801e+00 -5.000000000000e-03
4.059492873435e+00 5.743951612668e+00 -5.000000000000e-03
3.861828764903e+00 3.960313280648e+00 -5.000000000000e-03
5.043064064138e+00 1.009973008535e+00 -5.000000000000e-03
5.798573515099e+00 3.959950040604e+00 -5.000000000000e-03
5.106237583744e+00 2.514897884122e+00 -5.000000000000e-03
7.354103405416e-01 1.806564823165e+00 -5.000000000000e-03
2.678284326820e+00 2.214806559348e+00 -5.000000000000e-03
3.818893139389e+00 1.799627322560e+00 -5.000000000000e-03
2.110240817632e+00 2.837342189428e+00 -5.000000000000e-03
4.798609623052e+00 3.444240734881e+00 -5.000000000000e-03
5.990360304558e+00 2.585366093945e+00 -5.000000000000e-03
3.936211035502e+00 4.858083774970e+00 -5.000000000000e-03
1.560280618230e+00 2.742419720579e+00 -5.000000000000e-03
1.517900442863e+00 2.871517185148e+00 -5.000000000000e-03
2.165432440006e+00 3.235982826296e+00 -5.000000000000e-03
2.004184154523e+00 3.438614083188e+00 -5.000000000000e-03
1.118303305535e+00 2.753584207741e+00 -5.000000000000e-03
1.010582337357e+00 2.656877380938e+00 -5.000000000000e-03
6.245237427036e-01 2.953675985857e+00 -5.000000000000e-03
1.316293019693e+00 1.692906468948e+00 -5.000000000000e-03
1.729644230952e+00 2.483463758009e+00 -5.000000000000e-03
2.591184642753e+00 3.031275786895e+00 -5.000000000000e-03
3.750564005076e+00 3.130163758375e+00 -5.000000000000e-03
5.680187358833e+00 2.821080608034e+00 -5.000000000000e-03
5.612099893205e+00 2.510481973080e+00 -5.000000000000e-03
2.030085178639e+00 3.191230695460e+00 -5.000000000000e-03
2.696769557176e+00 5.662748802598e+00 -5.000000000000e-03
2.904230415044e+00 2.109906123671e+00 -5.000000000000e-03
2.979557017140e+00 4.664322838408e+00 -5.000000000000e-03
5.012369241809e+00 4.180685440599e+00 -5.000000000000e-03
5.140932866704e+00 2.931993985962e+00 -5.000000000000e-03
4.119904683309e+00 1.987848985100e+00 -5.000000000000e-03
6.204313864985e+00 2.508959170032e+00 -5.000000000000e-03
4.760128056204e+00 4.026149070093e+00 -5.000000000000e-03
3.857440981805e+00 2.031403120558e+00 -5.000000000000e-03
1.660614638318e+00 3.793898185506e+00 -5.000000000000e-03
2.402264268185e-01 2.999021911056e+00 -5.000000000000e-03
8.239754028580e-01 4.480510047117e+00 -5.000000000000e-03
1.797308713852e+00 3.784014325439e+00 -5.000000000000e-03
1.834629503061e+00 2.713264122722e+00 -5.000000000000e-03
3.675807018698e+00 3.377507131192e+00 -5.000000000000e-03
1.881197136587e+00 3.772905582777e+00 -5.000000000000e-03
3.175691190563e+00 1.519011922315e+00 -5.000000000000e-03
1.970383222334e+00 4.286256127021e+00 -5.000000000000e-03
1.922423043033e+00 2.875452931414e+00 -5.000000000000e-03
4.870813296586e+00 3.592756211282e+00 -5.000000000000e-03
8.552558590096e-01 1.488580542560e+00 -5.000000000000e-03
5.311143988279e-01 9.643417304212e-01 -5.000000000000e-03
1.287442449397e+00 1.985475911461e+00 -5.000000000000e-03
4.351325735892e+00 2.821662792675e+00 -5.000000000000e-03
5.306841893152e+00 5.015516048289e+00 -5.000000000000e-03
1.892067025836e+00 2.847427379097e+00 -5.000000000000e-03
4.062029513791e-01 4.741036197807e+00 -5.000000000000e-03
2.824763961208e+00 4.523060426324e+00 -5.000000000000e-03
7.510668603350e-01 3.035611415262e+00 -5.000000000000e-03
5.242954939691e+00 4.546874836805e+00 -5.000000000000e-03
