1.692145401662e+00 2.974102512716e+00 5.000000000000e-03
5.530044425831e+00 4.884514212310e+00 5.000000000000e-03
1.156476566334e+00 3.660877172966e+00 5.000000000000e-03
2.571797323038e+00 6.733701102188e-01 5.000000000000e-03
6.424408051163e-01 2.210614092242e+00 5.000000000000e-03
2.805457209424e+00 2.436717751455e+00 5.000000000000e-03
2.008382074525e+00 2.656971297222e+00 5.000000000000e-03
1.388908269362e+00 2.956027207726e+00 5.000000000000e-03
4.997790638224e+00 5.806618047422e+00 5.000000000000e-03
3.145865342668e-01 4.158803031925e+00 5.000000000000e-03
1.311487642767e+00 4.248791104271e+00 5.000000000000e-03
4.504855401343e-01 2.390578447990e+00 5.000000000000e-03
8.270290315100e-01 3.880417474449e+00 5.000000000000e-03
7.804885057889e-01 1.745135278009e+00 5.000000000000e-03
1.050051912312e+00 3.596514929222e+00 5.000000000000e-03
1.216259588656e+00 5.644262535967e+00 5.000000000000e-03
1.854645879056e+00 4.491443877209e+00 5.000000000000e-03
1.100574514758e+00 4.398036611276e+00 5.000000000000e-03
1.490248522081e+00 3.174997906289e+00 5.000000000000e-03
6.193151114719e+00 8.845660740857e-01 5.000000000000e-03
5.826628962222e+00 2.840105069058e+00 5.000000000000e-03
1.282420109632e+00 1.914361583758e+00 5.000000000000e-03
7.706236963171e-01 3.643665720465e+00 5.000000000000e-03
5.383963628268e+00 2.374883977848e+00 5.000000000000e-03
8.147393087197e-01 4.718594334839e+00 5.000000000000e-03
2.371313931093e+00 4.799564378444e+00 5.000000000000e-03
2.241858237278e+00 3.075500210065e+00 5.000000000000e-03
5.041118993348e+00 2.800351525273e+00 5.000000000000e-03
2.277184731808e+00 2.473346889476e+00 5.000000000000e-03
2.192226772264e+00 3.764759278905e+00 5.000000000000e-03
9.746738561202e-01 3.585446103832e+00 5.000000000000e-03
5.691524091963e+00 4.799466693879e+00 5.000000000000e-03
4.117992324951e-01 5.088009583481e+00 5.000000000000e-03
3.334988234426e-01 2.202384985000e+00 5.000000000000e-03
6.134032060105e+00 2.730054807588e+00 5.000000000000e-03
1.072458115928e+00 1.568408317349e+00 5.000000000000e-03
2.633172046538e+00 2.263326557618e+00 5.000000000000e-03
7.649267694056e-01 3.952101221822e+00 5.000000000000e-03
2.783842198857e-01 2.248440006869e+00 5.000000000000e-03
6.569289143422e-01 3.855476992066e+00 5.000000000000e-03
5.891423751150e+00 2.903574871510e+00 5.000000000000e-03
3.010312764242e+00 1.111243678487e+00 5.000000000000e-03
3.171775560070e+00 3.666125464697e+00 5.000000000000e-03
9.103586859559e-01 3.617784463173e+00 5.000000000000e-03
4.613886921682e+00 2.117177742607e+00 5.000000000000e-03
3.736135764856e-01 5.158313152581e+00 5.000000000000e-03
1.006159727479e+00 3.452977219640e+00 5.000000000000e-03
1.225473780652e+00 5.680931572433e+00 5.000000000000e-03
5.465045936701e+00 2.519789741933e+00 5.000000000000e-03
3.214054527689e+00 3.148896671119e+00 5.000000000000e-03
5.216603393717e-01 2.540968678853e+00 5.000000000000e-03
8.244297743051e-01 1.795919181852e+00 5.000000000000e-03
1.610875353478e+00 4.362459976569e+00 5.000000000000e-03
5.802173669958e+00 2.630450781212e+00 5.000000000000e-03
5.729208911805e+00 4.554358342718e+00 5.000000000000e-03
4.241985552216e+00 1.298920091978e+00 5.000000000000e-03
6.015198238139e+00 2.095689723199e+00 5.000000000000e-03
3.435451279629e+00 3.054140403095e+00 5.000000000000e-03
4.182318133710e+00 1.237116679896e+00 5.000000000000e-03
5.935082512489e+00 2.891254667220e+00 5.000000000000e-03
3.861760889108e+00 4.403497185710e+00 5.000000000000e-03
4.668604302587e+00 3.984849861830e+00 5.000000000000e-03
4.091646922884e+00 1.225167808488e+00 5.000000000000e-03
9.617111474006e-01 4.856268572025e+00 5.000000000000e-03
2.887640224918e+00 2.694481639680e+00 5.000000000000e-03
5.609109336305e+00 1.754074452386e+00 5.000000000000e-03
4.197984280657e+00 1.262691794398e-01 5.000000000000e-03
6.189789462685e+00 2.204888893726e+00 5.000000000000e-03
1.049526062053e+00 6.076226717895e+00 5.000000000000e-03
6.016750352274e+00 4.101149359723e+00 5.000000000000e-03
4.448916780236e+00 2.901050972855e+00 5.000000000000e-03
3.974684207924e+00 5.233870092289e+00 5.000000000000e-03
1.670334143242e+00 4.319719732235e+00 5.000000000000e-03
3.803668071411e-01 2.005947160899e+00 5.000000000000e-03
1.663854293921e+00 3.305901429660e+00 5.000000000000e-03
1.870995768280e+00 3.300722802412e+00 5.000000000000e-03
2.515930394682e+00 5.750211686936e+00 5.000000000000e-03
4.801762118242e+00 1.936743408447e+00 5.000000000000e-03
5.274156810081e+00 2.073805901659e+00 5.000000000000e-03
6.121328207221e+00 6.065626259481e+00 5.000000000000e-03
2.531443689812e-01 3.058840530206e+00 5.000000000000e-03
2.732564843507e+00 3.383875519704e+00 5.000000000000e-03
1.182526131459e+00 2.144153124002e+00 5.000000000000e-03
3.969869937748e+00 3.458382682088e+00 5.000000000000e-03
5.668384865312e-01 1.910278257791e+00 5.000000000000e-03
3.643782706465e+00 2.717906611376e+00 5.000000000000e-03
2.449086858208e-01 2.780736236419e+00 5.000000000000e-03
1.138804027674e+00 2.669032763080e+00 5.000000000000e-03
5.694400248826e+00 2.284582717477e+00 5.000000000000e-03
6.256485016471e+00 3.293400489260e+00 5.000000000000e-03
4.067968388046e+00 1.946440241685e+00 5.000000000000e-03
6.168863620190e+00 2.710727368850e+00 5.000000000000e-03
5.776251848662e+00 9.565049020154e-01 5.000000000000e-03
6.145130237642e+00 5.029932296616e+00 5.000000000000e-03
5.745931785905e+00 3.303533572896e+00 5.000000000000e-03
9.393159699357e-01 3.985891213337e+00 5.000000000000e-03
3.996989317005e+00 1.264005382654e+00 5.000000000000e-03
6.554390190810e-01 3.300686964727e+00 5.000000000000e-03
9.953895515090e-01 5.509490813162e+00 5.000000000000e-03
9.763368808015e-01 3.566693359261e+00 5.000000000000e-03
2.814960655261e+00 9.918810198348e-01 -5.000000000000e-03
9.462797025672e-02 1.731608214718e+00 -5.000000000000e-03
2.937823264491e+00 5.132667857711e-01 -5.000000000000e-03
4.138993567606e+00 6.574867571885e-01 -5.000000000000e-03
4.106503369009e+00 5.933889144853e+00 -5.000000000000e-03
9.524857625280e-01 1.589066526074e+00 -5.000000000000e-03
3.069791961864e+00 6.254569089641e+00 -5.000000000000e-03
2.949604357976e+00 6.214297221987e+00 -5.000000000000e-03
1.018602430915e+00 2.017967498631e-01 -5.000000000000e-03
5.662566814693e+00 7.000224930139e-01 -5.000000000000e-03
4.264980954076e+00 1.642337840018e+00 -5.000000000000e-03
1.857083909571e+00 2.430308960618e-01 -5.000000000000e-03
3.455596870010e+00 5.701028558121e+00 -5.000000000000e-03
1.284106338975e+00 6.441600702902e-01 -5.000000000000e-03
2.129004366212e+00 6.272153278278e-02 -5.000000000000e-03
3.724576801376e+00 6.100876404411e-01 -5.000000000000e-03
4.089067098291e+00 5.842401796253e+00 -5.000000000000e-03
2.763346159809e+00 5.871355484260e+00 -5.000000000000e-03
4.199135355125e+00 6.280275979458e+00 -5.000000000000e-03
3.779641417646e+00 4.831593504164e+00 -5.000000000000e-03
5.457215031040e+00 5.836642045553e+00 -5.000000000000e-03
3.509614923939e+00 3.167889724774e+00 -5.000000000000e-03
3.498350538034e+00 3.807239689366e+00 -5.000000000000e-03
2.158435645706e+00 5.818431625850e+00 -5.000000000000e-03
3.937026711554e+00 6.066655887452e+00 -5.000000000000e-03
4.600815312067e+00 3.851930791706e+00 -5.000000000000e-03
1.947984699461e+00 1.755437512307e+00 -5.000000000000e-03
3.018662305893e+00 1.490688249505e+00 -5.000000000000e-03
6.044606013722e+00 3.348932629842e+00 -5.000000000000e-03
3.196394021175e+00 5.091890599343e-01 -5.000000000000e-03
4.239031957489e+00 2.162384440141e+00 -5.000000000000e-03
4.316385571100e+00 6.213508176940e+00 -5.000000000000e-03
3.374628957585e+00 8.093280024643e-01 -5.000000000000e-03
3.916812875141e+00 5.890973289029e+00 -5.000000000000e-03
2.978876049337e+00 5.299522222015e+00 -5.000000000000e-03
4.760719093796e+00 4.482707415640e-01 -5.000000000000e-03
4.735412207579e+00 6.113620447700e+00 -5.000000000000e-03
3.913578379280e+00 6.236948370732e+00 -5.000000000000e-03
6.254869149170e+00 3.792537227516e+00 -5.000000000000e-03
3.796238901018e+00 1.967405081029e-01 -5.000000000000e-03
4.248496126580e+00 3.643198249239e+00 -5.000000000000e-03
3.617846428023e+00 9.147856157573e-05 -5.000000000000e-03
3.964905274566e+00 6.024207306961e+00 -5.000000000000e-03
4.364474778828e+00 5.268442239895e+00 -5.000000000000e-03
4.289342948754e+00 4.027006940029e+00 -5.000000000000e-03
3.692012184966e-02 4.316385346190e+00 -5.000000000000e-03
2.970455235641e+00 4.955045938114e+00 -5.000000000000e-03
2.030885630603e+00 1.181199837147e+00 -5.000000000000e-03
5.026110875856e+00 7.767687234118e-01 -5.000000000000e-03
2.504534164809e+00 5.419131027611e-02 -5.000000000000e-03
4.435496166944e+00 5.653349871045e+00 -5.000000000000e-03
5.360598606500e+00 5.810814157430e+00 -5.000000000000e-03
4.431259672496e+00 5.483470056447e+00 -5.000000000000e-03
5.050376970852e+00 4.420769957301e-01 -5.000000000000e-03
3.767501320721e+00 2.921652710995e-01 -5.000000000000e-03
5.306572746318e+00 4.836988392461e+00 -5.000000000000e-03
3.611971099987e+00 1.675910920942e-01 -5.000000000000e-03
3.827153867507e+00 1.107886035081e-01 -5.000000000000e-03
3.036077317605e+00 2.813498931594e-01 -5.000000000000e-03
4.687735985944e+00 6.085720197575e+00 -5.000000000000e-03
4.439352834825e+00 5.968432146453e+00 -5.000000000000e-03
5.146207431459e+00 1.600434852534e+00 -5.000000000000e-03
5.040024151638e+00 5.681888550100e+00 -5.000000000000e-03
5.653643605586e+00 5.680063449033e+00 -5.000000000000e-03
6.086090983241e+00 2.419735678531e-01 -5.000000000000e-03
6.255037167735e-01 6.012755334639e+00 -5.000000000000e-03
3.114406528352e+00 5.996411884615e+00 -5.000000000000e-03
4.035772699600e+00 5.555629109515e-02 -5.000000000000e-03
2.230259813943e+00 5.814660530814e+00 -5.000000000000e-03
3.583201868977e+00 5.302840073317e+00 -5.000000000000e-03
2.649687895239e+00 1.435917591492e-01 -5.000000000000e-03
3.634552771684e+00 1.235160778275e-02 -5.000000000000e-03
3.772489386924e+00 1.219823404897e+00 -5.000000000000e-03
2.238986777949e+00 5.807894188844e+00 -5.000000000000e-03
4.564258547660e+00 1.762718227594e+00 -5.000000000000e-03
5.467703334957e+00 7.431305156159e-01 -5.000000000000e-03
3.854986684093e+00 6.102974711325e+00 -5.000000000000e-03
1.646908430606e+00 5.713530600804e+00 -5.000000000000e-03
3.475382706055e+00 1.136691666870e+00 -5.000000000000e-03
2.952072342472e+00 1.932741158201e+00 -5.000000000000e-03
2.189543645407e+00 5.379009803718e-01 -5.000000000000e-03
2.151043361001e+00 1.826039030636e+00 -5.000000000000e-03
3.988978673305e+00 9.516200148747e-02 -5.000000000000e-03
5.286202659065e+00 5.672997182568e+00 -5.000000000000e-03
4.320345955649e+00 5.293450899286e+00 -5.000000000000e-03
4.132085177916e+00 6.093087027744e+00 -5.000000000000e-03
2.690458166467e+00 3.880378651115e+00 -5.000000000000e-03
3.077335802040e+00 2.975489944833e+00 -5.000000000000e-03
1.241852246029e+00 1.055722389904e+00 -5.000000000000e-03
1.814205077313e+00 5.189258186217e+00 -5.000000000000e-03
4.156039694913e+00 6.029956678340e+00 -5.000000000000e-03
4.696082279688e+00 5.072031545887e+00 -5.000000000000e-03
4.053903881341e+00 4.255288492662e+00 -5.000000000000e-03
3.417633146549e+00 5.951456320836e-01 -5.000000000000e-03
6.100565214781e+00 4.773553519937e+00 -5.000000000000e-03
4.630536116998e+00 5.597971090148e+00 -5.000000000000e-03
4.155164087104e+00 4.568378779374e+00 -5.000000000000e-03
3.688751732623e+00 6.089807992571e+00 -5.000000000000e-03
4.460856269917e+00 1.347329741142e-01 -5.000000000000e-03
1.856380661239e+00 5.269118623478e+00 -5.000000000000e-03
