5.513290159398e+00 1.734671806022e+00 5.000000000000e-03
3.434452328945e+00 5.331455440135e+00 5.000000000000e-03
2.966062696830e+00 2.745859937576e+00 5.000000000000e-03
5.366509407901e+00 3.072864574184e+00 5.000000000000e-03
1.482473493830e+00 1.617960269548e+00 5.000000000000e-03
5.317369510174e+00 4.762917794869e+00 5.000000000000e-03
3.091892169271e+00 8.954201472217e-01 5.000000000000e-03
4.083670243642e+00 5.956019363336e+00 5.000000000000e-03
1.571082050058e+00 5.513892952960e+00 5.000000000000e-03
5.230522797766e+00 4.531919579294e+00 5.000000000000e-03
3.898432115701e+00 2.136757208061e+00 5.000000000000e-03
5.864988478500e+00 2.934255199955e-02 5.000000000000e-03
1.315828985000e+00 2.982081386598e+00 5.000000000000e-03
5.884302001913e+00 3.518776618886e+00 5.000000000000e-03
1.907798359221e+00 2.941476035854e+00 5.000000000000e-03
7.055210736891e-01 1.380846557961e+00 5.000000000000e-03
5.296603035939e+00 1.721839766930e+00 5.000000000000e-03
2.139000935148e+00 4.609295489039e+00 5.000000000000e-03
1.681704277820e+00 2.443696274567e+00 5.000000000000e-03
5.418643626021e+00 1.722722293638e+00 5.000000000000e-03
2.733630579226e+00 1.677432573328e+00 5.000000000000e-03
2.500722520984e+00 1.599053198139e+00 5.000000000000e-03
5.575337155942e-01 1.131085372392e+00 5.000000000000e-03
5.465248718894e+00 3.145723473250e+00 5.000000000000e-03
1.803088530686e+00 4.113355488088e+00 5.000000000000e-03
3.563533697871e-01 1.173460940317e+00 5.000000000000e-03
4.164965222690e+00 5.310812500077e+00 5.000000000000e-03
2.081492185411e+00 4.591738675758e+00 5.000000000000e-03
5.798042835555e+00 4.376687121637e-02 5.000000000000e-03
5.252799861163e+00 5.638131194588e+00 5.000000000000e-03
2.076808000413e+00 4.239397528982e+00 5.000000000000e-03
2.576915483605e+00 4.676615435123e+00 5.000000000000e-03
5.144464474328e+00 9.118645715053e-01 5.000000000000e-03
2.260049623981e+00 3.780891763947e+00 5.000000000000e-03
5.612434424005e+00 4.219119131959e+00 5.000000000000e-03
1.700790558753e+00 5.739933526082e+00 5.000000000000e-03
4.733877276055e+00 1.398530746006e+00 5.000000000000e-03
3.581159495599e+00 3.440321460921e+00 5.000000000000e-03
5.788056960432e+00 2.630310388993e+00 5.000000000000e-03
3.902925417691e+00 4.514809183071e-01 5.000000000000e-03
3.839614917537e+00 3.666550684746e+00 5.000000000000e-03
7.766143422029e-02 3.057235989190e+00 5.000000000000e-03
1.176583394897e+00 3.125309201335e+00 5.000000000000e-03
3.651489412907e-01 1.529128772322e+00 5.000000000000e-03
6.166499992059e+00 5.287598272526e+00 5.000000000000e-03
2.371233941907e+00 4.266517551810e+00 5.000000000000e-03
5.794742418944e+00 2.980018805023e+00 5.000000000000e-03
2.348885413023e+00 1.552920854225e+00 5.000000000000e-03
5.717359309064e+00 3.837997437663e+00 5.000000000000e-03
5.677867639535e+00 3.292791133140e+00 5.000000000000e-03
1.736324602620e+00 4.233724273384e+00 5.000000000000e-03
4.202636227313e+00 5.399579972948e+00 5.000000000000e-03
7.060160518932e-02 1.947780015875e-01 5.000000000000e-03
2.034616518557e+00 4.318922893514e+00 5.000000000000e-03
4.400344407962e+00 1.639316852815e+00 5.000000000000e-03
2.266954852913e+00 1.417651778333e+00 5.000000000000e-03
6.898830924940e-01 3.981175039432e+00 5.000000000000e-03
3.480031935013e+00 5.551665377788e+00 5.000000000000e-03
5.882367827192e+00 1.504975536682e+00 5.000000000000e-03
1.039963868407e+00 2.691540335257e+00 5.000000000000e-03
2.537542921133e-01 4.719184297344e+00 5.000000000000e-03
3.496252226655e+00 5.360298219972e+00 5.000000000000e-03
8.086932990888e-01 1.657338869186e+00 5.000000000000e-03
3.274606177057e+00 5.393222866925e+00 5.000000000000e-03
5.818001504237e+00 1.972214445234e+00 5.000000000000e-03
4.956756968919e+00 3.909949112810e-01 5.000000000000e-03
3.032420624327e+00 2.148803739793e+00 5.000000000000e-03
5.686422164422e+00 4.008595211040e+00 5.000000000000e-03
5.967274692968e+00 3.310986735197e+00 5.000000000000e-03
1.029805068590e+00 4.617486685735e+00 5.000000000000e-03
1.400140191412e+00 3.852227694453e+00 5.000000000000e-03
2.387794701249e+00 4.794578895738e+00 5.000000000000e-03
1.417999374008e+00 9.036153603617e-01 5.000000000000e-03
1.106461232867e+00 4.606475853171e+00 5.000000000000e-03
3.132180477991e+00 2.256294861282e+00 5.000000000000e-03
6.785507635295e-01 5.376671466532e+00 5.000000000000e-03
5.219392119818e+00 4.320583534079e+00 5.000000000000e-03
2.983818613771e+00 6.613532504624e-01 5.000000000000e-03
1.886545251219e+00 4.312463094494e+00 5.000000000000e-03
4.809046394992e+00 5.867192759222e+00 5.000000000000e-03
5.954835247284e+00 4.667757767954e+00 5.000000000000e-03
2.500047363803e+00 3.577328345562e+00 5.000000000000e-03
5.588331113290e+00 5.723220086087e+00 5.000000000000e-03
2.578093140900e+00 5.831065268723e+00 5.000000000000e-03
1.707491646219e+00 4.242645240289e+00 5.000000000000e-03
4.173698434066e+00 4.610593241963e+00 5.000000000000e-03
3.699513473006e+00 2.053070129519e+00 5.000000000000e-03
5.081799796830e-01 4.318223209257e+00 5.000000000000e-03
5.589706910645e+00 3.388998410109e+00 5.000000000000e-03
5.868741805080e+00 1.221884430267e+00 5.000000000000e-03
1.899030702287e+00 3.315568398709e+00 5.000000000000e-03
1.978770690493e+00 5.954128585475e+00 5.000000000000e-03
1.455910178470e+00 2.855273716628e+00 5.000000000000e-03
5.586282883191e+00 3.565542179134e+00 5.000000000000e-03
8.570777525340e-01 3.123623762508e+00 5.000000000000e-03
1.034434509818e+00 2.235875087809e+00 5.000000000000e-03
6.274070068713e+00 3.027878228622e+00 5.000000000000e-03
3.970542274653e+00 6.377913983523e-01 5.000000000000e-03
1.449282262340e+00 9.699824357923e-01 5.000000000000e-03
3.202258239673e+00 1.083587470094e+00 5.000000000000e-03
3.736485048312e+00 4.779407517225e+00 -5.000000000000e-03
2.617281504962e-01 2.412935515058e+00 -5.000000000000e-03
2.994983830580e+00 6.279133273669e+00 -5.000000000000e-03
4.932485711055e+00 3.365729228665e+00 -5.000000000000e-03
4.349404676894e+00 5.075680291184e+00 -5.000000000000e-03
2.606074022898e+00 5.232711919221e+00 -5.000000000000e-03
4.405627189955e+00 4.747176311380e+00 -5.000000000000e-03
2.506861223622e+00 2.460747578547e-01 -5.000000000000e-03
3.211994739312e+00 4.858148619433e+00 -5.000000000000e-03
5.475862809603e-01 4.982247992976e+00 -5.000000000000e-03
3.060787774990e+00 6.000376976307e+00 -5.000000000000e-03
1.778521857457e+00 2.881246220455e-01 -5.000000000000e-03
1.271903094329e+00 6.108998072604e+00 -5.000000000000e-03
7.378580739190e-01 9.003504628553e-01 -5.000000000000e-03
6.069450960445e+00 5.101063007613e+00 -5.000000000000e-03
2.139395931578e+00 6.461177608279e-01 -5.000000000000e-03
5.336345563127e+00 1.426245886557e+00 -5.000000000000e-03
9.347927690243e-01 4.793117366383e+00 -5.000000000000e-03
3.999147489302e+00 1.049561258687e+00 -5.000000000000e-03
2.163848632804e+00 2.243836954009e+00 -5.000000000000e-03
3.165838288960e+00 1.231046453389e+00 -5.000000000000e-03
4.950635125619e+00 5.438167302420e+00 -5.000000000000e-03
1.610049859523e+00 3.987472545313e-01 -5.000000000000e-03
2.582983864061e+00 8.017105517169e-02 -5.000000000000e-03
5.102122618887e+00 1.219265395805e+00 -5.000000000000e-03
2.206411725788e+00 3.321312630344e-01 -5.000000000000e-03
4.165638245138e+00 2.000853943658e+00 -5.000000000000e-03
1.565541657788e+00 6.561736921094e-01 -5.000000000000e-03
5.412459332298e+00 2.319694249022e-02 -5.000000000000e-03
4.435642716901e+00 2.948619484085e+00 -5.000000000000e-03
2.345281115255e+00 6.149582031157e-01 -5.000000000000e-03
3.230471958954e+00 4.326056731619e+00 -5.000000000000e-03
4.251789889586e+00 3.030026464999e-01 -5.000000000000e-03
5.404054307260e+00 1.401168478250e+00 -5.000000000000e-03
2.930540598629e+00 8.070787900984e-01 -5.000000000000e-03
2.444847856848e+00 5.814318954945e-01 -5.000000000000e-03
1.877027982294e+00 4.928640576560e-01 -5.000000000000e-03
5.122906223489e+00 2.554581330720e+00 -5.000000000000e-03
2.561630808180e+00 5.080715811357e+00 -5.000000000000e-03
2.058260493049e+00 6.050987410936e+00 -5.000000000000e-03
6.187827608243e+00 1.684657701986e+00 -5.000000000000e-03
8.755797524798e-01 5.439520811430e+00 -5.000000000000e-03
4.934437341957e+00 2.792107793094e+00 -5.000000000000e-03
4.790829389578e+00 9.766482514328e-01 -5.000000000000e-03
4.196420562076e+00 4.925829399740e+00 -5.000000000000e-03
2.605171470594e+00 1.260394712380e+00 -5.000000000000e-03
2.728114650508e+00 4.007737568346e+00 -5.000000000000e-03
8.092578192350e-01 6.999064180069e-01 -5.000000000000e-03
9.193172037447e-01 5.453849428323e+00 -5.000000000000e-03
4.374770898621e+00 8.367767385728e-01 -5.000000000000e-03
2.597074442942e+00 6.059697840920e+00 -5.000000000000e-03
1.734624967314e+00 4.944420123460e+00 -5.000000000000e-03
3.645899415928e+00 4.880061750822e+00 -5.000000000000e-03
2.891087497729e+00 4.839131363551e+00 -5.000000000000e-03
1.268704353631e+00 5.044459914546e+00 -5.000000000000e-03
2.697564348410e+00 3.900694379208e+00 -5.000000000000e-03
3.824747155816e+00 5.101554465267e+00 -5.000000000000e-03
2.527730298358e+00 6.036566165339e+00 -5.000000000000e-03
2.542196875803e+00 4.169971690165e+00 -5.000000000000e-03
4.843317234173e+00 2.610055572653e+00 -5.000000000000e-03
6.019446056754e+00 5.153392947276e+00 -5.000000000000e-03
2.359019128499e+00 6.119014343450e-02 -5.000000000000e-03
2.251442529254e+00 3.415668621200e+00 -5.000000000000e-03
5.410086601343e+00 3.416460682419e-01 -5.000000000000e-03
3.178418179257e+00 1.214603269926e+00 -5.000000000000e-03
1.049397801697e+00 5.092325316431e+00 -5.000000000000e-03
2.167200133859e+00 4.881605366469e-01 -5.000000000000e-03
3.043545660552e+00 4.332325469474e+00 -5.000000000000e-03
1.423343853246e+00 6.184849914258e+00 -5.000000000000e-03
1.908263337756e+00 9.980990048700e-01 -5.000000000000e-03
9.516138398308e-01 3.762239562007e+00 -5.000000000000e-03
3.021504270237e+00 2.936469146272e+00 -5.000000000000e-03
3.116202526664e+00 4.518943646714e+00 -5.000000000000e-03
4.388254323172e+00 1.890839956506e+00 -5.000000000000e-03
6.178342284383e+00 7.625921224939e-01 -5.000000000000e-03
1.084799241736e+00 1.268655780656e+00 -5.000000000000e-03
4.982742339084e+00 1.082068757017e+00 -5.000000000000e-03
2.199563812951e+00 1.890970085266e-01 -5.000000000000e-03
3.173829600433e+00 4.344774222288e+00 -5.000000000000e-03
2.308346750627e+00 1.155343985769e+00 -5.000000000000e-03
3.221110258351e+00 4.820706808381e+00 -5.000000000000e-03
5.919596849525e-01 5.669751427368e+00 -5.000000000000e-03
3.278343789174e+00 2.515497640938e+00 -5.000000000000e-03
5.064735165601e+00 1.289974795827e+00 -5.000000000000e-03
1.076533429308e+00 6.196458524195e+00 -5.000000000000e-03
5.656274794060e-01 4.982534002593e+00 -5.000000000000e-03
5.482962283285e+00 7.167839043940e-01 -5.000000000000e-03
3.120948480198e+00 2.641900521868e+00 -5.000000000000e-03
2.323331955999e+00 4.280294291440e-02 -5.000000000000e-03
2.963370118808e+00 1.398749301013e+00 -5.000000000000e-03
4.651108280906e+00 5.041921843266e+00 -5.000000000000e-03
2.168983292256e+00 3.852923514391e-01 -5.000000000000e-03
3.058006567854e-01 2.481350093858e-01 -5.000000000000e-03
1.560904435317e+00 5.858711946488e+00 -5.000000000000e-03
1.206360949551e+00 6.712915652330e-02 -5.000000000000e-03
4.562091190667e+00 5.037526652345e+00 -5.000000000000e-03
1.805018513892e+00 4.143043428596e-01 -5.000000000000e-03
2.984335974158e+00 2.203809855306e-02 -5.000000000000e-03
2.538891722507e+00 4.221992766067e+00 -5.000000000000e-03
3.546063117090e+00 2.388898134412e+00 -5.000000000000e-03
