3.743447702022e+00 6.057779783576e+00 5.000000000000e-03
1.818763584975e+00 5.961762077963e+00 5.000000000000e-03
2.629916346243e+00 5.763791559129e+00 5.000000000000e-03
4.243411480940e+00 1.574261009521e+00 5.000000000000e-03
1.035107169344e+00 3.537108284979e+00 5.000000000000e-03
3.675176328999e+00 4.418723957647e+00 5.000000000000e-03
4.490569169499e+00 3.355902532856e+00 5.000000000000e-03
3.369744132131e+00 5.074528344863e+00 5.000000000000e-03
3.190223981449e+00 5.599960575395e+00 5.000000000000e-03
2.686392625052e+00 2.423190657182e+00 5.000000000000e-03
3.930504286016e+00 4.497130907391e+00 5.000000000000e-03
3.234295137490e+00 5.247045860399e+00 5.000000000000e-03
4.279547410579e+00 6.472851145978e-01 5.000000000000e-03
1.007686484703e+00 9.064571946878e-01 5.000000000000e-03
2.738585023684e+00 4.994765377721e+00 5.000000000000e-03
1.785622704138e+00 4.769618742294e+00 5.000000000000e-03
4.829710249883e+00 5.541351604839e+00 5.000000000000e-03
5.060253030820e+00 5.292492020629e+00 5.000000000000e-03
3.057632007856e+00 4.713839826135e+00 5.000000000000e-03
3.252383910479e+00 1.522869278911e-01 5.000000000000e-03
5.284913231608e+00 4.631122545750e+00 5.000000000000e-03
4.305928024509e+00 4.758636159676e+00 5.000000000000e-03
5.432545013161e-01 4.155194389774e+00 5.000000000000e-03
2.436377150467e+00 6.049828914217e+00 5.000000000000e-03
3.795443533084e+00 5.893856954231e+00 5.000000000000e-03
4.023802916649e+00 4.735955965847e+00 5.000000000000e-03
4.337604158374e+00 4.749130220821e+00 5.000000000000e-03
4.499032878422e+00 5.086262471723e+00 5.000000000000e-03
3.131707229562e+00 5.927919579193e+00 5.000000000000e-03
2.661715182635e+00 2.682344052337e+00 5.000000000000e-03
3.955872337140e+00 4.990966630678e+00 5.000000000000e-03
4.264048799123e+00 4.224057149876e-01 5.000000000000e-03
2.167602010585e+00 3.603939593922e+00 5.000000000000e-03
3.630256274027e+00 4.601717019107e+00 5.000000000000e-03
3.738067192175e-01 6.133308547864e+00 5.000000000000e-03
4.045991844990e+00 4.065262969664e+00 5.000000000000e-03
5.899866896664e+00 6.753751347827e-01 5.000000000000e-03
5.204186059003e+00 1.685632174228e-01 5.000000000000e-03
2.137034982163e+00 1.383204258280e+00 5.000000000000e-03
1.758204466416e+00 5.507876417921e+00 5.000000000000e-03
5.812326440598e+00 1.671275974778e-01 5.000000000000e-03
2.036197548349e-01 5.415113655505e+00 5.000000000000e-03
4.927287920420e+00 9.205343188422e-02 5.000000000000e-03
4.057008188058e+00 4.735523456816e+00 5.000000000000e-03
3.608794952304e+00 2.855775370987e+00 5.000000000000e-03
2.205226915362e+00 5.835310785819e+00 5.000000000000e-03
9.912281437430e-01 4.975503027230e+00 5.000000000000e-03
3.190345231371e+00 2.970114549598e-01 5.000000000000e-03
4.063842556108e+00 4.258455278886e+00 5.000000000000e-03
4.301274857444e+00 3.879842046626e+00 5.000000000000e-03
4.627702757593e+00 5.761338959376e-01 5.000000000000e-03
3.836215588305e+00 4.642213861657e+00 5.000000000000e-03
2.398845069436e+00 2.291616594118e+00 5.000000000000e-03
2.358260926382e+00 5.298393148592e+00 5.000000000000e-03
3.028251637513e+00 8.982827346070e-01 5.000000000000e-03
4.973148335485e+00 2.456609820660e+00 5.000000000000e-03
2.817064774690e+00 5.555441725388e+00 5.000000000000e-03
1.597086290068e+00 3.427962704308e+00 5.000000000000e-03
2.617793499655e+00 2.340854679361e+00 5.000000000000e-03
3.812433759800e+00 3.048280445959e-01 5.000000000000e-03
4.896349634640e+00 5.873585777818e+00 5.000000000000e-03
3.163811100212e+00 3.154950923225e+00 5.000000000000e-03
3.024043076877e+00 5.196731994054e+00 5.000000000000e-03
2.162343171438e+00 5.065657036434e+00 5.000000000000e-03
3.703977666630e+00 4.610353684183e+00 5.000000000000e-03
3.317892882200e+00 2.575301313148e-01 5.000000000000e-03
4.780929585369e+00 1.582360950923e+00 5.000000000000e-03
4.166211067907e+00 3.753856088163e+00 5.000000000000e-03
3.175275355027e+00 6.750811307819e-01 5.000000000000e-03
4.247544964894e+00 1.180293297189e+00 5.000000000000e-03
3.961811338763e+00 1.150335073603e-02 5.000000000000e-03
3.413699099483e+00 5.450504079026e+00 5.000000000000e-03
3.307642761908e+00 5.087919527261e+00 5.000000000000e-03
3.312489842556e+00 5.256336438071e+00 5.000000000000e-03
4.107182698353e+00 1.209910366357e+00 5.000000000000e-03
4.166482947542e+00 3.001945623459e+00 5.000000000000e-03
3.905858929490e+00 5.065541877463e+00 5.000000000000e-03
1.448204943614e+00 2.766175342529e+00 5.000000000000e-03
4.634598770197e+00 5.020371428709e+00 5.000000000000e-03
5.860433240864e+00 4.775965949644e+00 5.000000000000e-03
2.988150914790e+00 3.055988880485e+00 5.000000000000e-03
4.568822231847e+00 2.249315869442e+00 5.000000000000e-03
3.703174978093e+00 1.137114399844e+00 5.000000000000e-03
2.003103199211e+00 2.557221664407e+00 5.000000000000e-03
5.069398708490e+00 4.356053558605e+00 5.000000000000e-03
2.612235449804e+00 3.498216658830e-03 5.000000000000e-03
3.481109988168e+00 5.046435577858e+00 5.000000000000e-03
2.778133450629e+00 1.460650149715e+00 5.000000000000e-03
4.866361447196e+00 9.560085267099e-02 5.000000000000e-03
4.236052552389e+00 5.169558085793e+00 5.000000000000e-03
1.082137174635e+00 4.443174345060e+00 5.000000000000e-03
2.068898081806e+00 5.269559665107e+00 5.000000000000e-03
1.519331505234e+00 1.788731845880e+00 5.000000000000e-03
4.040866924341e+00 6.093619747092e+00 5.000000000000e-03
3.267238872557e+00 4.761521132150e+00 5.000000000000e-03
5.610767132882e+00 5.649308429187e+00 5.000000000000e-03
5.786250311594e+00 4.173438696047e+00 5.000000000000e-03
3.027077031139e+00 4.987520634829e+00 5.000000000000e-03
2.270761610633e+00 5.490137155885e+00 5.000000000000e-03
3.974509880128e+00 4.985934087897e+00 5.000000000000e-03
2.877254967977e+00 2.117005779821e-01 -5.000000000000e-03
1.191296506717e+00 1.980629293332e+00 -5.000000000000e-03
3.332443675275e-01 1.246168516667e+00 -5.000000000000e-03
5.274569755534e-02 1.612304110096e+00 -5.000000000000e-03
4.421526517382e+00 6.038640507445e+00 -5.000000000000e-03
2.292830944666e-02 2.819312461040e+00 -5.000000000000e-03
6.122089372308e+00 4.484696065092e+00 -5.000000000000e-03
6.032180505924e+00 1.911028383967e+00 -5.000000000000e-03
6.034832826323e+00 5.362199327850e+00 -5.000000000000e-03
1.887416936851e+00 4.393996128797e+00 -5.000000000000e-03
1.334071704572e+00 4.976566943192e+00 -5.000000000000e-03
3.474032007749e-02 2.708313544652e+00 -5.000000000000e-03
4.588439910637e-01 1.867092909359e+00 -5.000000000000e-03
1.173868020805e+00 1.265743928284e+00 -5.000000000000e-03
3.085871932542e+00 3.474040424016e+00 -5.000000000000e-03
2.108677607310e+00 4.364696692810e+00 -5.000000000000e-03
2.885179077312e+00 1.915690304725e+00 -5.000000000000e-03
7.369383254539e-01 2.395641336373e+00 -5.000000000000e-03
1.749756900074e-01 2.456109721950e+00 -5.000000000000e-03
1.987979156149e+00 2.036510616780e+00 -5.000000000000e-03
4.682273302015e+00 2.977518926124e+00 -5.000000000000e-03
8.793305872558e-01 6.048440420447e+00 -5.000000000000e-03
5.319787937148e+00 5.278710594815e+00 -5.000000000000e-03
6.052471939205e+00 2.627669850221e+00 -5.000000000000e-03
5.565471811238e-01 1.218424833141e+00 -5.000000000000e-03
5.817649394819e+00 2.771668108272e+00 -5.000000000000e-03
1.326098007289e-01 4.214158828535e+00 -5.000000000000e-03
3.827043990034e+00 1.235611649500e+00 -5.000000000000e-03
8.011722426544e-01 2.400123244259e+00 -5.000000000000e-03
6.159477006325e+00 3.268846668332e+00 -5.000000000000e-03
4.282836974602e+00 2.932574782442e+00 -5.000000000000e-03
5.850089090223e-01 1.129234858128e+00 -5.000000000000e-03
5.676350130088e+00 3.315396029458e+00 -5.000000000000e-03
1.564212893695e+00 4.660763529182e+00 -5.000000000000e-03
3.146843588013e-01 1.029698934750e+00 -5.000000000000e-03
5.162184997892e+00 1.754529038971e+00 -5.000000000000e-03
2.127152065005e+00 1.697817844887e+00 -5.000000000000e-03
2.339687917103e+00 5.698134398502e+00 -5.000000000000e-03
3.230515994929e+00 3.706717105059e+00 -5.000000000000e-03
3.330002119098e-01 4.568548245895e+00 -5.000000000000e-03
2.313098569773e+00 1.079028059030e+00 -5.000000000000e-03
5.816579442082e+00 3.537046363907e+00 -5.000000000000e-03
6.311808359023e-02 1.524792369140e+00 -5.000000000000e-03
4.117428293464e+00 2.020308074738e+00 -5.000000000000e-03
5.829901364569e+00 1.115467909293e+00 -5.000000000000e-03
4.540895106744e+00 4.552430627086e+00 -5.000000000000e-03
6.108553340189e+00 1.770202567359e+00 -5.000000000000e-03
6.146073413995e+00 5.835188563852e+00 -5.000000000000e-03
3.084475684073e+00 3.623107232911e+00 -5.000000000000e-03
6.224372194006e+00 1.928588424344e+00 -5.000000000000e-03
4.447626846413e-01 1.939248890035e+00 -5.000000000000e-03
3.081000307307e-01 2.194985560731e+00 -5.000000000000e-03
5.997743014897e+00 1.333928824554e+00 -5.000000000000e-03
5.076900231999e+00 3.732738093354e+00 -5.000000000000e-03
5.085189343747e+00 2.210594917265e+00 -5.000000000000e-03
5.546118955251e+00 2.559852606510e+00 -5.000000000000e-03
5.243560024992e+00 2.743125318508e+00 -5.000000000000e-03
1.107583047743e+00 6.708872485891e-01 -5.000000000000e-03
3.783698266078e+00 9.364291321241e-01 -5.000000000000e-03
1.320389084468e-01 2.009532676646e+00 -5.000000000000e-03
5.207810893472e+00 1.212102573258e+00 -5.000000000000e-03
5.817359525588e-02 1.725884416177e+00 -5.000000000000e-03
5.828449108108e+00 1.403964673164e+00 -5.000000000000e-03
6.266706469937e+00 2.969865429150e+00 -5.000000000000e-03
5.679155408767e+00 2.685133177945e+00 -5.000000000000e-03
1.420628310484e+00 5.605522742297e-01 -5.000000000000e-03
6.170298063274e-01 1.169784867738e+00 -5.000000000000e-03
3.470630293987e-01 3.631563484550e+00 -5.000000000000e-03
5.062277280147e+00 3.641501920863e+00 -5.000000000000e-03
1.119743953456e-01 7.062110200008e-01 -5.000000000000e-03
1.492219606777e+00 6.105729653570e-01 -5.000000000000e-03
2.221823529156e+00 3.554813299804e-01 -5.000000000000e-03
5.735161916947e-01 1.905103039479e+00 -5.000000000000e-03
5.883890140086e+00 5.735756044428e+00 -5.000000000000e-03
5.647291663977e+00 2.448904326610e+00 -5.000000000000e-03
5.235869110644e+00 2.279115124899e+00 -5.000000000000e-03
8.047623612481e-01 1.997170572893e+00 -5.000000000000e-03
6.072408374652e+00 5.291507949347e+00 -5.000000000000e-03
4.302894332806e-01 1.698125905022e+00 -5.000000000000e-03
6.259796910737e+00 1.257588173954e+00 -5.000000000000e-03
5.670541699126e+00 2.886457834615e+00 -5.000000000000e-03
1.816763013545e+00 9.370774336535e-01 -5.000000000000e-03
2.744481243206e+00 6.654740989666e-01 -5.000000000000e-03
6.964345116746e-01 2.972792261625e+00 -5.000000000000e-03
1.039128901365e+00 2.455617135786e+00 -5.000000000000e-03
2.632149668064e-02 2.116429034109e+00 -5.000000000000e-03
4.323102031145e-01 2.415567087452e+00 -5.000000000000e-03
1.425884635310e+00 3.615502625375e+00 -5.000000000000e-03
3.240509931460e-01 1.837466848094e+00 -5.000000000000e-03
1.981366847517e+00 5.791509775305e+00 -5.000000000000e-03
4.319234566677e-01 2.070446418499e+00 -5.000000000000e-03
3.219490164947e-02 9.983773889979e-01 -5.000000000000e-03
4.822930909673e+00 5.139265062023e+00 -5.000000000000e-03
1.809535613488e-01 1.358867790647e+00 -5.000000000000e-03
4.945226483606e-01 1.409033565992e+00 -5.000000000000e-03
4.589701834920e+00 1.353650678933e+00 -5.000000000000e-03
5.538779105289e+00 1.761843093163e+00 -5.000000000000e-03
5.265941441819e-01 4.455494645242e+00 -5.000000000000e-03
6.496110882554e-01 4.978837918231e-02 -5.000000000000e-03
2.522505537017e-01 1.924406335671e+00 -5.000000000000e-03
