5.737407664964e+00 2.716107139221e+00 5.000000000000e-03
5.019927479406e+00 1.848003361120e+00 5.000000000000e-03
2.132402409487e+00 4.114983691418e+00 5.000000000000e-03
1.597018910912e+00 4.113291126931e+00 5.000000000000e-03
3.439670217769e+00 3.176844351414e+00 5.000000000000e-03
2.925622855643e+00 5.693857063632e+00 5.000000000000e-03
3.623612701889e+00 3.308185312626e+00 5.000000000000e-03
4.351653371813e+00 2.371594205049e+00 5.000000000000e-03
4.357778018669e+00 1.538868967390e+00 5.000000000000e-03
2.046239782361e+00 5.850607246832e+00 5.000000000000e-03
2.402137467751e+00 2.465155006612e-01 5.000000000000e-03
2.679340400130e+00 3.449894872408e+00 5.000000000000e-03
3.452069472680e+00 1.669457494797e+00 5.000000000000e-03
2.628639429230e+00 3.355695370585e+00 5.000000000000e-03
5.828822389434e+00 1.518077572749e+00 5.000000000000e-03
5.524856233077e+00 4.065182349682e+00 5.000000000000e-03
5.373099401511e+00 3.938415894726e+00 5.000000000000e-03
1.106490863428e+00 4.331453296491e-01 5.000000000000e-03
4.936012312931e+00 3.697620943204e+00 5.000000000000e-03
5.126287179084e+00 2.398328652489e+00 5.000000000000e-03
1.384896788012e+00 2.431390631024e+00 5.000000000000e-03
3.345486693149e+00 6.201909032596e-01 5.000000000000e-03
1.511806668159e+00 3.854201270854e+00 5.000000000000e-03
3.095762678718e+00 6.106001369578e+00 5.000000000000e-03
4.213735359622e+00 5.669846810008e+00 5.000000000000e-03
5.329334549475e+00 8.602103428237e-01 5.000000000000e-03
3.035761733720e+00 5.299150944531e+00 5.000000000000e-03
6.247865511537e+00 4.175269897287e+00 5.000000000000e-03
2.584227596390e+00 3.195731133438e+00 5.000000000000e-03
5.053254795843e+00 3.030044347050e+00 5.000000000000e-03
6.839347943002e-01 1.908924896412e+00 5.000000000000e-03
4.067214599393e+00 5.936342458784e+00 5.000000000000e-03
1.167892897743e+00 3.145044079839e+00 5.000000000000e-03
2.702532184088e+00 3.413682992722e+00 5.000000000000e-03
3.533713926810e+00 2.968176093849e+00 5.000000000000e-03
1.805259107951e+00 2.228807555909e+00 5.000000000000e-03
3.772942493584e+00 4.765163480275e+00 5.000000000000e-03
5.735164296439e+00 2.531134275926e+00 5.000000000000e-03
3.107337133656e+00 2.228004459048e+00 5.000000000000e-03
4.371029327054e+00 2.898977950131e+00 5.000000000000e-03
3.701019233979e+00 4.597131962271e+00 5.000000000000e-03
2.708956772593e+00 2.805324114998e+00 5.000000000000e-03
5.005618835105e+00 3.543090590316e+00 5.000000000000e-03
3.652524175749e+00 4.682944833064e+00 5.000000000000e-03
4.347691820960e+00 2.039072850889e+00 5.000000000000e-03
3.547499903773e+00 2.530739575928e+00 5.000000000000e-03
5.797482301508e+00 1.469769199255e+00 5.000000000000e-03
3.670564049473e+00 3.667495979585e+00 5.000000000000e-03
3.338848936148e+00 4.081950043820e+00 5.000000000000e-03
2.189838609418e+00 3.439190893598e+00 5.000000000000e-03
3.542905660523e+00 2.188345785571e+00 5.000000000000e-03
3.747484842938e+00 6.024284644331e+00 5.000000000000e-03
2.668048190475e+00 3.521572571775e+00 5.000000000000e-03
3.161911390245e+00 3.802607537323e+00 5.000000000000e-03
3.031857870378e+00 4.057536339229e+00 5.000000000000e-03
5.636511385205e+00 3.829611316237e+00 5.000000000000e-03
5.110263706425e+00 4.434428834463e+00 5.000000000000e-03
6.136692427223e+00 3.611555696763e+00 5.000000000000e-03
3.579568923304e+00 5.346321018130e+00 5.000000000000e-03
1.711537565629e+00 2.491868845235e+00 5.000000000000e-03
3.950108887218e+00 2.735947920461e+00 5.000000000000e-03
4.265226349225e+00 2.568410268654e+00 5.000000000000e-03
2.720101187298e+00 3.389233155443e+00 5.000000000000e-03
2.128641258216e+00 2.794908975432e+00 5.000000000000e-03
2.434692362441e+00 4.592968333782e-01 5.000000000000e-03
3.942559020330e+00 4.063177124191e+00 5.000000000000e-03
2.608591405058e+00 3.339298484686e+00 5.000000000000e-03
5.294695408606e+00 4.069558334085e+00 5.000000000000e-03
1.977585262149e+00 3.373522679365e+00 5.000000000000e-03
2.760462799704e+00 3.140043524579e-01 5.000000000000e-03
2.349708269848e+00 3.257550204860e+00 5.000000000000e-03
2.702703893922e+00 3.473481875489e+00 5.000000000000e-03
2.692583053362e+00 3.456611369207e+00 5.000000000000e-03
4.083043516813e+00 4.554620294046e+00 5.000000000000e-03
3.578434551190e+00 4.643948012117e+00 5.000000000000e-03
2.429027363731e+00 3.221217169069e+00 5.000000000000e-03
2.937920524840e+00 3.039794835605e+00 5.000000000000e-03
3.373277063484e+00 4.011665021722e+00 5.000000000000e-03
3.734548977847e+00 3.322394727762e+00 5.000000000000e-03
5.169736024878e+00 4.498130504025e+00 5.000000000000e-03
4.627824213499e+00 3.406505525570e+00 5.000000000000e-03
4.132257728491e+00 5.249485573785e+00 5.000000000000e-03
4.167923560176e+00 5.554844946119e-01 5.000000000000e-03
1.882034750247e+00 5.670482892629e+00 5.000000000000e-03
3.372702829093e+00 2.621076856924e+00 5.000000000000e-03
3.177405092968e+00 6.236400691567e+00 5.000000000000e-03
4.107085724743e+00 3.100505831765e+00 5.000000000000e-03
5.222361678695e+00 4.380880159486e+00 5.000000000000e-03
3.532745742732e+00 5.349188077726e+00 5.000000000000e-03
2.573416495731e+00 4.651687066407e+00 5.000000000000e-03
3.064047151016e+00 3.392048667120e+00 5.000000000000e-03
3.771582244607e+00 2.233219477787e+00 5.000000000000e-03
6.476782885897e-03 2.549894016878e+00 5.000000000000e-03
3.006613711403e+00 3.502361496593e+00 5.000000000000e-03
3.626235461289e+00 4.788828596282e+00 5.000000000000e-03
2.258300786185e+00 1.402515658577e+00 5.000000000000e-03
4.892845169507e+00 2.290025386329e+00 5.000000000000e-03
2.917385568375e+00 6.422385512527e-01 5.000000000000e-03
3.282084510567e+00 2.549477532803e-01 5.000000000000e-03
2.701665781441e+00 3.438506023229e+00 5.000000000000e-03
5.677240322996e+00 1.753778255593e+00 -5.000000000000e-03
3.907630099440e-01 5.566867313033e+00 -5.000000000000e-03
5.278321986138e+00 6.216717597464e+00 -5.000000000000e-03
4.270883332015e+00 3.622192798204e+00 -5.000000000000e-03
7.166342644780e-01 5.644975639809e+00 -5.000000000000e-03
4.946858016287e+00 5.035293977420e+00 -5.000000000000e-03
5.214089773584e+00 2.421341519869e-01 -5.000000000000e-03
4.534390091558e+00 5.224326185092e+00 -5.000000000000e-03
6.095246939900e+00 1.251506074543e+00 -5.000000000000e-03
1.370575959305e-01 9.280323864039e-01 -5.000000000000e-03
5.879551885677e+00 6.229160746364e+00 -5.000000000000e-03
6.007100484255e+00 5.506514016548e+00 -5.000000000000e-03
3.623087517010e-02 2.164946879390e+00 -5.000000000000e-03
6.158615954805e+00 3.208915985918e+00 -5.000000000000e-03
4.187077778506e+00 3.484786989615e+00 -5.000000000000e-03
1.068582366712e+00 3.773516615639e+00 -5.000000000000e-03
1.718638052938e-01 6.031020453387e+00 -5.000000000000e-03
5.673916634062e+00 9.935900731735e-01 -5.000000000000e-03
5.816673053552e+00 1.935041118208e+00 -5.000000000000e-03
2.689633704290e+00 3.984311799157e+00 -5.000000000000e-03
5.878977532645e+00 1.118850853700e+00 -5.000000000000e-03
6.502384998783e-01 8.743445545261e-01 -5.000000000000e-03
2.619670127957e-01 7.756819112961e-02 -5.000000000000e-03
4.244923014523e-01 5.657740802148e+00 -5.000000000000e-03
2.692944532796e+00 1.465531092572e+00 -5.000000000000e-03
3.492606511164e+00 1.346303998584e+00 -5.000000000000e-03
8.502587684517e-02 5.760672344518e+00 -5.000000000000e-03
1.517831487074e+00 9.083085484114e-01 -5.000000000000e-03
5.213730000264e+00 6.278490825287e+00 -5.000000000000e-03
6.107849236954e+00 5.664652166372e+00 -5.000000000000e-03
2.468535809474e+00 1.149608584194e+00 -5.000000000000e-03
3.654804231190e-01 8.088738092683e-01 -5.000000000000e-03
6.211545722757e+00 5.747341615213e+00 -5.000000000000e-03
5.875539990598e+00 2.185271507688e+00 -5.000000000000e-03
5.819916604779e+00 6.998146458557e-02 -5.000000000000e-03
6.246989019167e+00 5.748069847322e+00 -5.000000000000e-03
5.830233399965e+00 1.648341619261e-01 -5.000000000000e-03
5.420349512044e+00 5.963234206561e+00 -5.000000000000e-03
1.677274561699e+00 3.562538088034e+00 -5.000000000000e-03
2.214763680950e+00 5.997761545184e+00 -5.000000000000e-03
4.966332123469e-02 1.097294828318e-01 -5.000000000000e-03
5.374708980475e-01 5.551449593991e+00 -5.000000000000e-03
5.003793710731e+00 9.391676811892e-01 -5.000000000000e-03
1.182069232276e+00 4.055488315115e-02 -5.000000000000e-03
5.378046876783e+00 1.693632269856e-01 -5.000000000000e-03
8.477978714559e-01 5.639570287727e+00 -5.000000000000e-03
5.041038128686e+00 4.787641131269e+00 -5.000000000000e-03
1.585482155213e+00 5.489002568759e+00 -5.000000000000e-03
5.969797500112e+00 2.318256197398e+00 -5.000000000000e-03
3.724534631279e+00 2.617589449224e+00 -5.000000000000e-03
3.095959862853e+00 5.510646166268e-01 -5.000000000000e-03
5.143684644615e+00 1.414172258715e+00 -5.000000000000e-03
1.349037460095e+00 3.820526121596e-01 -5.000000000000e-03
5.805381593319e+00 5.470399928927e+00 -5.000000000000e-03
5.784874017398e+00 6.093702137164e+00 -5.000000000000e-03
3.905800646144e+00 3.268268443762e+00 -5.000000000000e-03
5.575779237146e+00 5.134531994391e+00 -5.000000000000e-03
1.589892821141e+00 6.204367024660e+00 -5.000000000000e-03
5.519604922802e+00 5.148431789272e+00 -5.000000000000e-03
1.354698577702e+00 5.271500194580e+00 -5.000000000000e-03
2.435666992256e+00 6.048278714284e+00 -5.000000000000e-03
1.976722850619e+00 1.012047557008e+00 -5.000000000000e-03
6.205174008659e+00 1.095087443407e+00 -5.000000000000e-03
9.067898876285e-01 5.251827092418e+00 -5.000000000000e-03
4.826365200709e-02 5.740453679415e+00 -5.000000000000e-03
1.954244306531e+00 1.205970547812e+00 -5.000000000000e-03
3.350709150728e-01 5.663998700702e+00 -5.000000000000e-03
4.232122701320e+00 4.383384339982e+00 -5.000000000000e-03
9.105391806958e-01 6.274223845556e+00 -5.000000000000e-03
1.414114667453e-01 3.974452077088e-01 -5.000000000000e-03
5.440129422178e+00 4.708775736678e+00 -5.000000000000e-03
5.182557517754e-01 5.560366429726e+00 -5.000000000000e-03
1.228045272221e+00 6.137027425969e+00 -5.000000000000e-03
9.178792521692e-01 6.265950828338e+00 -5.000000000000e-03
1.383241110490e-02 3.693380425079e+00 -5.000000000000e-03
5.833469916603e+00 1.889264042180e+00 -5.000000000000e-03
4.477449432825e+00 2.623366854221e+00 -5.000000000000e-03
4.453433127492e-01 4.491314096488e+00 -5.000000000000e-03
1.070643678525e-01 7.976917105594e-01 -5.000000000000e-03
5.828601425515e+00 2.882076576049e-01 -5.000000000000e-03
6.170407408489e+00 6.266101161181e+00 -5.000000000000e-03
2.361631146591e+00 4.416293190964e+00 -5.000000000000e-03
1.124730233234e+00 5.921179081844e+00 -5.000000000000e-03
2.153248391451e-01 3.094761194619e+00 -5.000000000000e-03
4.280280214759e+00 9.473532819712e-01 -5.000000000000e-03
4.332111862405e+00 5.497523079981e+00 -5.000000000000e-03
5.670477452744e+00 5.880732218389e+00 -5.000000000000e-03
2.123382737767e+00 2.190369017158e-01 -5.000000000000e-03
6.077073523042e+00 2.850573544430e-01 -5.000000000000e-03
7.391565359404e-01 5.499503515356e+00 -5.000000000000e-03
1.051968168113e+00 6.149254924670e+00 -5.000000000000e-03
2.176409719282e-01 1.017854269292e+00 -5.000000000000e-03
1.326765125391e+00 5.048438864296e+00 -5.000000000000e-03
6.275148030020e+00 5.173687756402e+00 -5.000000000000e-03
8.265295664959e-01 5.496270584806e+00 -5.000000000000e-03
6.124493377111e+00 5.351478391627e+00 -5.000000000000e-03
5.780391368814e+00 2.848949794007e-01 -5.000000000000e-03
4.434795758215e-01 4.241510476450e+00 -5.000000000000e-03
5.341847978181e+00 1.531121638927e+00 -5.000000000000e-03
5.999428159284e+00 5.543857066576e+00 -5.000000000000e-03
