3.872665418507e+00 4.636673206672e+00 5.000000000000e-03
2.017591264549e+00 5.842570003094e+00 5.000000000000e-03
4.596555844509e+00 4.946806843007e+00 5.000000000000e-03
3.936066124384e+00 3.155987407289e+00 5.000000000000e-03
3.748495295691e+00 5.948068367486e+00 5.000000000000e-03
4.881829147980e-01 3.205276897770e+00 5.000000000000e-03
1.603914985007e-01 4.282130633846e+00 5.000000000000e-03
5.309816252698e+00 3.938886699332e-01 5.000000000000e-03
4.421555054788e+00 4.927820728912e+00 5.000000000000e-03
5.786149459903e+00 3.744663576779e+00 5.000000000000e-03
1.256623920896e-01 4.332884654081e+00 5.000000000000e-03
2.606263222889e+00 1.507287384354e+00 5.000000000000e-03
1.534886962573e+00 8.745841981470e-01 5.000000000000e-03
3.748024288097e+00 3.960049049548e+00 5.000000000000e-03
1.316465415425e+00 3.118757615444e+00 5.000000000000e-03
6.356014855783e-01 4.671326282375e+00 5.000000000000e-03
4.235150671888e+00 4.071116200666e+00 5.000000000000e-03
2.715012395643e+00 2.127442187359e+00 5.000000000000e-03
2.381397036233e+00 1.069787084896e+00 5.000000000000e-03
2.491480077428e+00 5.672818927278e+00 5.000000000000e-03
2.501838608218e+00 5.835571272823e+00 5.000000000000e-03
3.840848714793e+00 4.173634035208e+00 5.000000000000e-03
2.094253333915e+00 1.975301980343e+00 5.000000000000e-03
4.270559483498e+00 3.596809521794e+00 5.000000000000e-03
4.799161802012e+00 6.041544699445e+00 5.000000000000e-03
4.572861266399e+00 4.798760920725e+00 5.000000000000e-03
3.831379839430e+00 4.205211997216e+00 5.000000000000e-03
2.874305243039e+00 2.149733167869e+00 5.000000000000e-03
5.352925975608e+00 6.076686618332e+00 5.000000000000e-03
1.334573765922e+00 3.357564555695e+00 5.000000000000e-03
1.280901146291e+00 5.464314013110e+00 5.000000000000e-03
5.056542877844e+00 5.216380930289e+00 5.000000000000e-03
3.455812502804e+00 2.678301842918e+00 5.000000000000e-03
2.669218355028e+00 3.262256460850e-01 5.000000000000e-03
2.183141024339e+00 7.179555959832e-01 5.000000000000e-03
5.200481725252e+00 6.085261024766e+00 5.000000000000e-03
3.232160006656e+00 6.207893215282e+00 5.000000000000e-03
2.879576774240e+00 2.474310459621e-02 5.000000000000e-03
2.856852900257e+00 4.268792735874e+00 5.000000000000e-03
3.207802769106e+00 4.520746960071e+00 5.000000000000e-03
2.279790072753e+00 4.891329835912e+00 5.000000000000e-03
5.420486060885e-01 3.292543972043e+00 5.000000000000e-03
4.878304753794e+00 3.012806428171e+00 5.000000000000e-03
4.540286594327e+00 4.804077796138e+00 5.000000000000e-03
4.669704420490e+00 5.450689937157e+00 5.000000000000e-03
3.713709021854e+00 4.282957355129e-01 5.000000000000e-03
3.330422265702e+00 5.016851500482e+00 5.000000000000e-03
3.926002552567e+00 4.648184892472e+00 5.000000000000e-03
4.917247024497e+00 3.885515455455e+00 5.000000000000e-03
4.088399653679e+00 2.485597468777e+00 5.000000000000e-03
4.803597004604e+00 5.307071471964e+00 5.000000000000e-03
4.643353014536e+00 5.401923395925e+00 5.000000000000e-03
2.400331838305e+00 2.285560832453e+00 5.000000000000e-03
5.874670407678e+00 3.170140860949e+00 5.000000000000e-03
5.224494369012e+00 6.001560081339e+00 5.000000000000e-03
5.059692484380e+00 3.602295971622e+00 5.000000000000e-03
5.066514024704e+00 4.524239116441e+00 5.000000000000e-03
4.642883526479e+00 1.942917672120e+00 5.000000000000e-03
4.706036189318e+00 6.123757095077e+00 5.000000000000e-03
3.708455992617e+00 4.172764799166e+00 5.000000000000e-03
2.740354222025e+00 3.555366652248e+00 5.000000000000e-03
4.199472267561e+00 4.435092726980e-01 5.000000000000e-03
4.506240497501e+00 2.149116727085e+00 5.000000000000e-03
2.396295087966e+00 2.735913628139e+00 5.000000000000e-03
4.777912355057e+00 3.973003580172e+00 5.000000000000e-03
1.176750527099e+00 6.151871948118e+00 5.000000000000e-03
4.523583344302e-02 3.928486381938e+00 5.000000000000e-03
1.095551697001e+00 5.098971519667e+00 5.000000000000e-03
4.046681524567e+00 4.501910552626e+00 5.000000000000e-03
3.809616734377e+00 3.991107847482e+00 5.000000000000e-03
5.822013751734e-01 2.870489452143e+00 5.000000000000e-03
4.823092597462e+00 5.948737165349e+00 5.000000000000e-03
4.164494868329e+00 3.564876873971e+00 5.000000000000e-03
4.763351734268e+00 5.325909261402e+00 5.000000000000e-03
3.739727646925e-01 2.836124593988e+00 5.000000000000e-03
5.127751773592e+00 5.223357805031e+00 5.000000000000e-03
5.263447559734e+00 5.743922695386e+00 5.000000000000e-03
2.066601321808e+00 5.836362693018e+00 5.000000000000e-03
5.993982413594e+00 5.363309476435e+00 5.000000000000e-03
3.803618608897e+00 5.753875843498e+00 5.000000000000e-03
2.578771483976e+00 6.271101784523e+00 5.000000000000e-03
4.204267930375e+00 3.330314430874e+00 5.000000000000e-03
4.406163813570e+00 4.309258357663e+00 5.000000000000e-03
6.266657861891e+00 4.076120084097e+00 5.000000000000e-03
4.426437836534e+00 4.727387511861e+00 5.000000000000e-03
5.381035844362e+00 6.198879060895e+00 5.000000000000e-03
4.678630751602e+00 5.993344850834e+00 5.000000000000e-03
4.385507629958e+00 5.326716060601e+00 5.000000000000e-03
4.401052295252e+00 4.625432296087e+00 5.000000000000e-03
2.102669490605e+00 5.167662979721e+00 5.000000000000e-03
1.654116523515e+00 5.836109225730e+00 5.000000000000e-03
3.817803553977e+00 4.327155726884e+00 5.000000000000e-03
4.143278117869e+00 3.272362046625e+00 5.000000000000e-03
4.292952347078e+00 4.787854079727e+00 5.000000000000e-03
3.477350994273e+00 4.673533789136e+00 5.000000000000e-03
5.080188932566e+00 5.377607974123e+00 5.000000000000e-03
2.620783854755e+00 4.947831142587e+00 5.000000000000e-03
4.197797929458e+00 3.111216659058e+00 5.000000000000e-03
4.190513143525e+00 4.827890983882e+00 5.000000000000e-03
5.184694840394e+00 6.234303821777e+00 5.000000000000e-03
5.347247870415e+00 4.168507098487e+00 -5.000000000000e-03
1.041833845116e+00 2.434357417667e+00 -5.000000000000e-03
3.407547165123e+00 1.608387726804e+00 -5.000000000000e-03
9.843528536584e-01 6.630797226951e-01 -5.000000000000e-03
2.276849978669e+00 3.325194014771e-01 -5.000000000000e-03
4.691593415671e+00 2.850465967915e+00 -5.000000000000e-03
5.755747626260e+00 4.339714938290e+00 -5.000000000000e-03
6.213262327394e+00 1.555585541464e+00 -5.000000000000e-03
1.579918309700e-01 2.133414209957e+00 -5.000000000000e-03
1.282295294014e+00 2.574211585712e-01 -5.000000000000e-03
1.493440863016e-01 2.439517585853e+00 -5.000000000000e-03
1.536889701103e+00 2.891183239634e-01 -5.000000000000e-03
5.807072621024e+00 3.035078692860e+00 -5.000000000000e-03
3.120455067246e+00 5.580545353037e+00 -5.000000000000e-03
1.443956990593e+00 1.625063364804e-01 -5.000000000000e-03
2.637139375405e+00 2.484017993280e+00 -5.000000000000e-03
5.529280678276e+00 3.038127383300e+00 -5.000000000000e-03
3.654588216274e-01 2.385629353418e+00 -5.000000000000e-03
1.337926766803e+00 5.704469409772e+00 -5.000000000000e-03
4.285667045380e-01 9.778564124929e-01 -5.000000000000e-03
9.783112353467e-01 1.321209290212e+00 -5.000000000000e-03
5.960677124954e-01 1.912517657815e+00 -5.000000000000e-03
1.378950268892e-01 9.400978893455e-01 -5.000000000000e-03
5.738999185338e-01 5.141419945687e-01 -5.000000000000e-03
1.117899334416e+00 2.682015931798e+00 -5.000000000000e-03
1.058259949487e+00 2.220882111011e-01 -5.000000000000e-03
7.119731099319e-01 9.641296799288e-01 -5.000000000000e-03
1.216630311709e+00 1.014896347014e+00 -5.000000000000e-03
5.484398896810e+00 1.189194078810e+00 -5.000000000000e-03
5.846526109055e-01 6.668190639845e-01 -5.000000000000e-03
5.682458996061e+00 2.184429522369e+00 -5.000000000000e-03
3.551281258727e-01 1.384497758327e+00 -5.000000000000e-03
2.758880407307e+00 1.157118626657e+00 -5.000000000000e-03
5.391055623794e+00 6.203476830181e-01 -5.000000000000e-03
2.998320669202e+00 5.274481199628e+00 -5.000000000000e-03
6.187563825449e+00 2.497495874430e+00 -5.000000000000e-03
1.021628334244e+00 2.919434295569e+00 -5.000000000000e-03
1.464036261981e+00 3.373967090547e+00 -5.000000000000e-03
9.749949469440e-01 7.710399113714e-01 -5.000000000000e-03
3.049120579199e+00 1.751988925109e-01 -5.000000000000e-03
2.549687728599e+00 1.658256965826e+00 -5.000000000000e-03
5.819262654844e+00 7.145717587018e-01 -5.000000000000e-03
1.061042411232e+00 3.555155483094e+00 -5.000000000000e-03
5.208125427525e-01 2.098944697215e+00 -5.000000000000e-03
5.463491963937e+00 2.043779898666e+00 -5.000000000000e-03
1.576128776473e-01 1.976933038059e+00 -5.000000000000e-03
8.855124299762e-01 3.008552895081e+00 -5.000000000000e-03
1.465106115003e+00 2.110800860180e-01 -5.000000000000e-03
3.725727930644e-01 1.887373145784e+00 -5.000000000000e-03
2.422808972687e-01 1.876744980511e+00 -5.000000000000e-03
2.008290314689e-01 1.238417551788e+00 -5.000000000000e-03
6.166305583255e-01 1.267419210481e+00 -5.000000000000e-03
5.334094389389e+00 2.589999929942e+00 -5.000000000000e-03
1.738565278693e-01 1.388500004852e+00 -5.000000000000e-03
7.998802190361e-01 1.127436790564e+00 -5.000000000000e-03
7.434467582552e-01 7.031694566495e-01 -5.000000000000e-03
1.991546454444e-01 5.382274070954e+00 -5.000000000000e-03
2.227820839506e-01 2.213185565440e+00 -5.000000000000e-03
9.329289925800e-01 6.262771105932e+00 -5.000000000000e-03
6.164209556790e-01 4.479399417198e+00 -5.000000000000e-03
2.797198809748e+00 1.975188373755e+00 -5.000000000000e-03
5.925262371911e+00 5.444370141304e-01 -5.000000000000e-03
1.329070360998e+00 1.150167564941e+00 -5.000000000000e-03
5.824765337340e+00 5.985615948769e-01 -5.000000000000e-03
5.116209514790e+00 3.043180145445e+00 -5.000000000000e-03
2.377431320102e+00 3.326755276427e+00 -5.000000000000e-03
5.889156775010e-01 2.616901185581e+00 -5.000000000000e-03
6.283045604540e+00 3.418003822540e+00 -5.000000000000e-03
6.220206010192e+00 4.855704286991e+00 -5.000000000000e-03
8.002622421657e-01 2.752388291486e-01 -5.000000000000e-03
5.294158641041e+00 3.390522937322e+00 -5.000000000000e-03
5.032745244231e+00 3.239029635935e+00 -5.000000000000e-03
5.474979087000e-01 1.280270614788e+00 -5.000000000000e-03
4.137859413047e-01 6.111170941430e+00 -5.000000000000e-03
1.657216709321e-01 2.046838966748e+00 -5.000000000000e-03
1.940747846883e-01 4.511148825848e+00 -5.000000000000e-03
1.007243342359e-01 3.637842728061e+00 -5.000000000000e-03
8.064176258272e-01 9.305377479798e-01 -5.000000000000e-03
3.825541747555e+00 1.249681259887e-01 -5.000000000000e-03
1.158053573178e+00 8.656534261500e-01 -5.000000000000e-03
6.099291785982e+00 2.492524150457e+00 -5.000000000000e-03
6.466182953624e-02 1.631414738256e+00 -5.000000000000e-03
5.393601432244e-01 3.241039052672e-01 -5.000000000000e-03
1.218863936637e+00 4.115964177038e+00 -5.000000000000e-03
1.061596830655e+00 9.446765463139e-01 -5.000000000000e-03
2.508139096918e-01 3.701543525334e+00 -5.000000000000e-03
8.728682887049e-01 9.174779612611e-01 -5.000000000000e-03
1.723727300480e+00 4.415948859287e+00 -5.000000000000e-03
1.659762047077e+00 1.498297058114e+00 -5.000000000000e-03
4.463066904633e+00 1.632246271172e+00 -5.000000000000e-03
1.103968185840e+00 3.279806363629e+00 -5.000000000000e-03
3.518543099264e+00 1.220327008790e+00 -5.000000000000e-03
5.086790516410e-01 7.776534058846e-01 -5.000000000000e-03
2.421543519267e+00 4.638022753438e+00 -5.000000000000e-03
5.620397868305e+00 9.516325356440e-01 -5.000000000000e-03
1.452672842981e+00 1.411991616478e+00 -5.000000000000e-03
7.861602665709e-01 4.234119546377e+00 -5.000000000000e-03
1.449582924173e+00 5.690444246733e+00 -5.000000000000e-03
5.506536988229e+00 2.551168275032e+00 -5.000000000000e-03
7.604289045631e-01 1.881712077147e+00 -5.000000000000e-03
