5.290195956504e+00 4.371293119544e+00 5.000000000000e-03
5.836872308337e+00 4.295911609282e+00 5.000000000000e-03
4.040571577483e+00 3.942248857207e+00 5.000000000000e-03
3.004547214693e+00 5.628423866183e+00 5.000000000000e-03
4.672525662811e+00 3.748690986617e+00 5.000000000000e-03
5.243752357872e+00 6.250666013492e+00 5.000000000000e-03
3.979473534731e+00 5.796283839133e+00 5.000000000000e-03
5.636298066482e+00 4.044752286156e+00 5.000000000000e-03
2.432203084952e-01 1.507687575524e+00 5.000000000000e-03
2.766402374013e+00 5.660489610215e+00 5.000000000000e-03
4.379423318137e+00 3.124067346034e+00 5.000000000000e-03
7.568055182559e-01 4.640452124319e+00 5.000000000000e-03
8.049198969978e-01 4.940159383734e+00 5.000000000000e-03
2.811898532044e+00 5.445027409522e+00 5.000000000000e-03
4.377728824721e-01 4.692950283690e+00 5.000000000000e-03
6.034351814276e+00 2.981686732706e+00 5.000000000000e-03
4.002709090158e+00 3.523479481492e+00 5.000000000000e-03
5.920539434348e+00 1.141072453847e+00 5.000000000000e-03
5.838000967348e+00 3.698908886540e+00 5.000000000000e-03
1.319087999879e-01 5.511978959948e-03 5.000000000000e-03
2.262233758003e+00 3.437975731369e+00 5.000000000000e-03
4.918832591506e-01 4.744308249669e+00 5.000000000000e-03
1.359452214979e+00 5.478528851205e+00 5.000000000000e-03
4.303707502184e-01 2.459959672795e+00 5.000000000000e-03
5.705654824614e+00 4.289052260403e+00 5.000000000000e-03
1.040882935495e+00 5.604350908765e+00 5.000000000000e-03
6.225212093203e+00 3.583100540874e+00 5.000000000000e-03
8.669805492523e-01 3.431429055206e+00 5.000000000000e-03
4.646364732562e+00 1.308751571965e+00 5.000000000000e-03
6.098936757842e+00 2.392885492952e+00 5.000000000000e-03
2.773033287354e+00 5.563389971718e+00 5.000000000000e-03
4.280594656699e-01 4.893877434955e+00 5.000000000000e-03
5.327262968397e+00 4.981557247032e+00 5.000000000000e-03
4.934020614044e+00 4.169838411366e+00 5.000000000000e-03
4.925251629797e-01 3.169694664113e+00 5.000000000000e-03
6.209839786957e+00 3.895612552809e+00 5.000000000000e-03
5.494311595921e+00 3.918363512638e+00 5.000000000000e-03
5.348981493781e+00 1.525549710264e+00 5.000000000000e-03
6.169910882910e+00 4.734573773602e+00 5.000000000000e-03
5.815283025163e-01 4.817645771903e+00 5.000000000000e-03
3.281282141102e-01 5.055928034543e+00 5.000000000000e-03
6.357806269986e-01 4.924149263220e+00 5.000000000000e-03
9.766361098919e-01 4.140283643937e+00 5.000000000000e-03
2.181020731754e+00 9.213691726606e-02 5.000000000000e-03
5.305794579166e-01 1.985567717073e+00 5.000000000000e-03
1.119646805695e-01 5.122739688300e+00 5.000000000000e-03
2.279462097422e+00 2.956803726820e+00 5.000000000000e-03
5.705903077523e+00 3.636313953612e+00 5.000000000000e-03
3.719301060298e+00 5.801688910482e+00 5.000000000000e-03
7.190375456469e-01 1.184549384242e+00 5.000000000000e-03
3.975632455113e+00 2.143355470246e+00 5.000000000000e-03
1.246280456772e+00 4.910352641958e+00 5.000000000000e-03
3.159349234085e+00 5.006898766018e+00 5.000000000000e-03
9.025769007593e-01 5.648220324312e+00 5.000000000000e-03
7.560171598712e-01 4.819573590725e+00 5.000000000000e-03
7.997882216967e-01 4.809867763287e+00 5.000000000000e-03
4.241775346766e-01 2.317417216425e+00 5.000000000000e-03
5.818396815449e+00 5.512708740340e+00 5.000000000000e-03
2.269074358378e+00 5.786298319050e+00 5.000000000000e-03
5.900775798353e+00 4.386291360805e+00 5.000000000000e-03
3.246318100804e+00 4.466259354415e+00 5.000000000000e-03
2.689882314738e+00 4.889654679314e+00 5.000000000000e-03
5.025112342004e-01 3.144555176836e+00 5.000000000000e-03
1.178475026409e+00 2.679047270085e+00 5.000000000000e-03
4.162025938141e-01 3.017034556499e+00 5.000000000000e-03
1.765331338205e-01 4.853950652427e+00 5.000000000000e-03
5.484077558145e+00 4.655744211763e+00 5.000000000000e-03
2.682356485207e+00 4.794370865906e+00 5.000000000000e-03
5.057253433024e+00 4.462926630261e+00 5.000000000000e-03
1.345803828805e+00 4.059514376979e+00 5.000000000000e-03
1.042704375350e-01 4.787502312476e+00 5.000000000000e-03
2.285565357883e-02 3.987136452558e+00 5.000000000000e-03
5.768307146470e+00 2.074622690025e+00 5.000000000000e-03
4.023007829968e-01 4.357574630165e+00 5.000000000000e-03
2.538406226664e+00 3.919802417933e+00 5.000000000000e-03
4.449458405308e+00 3.431590129430e+00 5.000000000000e-03
1.398016809726e+00 1.772450520230e+00 5.000000000000e-03
4.053738798923e+00 5.700494482257e+00 5.000000000000e-03
3.123330329832e-01 4.215526846875e+00 5.000000000000e-03
4.585163791327e+00 3.635631727637e+00 5.000000000000e-03
1.881458903219e+00 4.284101128244e+00 5.000000000000e-03
3.368943677836e+00 5.232270117062e+00 5.000000000000e-03
4.462363962450e-01 3.751476402505e+00 5.000000000000e-03
4.840596890802e+00 5.212450375993e+00 5.000000000000e-03
1.521613938344e+00 4.908486224566e+00 5.000000000000e-03
1.088945630887e+00 3.442409917942e+00 5.000000000000e-03
3.096746929882e+00 2.800435420876e+00 5.000000000000e-03
4.646133779453e+00 4.381458413878e+00 5.000000000000e-03
3.842210721494e+00 2.398901589390e+00 5.000000000000e-03
3.128232989296e+00 2.826917560600e+00 5.000000000000e-03
2.111516274051e+00 3.510505422556e+00 5.000000000000e-03
5.554851897265e+00 3.983441236604e+00 5.000000000000e-03
4.281821157598e+00 5.043613687154e+00 5.000000000000e-03
6.173672001332e+00 3.550624099958e+00 5.000000000000e-03
6.858806104513e-01 3.305520625335e+00 5.000000000000e-03
1.719744785773e+00 3.872390998652e+00 5.000000000000e-03
4.301738708330e+00 5.119532172387e+00 5.000000000000e-03
2.366809526676e-01 3.371769616210e+00 5.000000000000e-03
5.456864725957e+00 1.253101353145e+00 5.000000000000e-03
5.723077712353e+00 1.702397215167e+00 5.000000000000e-03
3.384509751472e+00 5.589156898103e+00 -5.000000000000e-03
4.558236936372e+00 4.137667800230e+00 -5.000000000000e-03
3.257879669495e+00 1.347738783105e+00 -5.000000000000e-03
3.810530467357e+00 1.263904835781e+00 -5.000000000000e-03
4.441152537107e+00 8.285981808525e-01 -5.000000000000e-03
4.215378456088e-01 6.056616341584e-01 -5.000000000000e-03
1.889120595495e+00 2.233122834593e+00 -5.000000000000e-03
3.651762933217e+00 1.640428653237e+00 -5.000000000000e-03
3.426246773210e+00 1.290418333891e+00 -5.000000000000e-03
8.907289169006e-01 8.897344696608e-01 -5.000000000000e-03
3.920802380683e+00 1.100960095281e+00 -5.000000000000e-03
4.457031315104e+00 2.470147943364e+00 -5.000000000000e-03
2.871892822671e+00 9.720956084083e-01 -5.000000000000e-03
4.227358291585e+00 1.421150626995e-02 -5.000000000000e-03
2.759242850191e+00 8.142403836465e-01 -5.000000000000e-03
5.211840226730e+00 4.169265599183e+00 -5.000000000000e-03
1.837032646322e+00 6.249981617728e+00 -5.000000000000e-03
2.416955624120e+00 5.548513740130e+00 -5.000000000000e-03
4.807459417710e+00 2.679707992455e+00 -5.000000000000e-03
5.026851987574e+00 5.897988943095e+00 -5.000000000000e-03
4.318869657252e+00 6.041386021787e-01 -5.000000000000e-03
2.113802561679e+00 3.760229767690e+00 -5.000000000000e-03
4.318223165646e+00 1.016054405345e+00 -5.000000000000e-03
1.243221061205e+00 3.009703311294e+00 -5.000000000000e-03
1.645044555007e+00 1.427308434651e+00 -5.000000000000e-03
7.784570633130e-01 1.557672004095e+00 -5.000000000000e-03
1.303277137142e+00 3.645081564597e+00 -5.000000000000e-03
1.947252217058e+00 4.922469900462e+00 -5.000000000000e-03
5.302548157683e+00 2.305016585031e-01 -5.000000000000e-03
1.131177177080e+00 2.054827789861e+00 -5.000000000000e-03
3.745783456856e+00 3.667885189320e-01 -5.000000000000e-03
1.393722279575e+00 5.271145599987e+00 -5.000000000000e-03
4.308632145970e+00 2.316402396836e+00 -5.000000000000e-03
1.021404946802e+00 5.736706379953e-01 -5.000000000000e-03
2.413585499125e+00 1.527770913225e-01 -5.000000000000e-03
1.968751378826e+00 4.870087681494e-01 -5.000000000000e-03
3.552769291644e+00 1.150067553555e+00 -5.000000000000e-03
4.852743077379e+00 2.547780997049e+00 -5.000000000000e-03
1.824919440979e+00 4.516018323653e-01 -5.000000000000e-03
1.222765070044e+00 2.561505258622e-01 -5.000000000000e-03
1.646646318327e+00 4.428399017470e+00 -5.000000000000e-03
5.076540159432e+00 3.481955095291e-01 -5.000000000000e-03
3.491039617725e+00 3.396569421396e+00 -5.000000000000e-03
4.599944495769e+00 3.231995996931e+00 -5.000000000000e-03
3.496401165590e+00 2.422323916120e+00 -5.000000000000e-03
2.617783359726e+00 7.133931057154e-01 -5.000000000000e-03
4.618892355681e+00 3.290147626330e-01 -5.000000000000e-03
5.036986321465e+00 2.156017727341e+00 -5.000000000000e-03
3.130281538248e+00 5.693500611008e+00 -5.000000000000e-03
3.948754094829e+00 3.098846765495e+00 -5.000000000000e-03
3.707154888788e+00 7.048393396707e-01 -5.000000000000e-03
3.105841509498e+00 9.819582191203e-01 -5.000000000000e-03
4.922640246027e+00 6.209136909361e+00 -5.000000000000e-03
3.612240309480e+00 4.427240889515e-01 -5.000000000000e-03
1.703961924060e+00 1.278751576465e+00 -5.000000000000e-03
2.021350790117e+00 8.194078433102e-01 -5.000000000000e-03
5.078462128150e+00 5.446589550883e-01 -5.000000000000e-03
4.378461832837e+00 6.190868140438e+00 -5.000000000000e-03
3.985189960922e+00 1.012776207427e+00 -5.000000000000e-03
4.337852331791e+00 5.681022640486e+00 -5.000000000000e-03
3.901319213218e+00 4.441179975074e-01 -5.000000000000e-03
4.169481223975e+00 7.345237052077e-01 -5.000000000000e-03
2.014103724024e+00 1.468819625712e+00 -5.000000000000e-03
3.373528647247e+00 4.468019460943e+00 -5.000000000000e-03
1.935293354511e+00 6.236915211936e+00 -5.000000000000e-03
3.664314136109e+00 7.799843474043e-01 -5.000000000000e-03
4.804469782147e+00 4.269802657352e+00 -5.000000000000e-03
4.450889662629e+00 4.100053063956e+00 -5.000000000000e-03
3.674586535295e+00 1.276961232024e+00 -5.000000000000e-03
3.504158511216e+00 9.905143345822e-01 -5.000000000000e-03
1.110386139286e+00 2.117284240329e+00 -5.000000000000e-03
5.554884964390e+00 2.161355727297e+00 -5.000000000000e-03
2.980528442223e+00 5.962357906967e+00 -5.000000000000e-03
5.595051632147e+00 1.269636203440e-02 -5.000000000000e-03
9.588300903018e-05 8.032499596450e-01 -5.000000000000e-03
6.022258450535e+00 9.452774061873e-01 -5.000000000000e-03
5.101797928726e+00 1.597333660007e+00 -5.000000000000e-03
6.218277377165e+00 9.402723690206e-02 -5.000000000000e-03
1.717942678944e+00 2.006563330621e-01 -5.000000000000e-03
3.926033086889e+00 3.401771941770e-01 -5.000000000000e-03
2.623126784822e+00 3.035294099598e+00 -5.000000000000e-03
1.177685319607e+00 3.967785100759e+00 -5.000000000000e-03
3.697923839374e+00 3.867740471571e-01 -5.000000000000e-03
3.220519220517e+00 1.342203863139e+00 -5.000000000000e-03
3.975547829621e+00 4.798455651194e+00 -5.000000000000e-03
2.364908361658e+00 6.276748264480e+00 -5.000000000000e-03
3.735844605592e+00 2.830406282832e-01 -5.000000000000e-03
2.564395930345e+00 2.286575454780e-01 -5.000000000000e-03
5.459096639680e+00 2.100080209019e+00 -5.000000000000e-03
4.572082285926e-01 5.445799010210e+00 -5.000000000000e-03
5.871139468435e+00 2.754529436850e+00 -5.000000000000e-03
4.956688303990e-02 5.218761988446e+00 -5.000000000000e-03
5.987925475539e+00 1.777527924693e-02 -5.000000000000e-03
4.183471227067e+00 1.584428427667e+00 -5.000000000000e-03
3.253058199216e-01 3.695493511069e-01 -5.000000000000e-03
5.168576711665e+00 2.694209621948e+00 -5.000000000000e-03
4.498952968799e+00 5.511514244403e+00 -5.000000000000e-03
4.678178938901e+00 1.058847104508e+00 -5.000000000000e-03
2.326667292603e+00 4.249599620679e+00 -5.000000000000e-03
3.084473475421e+00 4.311471767644e+00 -5.000000000000e-03
