2.925416689019e+00 3.026477105044e+00 5.000000000000e-03
2.313064429777e+00 4.971842969997e+00 5.000000000000e-03
3.004751753705e+00 2.745205293544e+00 5.000000000000e-03
1.467212347289e+00 3.365296648824e+00 5.000000000000e-03
4.389718686054e+00 3.257942300427e+00 5.000000000000e-03
1.812715125872e+00 3.447196495569e+00 5.000000000000e-03
4.746493231879e+00 1.415958543633e+00 5.000000000000e-03
3.973795910221e+00 3.066159875005e+00 5.000000000000e-03
2.277400537600e+00 3.557285062829e+00 5.000000000000e-03
1.381072245821e+00 4.005556848206e+00 5.000000000000e-03
3.922621891729e+00 3.814709999381e+00 5.000000000000e-03
3.377269928452e+00 2.354812906141e+00 5.000000000000e-03
6.211736812054e+00 2.068594616772e+00 5.000000000000e-03
3.259240584856e+00 2.390251800713e+00 5.000000000000e-03
4.875509527274e+00 2.828745190358e+00 5.000000000000e-03
6.125339468850e+00 1.757937457556e+00 5.000000000000e-03
1.608495500087e+00 6.224870193330e+00 5.000000000000e-03
5.650034568938e+00 6.091096651738e-01 5.000000000000e-03
2.163778767466e+00 4.527302492194e+00 5.000000000000e-03
2.681522694099e+00 1.110964002833e+00 5.000000000000e-03
4.579826772461e+00 1.364720007422e+00 5.000000000000e-03
1.534630404590e+00 1.345308083408e-01 5.000000000000e-03
4.180805483772e+00 5.810782311850e+00 5.000000000000e-03
2.142949088310e+00 3.078593275148e+00 5.000000000000e-03
6.062986548058e+00 1.987928963679e+00 5.000000000000e-03
5.625181193936e+00 1.990580907025e+00 5.000000000000e-03
5.780485507970e+00 2.203979028785e+00 5.000000000000e-03
1.206319876777e+00 1.779009794107e+00 5.000000000000e-03
2.131656408876e+00 3.247251539484e+00 5.000000000000e-03
2.200926718923e+00 2.428331377374e+00 5.000000000000e-03
2.667103763772e+00 6.670800301873e-01 5.000000000000e-03
4.097476180710e+00 1.296102095996e+00 5.000000000000e-03
4.837424557435e+00 3.208561776081e+00 5.000000000000e-03
3.395291273915e+00 1.947484136439e+00 5.000000000000e-03
3.123296797066e+00 2.267888147256e+00 5.000000000000e-03
5.147014551703e+00 2.666770906445e+00 5.000000000000e-03
3.210552288743e+00 1.660566089931e+00 5.000000000000e-03
5.573116807891e+00 3.278936443729e+00 5.000000000000e-03
4.350527231191e+00 2.785057995385e+00 5.000000000000e-03
5.679292333412e+00 4.805264565708e+00 5.000000000000e-03
3.295588390426e+00 1.030867740791e+00 5.000000000000e-03
4.447039272912e+00 5.590013003084e+00 5.000000000000e-03
1.008448014567e+00 3.524186396279e+00 5.000000000000e-03
4.089043532634e+00 7.109545783067e-01 5.000000000000e-03
3.644617960566e+00 2.425356430102e+00 5.000000000000e-03
5.258443754541e+00 4.008568620499e+00 5.000000000000e-03
4.819192068194e+00 2.841639697212e+00 5.000000000000e-03
9.981070467343e-01 2.966227630719e+00 5.000000000000e-03
9.555313473373e-01 3.152702123934e+00 5.000000000000e-03
2.970607278277e+00 5.533063238722e+00 5.000000000000e-03
3.605681692020e+00 3.656067316495e+00 5.000000000000e-03
3.692004381753e+00 5.193165134098e+00 5.000000000000e-03
3.333688330609e+00 2.211997541500e+00 5.000000000000e-03
2.884792518308e+00 2.142904602176e+00 5.000000000000e-03
3.050091938878e+00 6.234389274987e+00 5.000000000000e-03
3.200756732527e+00 1.417518547866e+00 5.000000000000e-03
5.344067594866e+00 3.653042870458e+00 5.000000000000e-03
1.347796258323e+00 4.668235013100e-01 5.000000000000e-03
2.859177027369e+00 2.785571552242e+00 5.000000000000e-03
1.232262599535e+00 4.447694925720e+00 5.000000000000e-03
2.856974456985e+00 4.619990652049e-01 5.000000000000e-03
1.109540646263e+00 2.428299400879e+00 5.000000000000e-03
3.251722471917e+00 2.342937531742e+00 5.000000000000e-03
3.109581123875e+00 2.282404083678e+00 5.000000000000e-03
2.838463967176e+00 6.118956824035e+00 5.000000000000e-03
4.011387985684e+00 7.755620626095e-02 5.000000000000e-03
3.331348627590e+00 1.336775867257e+00 5.000000000000e-03
2.097985795772e+00 9.182003906951e-01 5.000000000000e-03
4.923974315611e+00 4.433323085012e+00 5.000000000000e-03
1.981958878227e+00 4.708206794133e+00 5.000000000000e-03
3.092383314070e+00 1.468751014549e+00 5.000000000000e-03
3.316619254898e+00 2.202692463255e+00 5.000000000000e-03
3.282668636185e+00 2.525110211573e+00 5.000000000000e-03
2.338465099832e+00 1.808489129678e+00 5.000000000000e-03
3.201431472458e+00 2.383406759047e+00 5.000000000000e-03
4.149450930175e+00 4.680829736805e+00 5.000000000000e-03
3.206992174552e+00 2.357611522198e+00 5.000000000000e-03
1.016579244712e+00 3.116109272681e+00 5.000000000000e-03
4.555756797187e+00 1.183484320593e+00 5.000000000000e-03
3.114634251923e+00 4.515881626648e+00 5.000000000000e-03
3.117609637266e+00 1.257412417888e+00 5.000000000000e-03
3.716381653060e+00 8.730915314385e-01 5.000000000000e-03
1.150046878362e+00 1.151001600963e+00 5.000000000000e-03
1.637063729976e+00 2.168840929791e+00 5.000000000000e-03
3.404890070999e+00 3.249316191138e+00 5.000000000000e-03
1.597860876451e+00 3.320768204940e+00 5.000000000000e-03
4.233732471894e+00 3.600526951009e-01 5.000000000000e-03
5.255324864044e+00 3.611393309489e+00 5.000000000000e-03
2.901115208238e+00 2.759680805895e+00 5.000000000000e-03
3.312798122515e+00 6.282965543541e+00 5.000000000000e-03
4.435903768117e+00 1.335569271672e+00 5.000000000000e-03
3.591955524909e+00 3.030341423996e+00 5.000000000000e-03
3.375775357772e+00 1.874986217205e+00 5.000000000000e-03
3.821289756690e+00 1.188304515330e+00 5.000000000000e-03
2.596682265288e+00 2.786148661541e+00 5.000000000000e-03
3.587164089601e+00 6.177765221036e+00 5.000000000000e-03
3.083766554118e+00 4.166603227345e+00 5.000000000000e-03
4.466778162848e-02 3.153960168623e+00 5.000000000000e-03
3.301577877042e+00 6.197318628052e+00 5.000000000000e-03
3.275421049696e+00 2.367671501566e+00 5.000000000000e-03
4.656092916213e-01 5.457564749079e+00 -5.000000000000e-03
6.257355969331e+00 1.409190445679e-01 -5.000000000000e-03
6.239645571195e+00 6.234593157530e+00 -5.000000000000e-03
1.114214897514e+00 6.149402360004e+00 -5.000000000000e-03
6.076875257959e+00 6.216127831141e+00 -5.000000000000e-03
5.987529291459e+00 5.455939858135e+00 -5.000000000000e-03
1.158239636992e+00 5.786288615312e+00 -5.000000000000e-03
9.775719887615e-01 2.332150089090e+00 -5.000000000000e-03
2.068998006701e+00 2.335149551990e-01 -5.000000000000e-03
2.354372573720e+00 1.453763375462e+00 -5.000000000000e-03
6.171069980665e+00 6.019422068501e+00 -5.000000000000e-03
7.575750461156e-01 6.034731289351e+00 -5.000000000000e-03
5.366869732527e+00 4.900684515869e+00 -5.000000000000e-03
1.204043695321e+00 4.139242296793e+00 -5.000000000000e-03
3.127209153038e+00 4.520158235171e-01 -5.000000000000e-03
4.840706336045e+00 3.476490822943e-01 -5.000000000000e-03
5.925056667138e+00 5.296596359110e+00 -5.000000000000e-03
1.221150797403e+00 6.522461887642e-01 -5.000000000000e-03
4.698196217032e+00 4.930436008554e+00 -5.000000000000e-03
4.794575199893e+00 2.534080554666e+00 -5.000000000000e-03
7.372796778860e-01 1.227934037817e+00 -5.000000000000e-03
5.254611049064e+00 1.665303794026e+00 -5.000000000000e-03
5.410071530298e+00 7.441229903002e-01 -5.000000000000e-03
2.285297974464e-01 3.371141586086e+00 -5.000000000000e-03
5.815100321620e+00 4.899606618190e+00 -5.000000000000e-03
3.106926259571e+00 5.254349865781e+00 -5.000000000000e-03
3.319840621065e-01 5.916914989462e+00 -5.000000000000e-03
6.046506223839e+00 3.174830410084e-01 -5.000000000000e-03
8.341456711914e-01 5.212442119481e+00 -5.000000000000e-03
4.526578419053e-01 8.558349319924e-01 -5.000000000000e-03
7.308872657844e-01 4.849882051657e+00 -5.000000000000e-03
5.471049223435e+00 6.210159054714e+00 -5.000000000000e-03
7.275759054827e-01 5.910399665617e+00 -5.000000000000e-03
6.170053099463e+00 6.134235990711e+00 -5.000000000000e-03
5.085213952417e+00 5.727019063260e+00 -5.000000000000e-03
5.852444931081e-01 5.810864756283e+00 -5.000000000000e-03
1.737642146344e+00 5.890928047313e+00 -5.000000000000e-03
6.287220635006e-01 5.449034742641e+00 -5.000000000000e-03
3.707674154414e+00 6.112442602848e-01 -5.000000000000e-03
3.200410137027e+00 4.874193928369e+00 -5.000000000000e-03
4.918374735123e+00 5.217886715885e+00 -5.000000000000e-03
6.185232511466e+00 5.801024510448e+00 -5.000000000000e-03
1.590633712171e+00 5.774820416857e+00 -5.000000000000e-03
6.113332473837e+00 6.094015382894e+00 -5.000000000000e-03
6.006680003008e-01 1.784161250440e+00 -5.000000000000e-03
5.544713888839e+00 5.231797930737e+00 -5.000000000000e-03
1.092704645282e+00 4.773289396817e+00 -5.000000000000e-03
5.635017654662e+00 5.910180770037e+00 -5.000000000000e-03
8.678557012575e-01 7.362365133903e-01 -5.000000000000e-03
1.214309544746e+00 1.293308570740e-01 -5.000000000000e-03
4.468603840247e+00 5.826605673705e+00 -5.000000000000e-03
8.938942889421e-01 6.271297488266e+00 -5.000000000000e-03
4.670042749715e-01 1.582465039143e-01 -5.000000000000e-03
6.430871808072e-01 5.824052478639e+00 -5.000000000000e-03
5.115184353902e+00 4.166968149694e-01 -5.000000000000e-03
1.626248027691e+00 3.001909091880e+00 -5.000000000000e-03
2.276817466853e+00 4.535091480494e+00 -5.000000000000e-03
5.117999124822e+00 4.958688530263e+00 -5.000000000000e-03
5.226696181320e-01 5.847946803410e+00 -5.000000000000e-03
3.197614001783e-02 5.714664909125e+00 -5.000000000000e-03
1.386015046116e+00 9.447984214264e-01 -5.000000000000e-03
5.064867865011e+00 4.520859658058e+00 -5.000000000000e-03
3.507301918534e+00 4.523509673003e+00 -5.000000000000e-03
3.344610346618e-01 6.246800597852e+00 -5.000000000000e-03
6.938009774264e-02 6.199901057560e+00 -5.000000000000e-03
4.060869486107e+00 5.800251750774e+00 -5.000000000000e-03
5.683114988570e+00 3.668758532012e-01 -5.000000000000e-03
2.944521716756e-01 3.734932275915e+00 -5.000000000000e-03
4.975824577274e+00 5.615545811890e+00 -5.000000000000e-03
2.818547337008e+00 4.042640382799e+00 -5.000000000000e-03
7.060985634792e-01 4.419990538532e-01 -5.000000000000e-03
6.166917811231e+00 5.810936999119e+00 -5.000000000000e-03
5.872133311526e-01 5.850235263171e+00 -5.000000000000e-03
4.964947409198e+00 5.617525589335e+00 -5.000000000000e-03
4.979163316549e+00 5.437785145674e-01 -5.000000000000e-03
4.734079476561e+00 4.963400474350e+00 -5.000000000000e-03
6.084970292064e+00 2.477497779119e+00 -5.000000000000e-03
5.766196212823e+00 5.468612140314e+00 -5.000000000000e-03
5.187622943777e+00 4.289566073792e+00 -5.000000000000e-03
1.332074139590e+00 5.563277973804e+00 -5.000000000000e-03
1.726918651884e+00 5.805726263442e+00 -5.000000000000e-03
1.939584968546e+00 2.123009796404e+00 -5.000000000000e-03
5.476516601776e+00 5.972193624600e+00 -5.000000000000e-03
6.079610690337e-01 2.944890582317e+00 -5.000000000000e-03
2.349356295202e+00 5.632663904608e+00 -5.000000000000e-03
1.429146551601e-02 3.663470643491e+00 -5.000000000000e-03
1.068329862343e+00 5.526537907345e+00 -5.000000000000e-03
3.449890054332e-01 1.127546915397e+00 -5.000000000000e-03
1.406985744228e+00 5.253857360931e+00 -5.000000000000e-03
5.508916799412e+00 1.299164218366e+00 -5.000000000000e-03
4.776077346024e+00 6.010964140518e+00 -5.000000000000e-03
8.517815888998e-01 1.452641358968e+00 -5.000000000000e-03
4.669380278058e+00 4.488381528159e-01 -5.000000000000e-03
5.910043304147e-01 4.928606588588e+00 -5.000000000000e-03
6.028888962314e+00 1.772501204035e-01 -5.000000000000e-03
1.339608724095e+00 5.937467368637e+00 -5.000000000000e-03
1.339762661833e+00 5.615374421242e+00 -5.000000000000e-03
4.805512452348e+00 4.393057998436e+00 -5.000000000000e-03
6.226647639781e+00 6.991639343164e-01 -5.000000000000e-03
7.919555721047e-01 6.043479388997e+00 -5.000000000000e-03
