4.249301627541e+00 3.424933322662e+00 5.000000000000e-03
1.417886196257e+00 2.212701462795e+00 5.000000000000e-03
1.464273706617e+00 4.580839932446e+00 5.000000000000e-03
3.568759797963e+00 2.074922498033e+00 5.000000000000e-03
4.710360218639e+00 3.129105976256e+00 5.000000000000e-03
1.101822980560e+00 4.385505758212e-01 5.000000000000e-03
3.913030813058e+00 2.081696596093e+00 5.000000000000e-03
3.940120139130e+00 2.928789958973e+00 5.000000000000e-03
3.689446457255e+00 3.146970107094e+00 5.000000000000e-03
1.731603444175e+00 1.727774186018e+00 5.000000000000e-03
6.264341256539e+00 3.055600158506e+00 5.000000000000e-03
4.963671587466e+00 3.177165419650e+00 5.000000000000e-03
4.457549703578e+00 2.818534312355e+00 5.000000000000e-03
4.354850159453e-01 2.172377763771e+00 5.000000000000e-03
6.002054080197e+00 2.949863335139e+00 5.000000000000e-03
4.598006487454e+00 3.658122975373e+00 5.000000000000e-03
1.989074174170e+00 1.456431119099e+00 5.000000000000e-03
1.868679265352e+00 5.059879873931e+00 5.000000000000e-03
4.792687345988e+00 1.359001829583e-01 5.000000000000e-03
3.955721428290e+00 3.082518373478e+00 5.000000000000e-03
3.947272307129e-01 2.027642672606e+00 5.000000000000e-03
1.284678159843e+00 2.900531386087e+00 5.000000000000e-03
2.023071473012e+00 3.366105501480e+00 5.000000000000e-03
4.319598612848e+00 1.682763541198e+00 5.000000000000e-03
5.423598012583e+00 2.768511576468e+00 5.000000000000e-03
3.568714884248e-01 3.510226249893e+00 5.000000000000e-03
4.286024766584e+00 4.946381137725e+00 5.000000000000e-03
4.401084673357e+00 4.358872227902e+00 5.000000000000e-03
4.583619978231e+00 4.582877197632e+00 5.000000000000e-03
1.885740633942e+00 2.187114111474e+00 5.000000000000e-03
3.212614055581e+00 4.852319581914e+00 5.000000000000e-03
1.838184558561e-01 2.043596156329e+00 5.000000000000e-03
2.382570977802e+00 2.925630103576e+00 5.000000000000e-03
3.247286645374e+00 7.874419094530e-01 5.000000000000e-03
5.322795024155e+00 3.370532100471e+00 5.000000000000e-03
1.629946347888e+00 5.113666297656e+00 5.000000000000e-03
5.363162538369e+00 2.591006647180e+00 5.000000000000e-03
2.344235042117e+00 3.583093052949e+00 5.000000000000e-03
2.734698535327e+00 2.947451732366e+00 5.000000000000e-03
5.999183545751e+00 8.899071425670e-01 5.000000000000e-03
4.580573847345e+00 2.622724909133e+00 5.000000000000e-03
2.849777128287e+00 3.483195275148e+00 5.000000000000e-03
5.454562402915e+00 3.136193682532e+00 5.000000000000e-03
2.117276770226e+00 4.591810337541e+00 5.000000000000e-03
5.156231838022e+00 1.572483986036e+00 5.000000000000e-03
5.789229700064e+00 1.924260363572e+00 5.000000000000e-03
3.939733705592e+00 4.467699511782e+00 5.000000000000e-03
4.748536114012e+00 4.610369908725e+00 5.000000000000e-03
5.045775832272e+00 2.794469815961e+00 5.000000000000e-03
2.580670021946e+00 1.412782950984e+00 5.000000000000e-03
2.715397196253e+00 3.555601617321e+00 5.000000000000e-03
3.073067808604e+00 2.136966198012e+00 5.000000000000e-03
7.285520850331e-01 2.862937213789e+00 5.000000000000e-03
4.250829600924e+00 2.954118495591e+00 5.000000000000e-03
5.110620091256e+00 2.658412721293e+00 5.000000000000e-03
3.411024573825e+00 1.568727206254e+00 5.000000000000e-03
2.327464849051e-01 3.903123897875e+00 5.000000000000e-03
6.187658022962e+00 9.289134346862e-01 5.000000000000e-03
3.657935804134e-01 4.951286001787e+00 5.000000000000e-03
2.130821377670e+00 1.130876806235e+00 5.000000000000e-03
5.708533335147e+00 3.063796017320e+00 5.000000000000e-03
2.646450566672e-01 3.106787991017e+00 5.000000000000e-03
2.868828937419e+00 2.916701545706e+00 5.000000000000e-03
5.906601671027e+00 2.331801239417e+00 5.000000000000e-03
5.353869370105e+00 3.179781241479e+00 5.000000000000e-03
5.454666971594e+00 3.321585434563e+00 5.000000000000e-03
1.643432057670e-01 3.498229125848e+00 5.000000000000e-03
3.115405093978e+00 2.217981416192e+00 5.000000000000e-03
2.703523763970e+00 2.764838134794e+00 5.000000000000e-03
1.036511240086e+00 9.821398914966e-01 5.000000000000e-03
6.003718316560e+00 9.227261188029e-01 5.000000000000e-03
1.485727502356e+00 5.623917719750e-01 5.000000000000e-03
5.342448014988e+00 2.624267859702e+00 5.000000000000e-03
4.364437008762e+00 3.274540696657e+00 5.000000000000e-03
5.411118601804e+00 5.015338197950e-01 5.000000000000e-03
4.681193130956e+00 4.776271794174e+00 5.000000000000e-03
5.389714882753e+00 3.367974344870e+00 5.000000000000e-03
2.367815943339e+00 4.515123724861e+00 5.000000000000e-03
4.343948811554e+00 2.071514450424e+00 5.000000000000e-03
3.833432354605e+00 2.785627798472e+00 5.000000000000e-03
4.942712391431e+00 4.898637272845e+00 5.000000000000e-03
2.322516664551e+00 4.633685564868e+00 5.000000000000e-03
4.153726928896e+00 3.294942285280e+00 5.000000000000e-03
1.736760113416e+00 2.808186684042e+00 5.000000000000e-03
4.514171838371e+00 2.345130681313e+00 5.000000000000e-03
5.733932757589e+00 2.035776723394e-01 5.000000000000e-03
3.876655633128e+00 2.861905191488e+00 5.000000000000e-03
7.897297795795e-01 8.945079558289e-01 5.000000000000e-03
6.142639274730e+00 1.437753579514e-01 5.000000000000e-03
5.339105649377e+00 4.993750841567e-01 5.000000000000e-03
1.104443058789e-01 3.358170533431e+00 5.000000000000e-03
1.154939356887e+00 2.769602728861e-01 5.000000000000e-03
5.695372247225e+00 1.677304796587e+00 5.000000000000e-03
3.385995247183e+00 3.127269130565e+00 5.000000000000e-03
5.020728103442e+00 5.544626756242e+00 5.000000000000e-03
5.840056008005e+00 1.345148229779e+00 5.000000000000e-03
2.085767525879e+00 3.941576509164e+00 5.000000000000e-03
6.164699353402e+00 6.245438808522e+00 5.000000000000e-03
4.679483338989e+00 4.903400754003e+00 5.000000000000e-03
3.706026638007e+00 1.578110126994e+00 5.000000000000e-03
2.301782609896e+00 6.678787763984e-01 -5.000000000000e-03
6.218944286379e+00 3.680151339697e+00 -5.000000000000e-03
3.330458535398e+00 2.419724493002e-01 -5.000000000000e-03
2.914818744477e+00 7.174508248157e-01 -5.000000000000e-03
2.997185821472e+00 2.343842748668e-01 -5.000000000000e-03
6.140617997908e+00 3.322553866528e+00 -5.000000000000e-03
2.826979434383e+00 5.901136129848e-01 -5.000000000000e-03
2.878315569841e+00 8.913878478132e-01 -5.000000000000e-03
1.325853381400e+00 4.151972244458e+00 -5.000000000000e-03
3.139396961969e+00 4.095033119854e-01 -5.000000000000e-03
1.995260973673e+00 2.266644797678e+00 -5.000000000000e-03
5.024928454335e-01 4.608755690109e+00 -5.000000000000e-03
4.037169121058e+00 2.144438809315e-01 -5.000000000000e-03
7.042779212972e-01 5.243600563205e+00 -5.000000000000e-03
1.106835601996e+00 6.316921452680e-01 -5.000000000000e-03
3.856025819407e-01 5.997605863980e+00 -5.000000000000e-03
2.721960110490e+00 4.285714316855e+00 -5.000000000000e-03
3.349737668893e+00 2.619416895984e+00 -5.000000000000e-03
4.921437909125e+00 5.410622247029e+00 -5.000000000000e-03
2.534863391341e+00 2.132893018616e+00 -5.000000000000e-03
6.183847932704e+00 4.948331798914e+00 -5.000000000000e-03
5.451804242373e-01 3.988503035450e+00 -5.000000000000e-03
4.102638967512e+00 1.225303205966e+00 -5.000000000000e-03
2.973170443006e+00 6.556862454882e-01 -5.000000000000e-03
4.072086394197e+00 6.144151090910e+00 -5.000000000000e-03
6.465043438554e-01 1.240703339391e-01 -5.000000000000e-03
5.509622496592e+00 4.440867470023e+00 -5.000000000000e-03
3.519572002436e-01 4.279525060729e+00 -5.000000000000e-03
7.127109685715e-01 1.400710451492e+00 -5.000000000000e-03
5.280791783479e-01 2.900178430844e+00 -5.000000000000e-03
3.748838622695e+00 5.806720424409e+00 -5.000000000000e-03
3.445867392112e+00 4.882296067843e+00 -5.000000000000e-03
2.286542636629e-01 5.738603682431e+00 -5.000000000000e-03
2.847673252345e+00 5.968362859002e+00 -5.000000000000e-03
5.736096489385e+00 2.533722491001e+00 -5.000000000000e-03
4.261079152707e+00 2.509336393153e-02 -5.000000000000e-03
3.005791623967e+00 6.962560175233e-01 -5.000000000000e-03
2.134449786924e+00 5.575014766615e+00 -5.000000000000e-03
2.699993970571e+00 8.793765031730e-01 -5.000000000000e-03
2.471477468656e+00 2.282302048359e+00 -5.000000000000e-03
4.835630908236e+00 8.016446308567e-01 -5.000000000000e-03
1.010598730059e+00 3.653204094920e+00 -5.000000000000e-03
4.893464487225e+00 5.415012409240e+00 -5.000000000000e-03
2.577065467197e-01 5.860998872772e+00 -5.000000000000e-03
2.172133305536e+00 3.058548729232e-01 -5.000000000000e-03
4.100291552880e+00 1.781022512304e-01 -5.000000000000e-03
2.803842907886e+00 6.327117544633e-01 -5.000000000000e-03
6.270687202618e+00 4.846599666474e+00 -5.000000000000e-03
2.991800836643e+00 6.607668918259e-02 -5.000000000000e-03
5.413367472566e+00 4.014752286211e+00 -5.000000000000e-03
8.150588907285e-01 5.305692680376e+00 -5.000000000000e-03
4.352509309151e+00 5.332210091143e+00 -5.000000000000e-03
5.230721935775e-01 1.886912855370e+00 -5.000000000000e-03
2.871431427769e+00 5.932733205453e+00 -5.000000000000e-03
2.715126791956e+00 6.823441175663e-01 -5.000000000000e-03
1.750074669038e+00 7.723392124098e-01 -5.000000000000e-03
3.047786287272e+00 4.628889809783e-01 -5.000000000000e-03
3.792823972577e-01 2.594682408705e+00 -5.000000000000e-03
6.334912085125e-01 4.488833989873e+00 -5.000000000000e-03
5.335851559321e+00 1.642032072232e-01 -5.000000000000e-03
5.074146885836e+00 4.096935870388e+00 -5.000000000000e-03
4.671576581097e+00 7.641655981060e-01 -5.000000000000e-03
2.287587671485e+00 5.143649452755e+00 -5.000000000000e-03
1.817055246673e+00 2.512585465595e+00 -5.000000000000e-03
2.367453403949e+00 4.040056394653e+00 -5.000000000000e-03
3.663282196325e+00 4.289083956155e+00 -5.000000000000e-03
4.105562802186e+00 6.062310603856e+00 -5.000000000000e-03
2.689227653051e-01 5.635644883577e+00 -5.000000000000e-03
6.171965734662e+00 5.426978438743e+00 -5.000000000000e-03
5.698583104140e+00 5.716026164198e-01 -5.000000000000e-03
1.772853969546e+00 2.988095110541e-01 -5.000000000000e-03
2.162970829887e+00 2.780300490254e+00 -5.000000000000e-03
2.071408420255e+00 5.657789748955e+00 -5.000000000000e-03
5.848940955082e-01 9.386891925271e-01 -5.000000000000e-03
4.184621735244e+00 5.636387988553e+00 -5.000000000000e-03
5.359593940104e+00 5.819503154422e+00 -5.000000000000e-03
4.968582226116e+00 6.002714639014e+00 -5.000000000000e-03
3.969210937050e+00 5.110849718531e+00 -5.000000000000e-03
5.409656207809e+00 5.555750426337e+00 -5.000000000000e-03
2.401508508207e+00 6.045631253769e+00 -5.000000000000e-03
3.878092186823e+00 5.240393136399e+00 -5.000000000000e-03
5.109605066429e-01 4.606818771260e+00 -5.000000000000e-03
1.767139086456e-01 5.553518336977e+00 -5.000000000000e-03
3.337478516451e+00 2.049897280658e-01 -5.000000000000e-03
2.787690467115e+00 4.052934547938e-01 -5.000000000000e-03
3.736819796803e+00 2.280345782329e+00 -5.000000000000e-03
5.016748295838e+00 5.783776986086e+00 -5.000000000000e-03
5.082251805240e+00 4.063309880817e-01 -5.000000000000e-03
3.343323631781e-01 5.802175849463e+00 -5.000000000000e-03
2.228996870011e+00 8.002182651697e-01 -5.000000000000e-03
2.481257632983e+00 5.813938691373e+00 -5.000000000000e-03
2.997943706032e+00 5.926483284999e+00 -5.000000000000e-03
2.237878912089e+00 6.213169039938e+00 -5.000000000000e-03
3.435408306907e+00 1.768967886084e+00 -5.000000000000e-03
3.760753774203e+00 5.312130837158e+00 -5.000000000000e-03
2.148355131654e-01 6.176347179436e+00 -5.000000000000e-03
4.386224216381e+00 7.932078539553e-01 -5.000000000000e-03
3.214651582487e+00 4.694099843488e+00 -5.000000000000e-03
1.270977956082e+00 2.988619583445e-02 -5.000000000000e-03
3.052700340237e+00 5.135380450993e+00 -5.000000000000e-03
