2.148455215147e+00 2.343981714242e+00 5.000000000000e-03
3.962752357154e+00 4.506859379809e+00 5.000000000000e-03
5.743281411594e+00 3.491693213530e+00 5.000000000000e-03
4.775401124097e+00 4.649072408983e+00 5.000000000000e-03
1.095692935225e+00 1.518984797725e+00 5.000000000000e-03
2.795939091645e+00 5.655822570956e+00 5.000000000000e-03
1.906732993106e+00 1.816304092146e-01 5.000000000000e-03
5.026258993239e+00 1.842841652302e-01 5.000000000000e-03
2.367630128455e+00 4.041397497258e+00 5.000000000000e-03
2.703848223520e+00 4.787477529340e+00 5.000000000000e-03
2.953236655452e+00 1.387916457163e+00 5.000000000000e-03
2.318761463624e+00 5.598779068688e+00 5.000000000000e-03
4.702298939851e+00 4.748345211696e+00 5.000000000000e-03
1.188679069493e+00 4.664458818977e+00 5.000000000000e-03
3.875225712486e+00 9.299442719766e-01 5.000000000000e-03
2.766149581198e+00 2.466696645570e+00 5.000000000000e-03
4.931772918336e+00 3.606920295828e+00 5.000000000000e-03
3.019274817504e+00 7.912631251856e-01 5.000000000000e-03
5.255326208923e+00 7.352788408679e-01 5.000000000000e-03
4.990908364712e+00 2.391277269385e+00 5.000000000000e-03
3.806616313400e+00 4.611839786433e+00 5.000000000000e-03
3.609417146236e+00 5.834263985262e+00 5.000000000000e-03
4.903595197010e+00 8.508355342278e-01 5.000000000000e-03
4.502480258947e+00 2.453677566751e+00 5.000000000000e-03
3.237114444781e+00 1.741785209871e+00 5.000000000000e-03
3.065122763196e+00 2.693967641810e+00 5.000000000000e-03
8.016458289739e-01 2.249721962647e+00 5.000000000000e-03
5.861964559467e-02 3.156073524510e+00 5.000000000000e-03
3.840157230872e+00 1.213412383576e+00 5.000000000000e-03
3.020377721028e+00 2.479519250139e+00 5.000000000000e-03
4.992956537051e+00 3.179155869007e+00 5.000000000000e-03
1.843239996718e+00 1.153834118194e+00 5.000000000000e-03
3.718833484383e+00 6.031739332388e+00 5.000000000000e-03
3.883000916521e+00 5.566661783662e-01 5.000000000000e-03
4.332859877882e+00 3.568625706777e+00 5.000000000000e-03
3.946479665099e+00 1.257790461015e+00 5.000000000000e-03
1.827427829565e+00 4.359304299889e+00 5.000000000000e-03
2.987375741072e+00 2.722930896347e+00 5.000000000000e-03
4.349877651320e+00 2.796491005078e+00 5.000000000000e-03
3.185620068182e+00 1.721481403558e+00 5.000000000000e-03
2.312413970427e+00 1.142995566437e+00 5.000000000000e-03
5.259992224827e+00 2.891346724399e+00 5.000000000000e-03
3.460617185920e+00 2.874295223297e+00 5.000000000000e-03
3.744844859874e+00 4.712866721430e+00 5.000000000000e-03
3.906830875314e+00 1.358083253835e+00 5.000000000000e-03
2.916488960059e+00 1.745350060878e+00 5.000000000000e-03
2.997220041233e+00 2.810695637738e+00 5.000000000000e-03
5.752408108878e+00 5.970817153806e+00 5.000000000000e-03
4.433288137237e+00 1.805372927556e+00 5.000000000000e-03
3.187037751733e+00 3.163117662973e+00 5.000000000000e-03
2.676380549124e+00 1.341116988859e+00 5.000000000000e-03
3.146856765688e+00 9.577908947419e-01 5.000000000000e-03
4.472565560129e+00 3.723304881600e+00 5.000000000000e-03
4.498600748585e+00 1.737577516813e+00 5.000000000000e-03
4.215200126901e+00 1.550822400578e+00 5.000000000000e-03
2.833237752812e+00 4.811644040450e+00 5.000000000000e-03
2.899840950212e+00 1.994851074244e+00 5.000000000000e-03
2.163137659539e+00 6.840837736694e-01 5.000000000000e-03
1.189685143712e+00 5.429486106179e+00 5.000000000000e-03
2.912726179503e+00 1.785017579152e+00 5.000000000000e-03
3.423234719816e+00 3.206063125989e+00 5.000000000000e-03
2.923419214374e+00 4.081088034001e+00 5.000000000000e-03
5.042854202107e+00 3.342714080566e-01 5.000000000000e-03
4.163095749126e+00 3.379514066773e-01 5.000000000000e-03
2.316024311881e+00 5.970980809482e+00 5.000000000000e-03
4.963389842585e+00 3.237898817366e+00 5.000000000000e-03
3.538397339391e+00 3.443183025578e+00 5.000000000000e-03
1.901668647519e+00 2.309366397172e+00 5.000000000000e-03
3.426744883288e+00 7.276156211871e-01 5.000000000000e-03
3.852303677552e+00 3.338325713632e+00 5.000000000000e-03
1.162646529073e+00 5.984910802629e+00 5.000000000000e-03
3.837624319928e+00 1.299627749373e+00 5.000000000000e-03
5.400552806261e+00 4.198808315240e+00 5.000000000000e-03
3.344807724069e+00 3.322810627909e+00 5.000000000000e-03
2.519635435907e+00 1.258713359003e+00 5.000000000000e-03
3.469136359342e+00 3.318152158745e+00 5.000000000000e-03
3.194068658266e+00 1.999766327435e+00 5.000000000000e-03
3.723818772256e+00 1.693742532246e+00 5.000000000000e-03
2.317645604256e+00 2.250478963035e+00 5.000000000000e-03
1.250765455041e+00 2.774612451239e+00 5.000000000000e-03
3.060337582263e+00 3.936626341850e+00 5.000000000000e-03
3.490117136892e+00 2.748244254145e+00 5.000000000000e-03
5.908292636584e+00 3.209608785909e+00 5.000000000000e-03
5.234803398516e+00 2.478216309642e+00 5.000000000000e-03
3.598884562033e+00 2.059755510435e+00 5.000000000000e-03
3.011129018114e+00 8.125336377679e-01 5.000000000000e-03
3.010552434285e+00 3.758726696750e-01 5.000000000000e-03
2.304047722816e+00 5.326525370547e+00 5.000000000000e-03
3.297588411810e+00 1.999264272607e+00 5.000000000000e-03
2.940028743892e+00 3.761116936010e+00 5.000000000000e-03
3.584432922775e+00 5.856595378364e+00 5.000000000000e-03
2.756463378935e+00 1.510269364301e+00 5.000000000000e-03
4.405711120284e+00 1.669182165063e+00 5.000000000000e-03
3.597530826434e+00 4.531284852032e+00 5.000000000000e-03
3.488144275811e+00 3.463777942012e+00 5.000000000000e-03
4.936109828899e+00 3.127973568422e+00 5.000000000000e-03
2.686932105566e+00 1.826023735877e+00 5.000000000000e-03
2.634996646888e+00 3.781989231939e+00 5.000000000000e-03
2.603568139658e+00 1.754512489522e+00 5.000000000000e-03
2.448081494197e+00 3.770989833358e+00 5.000000000000e-03
3.161666323972e+00 1.182791371953e-01 -5.000000000000e-03
5.260172590947e-01 1.407728303350e+00 -5.000000000000e-03
1.690462446000e+00 1.121158656434e+00 -5.000000000000e-03
1.868520084666e+00 3.629035599478e+00 -5.000000000000e-03
5.093586509512e+00 5.190778390917e+00 -5.000000000000e-03
5.509706803932e+00 1.479300280966e+00 -5.000000000000e-03
3.682428460409e+00 6.170779910695e+00 -5.000000000000e-03
5.661817331702e+00 1.597885858276e+00 -5.000000000000e-03
4.525988002855e+00 4.349500532935e-01 -5.000000000000e-03
6.001000593840e+00 4.976995679416e+00 -5.000000000000e-03
1.508115169546e+00 3.488497147530e+00 -5.000000000000e-03
5.564128460263e+00 1.238143609583e-01 -5.000000000000e-03
4.239860949652e+00 6.184521888894e+00 -5.000000000000e-03
7.455730732845e-01 1.533672831796e+00 -5.000000000000e-03
3.192005951936e+00 5.228215615496e+00 -5.000000000000e-03
4.664234446258e+00 7.261703410659e-01 -5.000000000000e-03
3.112272764739e-01 5.128787489343e+00 -5.000000000000e-03
5.278829523940e+00 5.182352881506e+00 -5.000000000000e-03
5.584317519820e+00 5.193241590802e+00 -5.000000000000e-03
4.036346985213e+00 9.500617312693e-01 -5.000000000000e-03
4.409829832674e+00 2.172552583314e-01 -5.000000000000e-03
6.105786862966e+00 3.711415985283e+00 -5.000000000000e-03
2.895204475006e-01 4.860264742619e+00 -5.000000000000e-03
5.266818735199e+00 5.028419002318e+00 -5.000000000000e-03
6.206726801060e+00 5.211187688000e+00 -5.000000000000e-03
4.473702436963e+00 6.185565767440e+00 -5.000000000000e-03
5.614280049207e+00 5.203604062781e+00 -5.000000000000e-03
5.867257739537e+00 1.295247643254e+00 -5.000000000000e-03
5.270948022723e+00 3.283647678945e-01 -5.000000000000e-03
2.512218716181e-02 4.387659618669e+00 -5.000000000000e-03
4.275788336371e+00 6.080946861482e+00 -5.000000000000e-03
1.383643583467e+00 1.287294519907e+00 -5.000000000000e-03
5.024446429817e+00 5.351352344642e+00 -5.000000000000e-03
7.111169441070e-02 1.433095369598e+00 -5.000000000000e-03
6.056612445307e+00 1.015818012199e+00 -5.000000000000e-03
6.057952354480e+00 5.715135688507e-01 -5.000000000000e-03
1.947910691511e+00 3.257104122962e+00 -5.000000000000e-03
1.430746263436e+00 4.412613058431e+00 -5.000000000000e-03
5.272745862392e+00 5.026811826606e+00 -5.000000000000e-03
5.256130417354e+00 4.606096514494e+00 -5.000000000000e-03
3.387894249508e+00 5.335138319307e+00 -5.000000000000e-03
5.249268677466e+00 3.033499611809e-01 -5.000000000000e-03
6.800459883583e-01 4.572057670100e-01 -5.000000000000e-03
1.547283745874e+00 5.304502659719e+00 -5.000000000000e-03
5.393559528839e+00 5.198215038834e+00 -5.000000000000e-03
5.088648362768e+00 6.231735012547e+00 -5.000000000000e-03
5.187844172368e+00 1.717979582938e+00 -5.000000000000e-03
1.238802734716e+00 1.774685383216e+00 -5.000000000000e-03
9.780239042273e-01 5.911499794847e+00 -5.000000000000e-03
6.681027920467e-01 1.429181886891e-01 -5.000000000000e-03
6.167578626797e+00 4.829922373718e+00 -5.000000000000e-03
4.198527330014e-01 2.921226407269e+00 -5.000000000000e-03
3.089771418343e+00 1.686231454791e-01 -5.000000000000e-03
1.015925073652e+00 5.993702342217e+00 -5.000000000000e-03
5.580313183662e+00 1.395074203892e+00 -5.000000000000e-03
5.623119995703e+00 5.326172211386e+00 -5.000000000000e-03
3.754053008876e+00 7.352557466862e-01 -5.000000000000e-03
2.220221921424e+00 4.150753011191e+00 -5.000000000000e-03
1.355584110831e+00 2.083617980762e+00 -5.000000000000e-03
4.398765484766e+00 6.077251850071e+00 -5.000000000000e-03
5.378093245289e+00 5.283198324922e+00 -5.000000000000e-03
5.498252778823e+00 5.467833571855e+00 -5.000000000000e-03
3.963549354425e+00 2.119211798098e-01 -5.000000000000e-03
5.084062048538e+00 7.515021689713e-01 -5.000000000000e-03
2.686929901279e-01 6.083499579529e+00 -5.000000000000e-03
3.480295087317e+00 5.659397899336e+00 -5.000000000000e-03
1.824527801788e+00 5.227235924866e+00 -5.000000000000e-03
1.956687225460e+00 4.769610564507e+00 -5.000000000000e-03
1.903095605007e+00 3.770605784145e+00 -5.000000000000e-03
1.039257545556e+00 3.802268880220e+00 -5.000000000000e-03
1.652539346794e+00 2.375327779422e+00 -5.000000000000e-03
1.046906036934e+00 4.913350803859e+00 -5.000000000000e-03
3.852021327714e-01 4.819938544492e+00 -5.000000000000e-03
1.408173428346e-02 3.971610449803e+00 -5.000000000000e-03
1.389944583056e+00 3.320983747814e+00 -5.000000000000e-03
5.852527553668e+00 1.470999366140e+00 -5.000000000000e-03
1.883740125847e-01 5.637316412298e+00 -5.000000000000e-03
3.080218257056e+00 5.452727503790e+00 -5.000000000000e-03
5.032708122848e+00 5.622181181550e+00 -5.000000000000e-03
5.716704564944e+00 5.203167603012e+00 -5.000000000000e-03
5.587347276260e+00 3.297211248409e+00 -5.000000000000e-03
5.569718426437e+00 3.815241709631e+00 -5.000000000000e-03
1.418643578177e+00 8.916062554036e-01 -5.000000000000e-03
1.534524078122e+00 5.157139211716e+00 -5.000000000000e-03
5.340960138368e+00 5.080413309456e+00 -5.000000000000e-03
1.800522661197e+00 4.846170617192e+00 -5.000000000000e-03
5.600098789677e+00 3.465165635865e+00 -5.000000000000e-03
1.734998552612e-01 6.774160587284e-01 -5.000000000000e-03
3.873747821487e-01 3.956665271420e+00 -5.000000000000e-03
1.465482928709e+00 3.482032710190e+00 -5.000000000000e-03
2.087438494169e+00 4.636594064058e+00 -5.000000000000e-03
5.327216924528e+00 2.298796690003e+00 -5.000000000000e-03
4.734445644288e+00 5.408845375739e+00 -5.000000000000e-03
1.112946528958e+00 3.506269505793e+00 -5.000000000000e-03
1.588231653462e+00 6.213142998775e+00 -5.000000000000e-03
3.507063095994e+00 2.298714856538e+00 -5.000000000000e-03
2.768517057460e+00 3.190079010726e+00 -5.000000000000e-03
7.722523675607e-01 5.952004765715e+00 -5.000000000000e-03
3.065661545208e+00 4.941791618825e-02 -5.000000000000e-03
6.039800127866e+00 6.100706896237e+00 -5.000000000000e-03
