4.361487336413e+00 6.267522208218e+00 5.000000000000e-03
3.728778067499e+00 1.887469664403e-01 5.000000000000e-03
3.501746295094e+00 1.759043636103e+00 5.000000000000e-03
2.419848093820e+00 1.950390954401e+00 5.000000000000e-03
1.944117819657e+00 1.984474034518e+00 5.000000000000e-03
2.662114874329e+00 4.281249755757e+00 5.000000000000e-03
1.049984112612e+00 5.439574750108e+00 5.000000000000e-03
1.338988513677e+00 3.516910799141e+00 5.000000000000e-03
2.818602740433e+00 2.499903042201e+00 5.000000000000e-03
6.412514053438e-01 5.614490740858e+00 5.000000000000e-03
1.431983271650e+00 2.463388962772e-01 5.000000000000e-03
2.741509188438e+00 1.863618908274e+00 5.000000000000e-03
3.113890864467e+00 2.158416486133e+00 5.000000000000e-03
1.269541377186e+00 2.559792892653e+00 5.000000000000e-03
4.038800148921e+00 3.791072753808e+00 5.000000000000e-03
1.846958115002e+00 3.357889854240e+00 5.000000000000e-03
3.447932572999e+00 5.272773790624e+00 5.000000000000e-03
1.087120272022e+00 2.353601648884e+00 5.000000000000e-03
2.298568016698e+00 4.419232345444e-01 5.000000000000e-03
3.598630882632e+00 1.178575356726e+00 5.000000000000e-03
2.144126764022e+00 1.123060833684e+00 5.000000000000e-03
1.342412832297e-02 2.918564636451e+00 5.000000000000e-03
4.319891879110e+00 7.384077987734e-01 5.000000000000e-03
1.112242946278e+00 2.892969830280e+00 5.000000000000e-03
1.476913776948e+00 3.507815495714e+00 5.000000000000e-03
2.792487049632e+00 2.614829120598e+00 5.000000000000e-03
2.435610249191e+00 4.737214429605e+00 5.000000000000e-03
1.894957307248e+00 4.315511868549e+00 5.000000000000e-03
4.912301560190e+00 5.316277230660e+00 5.000000000000e-03
1.520894767626e+00 7.025642954855e-01 5.000000000000e-03
1.815124949869e+00 5.039723423852e+00 5.000000000000e-03
9.222167432293e-01 1.077933198653e+00 5.000000000000e-03
3.331016840394e+00 4.642327862607e-01 5.000000000000e-03
3.882333550198e+00 4.167995312288e+00 5.000000000000e-03
2.783313825394e+00 1.352852956671e+00 5.000000000000e-03
4.411391246457e+00 1.621626728709e+00 5.000000000000e-03
3.048627509527e+00 2.206187575776e+00 5.000000000000e-03
8.463917282553e-01 6.160061495925e+00 5.000000000000e-03
1.272424832323e+00 3.442969046474e+00 5.000000000000e-03
1.366401748434e+00 1.697958509043e+00 5.000000000000e-03
2.856071136893e+00 1.286148023884e+00 5.000000000000e-03
4.169393255553e-02 5.835519888646e-01 5.000000000000e-03
2.726639817406e+00 1.790527226828e+00 5.000000000000e-03
9.084010152490e-01 1.269193411324e+00 5.000000000000e-03
2.157283374342e+00 1.137585597533e+00 5.000000000000e-03
2.257839386425e+00 5.048939984215e+00 5.000000000000e-03
2.434309036547e+00 1.988024844465e+00 5.000000000000e-03
1.460142850420e+00 5.992046319546e-01 5.000000000000e-03
1.811959014624e+00 4.457269695771e-01 5.000000000000e-03
6.134179256163e+00 2.125994744501e+00 5.000000000000e-03
2.077650283368e+00 1.917018166291e+00 5.000000000000e-03
2.072519396436e+00 4.260978035964e+00 5.000000000000e-03
5.404832506087e+00 5.058185857736e+00 5.000000000000e-03
3.145394937025e+00 2.654554964465e+00 5.000000000000e-03
1.518568119196e+00 2.332814687884e-01 5.000000000000e-03
4.509816094864e+00 4.402569614369e+00 5.000000000000e-03
3.205416766376e+00 1.867697312558e+00 5.000000000000e-03
1.161118618177e+00 3.920271952021e-02 5.000000000000e-03
2.866308045625e+00 2.668301464278e+00 5.000000000000e-03
5.096805918324e+00 2.969688125309e+00 5.000000000000e-03
1.948997358419e-01 2.203550510721e+00 5.000000000000e-03
2.050047110192e+00 5.682585317421e+00 5.000000000000e-03
8.514357168326e-01 2.399743523067e+00 5.000000000000e-03
2.176507493841e+00 2.216894625944e+00 5.000000000000e-03
2.912336041582e+00 1.461239885383e+00 5.000000000000e-03
4.360562921399e+00 3.743340746844e+00 5.000000000000e-03
2.882789718209e+00 5.563028528883e+00 5.000000000000e-03
1.588310698054e+00 2.078431982022e+00 5.000000000000e-03
3.051335983988e+00 1.815754178913e+00 5.000000000000e-03
1.519040142878e+00 3.517178254483e+00 5.000000000000e-03
1.359199076072e+00 1.730271354081e+00 5.000000000000e-03
1.414785068725e+00 5.504624247746e+00 5.000000000000e-03
3.028754125547e+00 2.242305761751e+00 5.000000000000e-03
4.940872694318e+00 1.945739245023e+00 5.000000000000e-03
6.247838789449e+00 1.636568330078e+00 5.000000000000e-03
1.359018707603e+00 3.991338733140e-01 5.000000000000e-03
2.911955809122e+00 2.556817492669e+00 5.000000000000e-03
2.788596495378e+00 1.251905551459e+00 5.000000000000e-03
4.703525546552e+00 1.722575401561e+00 5.000000000000e-03
3.157006884226e+00 1.720098951636e+00 5.000000000000e-03
3.411825748560e+00 1.087661917283e+00 5.000000000000e-03
3.207999736564e+00 1.534711705678e+00 5.000000000000e-03
4.475949324013e+00 5.020516905823e+00 5.000000000000e-03
3.047381230296e+00 3.630972171607e+00 5.000000000000e-03
3.913318637666e+00 3.721933540643e-01 5.000000000000e-03
2.321611519851e-01 4.640820684947e+00 5.000000000000e-03
2.815174207497e+00 3.714450313628e+00 5.000000000000e-03
1.298991413201e+00 5.012069034296e+00 5.000000000000e-03
4.080887080960e+00 1.573443239463e+00 5.000000000000e-03
2.213828866321e+00 4.363226085714e+00 5.000000000000e-03
4.533075942050e+00 1.264237807783e+00 5.000000000000e-03
5.882988770423e-01 1.264465449843e+00 5.000000000000e-03
1.971799883908e+00 4.534174439117e+00 5.000000000000e-03
2.734180249089e+00 5.989086908613e+00 5.000000000000e-03
2.845313667222e+00 8.109828968828e-02 5.000000000000e-03
2.256243906747e+00 3.741246303843e+00 5.000000000000e-03
2.887649432476e+00 4.989155916586e+00 5.000000000000e-03
3.518942005772e+00 5.844234456644e+00 5.000000000000e-03
2.054967692715e+00 4.722386031118e+00 5.000000000000e-03
3.925073578989e+00 2.930447192165e+00 5.000000000000e-03
5.248121044892e-01 7.269993968171e-01 -5.000000000000e-03
4.972131406731e+00 2.927849821926e+00 -5.000000000000e-03
4.752751113626e+00 4.262847391843e+00 -5.000000000000e-03
5.600185512333e+00 3.892434643886e+00 -5.000000000000e-03
1.486890991488e+00 2.964628252243e+00 -5.000000000000e-03
6.114757404475e+00 9.561128319964e-01 -5.000000000000e-03
5.189769990146e+00 3.822711027796e-01 -5.000000000000e-03
4.995400243320e+00 3.471388942854e+00 -5.000000000000e-03
1.575331888397e+00 3.306631250460e+00 -5.000000000000e-03
2.335387608751e-01 3.968388664366e+00 -5.000000000000e-03
5.438770478511e+00 4.247524620903e+00 -5.000000000000e-03
4.350057198601e+00 3.325884354570e+00 -5.000000000000e-03
4.320267561536e+00 5.452647115401e+00 -5.000000000000e-03
4.242542185622e+00 2.392195718364e+00 -5.000000000000e-03
1.206892011081e+00 5.738067326799e+00 -5.000000000000e-03
1.139665087555e-01 5.532794758560e+00 -5.000000000000e-03
6.046386390508e+00 3.926050287909e+00 -5.000000000000e-03
4.787913353703e+00 4.448902036188e+00 -5.000000000000e-03
3.109279409609e+00 5.728942185597e+00 -5.000000000000e-03
9.176459659782e-01 4.001476352130e+00 -5.000000000000e-03
4.045998048844e+00 4.449876327520e+00 -5.000000000000e-03
3.864147287762e+00 5.853165754533e+00 -5.000000000000e-03
3.065344555365e+00 5.965270305809e+00 -5.000000000000e-03
5.260726147675e+00 4.734111405912e-01 -5.000000000000e-03
5.319098658199e+00 3.611357863165e+00 -5.000000000000e-03
3.071429534414e+00 4.193839236312e-01 -5.000000000000e-03
5.590950133995e+00 4.469710364244e+00 -5.000000000000e-03
4.905478704634e+00 4.353289870315e+00 -5.000000000000e-03
3.800523368308e+00 1.299345490965e+00 -5.000000000000e-03
3.736176977005e-01 4.097715190204e+00 -5.000000000000e-03
4.586723705349e+00 3.380761076100e+00 -5.000000000000e-03
4.522755204079e+00 2.768844313695e+00 -5.000000000000e-03
3.463295652715e+00 2.069295197304e+00 -5.000000000000e-03
5.708850907872e-01 4.020186159416e+00 -5.000000000000e-03
6.167417379613e+00 3.800772498485e+00 -5.000000000000e-03
3.565187696885e+00 2.228766690400e+00 -5.000000000000e-03
1.131854335531e+00 4.066226009377e+00 -5.000000000000e-03
4.558671069493e+00 1.376673728823e+00 -5.000000000000e-03
1.129618128108e+00 4.250276203223e+00 -5.000000000000e-03
4.358870465175e+00 2.093671621515e+00 -5.000000000000e-03
5.941935117856e+00 4.305649304609e+00 -5.000000000000e-03
5.004210701392e-01 2.781810180680e+00 -5.000000000000e-03
5.337182854442e+00 1.862176554619e+00 -5.000000000000e-03
5.830825820142e+00 5.877921125274e+00 -5.000000000000e-03
3.309144659922e-01 1.954973076623e+00 -5.000000000000e-03
6.759776345235e-01 1.935952692206e+00 -5.000000000000e-03
7.707914892855e-03 6.165879952173e+00 -5.000000000000e-03
2.078283605420e-01 5.633524358644e+00 -5.000000000000e-03
2.982567178470e-01 1.719854319241e+00 -5.000000000000e-03
5.355454480908e+00 4.671847308838e+00 -5.000000000000e-03
5.160582960696e+00 3.416167485413e+00 -5.000000000000e-03
4.681108280416e+00 2.246484736997e+00 -5.000000000000e-03
5.981139525840e+00 4.650026667177e+00 -5.000000000000e-03
9.505522048356e-01 4.117381401346e+00 -5.000000000000e-03
5.773224488968e+00 5.323673840106e+00 -5.000000000000e-03
3.426239204589e+00 2.147137747717e+00 -5.000000000000e-03
4.843174011153e+00 4.793748251122e+00 -5.000000000000e-03
8.984533716117e-01 1.698874805973e+00 -5.000000000000e-03
5.956512567092e+00 4.053508440188e+00 -5.000000000000e-03
5.832261547826e+00 4.164383183777e+00 -5.000000000000e-03
5.888164390405e+00 1.404380850268e+00 -5.000000000000e-03
4.661407465216e+00 5.888717810542e-02 -5.000000000000e-03
4.393822872177e+00 2.650463423766e+00 -5.000000000000e-03
6.005838199912e+00 5.054278209823e+00 -5.000000000000e-03
4.432549412718e+00 1.921634869528e+00 -5.000000000000e-03
1.092353629222e+00 6.204647320449e+00 -5.000000000000e-03
5.012719129473e+00 3.610179848102e+00 -5.000000000000e-03
2.364479673851e+00 2.817775997392e+00 -5.000000000000e-03
5.237396887775e+00 5.094279227767e-01 -5.000000000000e-03
5.596872508479e+00 3.776449082562e+00 -5.000000000000e-03
4.043175485103e+00 2.394427461901e+00 -5.000000000000e-03
6.667115339162e-01 3.118317286260e+00 -5.000000000000e-03
5.586291117242e+00 4.068141180607e+00 -5.000000000000e-03
1.629776881802e+00 5.670765865972e+00 -5.000000000000e-03
3.839398417682e+00 8.778067941440e-01 -5.000000000000e-03
5.640146605014e+00 2.796290463889e+00 -5.000000000000e-03
1.562562410746e+00 4.822189877867e+00 -5.000000000000e-03
1.763234723578e+00 4.309440395762e+00 -5.000000000000e-03
5.780633620637e+00 5.763741461854e+00 -5.000000000000e-03
1.173305009239e+00 4.343753971310e+00 -5.000000000000e-03
5.121460364574e+00 2.004363761898e+00 -5.000000000000e-03
4.394022605874e+00 3.566645674052e+00 -5.000000000000e-03
4.683420178949e+00 2.963460422821e+00 -5.000000000000e-03
4.790847318648e+00 4.262815270472e+00 -5.000000000000e-03
2.057839654406e-01 3.368305051802e+00 -5.000000000000e-03
1.791380417781e+00 3.604635294715e+00 -5.000000000000e-03
4.170051296854e-01 3.997017812493e+00 -5.000000000000e-03
4.930333424955e-01 4.007790942068e+00 -5.000000000000e-03
5.455697394931e+00 2.923576062768e+00 -5.000000000000e-03
5.354975810071e+00 4.219985620427e+00 -5.000000000000e-03
9.297041295437e-02 4.134586042400e+00 -5.000000000000e-03
4.364151615703e+00 2.474162420201e+00 -5.000000000000e-03
4.217711508315e+00 2.555336985489e+00 -5.000000000000e-03
3.831270455535e-01 4.986260278445e+00 -5.000000000000e-03
4.644812490451e+00 2.165597619913e+00 -5.000000000000e-03
5.496026268001e+00 2.928487971498e+00 -5.000000000000e-03
2.280755391923e+00 4.854317279217e+00 -5.000000000000e-03
3.782449336388e-01 6.585836046889e-01 -5.000000000000e-03
3.692285393785e+00 5.187687940820e+00 -5.000000000000e-03
5.987773818997e+00 6.098564939540e+00 -5.000000000000e-03
