4.987354797995e+00 5.767075816459e+00 5.000000000000e-03
5.845904789251e+00 3.642995496707e-01 5.000000000000e-03
1.909589936009e+00 1.175744560963e-01 5.000000000000e-03
5.067607903809e+00 5.848877249938e+00 5.000000000000e-03
5.810347803744e+00 8.707371999230e-01 5.000000000000e-03
4.867131386972e+00 6.216600228751e+00 5.000000000000e-03
7.211501162114e-01 1.988136487393e+00 5.000000000000e-03
7.931167352537e-02 5.610761063741e+00 5.000000000000e-03
4.506878091773e+00 6.087094875483e+00 5.000000000000e-03
1.787518157076e+00 1.557692785518e+00 5.000000000000e-03
5.564760502486e+00 1.749566221171e+00 5.000000000000e-03
4.746910228762e-01 5.310759320951e+00 5.000000000000e-03
3.880116430735e-02 4.165852927496e+00 5.000000000000e-03
5.948944358317e+00 3.072255761075e+00 5.000000000000e-03
5.864739886568e+00 7.850735408734e-01 5.000000000000e-03
2.430486212086e-01 1.010196448960e+00 5.000000000000e-03
4.952259998358e+00 2.222745329366e+00 5.000000000000e-03
6.008679421510e+00 5.212403362414e+00 5.000000000000e-03
4.649260160035e+00 2.288664364744e+00 5.000000000000e-03
4.970108035773e+00 8.505089913884e-01 5.000000000000e-03
5.046511369475e+00 3.768196725645e+00 5.000000000000e-03
9.309336984130e-01 4.685221194922e+00 5.000000000000e-03
5.779836542358e+00 5.695657734414e+00 5.000000000000e-03
1.717205709153e+00 4.102760545118e+00 5.000000000000e-03
5.952988273931e+00 2.285815157692e+00 5.000000000000e-03
8.483820137205e-02 3.253767757565e+00 5.000000000000e-03
2.009629206938e-02 7.511214314599e-01 5.000000000000e-03
6.216418908003e+00 3.348397523719e-01 5.000000000000e-03
3.380148159028e+00 5.203455691886e+00 5.000000000000e-03
5.544649916485e+00 2.651876224094e+00 5.000000000000e-03
2.522148855175e-02 1.594773010510e+00 5.000000000000e-03
6.129408002058e+00 1.179414505646e-01 5.000000000000e-03
1.932853004062e+00 3.951340456910e+00 5.000000000000e-03
1.762649752890e+00 5.351323145837e+00 5.000000000000e-03
2.214717751742e+00 5.771378268275e+00 5.000000000000e-03
1.538033349467e+00 4.422896678672e+00 5.000000000000e-03
2.653318133781e+00 1.231612572317e-01 5.000000000000e-03
6.139179633347e+00 4.661365854499e+00 5.000000000000e-03
5.445677815259e+00 5.200578432880e+00 5.000000000000e-03
2.625255793772e-01 5.223838007190e+00 5.000000000000e-03
6.088552450261e-01 1.562789625387e+00 5.000000000000e-03
5.592558993600e+00 4.095043541310e+00 5.000000000000e-03
1.072266595392e+00 1.606014236553e+00 5.000000000000e-03
1.766995880561e+00 2.242126402418e+00 5.000000000000e-03
1.877238794002e+00 2.150555564844e+00 5.000000000000e-03
1.316007860953e-01 5.651634714841e+00 5.000000000000e-03
1.646820481579e+00 1.087500789931e+00 5.000000000000e-03
6.211012120941e+00 4.069935369856e-01 5.000000000000e-03
6.034023205084e+00 2.546046259692e+00 5.000000000000e-03
5.624306859865e+00 2.653228471486e+00 5.000000000000e-03
2.468531044824e+00 5.285119942538e+00 5.000000000000e-03
5.544380790476e+00 4.557352732381e+00 5.000000000000e-03
5.993697897266e+00 5.549348695852e+00 5.000000000000e-03
1.673108105773e+00 4.835285898057e+00 5.000000000000e-03
3.640327648566e-01 5.517040750167e+00 5.000000000000e-03
2.271202998013e-01 2.008232424227e+00 5.000000000000e-03
6.222028174480e+00 6.197933998035e-01 5.000000000000e-03
6.018197837236e+00 4.761008725709e+00 5.000000000000e-03
6.121106351775e-01 2.572438220374e+00 5.000000000000e-03
4.042388705732e+00 1.728623670744e+00 5.000000000000e-03
4.633814309556e+00 4.398009564178e-01 5.000000000000e-03
4.658666208017e+00 1.589405979312e+00 5.000000000000e-03
5.853907062094e+00 5.266910652043e+00 5.000000000000e-03
6.044715371738e+00 4.506496359543e-01 5.000000000000e-03
5.496902934429e-01 5.705008967775e+00 5.000000000000e-03
3.960635827065e+00 4.370608585622e+00 5.000000000000e-03
2.416645471850e+00 2.242036185286e+00 5.000000000000e-03
2.404310245039e+00 4.554238722841e+00 5.000000000000e-03
5.349949119683e+00 5.142961251553e+00 5.000000000000e-03
1.482077236168e+00 3.879036918527e+00 5.000000000000e-03
1.263529729538e+00 5.929026827504e+00 5.000000000000e-03
4.099183393375e+00 7.945821408008e-01 5.000000000000e-03
1.094694719914e-01 5.733413029483e+00 5.000000000000e-03
6.139787283183e+00 4.938593618511e+00 5.000000000000e-03
1.683198335885e+00 2.036710977817e-01 5.000000000000e-03
1.547868701376e+00 5.361136696669e+00 5.000000000000e-03
3.972938926405e+00 5.592456522624e+00 5.000000000000e-03
2.565676378233e+00 4.705189240257e-01 5.000000000000e-03
5.911343823496e+00 7.767473445984e-01 5.000000000000e-03
4.705975983730e+00 2.950403057062e+00 5.000000000000e-03
2.421545700048e-01 4.391741296954e+00 5.000000000000e-03
1.782169033666e+00 3.921584896839e+00 5.000000000000e-03
6.066610708376e+00 5.091650998757e+00 5.000000000000e-03
5.987431008669e+00 1.645266311715e+00 5.000000000000e-03
4.946470131897e+00 4.525765116461e+00 5.000000000000e-03
6.030666190521e+00 5.205808454646e+00 5.000000000000e-03
5.693110788768e+00 3.460857907979e+00 5.000000000000e-03
6.024263851950e+00 3.100147068570e+00 5.000000000000e-03
3.628365104207e-01 2.339177964025e+00 5.000000000000e-03
2.317177754270e-01 3.617002362085e-01 5.000000000000e-03
5.877578401460e+00 5.183761154214e+00 5.000000000000e-03
6.025896714511e+00 7.107216359128e-01 5.000000000000e-03
5.800048329287e+00 5.205273689434e+00 5.000000000000e-03
7.271718659779e-02 8.039988881800e-01 5.000000000000e-03
3.634261884056e-02 4.965362631587e+00 5.000000000000e-03
5.761656310071e+00 1.768833827662e+00 5.000000000000e-03
7.447031134659e-02 4.439789208720e+00 5.000000000000e-03
3.024576001710e-02 5.262844949791e+00 5.000000000000e-03
1.018521129799e+00 4.811431024078e+00 5.000000000000e-03
5.890519550876e+00 3.055947974940e-01 5.000000000000e-03
1.960167728261e+00 3.093367845223e+00 -5.000000000000e-03
2.691186351166e+00 1.335724555533e+00 -5.000000000000e-03
3.765178816978e+00 2.699752625847e+00 -5.000000000000e-03
4.713296129700e+00 4.251795078707e+00 -5.000000000000e-03
2.942794316420e+00 6.657430622939e-01 -5.000000000000e-03
3.255107380486e+00 5.858141487528e+00 -5.000000000000e-03
1.580979504914e+00 3.118441048136e+00 -5.000000000000e-03
3.107148545097e+00 5.801832028201e+00 -5.000000000000e-03
2.817578145791e+00 2.417156759173e+00 -5.000000000000e-03
4.227117573671e+00 6.103350175050e+00 -5.000000000000e-03
2.786003567335e+00 2.816849563649e+00 -5.000000000000e-03
5.917499416190e+00 1.287431379046e+00 -5.000000000000e-03
3.229937728373e+00 1.942043751961e+00 -5.000000000000e-03
5.592311726615e+00 3.717997185917e+00 -5.000000000000e-03
3.547306209759e+00 2.320410650658e+00 -5.000000000000e-03
1.267642545518e+00 4.156473273053e+00 -5.000000000000e-03
3.596318378140e+00 2.392118332395e+00 -5.000000000000e-03
4.427515908812e+00 7.185207431858e-01 -5.000000000000e-03
1.556360303002e-02 2.753410927674e+00 -5.000000000000e-03
2.449553654439e+00 1.525117573873e+00 -5.000000000000e-03
1.963656656574e+00 5.293356422154e+00 -5.000000000000e-03
2.451661143173e+00 3.167893900390e+00 -5.000000000000e-03
3.597382160278e+00 4.681415309983e+00 -5.000000000000e-03
2.362021503897e+00 4.944596617246e+00 -5.000000000000e-03
9.553608288246e-01 2.314548112176e+00 -5.000000000000e-03
2.551688198432e+00 2.582422259571e+00 -5.000000000000e-03
1.378414580117e+00 1.212280270356e+00 -5.000000000000e-03
5.315556376237e+00 1.111139832857e+00 -5.000000000000e-03
3.091743955717e+00 2.699697893530e+00 -5.000000000000e-03
3.250827764365e+00 2.397112357342e+00 -5.000000000000e-03
2.596296492506e+00 3.097208127552e+00 -5.000000000000e-03
2.487596552004e+00 5.571861665218e+00 -5.000000000000e-03
5.697907103345e+00 2.791429203942e-01 -5.000000000000e-03
3.037904752822e+00 2.810977639384e+00 -5.000000000000e-03
4.239600870536e+00 2.493998317775e+00 -5.000000000000e-03
4.134182378238e+00 5.606918465869e+00 -5.000000000000e-03
2.474370755239e+00 3.562014775664e+00 -5.000000000000e-03
2.947180749424e+00 3.512673333266e+00 -5.000000000000e-03
6.885901321836e-01 3.586176447290e+00 -5.000000000000e-03
2.046808666524e+00 4.478999033418e+00 -5.000000000000e-03
5.352190282760e+00 3.180017592356e+00 -5.000000000000e-03
6.230199738213e+00 5.398221501702e+00 -5.000000000000e-03
3.174927831084e+00 6.151667173532e+00 -5.000000000000e-03
3.450417149504e+00 2.501828481774e+00 -5.000000000000e-03
8.796967468190e-01 1.035591096583e+00 -5.000000000000e-03
4.622554096318e+00 4.480957597534e+00 -5.000000000000e-03
2.885113813037e+00 5.629512004724e+00 -5.000000000000e-03
7.710569890348e-01 3.964478358553e+00 -5.000000000000e-03
1.303397765868e+00 3.072810280594e+00 -5.000000000000e-03
2.451423420100e+00 8.616271127307e-02 -5.000000000000e-03
3.595604591894e+00 5.541789803904e+00 -5.000000000000e-03
3.449742645734e+00 3.500970272075e+00 -5.000000000000e-03
2.590765690769e+00 2.214213710445e+00 -5.000000000000e-03
5.580529621720e+00 2.978250108865e-01 -5.000000000000e-03
1.643914912114e+00 2.906772463610e+00 -5.000000000000e-03
2.216464644945e+00 5.261691735988e+00 -5.000000000000e-03
3.049630111858e-01 1.905233821192e+00 -5.000000000000e-03
3.041085361104e+00 4.597832826692e+00 -5.000000000000e-03
3.172478515263e+00 2.711615008027e+00 -5.000000000000e-03
3.799686515659e+00 2.179067124280e+00 -5.000000000000e-03
3.279954698083e+00 2.893887289394e+00 -5.000000000000e-03
3.659661384222e+00 2.826857144808e+00 -5.000000000000e-03
4.076623784284e+00 3.748464431332e+00 -5.000000000000e-03
2.606483478601e+00 1.567924768569e+00 -5.000000000000e-03
1.163865894697e+00 1.189873348731e+00 -5.000000000000e-03
3.149968227864e+00 4.017993935501e-01 -5.000000000000e-03
3.774767491353e+00 2.843027059186e+00 -5.000000000000e-03
4.522396540527e+00 8.717429767803e-01 -5.000000000000e-03
2.030842123599e+00 2.415925452048e+00 -5.000000000000e-03
4.720956987363e+00 5.296963707654e+00 -5.000000000000e-03
2.891788348459e+00 1.479442902393e+00 -5.000000000000e-03
2.774396284498e+00 7.814930991813e-01 -5.000000000000e-03
3.500039771131e+00 2.360806226246e+00 -5.000000000000e-03
1.114130654769e+00 1.355469654852e+00 -5.000000000000e-03
9.728801176487e-01 8.539464213831e-01 -5.000000000000e-03
3.675444258921e+00 2.436465392155e-01 -5.000000000000e-03
4.815313338535e+00 3.727455526754e+00 -5.000000000000e-03
2.882732091760e+00 1.592454394331e+00 -5.000000000000e-03
5.408619767604e+00 1.061792830846e+00 -5.000000000000e-03
3.366053462658e+00 2.417260213930e+00 -5.000000000000e-03
3.319603557149e+00 1.411492386479e+00 -5.000000000000e-03
4.192311841566e+00 2.358542560471e+00 -5.000000000000e-03
4.042771245633e+00 3.280709048794e+00 -5.000000000000e-03
2.208344732690e+00 2.791415852284e+00 -5.000000000000e-03
3.969080080570e+00 3.675478480447e+00 -5.000000000000e-03
3.914128528612e+00 2.518067928353e+00 -5.000000000000e-03
4.512482727178e+00 4.925986891517e+00 -5.000000000000e-03
2.406322777725e+00 1.422270249128e+00 -5.000000000000e-03
3.962396750533e+00 2.873329095080e+00 -5.000000000000e-03
2.779420241809e+00 2.859857491084e+00 -5.000000000000e-03
2.846262150498e+00 3.178724240736e+00 -5.000000000000e-03
8.594771441118e-01 4.606468382714e-02 -5.000000000000e-03
1.360857410012e+00 5.685901988893e+00 -5.000000000000e-03
3.129513423577e+00 5.742369864254e+00 -5.000000000000e-03
3.334435031928e-01 7.694483841663e-02 -5.000000000000e-03
5.018478396154e+00 5.572105569909e+00 -5.000000000000e-03
3.872700773284e+00 1.587187633830e+00 -5.000000000000e-03
4.684307318306e+00 4.467989108930e+00 -5.000000000000e-03
3.954936627368e+00 4.799737190360e+00 -5.000000000000e-03
4.032466482787e+00 5.431010975991e+00 -5.000000000000e-03
