3.086003573150e+00 5.427058609267e+00 5.000000000000e-03
3.772113331635e+00 5.785097071983e+00 5.000000000000e-03
2.424675962882e+00 2.295575247529e+00 5.000000000000e-03
1.228895158540e+00 3.233459355424e+00 5.000000000000e-03
2.329246435922e+00 5.323940990904e+00 5.000000000000e-03
1.147774355407e+00 1.805721936618e+00 5.000000000000e-03
2.610910869050e+00 4.118419796703e+00 5.000000000000e-03
2.403152514269e+00 1.031059936084e+00 5.000000000000e-03
7.384366042340e-01 4.643479079019e+00 5.000000000000e-03
1.698463381568e+00 1.679564850063e+00 5.000000000000e-03
4.928804270506e+00 2.256778049429e+00 5.000000000000e-03
3.902243077117e+00 5.222067721908e+00 5.000000000000e-03
2.962576081760e+00 5.233586995831e+00 5.000000000000e-03
2.159818882861e-01 3.606899126503e+00 5.000000000000e-03
2.127685704250e+00 4.455679478349e+00 5.000000000000e-03
7.686880548910e-01 8.198490613713e-01 5.000000000000e-03
4.573637920913e+00 3.586993469700e+00 5.000000000000e-03
3.276440755513e+00 5.297693642828e+00 5.000000000000e-03
3.035256332165e+00 5.799592265066e+00 5.000000000000e-03
2.447751653869e+00 4.234216960710e+00 5.000000000000e-03
3.561283815023e+00 4.679161025494e+00 5.000000000000e-03
3.571775888336e+00 3.179591499312e-01 5.000000000000e-03
3.261192634844e+00 3.865202708340e+00 5.000000000000e-03
3.760265969850e+00 5.380696424163e+00 5.000000000000e-03
4.392893197777e+00 1.203291779990e+00 5.000000000000e-03
5.286533825930e+00 3.233858502218e+00 5.000000000000e-03
2.585554726202e+00 4.522583038905e+00 5.000000000000e-03
4.714532345422e+00 4.147538881810e+00 5.000000000000e-03
4.005028965490e+00 4.658326079624e+00 5.000000000000e-03
2.702683109593e-01 3.962784700728e+00 5.000000000000e-03
3.883465867986e+00 1.739890414242e+00 5.000000000000e-03
3.160267200941e+00 5.133886256230e+00 5.000000000000e-03
1.340712261799e+00 2.952503868641e+00 5.000000000000e-03
4.308104883548e+00 3.558281445597e+00 5.000000000000e-03
1.696907524320e+00 5.907432536488e-01 5.000000000000e-03
1.172668596799e+00 1.798866662745e+00 5.000000000000e-03
5.943640336065e+00 5.523970462380e+00 5.000000000000e-03
4.913126447353e+00 4.590469125314e+00 5.000000000000e-03
2.431745012080e+00 2.760595334929e+00 5.000000000000e-03
3.932929418106e+00 8.888263635019e-01 5.000000000000e-03
4.356519494069e+00 2.013583347457e+00 5.000000000000e-03
2.896466364399e+00 3.657834638216e+00 5.000000000000e-03
3.622558661220e+00 4.564827753541e-01 5.000000000000e-03
5.042677091357e+00 5.931010577681e+00 5.000000000000e-03
3.577250826415e+00 4.667788213985e+00 5.000000000000e-03
1.911739075008e+00 5.967487284961e+00 5.000000000000e-03
4.846042624127e+00 2.741777518632e+00 5.000000000000e-03
3.063567336445e+00 1.956134358628e+00 5.000000000000e-03
6.034730210567e+00 5.937447680800e+00 5.000000000000e-03
4.263745482328e+00 9.941710555484e-01 5.000000000000e-03
3.257788994872e+00 4.162278837320e-01 5.000000000000e-03
3.143462186135e+00 5.328969800852e+00 5.000000000000e-03
5.239201676964e+00 4.259908135002e+00 5.000000000000e-03
2.678197672642e+00 4.116772954943e+00 5.000000000000e-03
4.858546301878e-01 3.664748525335e+00 5.000000000000e-03
3.030449170039e+00 3.622482727719e+00 5.000000000000e-03
3.103810362305e+00 3.525499657947e-03 5.000000000000e-03
5.050187382355e+00 5.194530420037e+00 5.000000000000e-03
3.019144681231e+00 5.293428627861e+00 5.000000000000e-03
3.921692213101e+00 2.865611761873e+00 5.000000000000e-03
5.878426996979e+00 5.347097551842e+00 5.000000000000e-03
1.191895573755e+00 5.328283573804e+00 5.000000000000e-03
1.971184633669e+00 4.083486113049e+00 5.000000000000e-03
2.961704108103e+00 5.799605759146e+00 5.000000000000e-03
2.978911349737e+00 4.700771248483e+00 5.000000000000e-03
2.543372671037e+00 3.454772473649e+00 5.000000000000e-03
4.674824502626e+00 1.651760494234e+00 5.000000000000e-03
3.125938885493e+00 4.995131611559e+00 5.000000000000e-03
2.405507630542e+00 5.354690789495e+00 5.000000000000e-03
3.580640703185e-01 3.832879512622e+00 5.000000000000e-03
3.941086406432e+00 9.214533359427e-01 5.000000000000e-03
6.145152177113e+00 3.786357304461e+00 5.000000000000e-03
3.134508006827e+00 5.897724146162e+00 5.000000000000e-03
3.334778103152e+00 5.251257803773e+00 5.000000000000e-03
5.221416796007e+00 2.302700345924e-01 5.000000000000e-03
3.025308938329e+00 5.259659665942e+00 5.000000000000e-03
3.534648428832e+00 6.281337568526e-02 5.000000000000e-03
3.210042498848e+00 5.799373570625e+00 5.000000000000e-03
3.318332638756e+00 5.274767047931e+00 5.000000000000e-03
1.817075849365e+00 4.353115968947e+00 5.000000000000e-03
2.210623959179e+00 2.451111582468e+00 5.000000000000e-03
1.109601056147e+00 3.588678876472e+00 5.000000000000e-03
3.910361857843e-01 4.058848967009e+00 5.000000000000e-03
2.414881574200e+00 5.122923265192e+00 5.000000000000e-03
4.776099914658e+00 4.520955277731e+00 5.000000000000e-03
8.757319081225e-01 2.070151435050e+00 5.000000000000e-03
2.745968885027e+00 3.569026730875e+00 5.000000000000e-03
4.050827667274e+00 5.537992033113e+00 5.000000000000e-03
2.279213780787e+00 5.190632402439e+00 5.000000000000e-03
4.675460905887e-01 4.003138404893e+00 5.000000000000e-03
2.810292124886e+00 2.369126242111e+00 5.000000000000e-03
2.093667446366e+00 4.626369688365e+00 5.000000000000e-03
2.521466367163e+00 2.402086551348e+00 5.000000000000e-03
4.741862726579e+00 4.769839900403e+00 5.000000000000e-03
1.742444586545e+00 4.379266007545e+00 5.000000000000e-03
3.796109329280e+00 4.606553914271e+00 5.000000000000e-03
3.413019009708e+00 3.633195035749e+00 5.000000000000e-03
3.440148694111e+00 6.108143214800e+00 5.000000000000e-03
6.068074675759e+00 1.816592180637e+00 5.000000000000e-03
1.921218008398e+00 8.522636297739e-01 5.000000000000e-03
5.512763404698e+00 2.347066789041e+00 -5.000000000000e-03
5.834069348697e+00 3.329584364782e+00 -5.000000000000e-03
5.099702169016e+00 1.531281181489e+00 -5.000000000000e-03
5.393408448229e+00 2.087408604390e+00 -5.000000000000e-03
3.326705068548e+00 9.569819549446e-01 -5.000000000000e-03
3.968148885889e+00 1.458681436617e-01 -5.000000000000e-03
5.146700969521e+00 2.829578459991e+00 -5.000000000000e-03
4.585643662160e+00 8.048968075149e-01 -5.000000000000e-03
1.738497568275e-01 1.522839402413e+00 -5.000000000000e-03
5.094330123081e+00 2.466040135103e+00 -5.000000000000e-03
4.988071188892e-01 2.317790261288e-01 -5.000000000000e-03
6.395009509093e-01 1.717072574777e+00 -5.000000000000e-03
6.438583686612e-01 7.269315864509e-01 -5.000000000000e-03
4.114791642263e+00 1.977475390274e+00 -5.000000000000e-03
2.910738455259e-01 1.275480278295e-01 -5.000000000000e-03
4.041819135895e+00 2.202316480376e+00 -5.000000000000e-03
4.031258467328e+00 3.815926751620e+00 -5.000000000000e-03
4.120526778896e+00 4.309399923827e+00 -5.000000000000e-03
3.680432204531e+00 9.501027125814e-01 -5.000000000000e-03
5.208695223421e+00 2.123411716940e+00 -5.000000000000e-03
5.506628503417e+00 1.331100130687e+00 -5.000000000000e-03
9.049275069081e-02 1.579149983120e+00 -5.000000000000e-03
4.256020204018e+00 2.623664308276e+00 -5.000000000000e-03
8.713526752684e-02 1.054389217789e+00 -5.000000000000e-03
5.531851480894e+00 9.525977380877e-02 -5.000000000000e-03
2.419534458901e+00 3.658768158482e+00 -5.000000000000e-03
4.911095556178e+00 2.957873802402e+00 -5.000000000000e-03
6.239000361523e+00 3.887620749891e+00 -5.000000000000e-03
5.264971949712e-01 6.019178456200e-01 -5.000000000000e-03
5.925852155559e+00 4.170272965980e+00 -5.000000000000e-03
5.476820779034e+00 2.586392177400e+00 -5.000000000000e-03
5.889729988702e+00 5.634619880164e+00 -5.000000000000e-03
1.739326455266e+00 1.948129851830e+00 -5.000000000000e-03
5.735911121456e+00 2.061106776976e+00 -5.000000000000e-03
6.146290900073e+00 1.550754666733e-01 -5.000000000000e-03
4.652939735986e+00 4.410455262102e+00 -5.000000000000e-03
4.209151216227e+00 4.030448520436e+00 -5.000000000000e-03
2.727738767936e-01 5.941823271256e+00 -5.000000000000e-03
2.580184110360e-01 2.335586232169e-01 -5.000000000000e-03
1.405643264807e+00 9.861233332165e-01 -5.000000000000e-03
5.181669749306e+00 5.906105877197e+00 -5.000000000000e-03
5.556361675178e+00 1.794898226451e+00 -5.000000000000e-03
6.628498935756e-01 1.802071924302e+00 -5.000000000000e-03
2.141845232922e+00 1.373105392579e+00 -5.000000000000e-03
2.597077464130e+00 3.126327276071e+00 -5.000000000000e-03
2.710090439052e+00 2.600616204960e+00 -5.000000000000e-03
5.403831263868e+00 3.838065845537e+00 -5.000000000000e-03
6.883983160015e-01 1.519976651424e+00 -5.000000000000e-03
3.404639842902e+00 2.805512795615e+00 -5.000000000000e-03
5.079852813294e+00 2.173090752626e+00 -5.000000000000e-03
5.111520509492e+00 9.009068902621e-01 -5.000000000000e-03
1.839106313468e+00 1.036520472536e+00 -5.000000000000e-03
9.584104206761e-01 2.408182721017e+00 -5.000000000000e-03
5.379515006705e+00 5.765139881143e+00 -5.000000000000e-03
8.620632957913e-01 2.921342752013e-01 -5.000000000000e-03
1.655427436148e-01 2.569623540348e+00 -5.000000000000e-03
1.797288019473e-01 5.270196012742e-01 -5.000000000000e-03
1.951536773218e+00 3.867666407829e+00 -5.000000000000e-03
8.696089367891e-03 1.417942358809e+00 -5.000000000000e-03
1.385979325558e-01 2.620897449645e-01 -5.000000000000e-03
3.887793821930e+00 2.339297731433e+00 -5.000000000000e-03
1.032747886802e+00 1.259496155761e-01 -5.000000000000e-03
5.634449041887e+00 2.005204025063e+00 -5.000000000000e-03
4.389594428455e+00 9.983098592185e-01 -5.000000000000e-03
6.215076937293e+00 4.209129072975e+00 -5.000000000000e-03
3.453835388112e+00 5.348727037311e+00 -5.000000000000e-03
3.667445715410e+00 1.004963654247e+00 -5.000000000000e-03
2.276077361094e-01 1.160719039015e+00 -5.000000000000e-03
5.229021904946e-01 1.753432347991e+00 -5.000000000000e-03
5.617405462212e+00 2.398498749190e+00 -5.000000000000e-03
5.879450231201e+00 4.111224466380e+00 -5.000000000000e-03
7.042695684052e-01 3.441278559929e-01 -5.000000000000e-03
3.836205829266e+00 3.046936471937e+00 -5.000000000000e-03
2.044143966385e+00 7.296992033299e-01 -5.000000000000e-03
2.122927091528e+00 7.129956477356e-01 -5.000000000000e-03
1.640950552804e-01 8.900021573348e-01 -5.000000000000e-03
3.937264159504e-01 1.564132192999e-01 -5.000000000000e-03
2.183522524259e+00 9.593859088337e-01 -5.000000000000e-03
4.137680608841e+00 4.935698249860e+00 -5.000000000000e-03
4.722083461688e+00 1.749557958639e-01 -5.000000000000e-03
6.033253625535e-01 3.718279906985e-01 -5.000000000000e-03
4.663585082027e-01 8.491629100532e-01 -5.000000000000e-03
1.049959140936e+00 5.792204233070e-01 -5.000000000000e-03
5.098114378690e+00 1.569770122378e+00 -5.000000000000e-03
2.692328405359e-01 5.703957868002e+00 -5.000000000000e-03
3.022075325804e+00 1.538515149662e+00 -5.000000000000e-03
3.157484625105e+00 1.696770139613e+00 -5.000000000000e-03
5.767583852279e+00 5.699239236758e+00 -5.000000000000e-03
2.024114072720e-01 1.790167094815e+00 -5.000000000000e-03
2.310543123146e-02 1.340592117237e+00 -5.000000000000e-03
4.543168481005e+00 4.681845061405e+00 -5.000000000000e-03
1.433262890806e+00 1.988589111961e+00 -5.000000000000e-03
6.999871418906e-01 2.184193263875e+00 -5.000000000000e-03
3.794676426782e+00 3.316692600839e+00 -5.000000000000e-03
1.410859237018e+00 1.389711684050e+00 -5.000000000000e-03
1.791976439081e-01 1.755994039149e+00 -5.000000000000e-03
4.635664438339e+00 9.582635288736e-01 -5.000000000000e-03
4.287054745373e+00 1.848799937535e+00 -5.000000000000e-03
2.839914249437e+00 7.356230865407e-01 -5.000000000000e-03
1.183677835818e+00 1.019217379137e+00 -5.000000000000e-03
