1.626329433672e+00 3.193660168348e+00 5.000000000000e-03
1.644252528502e+00 2.219120008629e-02 5.000000000000e-03
3.640367847208e+00 1.924161780344e-01 5.000000000000e-03
1.876708677286e+00 3.295637904514e+00 5.000000000000e-03
1.147542628675e+00 2.919920231496e+00 5.000000000000e-03
4.259806844569e+00 8.979480276525e-01 5.000000000000e-03
3.834869195229e+00 1.800546549632e+00 5.000000000000e-03
2.111685890142e+00 1.861657380144e+00 5.000000000000e-03
1.156326252467e+00 3.501825437829e+00 5.000000000000e-03
5.833364028865e+00 1.986302397916e+00 5.000000000000e-03
5.875825754442e+00 1.490925165572e+00 5.000000000000e-03
2.663290075616e-01 1.436298026439e+00 5.000000000000e-03
2.390552702774e+00 2.833695632462e+00 5.000000000000e-03
6.802357705348e-01 4.101714269651e+00 5.000000000000e-03
2.481422615234e-01 2.852648282828e+00 5.000000000000e-03
7.032221573953e-01 8.802092764087e-01 5.000000000000e-03
5.216631042871e+00 3.501287191272e+00 5.000000000000e-03
4.077625265795e+00 2.745483412557e+00 5.000000000000e-03
2.237095802512e+00 9.716245716752e-01 5.000000000000e-03
1.580969567314e+00 3.816180239736e+00 5.000000000000e-03
1.412922976345e+00 3.057482438293e+00 5.000000000000e-03
4.396494658260e+00 1.104271241516e+00 5.000000000000e-03
4.320910146075e+00 1.835407926329e+00 5.000000000000e-03
2.507747884627e+00 3.358173090395e-01 5.000000000000e-03
2.591019820853e+00 9.418160802199e-01 5.000000000000e-03
1.251831853020e+00 5.113611526799e-01 5.000000000000e-03
1.343936906431e+00 1.435068700424e-01 5.000000000000e-03
7.319130786038e-01 2.635067523305e+00 5.000000000000e-03
6.101747051375e+00 2.838547777533e+00 5.000000000000e-03
1.048770311345e+00 1.639327789723e+00 5.000000000000e-03
4.671495170899e+00 8.928153322526e-01 5.000000000000e-03
8.174648589705e-01 5.952937718638e+00 5.000000000000e-03
3.944079477994e+00 2.186949041204e+00 5.000000000000e-03
5.962873316725e+00 6.207150043053e+00 5.000000000000e-03
1.277753140719e+00 3.553598875669e+00 5.000000000000e-03
4.276616640111e+00 8.784895441066e-01 5.000000000000e-03
1.415274921739e+00 2.731919824759e+00 5.000000000000e-03
5.357484144039e+00 4.182350070393e+00 5.000000000000e-03
3.148783842608e+00 9.847248670855e-02 5.000000000000e-03
2.268562895405e+00 2.278916990464e+00 5.000000000000e-03
1.712937903682e+00 2.564973641740e+00 5.000000000000e-03
4.635866808976e+00 5.477964418328e+00 5.000000000000e-03
1.872056090686e+00 1.131142163450e+00 5.000000000000e-03
2.522154542531e+00 8.187067784259e-01 5.000000000000e-03
1.428833669994e+00 3.068838544856e+00 5.000000000000e-03
1.296709875607e+00 3.427033438927e+00 5.000000000000e-03
1.916542671437e+00 3.306282941128e+00 5.000000000000e-03
2.761343542547e+00 1.258477066945e+00 5.000000000000e-03
6.570637074703e-01 1.624955561019e+00 5.000000000000e-03
4.606741553108e+00 2.139135767916e+00 5.000000000000e-03
1.614201258439e+00 2.768454473923e+00 5.000000000000e-03
1.148469064998e+00 2.718224641749e+00 5.000000000000e-03
3.059386111958e+00 5.896693930813e+00 5.000000000000e-03
4.209277301035e+00 4.045807086519e+00 5.000000000000e-03
3.295653195965e+00 6.605495348330e-01 5.000000000000e-03
2.313238836891e+00 3.289236698976e+00 5.000000000000e-03
1.266769371555e+00 3.255759800771e+00 5.000000000000e-03
1.287751003302e-01 4.441287141575e+00 5.000000000000e-03
5.064643564325e+00 6.033613352793e+00 5.000000000000e-03
9.692613228624e-01 1.100755713747e+00 5.000000000000e-03
4.233655690810e+00 3.595897226149e+00 5.000000000000e-03
1.400596170758e+00 1.947172615964e+00 5.000000000000e-03
5.859639692240e+00 1.590818988271e+00 5.000000000000e-03
1.876866462133e+00 5.280618639407e+00 5.000000000000e-03
1.244134380710e+00 4.590944373691e+00 5.000000000000e-03
3.349668282332e+00 4.206901085617e+00 5.000000000000e-03
1.036917320069e+00 3.918130721899e+00 5.000000000000e-03
3.387524504470e-01 1.504398400259e+00 5.000000000000e-03
3.576386459232e+00 1.824742146085e+00 5.000000000000e-03
2.558106686340e+00 9.663260505702e-01 5.000000000000e-03
2.289023767458e+00 2.252906949733e+00 5.000000000000e-03
1.175136343230e-01 3.343887589672e+00 5.000000000000e-03
1.381281743403e+00 2.751246486358e+00 5.000000000000e-03
6.001290781438e+00 3.781988716879e+00 5.000000000000e-03
6.715853559117e-01 1.292226143059e+00 5.000000000000e-03
4.806269877145e-01 1.261828771210e+00 5.000000000000e-03
2.443735794270e+00 2.872752923239e+00 5.000000000000e-03
4.678652578351e+00 1.119120023120e+00 5.000000000000e-03
1.030557935069e+00 2.357978678210e+00 5.000000000000e-03
2.510314212125e+00 2.805962145743e+00 5.000000000000e-03
4.836368307483e+00 1.115579073964e+00 5.000000000000e-03
3.367780281756e+00 1.966359011111e+00 5.000000000000e-03
3.654703232180e-01 1.044747822998e+00 5.000000000000e-03
1.511445589055e+00 1.856924353696e+00 5.000000000000e-03
3.166543989601e+00 5.608121485911e+00 5.000000000000e-03
3.584342383463e-01 3.385717389020e+00 5.000000000000e-03
5.816673974331e+00 2.842971431686e+00 5.000000000000e-03
1.589721108461e+00 1.497619536655e+00 5.000000000000e-03
1.258304450125e+00 1.579674220497e+00 5.000000000000e-03
6.656861014220e-01 3.601110171783e+00 5.000000000000e-03
4.031094153089e+00 2.111129364013e+00 5.000000000000e-03
2.731673471504e+00 2.256318631192e+00 5.000000000000e-03
4.404658663726e+00 1.280931329659e+00 5.000000000000e-03
5.049954144684e+00 5.080766078710e+00 5.000000000000e-03
3.194266369497e+00 1.973275719611e+00 5.000000000000e-03
3.920635645204e+00 1.876847127518e+00 5.000000000000e-03
1.241469861891e-01 5.896685281328e+00 5.000000000000e-03
3.300128676061e+00 1.411269423031e-01 5.000000000000e-03
2.390070922565e+00 1.816348483875e+00 5.000000000000e-03
5.990885876452e+00 4.597212405536e+00 5.000000000000e-03
4.725930539516e+00 4.113729623315e+00 -5.000000000000e-03
4.836375270054e+00 5.259908296790e+00 -5.000000000000e-03
2.667684356719e+00 4.557492753920e+00 -5.000000000000e-03
7.676242358640e-01 5.658890389411e+00 -5.000000000000e-03
3.702241232758e+00 3.991416856631e-01 -5.000000000000e-03
1.967074095261e+00 5.826530100357e+00 -5.000000000000e-03
2.413149473034e-01 5.540014388274e+00 -5.000000000000e-03
4.090063758330e+00 4.989915891346e+00 -5.000000000000e-03
4.021857340566e+00 1.589413236978e+00 -5.000000000000e-03
3.482550319600e+00 4.593094347010e+00 -5.000000000000e-03
3.788333416425e+00 2.859908815474e+00 -5.000000000000e-03
3.579759548692e+00 3.977405553151e+00 -5.000000000000e-03
1.118575480528e+00 1.187517994333e+00 -5.000000000000e-03
5.133276972820e+00 1.992544817387e+00 -5.000000000000e-03
3.380546691174e+00 2.465809678878e+00 -5.000000000000e-03
2.226827486245e+00 4.617981862179e+00 -5.000000000000e-03
2.128044186647e+00 3.780283507694e+00 -5.000000000000e-03
3.562766643983e+00 5.435863799065e+00 -5.000000000000e-03
4.433983715549e+00 6.048616094284e+00 -5.000000000000e-03
4.029868435302e+00 4.466416971268e+00 -5.000000000000e-03
5.752812791019e+00 7.211339614097e-01 -5.000000000000e-03
4.477639902654e+00 3.142983313270e+00 -5.000000000000e-03
2.382105235628e+00 4.638002139846e+00 -5.000000000000e-03
1.031640791679e-01 5.522785978473e+00 -5.000000000000e-03
4.333087640457e+00 4.963476986124e+00 -5.000000000000e-03
2.239030558039e+00 3.098561544640e+00 -5.000000000000e-03
3.501192031107e+00 4.061065530980e+00 -5.000000000000e-03
4.397747623876e+00 4.804154942050e+00 -5.000000000000e-03
4.364415505279e+00 4.145988514504e+00 -5.000000000000e-03
5.778231421270e+00 3.195072216745e+00 -5.000000000000e-03
5.789025356540e+00 3.645670503793e+00 -5.000000000000e-03
3.859927303251e+00 5.010851240899e+00 -5.000000000000e-03
4.064641282285e+00 5.756352825088e+00 -5.000000000000e-03
4.731392796571e+00 5.084524553467e+00 -5.000000000000e-03
2.582008902241e+00 3.832220532310e+00 -5.000000000000e-03
3.804573975443e-01 4.038910732502e+00 -5.000000000000e-03
3.677210921176e+00 4.689819316789e+00 -5.000000000000e-03
1.623488164422e+00 6.038437693851e+00 -5.000000000000e-03
4.340694052252e+00 5.193318416546e+00 -5.000000000000e-03
3.844871792568e+00 4.563684306812e+00 -5.000000000000e-03
2.712616561352e+00 4.055583549487e+00 -5.000000000000e-03
3.285852138151e+00 4.510372688242e+00 -5.000000000000e-03
3.461429258625e+00 2.213579464851e+00 -5.000000000000e-03
2.576300664766e+00 5.879394336020e+00 -5.000000000000e-03
4.632521481310e+00 3.121892637030e+00 -5.000000000000e-03
4.096867839960e+00 5.987250902708e+00 -5.000000000000e-03
4.687975894095e+00 5.933467979678e+00 -5.000000000000e-03
7.657550362422e-01 3.934912760988e+00 -5.000000000000e-03
3.598191442173e-01 3.898130206062e-01 -5.000000000000e-03
9.262449941987e-01 3.763953232488e-01 -5.000000000000e-03
3.764955630131e+00 5.290940749141e+00 -5.000000000000e-03
5.159355869812e+00 1.056859537697e+00 -5.000000000000e-03
4.256242593234e+00 4.331577311954e+00 -5.000000000000e-03
2.940141229020e+00 5.001552465360e+00 -5.000000000000e-03
3.102182387132e+00 4.861095305496e+00 -5.000000000000e-03
4.634547226286e+00 6.161064543303e+00 -5.000000000000e-03
5.933031968970e+00 3.541168532893e+00 -5.000000000000e-03
9.636223188175e-01 1.333877369892e+00 -5.000000000000e-03
2.203661312866e+00 4.039409888852e+00 -5.000000000000e-03
2.127415303616e+00 4.001347529881e+00 -5.000000000000e-03
4.677940970443e+00 5.741032943170e+00 -5.000000000000e-03
5.216479512568e+00 5.125855692504e+00 -5.000000000000e-03
2.769938334419e+00 1.196605191397e-01 -5.000000000000e-03
3.103198478817e+00 1.694141857796e+00 -5.000000000000e-03
1.155771945045e-01 5.625392482662e+00 -5.000000000000e-03
2.108627170846e+00 6.266561539833e+00 -5.000000000000e-03
4.719277662197e+00 6.245992237137e+00 -5.000000000000e-03
1.428798212805e-02 2.211936813691e+00 -5.000000000000e-03
1.431034520451e-01 5.504578714513e+00 -5.000000000000e-03
4.895006948796e+00 5.050015339756e+00 -5.000000000000e-03
5.849178745187e+00 3.143049017535e+00 -5.000000000000e-03
1.571407976725e+00 1.259922601987e+00 -5.000000000000e-03
2.903054609909e-01 5.135434661305e+00 -5.000000000000e-03
2.081925564893e+00 5.736429033308e+00 -5.000000000000e-03
3.558059300614e+00 5.352989358754e+00 -5.000000000000e-03
5.354869096288e+00 2.778548518336e+00 -5.000000000000e-03
2.437945520219e+00 1.587078694953e+00 -5.000000000000e-03
2.921908246181e+00 1.629792552872e+00 -5.000000000000e-03
2.258762571908e+00 4.470137353985e+00 -5.000000000000e-03
4.240886575348e+00 5.005946569038e+00 -5.000000000000e-03
3.657270817775e+00 4.445393420229e+00 -5.000000000000e-03
5.274349487160e+00 3.251777968201e-01 -5.000000000000e-03
4.251228585511e+00 3.817159459513e+00 -5.000000000000e-03
2.639903087324e+00 4.531146795842e+00 -5.000000000000e-03
3.749270122140e+00 5.935698520810e+00 -5.000000000000e-03
2.412899749757e+00 5.319075711058e+00 -5.000000000000e-03
5.112165293824e+00 5.231705171597e+00 -5.000000000000e-03
3.454090703670e+00 3.860170920672e+00 -5.000000000000e-03
9.733434054791e-01 4.930532476122e+00 -5.000000000000e-03
5.159565121643e+00 3.719244749603e+00 -5.000000000000e-03
4.571940130967e+00 6.102781174219e+00 -5.000000000000e-03
3.758095001283e+00 4.510070181071e+00 -5.000000000000e-03
6.075202172637e+00 5.466833052005e+00 -5.000000000000e-03
5.107364879185e+00 3.780880202323e+00 -5.000000000000e-03
5.112679042458e+00 9.770613165079e-01 -5.000000000000e-03
9.482042284924e-01 4.962679236979e+00 -5.000000000000e-03
2.383050192016e+00 4.648209601892e+00 -5.000000000000e-03
6.498516368653e-02 5.137391789706e+00 -5.000000000000e-03
4.811275277826e+00 5.040309160468e+00 -5.000000000000e-03
3.760078615079e+00 3.824303419099e+00 -5.000000000000e-03
