3.812722960831e+00 5.007701560958e+00 5.000000000000e-03
3.070095522429e+00 1.473184658649e+00 5.000000000000e-03
1.990795623681e+00 3.978375537014e+00 5.000000000000e-03
4.227637934658e+00 4.787723033967e+00 5.000000000000e-03
2.524052775163e+00 4.516369987117e+00 5.000000000000e-03
4.652126283792e+00 1.770126132203e+00 5.000000000000e-03
8.253996640696e-01 3.388252999197e+00 5.000000000000e-03
1.625205172247e-01 5.502706109588e+00 5.000000000000e-03
3.171359614124e+00 4.831579969881e+00 5.000000000000e-03
4.746353287684e+00 1.050886362446e+00 5.000000000000e-03
3.408795986429e-01 2.964495207010e+00 5.000000000000e-03
3.113404935516e+00 6.659667059060e-01 5.000000000000e-03
2.427759348962e+00 4.444642448371e+00 5.000000000000e-03
4.284017977683e+00 3.482098381434e+00 5.000000000000e-03
4.223902677865e+00 4.928675241864e+00 5.000000000000e-03
4.045992200388e+00 3.977344958275e+00 5.000000000000e-03
5.990637784551e+00 5.732154267873e+00 5.000000000000e-03
4.999446162337e+00 4.813829017007e+00 5.000000000000e-03
4.382250199300e+00 4.522278325747e+00 5.000000000000e-03
3.021263415723e+00 5.193317827826e+00 5.000000000000e-03
3.029084448077e+00 1.135699155450e+00 5.000000000000e-03
1.876312213044e-01 4.634424051951e+00 5.000000000000e-03
2.115264702718e+00 5.604628649994e+00 5.000000000000e-03
1.491414146104e+00 5.872610518076e+00 5.000000000000e-03
4.337338865102e+00 3.052426292284e+00 5.000000000000e-03
3.342511402926e+00 2.204366103872e+00 5.000000000000e-03
4.473521651307e+00 5.543186270413e+00 5.000000000000e-03
2.523759788959e-01 5.828014306679e+00 5.000000000000e-03
1.960638975522e+00 5.563275446460e+00 5.000000000000e-03
4.067721639002e+00 3.793788172608e+00 5.000000000000e-03
3.416970956020e+00 5.886283056357e-01 5.000000000000e-03
4.663118873256e+00 4.629478803613e+00 5.000000000000e-03
5.612613420025e+00 2.019356759103e+00 5.000000000000e-03
1.608559709443e+00 6.033297188109e+00 5.000000000000e-03
5.251392031487e+00 2.261293145582e+00 5.000000000000e-03
4.663268569703e+00 1.746808439268e+00 5.000000000000e-03
4.265119293696e+00 4.245674921663e+00 5.000000000000e-03
4.534099118818e+00 4.531363234757e+00 5.000000000000e-03
5.732517536442e+00 5.659615995108e+00 5.000000000000e-03
4.036355639993e-01 5.526458426928e+00 5.000000000000e-03
5.183255180835e+00 3.991007230453e+00 5.000000000000e-03
2.986028456887e+00 6.128490021811e-01 5.000000000000e-03
4.466633143977e+00 3.812384318473e+00 5.000000000000e-03
6.021848044624e+00 2.223878089067e-01 5.000000000000e-03
3.023413827803e+00 1.154476617175e+00 5.000000000000e-03
1.837555219198e+00 3.106440602524e+00 5.000000000000e-03
1.035933316838e+00 6.062533110588e+00 5.000000000000e-03
2.950104884632e+00 2.792872901305e+00 5.000000000000e-03
4.356316334100e+00 3.344451098794e-01 5.000000000000e-03
3.594923352572e+00 4.599560537011e+00 5.000000000000e-03
1.088705721215e-01 4.677912119151e+00 5.000000000000e-03
4.091381631568e+00 4.999712387674e+00 5.000000000000e-03
5.826727725486e+00 2.547695488315e+00 5.000000000000e-03
8.365479128368e-01 3.456090290634e+00 5.000000000000e-03
3.264010061809e+00 3.801722798879e+00 5.000000000000e-03
2.874665307292e+00 1.544321752910e+00 5.000000000000e-03
2.507815710703e+00 5.979269793543e+00 5.000000000000e-03
1.147176340885e+00 5.690496712124e+00 5.000000000000e-03
2.998303440368e+00 5.027637419927e+00 5.000000000000e-03
3.970664819152e+00 1.450400961498e+00 5.000000000000e-03
6.203328498957e+00 4.816061923436e+00 5.000000000000e-03
5.519990792820e+00 2.679722380711e+00 5.000000000000e-03
2.895442166671e+00 4.993835107622e+00 5.000000000000e-03
5.222202222631e+00 4.778558394859e+00 5.000000000000e-03
4.185751466378e+00 4.426003884976e+00 5.000000000000e-03
3.679863486289e+00 5.132973143677e+00 5.000000000000e-03
4.652398225351e+00 5.774944285496e+00 5.000000000000e-03
2.355519803965e+00 4.809376150530e+00 5.000000000000e-03
5.659761884125e+00 2.582078475676e+00 5.000000000000e-03
4.157945884930e+00 3.954414722823e+00 5.000000000000e-03
3.748184029662e-01 5.543172018092e+00 5.000000000000e-03
5.749690909138e+00 5.090145289048e+00 5.000000000000e-03
3.111413388988e+00 5.106190391802e+00 5.000000000000e-03
5.014662943320e+00 4.836581615502e+00 5.000000000000e-03
6.226058868910e+00 4.327236122373e+00 5.000000000000e-03
3.039399282256e+00 5.031857919926e+00 5.000000000000e-03
2.224079923428e+00 4.555072528047e+00 5.000000000000e-03
3.562265639203e+00 4.143351480720e+00 5.000000000000e-03
5.029209625726e+00 4.773245441908e+00 5.000000000000e-03
3.449907841176e+00 5.426239992396e+00 5.000000000000e-03
3.579730245116e+00 1.513352673502e-01 5.000000000000e-03
1.255920134400e+00 3.879060343047e+00 5.000000000000e-03
5.352303175244e+00 4.610128910540e+00 5.000000000000e-03
5.061845688119e+00 1.879809932141e+00 5.000000000000e-03
2.404682318141e+00 5.936011320209e+00 5.000000000000e-03
2.624555459404e+00 5.239041370272e+00 5.000000000000e-03
3.341453535781e+00 4.160595676595e+00 5.000000000000e-03
2.423190709453e+00 4.326550059514e+00 5.000000000000e-03
2.448106952265e+00 4.507606754232e+00 5.000000000000e-03
4.983147873257e+00 3.125799721693e+00 5.000000000000e-03
8.222558259622e-01 4.672202312828e+00 5.000000000000e-03
4.640060620115e+00 4.494843775963e+00 5.000000000000e-03
3.945521042217e+00 5.892051340040e+00 5.000000000000e-03
4.592207987590e+00 2.882631087706e+00 5.000000000000e-03
4.256726631355e+00 5.444492809645e+00 5.000000000000e-03
2.256382375182e+00 4.372822382063e+00 5.000000000000e-03
1.473971156353e+00 3.998480236730e+00 5.000000000000e-03
9.857910168540e-01 4.986293470247e+00 5.000000000000e-03
5.688916227112e+00 1.756068060729e+00 5.000000000000e-03
2.954516277272e+00 3.245240914719e+00 5.000000000000e-03
2.869449571845e+00 2.189873192074e+00 -5.000000000000e-03
3.676530680747e+00 2.740754163772e+00 -5.000000000000e-03
3.920749474323e-01 1.234583201308e+00 -5.000000000000e-03
5.366701796416e+00 1.615144751499e+00 -5.000000000000e-03
1.624650136414e-01 3.046070584698e+00 -5.000000000000e-03
5.253333640476e+00 7.766432507721e-02 -5.000000000000e-03
6.185069076320e+00 6.285367913299e-01 -5.000000000000e-03
5.673531840140e+00 6.201415691735e+00 -5.000000000000e-03
5.419738960126e+00 1.458348510800e+00 -5.000000000000e-03
1.434084274599e+00 6.438584103784e-01 -5.000000000000e-03
1.668074658623e+00 1.504184938454e+00 -5.000000000000e-03
3.628617604304e-01 3.774398535888e+00 -5.000000000000e-03
5.046829542366e+00 3.718781329397e+00 -5.000000000000e-03
5.718341664166e+00 1.131888852323e+00 -5.000000000000e-03
1.813399316922e+00 1.320719537600e+00 -5.000000000000e-03
5.643770101679e+00 5.454438399655e+00 -5.000000000000e-03
4.888053321426e+00 5.394579705360e+00 -5.000000000000e-03
5.923218914499e+00 2.884255967186e+00 -5.000000000000e-03
2.489955030152e-01 4.215692676384e+00 -5.000000000000e-03
1.281810547055e+00 1.079822003449e+00 -5.000000000000e-03
6.043180520772e+00 3.424525332224e+00 -5.000000000000e-03
7.594367918918e-01 4.381008789475e-01 -5.000000000000e-03
6.395363765130e-01 5.042377119556e+00 -5.000000000000e-03
1.293110961948e+00 1.545898241115e+00 -5.000000000000e-03
4.568509197249e+00 6.026494025557e+00 -5.000000000000e-03
1.843586598425e-01 2.224138012740e+00 -5.000000000000e-03
5.402388537603e+00 3.917427753354e-01 -5.000000000000e-03
3.621872640779e-01 2.198558861486e+00 -5.000000000000e-03
1.002372122084e+00 8.489881083135e-01 -5.000000000000e-03
6.194005577099e+00 3.572350186236e+00 -5.000000000000e-03
5.775878452452e+00 4.785154594714e-01 -5.000000000000e-03
5.816300734348e-02 2.664444864901e+00 -5.000000000000e-03
5.235246923233e+00 5.451362913009e+00 -5.000000000000e-03
3.522690134738e+00 1.661793299231e+00 -5.000000000000e-03
1.938101333920e+00 3.186111036201e+00 -5.000000000000e-03
1.570177968299e+00 1.723116224001e+00 -5.000000000000e-03
6.132923956011e+00 6.001518780979e+00 -5.000000000000e-03
4.209041121272e-01 1.464907539129e+00 -5.000000000000e-03
1.469336328958e+00 1.892259270589e+00 -5.000000000000e-03
2.138547444052e+00 1.515904999121e+00 -5.000000000000e-03
2.574278830572e+00 1.318412445138e+00 -5.000000000000e-03
5.482694868810e+00 1.278428680063e+00 -5.000000000000e-03
3.150534653422e-01 3.708971859824e+00 -5.000000000000e-03
9.779117186778e-01 5.672887789671e+00 -5.000000000000e-03
2.343357529047e+00 3.041841455688e+00 -5.000000000000e-03
6.511526124025e-01 3.539749578917e+00 -5.000000000000e-03
4.187895581763e+00 1.606600828577e+00 -5.000000000000e-03
5.011214571710e+00 2.445213617177e+00 -5.000000000000e-03
1.799363601615e+00 4.302588429333e+00 -5.000000000000e-03
3.184993126013e+00 2.360549453924e+00 -5.000000000000e-03
1.594102932293e+00 1.449343680337e+00 -5.000000000000e-03
5.063804503862e+00 9.115275418932e-01 -5.000000000000e-03
5.397024008721e+00 6.729700029530e-01 -5.000000000000e-03
5.859872123718e+00 4.612383181163e+00 -5.000000000000e-03
5.570609176414e+00 5.754990757572e-01 -5.000000000000e-03
1.954950505323e+00 1.842510788559e+00 -5.000000000000e-03
4.078879664782e+00 7.646816461101e-01 -5.000000000000e-03
1.510438869892e+00 8.163980472459e-01 -5.000000000000e-03
1.536812285705e+00 1.856005352781e+00 -5.000000000000e-03
1.565173718816e+00 2.091130341396e+00 -5.000000000000e-03
8.170143770986e-01 1.601405212758e+00 -5.000000000000e-03
5.919239483880e-01 6.215875201019e+00 -5.000000000000e-03
2.325114462774e+00 2.028981567696e+00 -5.000000000000e-03
4.661169630249e-01 3.247573073114e+00 -5.000000000000e-03
2.042572769899e+00 4.097821964987e+00 -5.000000000000e-03
2.514575937471e+00 2.063120233055e+00 -5.000000000000e-03
2.481014646169e-01 4.157694229300e+00 -5.000000000000e-03
8.095164200166e-01 5.644377619005e-01 -5.000000000000e-03
6.139866421686e+00 1.303095989872e+00 -5.000000000000e-03
5.532537373340e+00 3.058297937332e+00 -5.000000000000e-03
6.254359861219e+00 3.534105783667e+00 -5.000000000000e-03
1.426948215782e+00 1.063032157750e+00 -5.000000000000e-03
1.743111981018e+00 4.088813553228e+00 -5.000000000000e-03
5.125279863617e+00 1.049851586026e-01 -5.000000000000e-03
5.199092684704e+00 1.322265934152e-02 -5.000000000000e-03
2.655615286597e+00 3.027184144247e+00 -5.000000000000e-03
1.907538462854e+00 1.290185544009e+00 -5.000000000000e-03
2.503954533720e+00 3.546954432210e+00 -5.000000000000e-03
2.061892436159e+00 3.804631308024e+00 -5.000000000000e-03
5.381600570163e+00 3.882801280567e+00 -5.000000000000e-03
1.524363185854e+00 1.565407537223e+00 -5.000000000000e-03
1.301438092972e+00 9.128610721705e-01 -5.000000000000e-03
2.412679077059e+00 1.123563912493e+00 -5.000000000000e-03
4.297604288661e-01 1.229593724588e+00 -5.000000000000e-03
5.357612040449e-01 1.565337852051e+00 -5.000000000000e-03
5.395218058899e-01 3.858236103269e+00 -5.000000000000e-03
5.423906918227e+00 2.287135894364e-02 -5.000000000000e-03
5.557050039958e+00 3.923472052855e+00 -5.000000000000e-03
1.054144491555e+00 1.770756012186e+00 -5.000000000000e-03
1.307064148359e+00 6.147894623341e-01 -5.000000000000e-03
2.514625083528e+00 4.237295348055e+00 -5.000000000000e-03
5.621121873828e+00 1.328976026629e+00 -5.000000000000e-03
1.967508994338e+00 6.356865546975e-01 -5.000000000000e-03
1.293793373214e+00 5.338733861637e+00 -5.000000000000e-03
5.351280525906e+00 3.659603527289e+00 -5.000000000000e-03
1.089502362383e+00 1.790634805061e+00 -5.000000000000e-03
6.402502342931e-01 5.052617107127e+00 -5.000000000000e-03
1.618153666256e-01 2.627677892917e+00 -5.000000000000e-03
6.730692813536e-01 5.985017796160e+00 -5.000000000000e-03
5.674593727364e+00 4.727559302727e+00 -5.000000000000e-03
