5.059347190341e+00 3.302141769398e+00 5.000000000000e-03
5.690644349489e+00 7.502416135601e-01 5.000000000000e-03
2.451865195069e+00 4.212106298573e+00 5.000000000000e-03
1.279654834988e+00 8.933277652249e-01 5.000000000000e-03
2.379733923074e-01 4.957255789710e+00 5.000000000000e-03
2.422773494266e+00 5.067926318279e+00 5.000000000000e-03
1.008250618890e+00 9.572827464988e-01 5.000000000000e-03
2.821865361657e+00 6.098907358570e+00 5.000000000000e-03
4.236791193195e+00 1.817428864055e+00 5.000000000000e-03
1.410188646894e+00 3.108110151610e+00 5.000000000000e-03
1.295568411691e+00 2.182915758540e+00 5.000000000000e-03
3.893787843550e+00 4.036811022874e+00 5.000000000000e-03
2.535928464280e-01 5.418756568028e+00 5.000000000000e-03
4.069917466998e+00 3.657021424643e+00 5.000000000000e-03
5.546635686387e-01 6.077637596126e+00 5.000000000000e-03
1.219464367022e-01 5.112181339945e+00 5.000000000000e-03
4.464004030917e+00 3.747943679748e+00 5.000000000000e-03
5.751950011239e-01 5.952410935388e+00 5.000000000000e-03
3.898371201804e+00 2.292880597701e+00 5.000000000000e-03
5.681251394014e+00 3.214022739818e+00 5.000000000000e-03
3.171610302764e+00 4.890104506544e+00 5.000000000000e-03
5.460447798222e+00 1.969211574870e+00 5.000000000000e-03
4.595426249167e+00 6.047422705463e+00 5.000000000000e-03
3.713609727957e+00 3.006426978533e+00 5.000000000000e-03
1.884094904744e+00 2.560542820731e+00 5.000000000000e-03
4.574312737984e+00 1.959668911740e+00 5.000000000000e-03
5.548296577306e+00 7.715290630916e-01 5.000000000000e-03
5.383532050489e+00 1.662878193875e+00 5.000000000000e-03
3.852191013168e+00 3.989226399187e+00 5.000000000000e-03
2.255011088527e-01 4.802141987285e+00 5.000000000000e-03
4.905417270607e+00 3.215867745917e+00 5.000000000000e-03
5.106965662723e+00 2.525471502051e+00 5.000000000000e-03
5.734690955825e+00 3.864363330402e+00 5.000000000000e-03
1.249561672683e+00 6.066350082359e+00 5.000000000000e-03
5.268838139177e+00 2.023564648443e+00 5.000000000000e-03
4.129389821889e+00 3.590563550329e+00 5.000000000000e-03
4.005543932131e+00 1.642812888311e-01 5.000000000000e-03
5.986027901692e+00 2.666449782842e+00 5.000000000000e-03
1.611295946712e+00 6.054656822424e+00 5.000000000000e-03
3.497618823810e+00 3.467485933627e+00 5.000000000000e-03
2.861275942250e+00 3.647275061012e-01 5.000000000000e-03
5.014107241636e+00 2.068284312966e+00 5.000000000000e-03
2.641446828652e+00 6.087594195712e+00 5.000000000000e-03
1.806802562518e+00 4.112940855115e+00 5.000000000000e-03
3.385929192971e+00 3.232192628970e+00 5.000000000000e-03
3.956958619734e+00 6.059062244458e+00 5.000000000000e-03
3.720769373008e+00 5.773096050031e+00 5.000000000000e-03
3.114918044819e+00 5.483460477546e+00 5.000000000000e-03
1.351008242784e+00 4.253405900917e+00 5.000000000000e-03
5.901643276813e+00 2.122790377535e-01 5.000000000000e-03
5.801126416624e+00 3.339410418733e+00 5.000000000000e-03
6.227876384589e+00 2.743517553222e+00 5.000000000000e-03
5.204289352265e+00 3.908311063588e+00 5.000000000000e-03
3.934991850011e+00 4.644153845911e+00 5.000000000000e-03
1.851631504810e+00 3.630719449375e+00 5.000000000000e-03
6.195578714325e-01 3.144423118746e+00 5.000000000000e-03
4.333704270389e+00 2.442055922259e+00 5.000000000000e-03
4.456426362023e+00 1.394143205572e+00 5.000000000000e-03
5.804501168940e+00 3.240481682168e+00 5.000000000000e-03
1.401091495541e+00 1.282213181716e+00 5.000000000000e-03
4.682783752060e+00 3.907408656741e+00 5.000000000000e-03
4.959992667473e-01 5.302887208522e+00 5.000000000000e-03
2.929756576944e+00 2.948990793611e+00 5.000000000000e-03
3.670003244816e+00 1.082394988580e+00 5.000000000000e-03
3.812834837496e-01 3.510196231953e+00 5.000000000000e-03
4.587396141681e-01 1.686885304952e+00 5.000000000000e-03
4.273912894865e+00 4.586809334344e+00 5.000000000000e-03
1.668085352114e+00 5.802676829802e+00 5.000000000000e-03
2.980678913615e+00 4.561960561723e+00 5.000000000000e-03
5.852892515745e+00 5.726540317628e+00 5.000000000000e-03
5.234180287449e-01 5.952643602559e+00 5.000000000000e-03
1.952806003958e+00 6.258895943712e+00 5.000000000000e-03
1.546738065787e+00 3.199092385383e+00 5.000000000000e-03
5.840810649635e+00 5.801721919784e+00 5.000000000000e-03
3.537708790675e+00 5.754339959149e+00 5.000000000000e-03
3.260573735899e+00 3.599713028566e+00 5.000000000000e-03
1.224921404242e+00 1.252896727579e+00 5.000000000000e-03
1.725704866556e+00 3.882526241027e-01 5.000000000000e-03
4.721696490950e+00 4.257650998757e+00 5.000000000000e-03
5.902022010747e+00 4.289933869577e+00 5.000000000000e-03
3.451989337666e+00 4.164272853758e+00 5.000000000000e-03
1.453276845809e+00 6.107682637064e+00 5.000000000000e-03
7.271065743211e-01 6.841876411616e-01 5.000000000000e-03
1.030732631783e-01 4.142958395705e-02 5.000000000000e-03
5.791943244043e+00 3.308875604280e+00 5.000000000000e-03
4.258423035699e+00 2.000856084392e+00 5.000000000000e-03
4.366265007748e-01 1.274516818277e+00 5.000000000000e-03
3.985810175532e+00 3.087792759408e+00 5.000000000000e-03
1.459735495521e+00 1.130821681241e+00 5.000000000000e-03
5.393233496048e+00 2.753467552740e+00 5.000000000000e-03
2.523420568361e+00 4.257375750850e+00 5.000000000000e-03
5.314872736405e+00 5.125328865847e+00 5.000000000000e-03
5.395950075770e+00 2.231859240174e+00 5.000000000000e-03
5.820506602830e-02 3.381318833226e+00 5.000000000000e-03
5.414748507434e+00 3.891212908254e+00 5.000000000000e-03
5.727256190173e+00 2.216715331003e+00 5.000000000000e-03
1.374175559546e+00 3.170653656339e+00 5.000000000000e-03
5.784424408588e+00 4.472592206078e+00 5.000000000000e-03
5.502961459646e+00 5.760742996977e+00 5.000000000000e-03
3.672199116508e+00 5.324537153511e+00 5.000000000000e-03
2.754869644055e+00 5.499374683190e+00 -5.000000000000e-03
2.720045693857e+00 2.060419645254e+00 -5.000000000000e-03
1.421885859373e+00 7.943678054554e-02 -5.000000000000e-03
1.690341200436e+00 4.486177289383e+00 -5.000000000000e-03
8.035921148381e-01 3.205008700703e-01 -5.000000000000e-03
2.580120002695e+00 1.336341911946e+00 -5.000000000000e-03
1.956430593156e+00 1.924977481249e+00 -5.000000000000e-03
2.916150867757e+00 3.270218217115e+00 -5.000000000000e-03
8.996741979650e-01 5.265121604388e+00 -5.000000000000e-03
1.393250160158e+00 5.779683179303e+00 -5.000000000000e-03
2.265760592714e+00 3.159882254547e+00 -5.000000000000e-03
1.598077596744e+00 2.879452608576e+00 -5.000000000000e-03
2.318954568140e+00 1.793675622897e+00 -5.000000000000e-03
2.067532644791e+00 1.563078450953e+00 -5.000000000000e-03
2.500422823480e+00 1.171963296434e+00 -5.000000000000e-03
1.831833054609e+00 4.607940539370e+00 -5.000000000000e-03
4.913061609678e+00 1.274662704377e-01 -5.000000000000e-03
1.348942910296e+00 3.911094580489e+00 -5.000000000000e-03
6.229949130264e+00 4.746832406820e+00 -5.000000000000e-03
3.114971244688e+00 2.377594097513e+00 -5.000000000000e-03
4.925917707747e+00 6.113332753123e+00 -5.000000000000e-03
1.283086210368e+00 3.642473863987e-01 -5.000000000000e-03
2.238856189404e+00 3.864441574389e+00 -5.000000000000e-03
3.982166773335e+00 5.074689867419e+00 -5.000000000000e-03
4.901482302248e+00 4.683642588715e+00 -5.000000000000e-03
2.429528809823e+00 3.029187256576e+00 -5.000000000000e-03
2.501749214324e+00 3.146548585851e+00 -5.000000000000e-03
5.900707809069e+00 3.776343311491e+00 -5.000000000000e-03
4.757604880986e+00 3.661726817235e-01 -5.000000000000e-03
7.823493791544e-01 1.845867180449e+00 -5.000000000000e-03
2.497914821590e+00 9.585744702645e-01 -5.000000000000e-03
5.011661253271e+00 4.074792736473e-01 -5.000000000000e-03
4.769998723761e+00 3.204431723201e+00 -5.000000000000e-03
4.950644443525e+00 3.599646219332e-01 -5.000000000000e-03
6.168800488025e+00 3.731378087153e+00 -5.000000000000e-03
4.591075401583e+00 1.667628122462e+00 -5.000000000000e-03
2.709399868730e+00 6.832954217653e-01 -5.000000000000e-03
5.330496737801e+00 9.559319202053e-01 -5.000000000000e-03
5.858517908519e+00 9.456202215078e-01 -5.000000000000e-03
9.980064684761e-01 4.382298557074e+00 -5.000000000000e-03
2.272612787453e+00 1.461652137147e+00 -5.000000000000e-03
5.425973342301e+00 6.084913714835e+00 -5.000000000000e-03
3.534117745019e+00 4.729692191501e+00 -5.000000000000e-03
4.173740097343e+00 5.518771460403e+00 -5.000000000000e-03
4.835800115910e+00 3.843241251991e+00 -5.000000000000e-03
5.002909691250e+00 4.693701956809e+00 -5.000000000000e-03
2.697751764791e-01 3.640432941620e+00 -5.000000000000e-03
3.706121159920e+00 5.162451314487e+00 -5.000000000000e-03
2.533914381349e+00 2.779037010837e+00 -5.000000000000e-03
2.232822147848e+00 3.438848828801e+00 -5.000000000000e-03
1.749648545739e+00 3.501859308650e+00 -5.000000000000e-03
5.301499850874e+00 1.910860877447e-01 -5.000000000000e-03
2.672248159840e+00 3.424385116110e+00 -5.000000000000e-03
5.290707128847e+00 3.148800036713e+00 -5.000000000000e-03
5.106420679707e+00 4.485746115920e+00 -5.000000000000e-03
9.845104817829e-01 3.695998150355e+00 -5.000000000000e-03
5.652802632003e+00 4.079983138210e+00 -5.000000000000e-03
2.262863469729e+00 5.151377735247e+00 -5.000000000000e-03
1.624977133235e+00 4.693591500260e+00 -5.000000000000e-03
4.144148130689e+00 3.232157384541e+00 -5.000000000000e-03
3.846732458178e+00 1.700275186846e+00 -5.000000000000e-03
2.666421381738e+00 3.638638415774e+00 -5.000000000000e-03
5.348064950520e+00 4.723687728706e+00 -5.000000000000e-03
4.930149441292e+00 1.746697835518e+00 -5.000000000000e-03
5.049162759392e+00 6.863216185395e-02 -5.000000000000e-03
4.228014807393e+00 3.819861103064e+00 -5.000000000000e-03
2.716008673388e+00 4.425864224321e+00 -5.000000000000e-03
4.797489522270e+00 5.442962989631e+00 -5.000000000000e-03
2.547375510752e+00 9.776528895190e-01 -5.000000000000e-03
2.943188571790e+00 4.990330694120e+00 -5.000000000000e-03
2.525338199296e+00 2.566286624356e+00 -5.000000000000e-03
2.471863455822e+00 3.675142852389e+00 -5.000000000000e-03
4.913245206380e+00 4.285682133022e-01 -5.000000000000e-03
4.186905594628e+00 6.976172413081e-01 -5.000000000000e-03
2.420680735183e+00 1.675054774388e+00 -5.000000000000e-03
7.610882355995e-01 1.016636959717e-01 -5.000000000000e-03
2.459722748352e+00 1.389978005150e+00 -5.000000000000e-03
4.636510720984e+00 2.277615389701e+00 -5.000000000000e-03
2.930283265012e+00 3.488327373773e+00 -5.000000000000e-03
2.605455646390e+00 3.548859694279e+00 -5.000000000000e-03
9.335077502504e-01 5.283289003601e+00 -5.000000000000e-03
9.924201231300e-01 4.960901959760e+00 -5.000000000000e-03
5.935154394727e+00 8.631389956512e-02 -5.000000000000e-03
4.410036782929e+00 4.719295251611e+00 -5.000000000000e-03
2.211012477116e+00 3.890005257878e+00 -5.000000000000e-03
2.069180278841e+00 1.623824966101e-01 -5.000000000000e-03
1.222482924388e+00 5.279955253093e+00 -5.000000000000e-03
3.986477054781e-01 2.251733526021e+00 -5.000000000000e-03
2.227088825277e+00 1.581754104925e+00 -5.000000000000e-03
2.049247369754e+00 4.197816731034e+00 -5.000000000000e-03
2.725515127262e+00 2.402681141813e+00 -5.000000000000e-03
4.429887385117e+00 5.364464204794e+00 -5.000000000000e-03
2.911712602816e+00 2.332973258006e+00 -5.000000000000e-03
2.858590604069e+00 1.357702621174e+00 -5.000000000000e-03
2.325006222432e+00 3.115315837237e+00 -5.000000000000e-03
2.677282049788e+00 2.331823491656e+00 -5.000000000000e-03
9.533394359286e-01 1.259914258215e-01 -5.000000000000e-03
2.680055544482e+00 3.149912932070e+00 -5.000000000000e-03
1.576011174580e+00 4.723246192512e+00 -5.000000000000e-03
3.627215229629e-02 5.412671191004e+00 -5.000000000000e-03
