5.970157085259e+00 3.948335487928e-01 5.000000000000e-03
8.753846967237e-01 4.705632688926e+00 5.000000000000e-03
5.368924788311e+00 5.006411625909e+00 5.000000000000e-03
2.093011510206e+00 5.376656224144e+00 5.000000000000e-03
3.240703048672e+00 2.098490745929e+00 5.000000000000e-03
2.635466503153e+00 1.347254223341e+00 5.000000000000e-03
1.789687137733e+00 7.562379490581e-03 5.000000000000e-03
3.275701287043e-01 3.424143194791e+00 5.000000000000e-03
5.154818830704e+00 3.438811815696e+00 5.000000000000e-03
2.406311291188e+00 3.183811828095e+00 5.000000000000e-03
2.309528089565e+00 2.226965497065e+00 5.000000000000e-03
2.782665266160e+00 2.010824168224e+00 5.000000000000e-03
4.914634879902e+00 5.908739298263e+00 5.000000000000e-03
3.008894958890e+00 1.182183397685e+00 5.000000000000e-03
5.634756522267e+00 5.151799926375e+00 5.000000000000e-03
6.091600749135e+00 5.199553797338e+00 5.000000000000e-03
5.638364376383e+00 7.584844079751e-01 5.000000000000e-03
5.500448129089e+00 4.072441829996e+00 5.000000000000e-03
5.178682107007e+00 2.634531857860e+00 5.000000000000e-03
1.760513916102e+00 5.728272791439e+00 5.000000000000e-03
2.542952127175e+00 1.474209457699e+00 5.000000000000e-03
4.056079286720e+00 1.212070181844e+00 5.000000000000e-03
3.453792216293e+00 9.333928946068e-01 5.000000000000e-03
2.064711409447e+00 1.856302719082e-01 5.000000000000e-03
2.613460958181e+00 3.580318427348e+00 5.000000000000e-03
3.939243459427e+00 2.908217121124e+00 5.000000000000e-03
5.192685564770e-01 3.471779741038e+00 5.000000000000e-03
4.978864516115e+00 1.652456748346e+00 5.000000000000e-03
5.862105595764e+00 6.156490587581e+00 5.000000000000e-03
2.426842579733e+00 4.310975262791e+00 5.000000000000e-03
2.749985533422e+00 5.471394676807e+00 5.000000000000e-03
1.215815848798e+00 6.798938268428e-01 5.000000000000e-03
2.667053125938e+00 2.304880982470e+00 5.000000000000e-03
2.847327024313e+00 1.071936920665e+00 5.000000000000e-03
3.484660121560e+00 1.552847028758e-01 5.000000000000e-03
3.946968661766e+00 2.816130414023e+00 5.000000000000e-03
2.409887753893e+00 3.062966081836e-01 5.000000000000e-03
5.027525776934e+00 5.048425498017e+00 5.000000000000e-03
5.632746876516e+00 7.349612268079e-01 5.000000000000e-03
4.815788008815e+00 5.862658611690e+00 5.000000000000e-03
3.643567406769e+00 6.273955461169e-01 5.000000000000e-03
5.189806370286e-01 4.801458413739e+00 5.000000000000e-03
2.633799114796e+00 2.246683158478e-01 5.000000000000e-03
2.137875706858e-01 5.793059393828e+00 5.000000000000e-03
5.460834411566e-01 3.469051155478e+00 5.000000000000e-03
5.090372984299e+00 5.780021516431e+00 5.000000000000e-03
5.964094150569e+00 2.179998117543e+00 5.000000000000e-03
2.823405264499e-01 4.644602615329e-01 5.000000000000e-03
1.779099719659e+00 5.009697197379e+00 5.000000000000e-03
4.231338254168e+00 2.620595969342e+00 5.000000000000e-03
2.499499314764e+00 6.123162805696e+00 5.000000000000e-03
5.606814841420e+00 3.572116143046e+00 5.000000000000e-03
4.423149966657e-01 4.869898641248e+00 5.000000000000e-03
1.224360051512e+00 3.009158656169e+00 5.000000000000e-03
3.641854756169e+00 3.965492499342e+00 5.000000000000e-03
2.726957665239e+00 3.133864070581e+00 5.000000000000e-03
3.183775868510e+00 1.713056877466e+00 5.000000000000e-03
2.065977748015e+00 4.681089358798e+00 5.000000000000e-03
4.852008958518e+00 1.588649749984e+00 5.000000000000e-03
1.684977371031e+00 5.442003186125e+00 5.000000000000e-03
2.969465323815e+00 5.486786045938e+00 5.000000000000e-03
1.188146869042e+00 4.758903642102e+00 5.000000000000e-03
5.255752577215e+00 5.167880957864e+00 5.000000000000e-03
2.177963062415e+00 2.880531489305e+00 5.000000000000e-03
1.218987128234e+00 4.011754292307e+00 5.000000000000e-03
3.675575491784e+00 4.083450714164e+00 5.000000000000e-03
7.967047358966e-01 2.015740457336e+00 5.000000000000e-03
4.864665932606e+00 1.681996415742e+00 5.000000000000e-03
4.575275973838e+00 2.590371771572e+00 5.000000000000e-03
5.301422795865e+00 3.097331583890e+00 5.000000000000e-03
2.771426912496e+00 3.338047365818e+00 5.000000000000e-03
4.085007770310e+00 6.074409573283e+00 5.000000000000e-03
5.697957209427e+00 2.959695821189e+00 5.000000000000e-03
1.647925662893e+00 1.365652748279e+00 5.000000000000e-03
5.740627125762e+00 5.232037193709e+00 5.000000000000e-03
6.727221726329e-01 6.120393378841e+00 5.000000000000e-03
2.420787996079e+00 3.024869312782e+00 5.000000000000e-03
3.573598495771e+00 4.495454012855e+00 5.000000000000e-03
1.395236454941e+00 2.103930056922e+00 5.000000000000e-03
7.657149833689e-01 1.697002125151e+00 5.000000000000e-03
1.836432175568e+00 2.392707130627e+00 5.000000000000e-03
8.658388561177e-01 1.451206072042e+00 5.000000000000e-03
1.371528582754e+00 6.035002985651e+00 5.000000000000e-03
1.734083515506e+00 6.236308178916e+00 5.000000000000e-03
2.490374860116e+00 6.152893230515e+00 5.000000000000e-03
2.126226406093e+00 5.744095083303e+00 5.000000000000e-03
3.350147937497e-02 4.860968426774e+00 5.000000000000e-03
1.083882305561e+00 6.218304285414e+00 5.000000000000e-03
2.246020539566e+00 4.809125376503e+00 5.000000000000e-03
2.578073431823e+00 6.411994676650e-01 5.000000000000e-03
2.735135543942e+00 2.302967684640e+00 5.000000000000e-03
5.501822841999e+00 3.526330485856e+00 5.000000000000e-03
1.606586316861e+00 1.527796395978e+00 5.000000000000e-03
2.993752972438e-01 5.839954481768e+00 5.000000000000e-03
5.230829892114e+00 8.663683584669e-01 5.000000000000e-03
5.375041445874e+00 2.776534096864e+00 5.000000000000e-03
5.619412411105e+00 2.941890989775e+00 5.000000000000e-03
4.669608491881e+00 3.156286507107e+00 5.000000000000e-03
2.812735877044e+00 1.951115629364e+00 5.000000000000e-03
4.124280185573e+00 5.657767477553e+00 5.000000000000e-03
3.333843430743e+00 3.220619495098e+00 -5.000000000000e-03
4.967533312395e+00 2.554591941314e-01 -5.000000000000e-03
2.353148857329e+00 4.025716539997e+00 -5.000000000000e-03
4.691475375262e+00 3.583512702519e+00 -5.000000000000e-03
7.259396923082e-01 5.800163462721e+00 -5.000000000000e-03
3.517299076639e+00 5.952564293598e+00 -5.000000000000e-03
4.482564451041e+00 5.090926272905e+00 -5.000000000000e-03
3.569864619280e+00 5.501978978587e+00 -5.000000000000e-03
4.157231087651e-01 6.121630472385e-01 -5.000000000000e-03
3.880609531629e+00 5.467435532351e+00 -5.000000000000e-03
3.502582495528e+00 2.215886085570e+00 -5.000000000000e-03
2.919088410249e+00 4.269667479779e+00 -5.000000000000e-03
5.744342249648e+00 3.240416442928e+00 -5.000000000000e-03
3.619784622909e+00 3.148209169185e+00 -5.000000000000e-03
6.274318628101e+00 2.476752954887e+00 -5.000000000000e-03
3.804104193120e+00 3.304932423371e+00 -5.000000000000e-03
1.016597164652e-01 2.403266575097e+00 -5.000000000000e-03
3.136175525726e+00 3.680015833066e+00 -5.000000000000e-03
5.436283807699e+00 3.870188373011e-02 -5.000000000000e-03
4.130435060351e+00 4.821318937555e+00 -5.000000000000e-03
3.582158600674e+00 4.804969194449e+00 -5.000000000000e-03
3.331302517442e+00 5.047626179449e+00 -5.000000000000e-03
3.340059798148e+00 3.039650018321e+00 -5.000000000000e-03
1.092330530202e-01 2.646992338377e+00 -5.000000000000e-03
5.127723117967e+00 4.678001399693e+00 -5.000000000000e-03
3.502241806656e+00 2.193180187040e+00 -5.000000000000e-03
6.060874822933e-01 5.521032949276e+00 -5.000000000000e-03
3.694563358398e+00 9.820060593923e-01 -5.000000000000e-03
5.932007373751e-02 2.246504487008e+00 -5.000000000000e-03
1.083724851722e+00 4.359156233534e+00 -5.000000000000e-03
9.857575760627e-01 8.968584659117e-01 -5.000000000000e-03
3.470562756756e+00 3.360199840971e+00 -5.000000000000e-03
6.130822207644e-01 2.579258942095e+00 -5.000000000000e-03
3.022115893250e+00 1.669445668172e+00 -5.000000000000e-03
4.098419689629e+00 1.525649515384e+00 -5.000000000000e-03
1.823186088351e-01 2.084444147528e+00 -5.000000000000e-03
4.609152555022e+00 5.841780117756e+00 -5.000000000000e-03
2.806247753374e+00 2.660967924327e+00 -5.000000000000e-03
4.298355251070e+00 2.303471756064e+00 -5.000000000000e-03
4.241080538410e+00 4.553376844303e+00 -5.000000000000e-03
2.909559737615e-01 5.459014596967e+00 -5.000000000000e-03
6.074473705712e+00 2.435612105124e+00 -5.000000000000e-03
2.863046495230e+00 6.114033429262e+00 -5.000000000000e-03
1.464382467996e+00 3.508308365988e+00 -5.000000000000e-03
6.258083812713e-01 5.413534924837e+00 -5.000000000000e-03
4.559707582628e+00 5.486234118477e+00 -5.000000000000e-03
2.970683426146e+00 4.618423575379e+00 -5.000000000000e-03
1.068913145327e+00 5.655426542572e+00 -5.000000000000e-03
6.126495176134e+00 5.566577563886e+00 -5.000000000000e-03
5.723386990043e+00 3.977914998801e+00 -5.000000000000e-03
6.281258122260e+00 2.489395314862e+00 -5.000000000000e-03
5.652519003653e+00 5.727578555563e+00 -5.000000000000e-03
5.860499485372e+00 5.245131856162e+00 -5.000000000000e-03
8.346177707034e-01 3.656992878565e+00 -5.000000000000e-03
3.947135901503e+00 4.225788635972e+00 -5.000000000000e-03
4.456488910388e+00 4.495467930955e+00 -5.000000000000e-03
8.045733912708e-03 3.092485670102e+00 -5.000000000000e-03
4.242258466826e+00 3.984379035697e+00 -5.000000000000e-03
4.780584144117e+00 5.552697158511e+00 -5.000000000000e-03
4.947340040626e+00 1.332850267451e+00 -5.000000000000e-03
6.250394842391e+00 1.782220043659e-01 -5.000000000000e-03
2.154586090925e-01 2.357433902095e+00 -5.000000000000e-03
6.121582905537e+00 7.101017685605e-01 -5.000000000000e-03
5.014544050465e+00 4.763159214055e+00 -5.000000000000e-03
4.994221458399e+00 4.851259686080e+00 -5.000000000000e-03
3.529478566148e+00 5.744533177841e+00 -5.000000000000e-03
4.882759447003e-01 5.703921811229e-01 -5.000000000000e-03
5.643043725358e-01 1.040293739741e+00 -5.000000000000e-03
2.952081796129e-02 2.451633405224e+00 -5.000000000000e-03
4.274805092984e+00 4.268115844474e+00 -5.000000000000e-03
3.448292264909e+00 2.946066576551e+00 -5.000000000000e-03
1.272305866547e+00 2.897812562871e+00 -5.000000000000e-03
5.859407061724e+00 1.526556056316e+00 -5.000000000000e-03
1.678880827252e+00 6.194732547973e-01 -5.000000000000e-03
8.616449681084e-01 5.120630685487e+00 -5.000000000000e-03
4.317864078049e-01 2.610478585469e+00 -5.000000000000e-03
4.927926102136e+00 6.847969609856e-01 -5.000000000000e-03
3.438728778548e+00 3.080871535705e+00 -5.000000000000e-03
4.448378327221e+00 4.268095601918e+00 -5.000000000000e-03
4.010758081777e+00 4.330694190601e+00 -5.000000000000e-03
4.902269754197e+00 2.024765748070e+00 -5.000000000000e-03
4.606675651529e+00 6.177311104551e+00 -5.000000000000e-03
1.561480511197e+00 1.844259653731e+00 -5.000000000000e-03
8.394832216989e-01 5.637432555650e-01 -5.000000000000e-03
9.062333326727e-01 3.360391132458e+00 -5.000000000000e-03
4.302196794762e+00 5.464263082554e+00 -5.000000000000e-03
2.721754015750e+00 5.137116485542e-01 -5.000000000000e-03
3.335118107260e-01 1.887197033138e+00 -5.000000000000e-03
2.602116285669e+00 7.182274531902e-02 -5.000000000000e-03
4.264331407298e+00 4.352690013936e+00 -5.000000000000e-03
1.312049910660e+00 1.446043410625e+00 -5.000000000000e-03
4.838349869814e+00 8.148677716102e-01 -5.000000000000e-03
3.382527376011e+00 3.160360395493e+00 -5.000000000000e-03
6.272046642472e+00 2.271624514795e+00 -5.000000000000e-03
3.537201058890e+00 3.047242703046e+00 -5.000000000000e-03
4.350911462935e+00 9.398178404214e-01 -5.000000000000e-03
5.089746580827e-02 1.133988693542e+00 -5.000000000000e-03
7.015230085487e-01 5.565921835114e+00 -5.000000000000e-03
6.016471523128e+00 4.992777159497e+00 -5.000000000000e-03
6.017811839339e+00 2.982924368312e+00 -5.000000000000e-03
