6.957525420081e-01 2.344387965564e+00 5.000000000000e-03
1.099153891000e+00 4.966179751053e-01 5.000000000000e-03
2.967154009768e-01 3.270305512111e+00 5.000000000000e-03
3.144780325367e+00 1.581414449326e+00 5.000000000000e-03
5.993393701378e+00 1.842598391600e+00 5.000000000000e-03
3.430520591201e+00 2.189384041946e+00 5.000000000000e-03
3.190517151885e-01 1.356256654545e+00 5.000000000000e-03
6.740959065461e-01 1.357916148029e+00 5.000000000000e-03
1.679839121363e+00 2.246857261822e+00 5.000000000000e-03
1.993306792091e+00 4.617577219208e+00 5.000000000000e-03
1.351156895556e+00 1.973897751490e+00 5.000000000000e-03
7.852056115766e-02 1.701975145023e+00 5.000000000000e-03
1.198831882065e-01 3.052198667241e+00 5.000000000000e-03
8.374719863255e-02 2.161785144398e+00 5.000000000000e-03
1.698498869768e-01 3.822771683523e+00 5.000000000000e-03
4.034132076471e+00 3.093077045758e+00 5.000000000000e-03
9.712822289066e-01 1.570826381421e+00 5.000000000000e-03
6.345587648995e-01 4.143197364340e+00 5.000000000000e-03
8.848908400231e-01 1.276334200100e+00 5.000000000000e-03
5.522392516987e+00 4.061245958374e+00 5.000000000000e-03
5.541048185379e+00 4.426047128441e+00 5.000000000000e-03
6.239052400187e-01 3.803464213565e+00 5.000000000000e-03
5.964187345056e+00 5.697344624053e+00 5.000000000000e-03
1.130581686228e+00 4.965798019274e+00 5.000000000000e-03
3.643104430775e-01 3.366517397975e+00 5.000000000000e-03
1.823875835645e+00 5.079033998142e+00 5.000000000000e-03
5.637326571212e-01 9.761064620439e-01 5.000000000000e-03
2.302570364328e+00 2.364179811213e+00 5.000000000000e-03
2.529867672515e+00 3.371266366781e+00 5.000000000000e-03
3.012619012618e-01 4.422934591504e-02 5.000000000000e-03
2.141254219552e-01 2.988869847097e+00 5.000000000000e-03
4.725297203004e+00 5.393069820389e+00 5.000000000000e-03
1.449616093371e-01 5.414678306021e+00 5.000000000000e-03
5.902857430875e+00 1.708847987589e+00 5.000000000000e-03
1.771810517704e-01 5.078388201469e+00 5.000000000000e-03
5.559693513377e-01 3.443953900229e+00 5.000000000000e-03
1.341080087521e+00 2.226370271281e+00 5.000000000000e-03
1.894794106948e-01 3.432282247303e+00 5.000000000000e-03
5.756543761410e+00 3.369947729250e+00 5.000000000000e-03
7.471533384132e-02 3.517091150220e+00 5.000000000000e-03
5.637355276809e+00 4.421455022303e+00 5.000000000000e-03
1.593178515925e+00 8.303175480156e-01 5.000000000000e-03
1.655407891840e+00 3.826927621830e+00 5.000000000000e-03
4.115224206373e-01 3.441144470738e+00 5.000000000000e-03
2.298659798770e+00 2.905865147888e+00 5.000000000000e-03
2.156847456068e-01 5.408971699601e+00 5.000000000000e-03
4.605251004195e-01 3.438595795107e+00 5.000000000000e-03
1.653190669600e+00 5.733625987977e+00 5.000000000000e-03
5.961603004708e+00 2.741460019097e+00 5.000000000000e-03
1.478674357870e+00 3.500797182257e+00 5.000000000000e-03
5.375507849173e+00 3.750124683694e+00 5.000000000000e-03
4.857315308097e-02 2.104588715424e+00 5.000000000000e-03
1.084058685123e+00 1.260503379294e+00 5.000000000000e-03
3.287463078327e-02 5.174454893587e+00 5.000000000000e-03
2.231306926338e+00 2.136544766835e+00 5.000000000000e-03
1.485976531167e+00 5.950426605544e+00 5.000000000000e-03
2.184326449785e-01 2.460754031790e+00 5.000000000000e-03
4.614795932447e+00 2.629453721678e+00 5.000000000000e-03
1.525996980677e+00 5.946477433125e+00 5.000000000000e-03
5.647491815874e+00 4.463456261101e+00 5.000000000000e-03
5.277411394765e+00 5.127064899873e-01 5.000000000000e-03
1.550991031929e+00 6.033557591961e+00 5.000000000000e-03
1.396296070970e+00 6.053566559628e+00 5.000000000000e-03
1.604974601373e+00 2.392181245157e+00 5.000000000000e-03
5.400275419157e+00 2.664407026363e+00 5.000000000000e-03
5.587701770206e+00 1.986902856849e+00 5.000000000000e-03
4.105019160729e+00 1.810075939784e+00 5.000000000000e-03
5.508185956114e+00 3.408203071845e+00 5.000000000000e-03
3.279540005946e+00 2.813033683401e+00 5.000000000000e-03
6.867214376761e-02 2.998406342624e+00 5.000000000000e-03
4.159295144753e+00 3.168634386159e+00 5.000000000000e-03
4.746045538076e+00 4.511181673376e+00 5.000000000000e-03
1.103569522867e+00 1.187151037415e+00 5.000000000000e-03
1.728619386247e-02 2.280196009022e+00 5.000000000000e-03
8.199136668003e-01 2.101542431759e+00 5.000000000000e-03
1.200233295670e+00 3.517151354613e+00 5.000000000000e-03
6.217574689990e+00 3.602675823477e+00 5.000000000000e-03
2.625591498174e-01 4.791348843906e+00 5.000000000000e-03
5.986723203356e+00 2.425799659134e+00 5.000000000000e-03
2.535614094304e+00 4.791031134037e+00 5.000000000000e-03
3.686797824190e-01 5.038555884198e+00 5.000000000000e-03
4.327210964841e-01 1.016952086828e+00 5.000000000000e-03
6.260704217808e+00 1.615735426993e+00 5.000000000000e-03
3.279166969535e+00 3.166794175199e+00 5.000000000000e-03
2.280756561062e+00 3.286383910605e+00 5.000000000000e-03
5.151771364552e+00 4.540014955155e+00 5.000000000000e-03
6.087486724152e+00 5.375234511430e+00 5.000000000000e-03
5.245771047633e-01 1.797558116555e+00 5.000000000000e-03
5.719386426309e+00 3.689635363020e+00 5.000000000000e-03
3.986038957692e-01 3.973951532339e+00 5.000000000000e-03
3.981622092174e+00 2.954429343761e+00 5.000000000000e-03
1.730909123816e-01 5.039185357803e+00 5.000000000000e-03
2.133183952019e+00 2.862385747023e+00 5.000000000000e-03
4.929907747774e+00 5.993822041946e+00 5.000000000000e-03
1.387426062497e+00 4.915912872019e+00 5.000000000000e-03
6.024290404671e-01 3.429639159764e+00 5.000000000000e-03
1.432286094846e+00 6.070643468996e+00 5.000000000000e-03
5.970985033403e+00 3.664913603972e+00 5.000000000000e-03
1.034140850996e+00 7.733745843264e-01 5.000000000000e-03
1.978447019014e-01 2.999180830115e+00 5.000000000000e-03
3.650135846692e+00 1.350535075756e-01 -5.000000000000e-03
5.172438623479e+00 5.316965838367e+00 -5.000000000000e-03
2.112397548361e+00 1.345187421436e+00 -5.000000000000e-03
2.804085077110e+00 6.470835837810e-01 -5.000000000000e-03
4.242653715108e+00 5.771007600617e+00 -5.000000000000e-03
4.541687877573e+00 5.488286974420e+00 -5.000000000000e-03
3.647795158157e+00 1.274974412526e+00 -5.000000000000e-03
3.111102381791e+00 1.713121549651e+00 -5.000000000000e-03
1.855969174489e-02 5.802671220171e+00 -5.000000000000e-03
3.496320926504e+00 3.282347356213e+00 -5.000000000000e-03
5.031120956019e+00 1.104424049414e+00 -5.000000000000e-03
3.016574215837e+00 4.835450121286e+00 -5.000000000000e-03
3.780721465840e+00 6.117999037164e+00 -5.000000000000e-03
5.330763699460e+00 7.820589392172e-02 -5.000000000000e-03
3.199881611769e+00 4.770344695114e+00 -5.000000000000e-03
3.208834550370e+00 3.068004689654e-01 -5.000000000000e-03
3.140144099551e+00 1.945271373734e-01 -5.000000000000e-03
4.254080493780e+00 3.301599985290e+00 -5.000000000000e-03
3.545644325959e+00 9.037412005256e-01 -5.000000000000e-03
4.717384971850e+00 5.505150300748e+00 -5.000000000000e-03
3.396773922343e+00 5.316865548250e+00 -5.000000000000e-03
3.797445584141e+00 3.487820495640e+00 -5.000000000000e-03
2.538216801465e+00 4.266214130051e+00 -5.000000000000e-03
2.901889110354e+00 3.241287154490e+00 -5.000000000000e-03
3.728310169236e+00 6.055607163092e+00 -5.000000000000e-03
2.857577484963e+00 4.339104372410e+00 -5.000000000000e-03
4.805126071976e+00 3.949510591345e+00 -5.000000000000e-03
3.525479587758e+00 6.267990373955e+00 -5.000000000000e-03
1.781717784614e+00 4.598947652370e+00 -5.000000000000e-03
4.053737815033e+00 1.404755299337e+00 -5.000000000000e-03
4.283998590501e+00 2.704279824159e+00 -5.000000000000e-03
4.340567892258e+00 1.599614909969e+00 -5.000000000000e-03
2.874758498098e+00 1.130352994651e+00 -5.000000000000e-03
2.788898484019e+00 2.859467119575e-01 -5.000000000000e-03
4.444865502942e+00 4.225567765367e+00 -5.000000000000e-03
3.837270869706e+00 5.940608507099e+00 -5.000000000000e-03
3.301523241850e+00 3.077819368778e-01 -5.000000000000e-03
2.570329246683e+00 1.113913068274e+00 -5.000000000000e-03
2.108156548077e-01 4.023151166467e+00 -5.000000000000e-03
3.060873720194e+00 2.389209600568e-01 -5.000000000000e-03
4.671265091838e+00 8.657321444662e-01 -5.000000000000e-03
3.069101333900e+00 8.718679288144e-02 -5.000000000000e-03
3.534143233440e+00 1.220114577358e-01 -5.000000000000e-03
3.523249236161e+00 5.915677287588e+00 -5.000000000000e-03
4.017144759494e+00 2.111130959509e+00 -5.000000000000e-03
3.434935314154e-01 2.817321995159e+00 -5.000000000000e-03
2.005398380357e+00 6.263634039333e+00 -5.000000000000e-03
2.312792593139e+00 5.871594087858e+00 -5.000000000000e-03
3.672084310273e+00 6.656137656672e-01 -5.000000000000e-03
3.162970447218e+00 5.780986410579e+00 -5.000000000000e-03
3.058753867036e+00 5.447801421277e-01 -5.000000000000e-03
2.904486645487e+00 5.635342267679e+00 -5.000000000000e-03
4.686967612978e+00 5.866642697826e+00 -5.000000000000e-03
3.130501277499e+00 2.990462730376e-01 -5.000000000000e-03
3.421281943197e+00 4.515724790168e+00 -5.000000000000e-03
2.664138197889e+00 5.681098609554e+00 -5.000000000000e-03
3.290360210260e+00 1.020723715871e-01 -5.000000000000e-03
3.606694488268e+00 8.335507135696e-02 -5.000000000000e-03
1.998341356322e+00 5.635940758337e+00 -5.000000000000e-03
3.384002277504e+00 2.863263275687e-01 -5.000000000000e-03
2.911605972636e+00 6.413603067799e-02 -5.000000000000e-03
6.166289585391e+00 5.207960794962e+00 -5.000000000000e-03
4.142102101245e+00 1.103225837524e+00 -5.000000000000e-03
3.430602811747e+00 6.551328011277e-01 -5.000000000000e-03
1.860593675834e+00 5.758801062271e+00 -5.000000000000e-03
4.649404072589e+00 4.963980199985e+00 -5.000000000000e-03
3.201409048422e+00 1.131761880106e+00 -5.000000000000e-03
1.801408324217e+00 8.970782247581e-01 -5.000000000000e-03
3.917646033904e+00 2.718267534573e+00 -5.000000000000e-03
4.045473086138e+00 6.098338172552e+00 -5.000000000000e-03
3.616973506455e+00 2.403712048979e+00 -5.000000000000e-03
3.067074080374e+00 1.079042977757e-01 -5.000000000000e-03
3.700984753275e+00 5.518988533400e+00 -5.000000000000e-03
3.915948188648e+00 2.707326050672e+00 -5.000000000000e-03
4.793015239359e+00 2.645020057343e+00 -5.000000000000e-03
1.199682718958e+00 6.116121560915e+00 -5.000000000000e-03
2.021596927646e+00 9.752565554047e-01 -5.000000000000e-03
2.042039670084e+00 1.612617991375e+00 -5.000000000000e-03
3.811242453446e+00 5.441091646725e+00 -5.000000000000e-03
4.695652028095e+00 7.425382470989e-01 -5.000000000000e-03
4.554736985310e+00 5.880850076039e+00 -5.000000000000e-03
3.841522744612e+00 3.370265814443e+00 -5.000000000000e-03
2.673630485968e+00 9.636454720146e-01 -5.000000000000e-03
2.350820754708e+00 1.040175178638e+00 -5.000000000000e-03
3.562404038201e+00 5.913630235806e+00 -5.000000000000e-03
3.441983219768e+00 4.122134078784e+00 -5.000000000000e-03
5.171573010987e+00 2.025817201776e+00 -5.000000000000e-03
2.785084850344e+00 3.732722857346e+00 -5.000000000000e-03
5.754335448468e+00 5.414799885832e+00 -5.000000000000e-03
8.993522671467e-01 5.625757565068e+00 -5.000000000000e-03
5.559045395086e+00 5.452847711548e+00 -5.000000000000e-03
5.237711058943e+00 1.191250290775e+00 -5.000000000000e-03
3.853388462046e+00 4.755527865266e+00 -5.000000000000e-03
2.991763259540e+00 5.608008080696e+00 -5.000000000000e-03
3.070975442882e-01 5.990159150269e+00 -5.000000000000e-03
3.548045813355e+00 6.070148539366e+00 -5.000000000000e-03
3.290474794169e+00 4.422516162920e+00 -5.000000000000e-03
3.769889261194e+00 5.998816668252e+00 -5.000000000000e-03
2.526918849074e+00 6.012739640160e+00 -5.000000000000e-03
8.052186962969e-01 5.623038111004e+00 -5.000000000000e-03
