1.934402943707e+00 2.544465163235e-01 5.000000000000e-03
4.187709585665e+00 2.302147056754e+00 5.000000000000e-03
5.261387805397e+00 1.089217431698e+00 5.000000000000e-03
5.554548373245e+00 7.542977052147e-01 5.000000000000e-03
2.676911889324e-01 4.557999273652e+00 5.000000000000e-03
3.642401786147e+00 2.909214967932e+00 5.000000000000e-03
6.709411749170e-01 1.322061208727e-01 5.000000000000e-03
2.970250316667e+00 4.748371693092e+00 5.000000000000e-03
5.398883205468e-01 6.748883052327e-02 5.000000000000e-03
5.573855692795e+00 5.220045910752e+00 5.000000000000e-03
3.918468155333e+00 3.006872678915e+00 5.000000000000e-03
1.396510857550e+00 3.097834257952e+00 5.000000000000e-03
5.998911238921e+00 6.360595984128e-01 5.000000000000e-03
3.761032856598e+00 4.018528457139e+00 5.000000000000e-03
5.223325607362e-01 4.769946339487e-01 5.000000000000e-03
6.077851392633e+00 1.562097305887e+00 5.000000000000e-03
5.346611849567e+00 1.316574124328e+00 5.000000000000e-03
6.864826688303e-01 6.197495660590e+00 5.000000000000e-03
4.922735215316e+00 3.297467536149e-01 5.000000000000e-03
4.205859186976e+00 2.105488884832e+00 5.000000000000e-03
5.960173603866e+00 4.904143678196e+00 5.000000000000e-03
1.632740324900e+00 3.532854886401e+00 5.000000000000e-03
4.445249932332e+00 5.831971181229e+00 5.000000000000e-03
1.637272401628e+00 1.115521416792e+00 5.000000000000e-03
4.962540343834e+00 1.927401896285e-01 5.000000000000e-03
2.837721262521e+00 2.198853533923e+00 5.000000000000e-03
1.000121191239e+00 8.626651182687e-01 5.000000000000e-03
7.805637940904e-01 1.541390258877e+00 5.000000000000e-03
1.197980009859e-01 1.432294800914e+00 5.000000000000e-03
1.783420641255e+00 5.565826368233e+00 5.000000000000e-03
5.774235948659e+00 2.325055234378e+00 5.000000000000e-03
1.824655747075e+00 1.932976170093e+00 5.000000000000e-03
5.702059341952e+00 5.250976885344e+00 5.000000000000e-03
4.325300260156e+00 1.233742069983e+00 5.000000000000e-03
5.498723760465e+00 4.487327424881e-01 5.000000000000e-03
4.360017001724e-01 4.438114022970e+00 5.000000000000e-03
3.432279193376e+00 4.873385830972e+00 5.000000000000e-03
3.989853820914e-01 1.335222200091e+00 5.000000000000e-03
6.668642799868e-01 6.091772855548e+00 5.000000000000e-03
4.456779514982e+00 5.940442054983e+00 5.000000000000e-03
5.728378734848e+00 2.927913027912e+00 5.000000000000e-03
5.686539235304e+00 2.916689177588e+00 5.000000000000e-03
3.490115268976e+00 4.945303187037e+00 5.000000000000e-03
6.173602981236e+00 5.782648517313e+00 5.000000000000e-03
4.440054653123e-01 4.658314946371e+00 5.000000000000e-03
3.948120261885e+00 1.064683059149e+00 5.000000000000e-03
3.460582303710e+00 4.036918380051e+00 5.000000000000e-03
4.444104109439e+00 1.968224080700e+00 5.000000000000e-03
4.176549062672e+00 5.822487593146e+00 5.000000000000e-03
5.692387824115e+00 4.617870523867e-01 5.000000000000e-03
1.700197569280e-02 7.011068491272e-01 5.000000000000e-03
5.888719919508e+00 1.135907991546e+00 5.000000000000e-03
6.279743390187e-01 3.246882232765e+00 5.000000000000e-03
4.104195390761e+00 4.935223012866e+00 5.000000000000e-03
5.331461770167e+00 2.060243137913e-01 5.000000000000e-03
5.462997302788e+00 5.540094506918e+00 5.000000000000e-03
6.066139958131e+00 7.871932266092e-01 5.000000000000e-03
6.178011147610e+00 5.563784185113e+00 5.000000000000e-03
3.052435596612e+00 4.187048533581e+00 5.000000000000e-03
2.418855606462e-01 5.843683613710e+00 5.000000000000e-03
4.963218475258e+00 3.830258814276e+00 5.000000000000e-03
4.129920713170e+00 2.332771884440e+00 5.000000000000e-03
5.659492953345e+00 7.622698816297e-01 5.000000000000e-03
9.896486368945e-01 4.947197912640e-01 5.000000000000e-03
5.059217357097e+00 1.139720792123e+00 5.000000000000e-03
9.675983991102e-01 5.970920217373e+00 5.000000000000e-03
4.336660138978e+00 3.905027725314e+00 5.000000000000e-03
3.438224160999e+00 5.377997040491e+00 5.000000000000e-03
3.627506744893e+00 4.314986138082e+00 5.000000000000e-03
4.506332244375e+00 5.870840184115e+00 5.000000000000e-03
5.629434923888e+00 1.196870415623e+00 5.000000000000e-03
5.456873001534e+00 1.732613483156e+00 5.000000000000e-03
5.229851308643e+00 1.496368554248e+00 5.000000000000e-03
4.295323660550e+00 1.887303806318e+00 5.000000000000e-03
1.331110304746e+00 7.692960593689e-01 5.000000000000e-03
5.061859749805e-01 1.571348600634e-01 5.000000000000e-03
4.012926306404e+00 6.129349849327e+00 5.000000000000e-03
3.252040583247e+00 1.274261980891e+00 5.000000000000e-03
4.687647521526e-02 5.571134208743e-01 5.000000000000e-03
6.716411763117e-01 5.977417466886e+00 5.000000000000e-03
2.751399610183e+00 3.053136828923e+00 5.000000000000e-03
8.232206988723e-01 5.434882969842e+00 5.000000000000e-03
4.121149244332e-01 6.122948811873e+00 5.000000000000e-03
5.854335859733e+00 1.045059332243e+00 5.000000000000e-03
6.281133756556e+00 7.247724001720e-01 5.000000000000e-03
5.298395231009e+00 4.707795202567e+00 5.000000000000e-03
3.360307187574e+00 4.833406600104e+00 5.000000000000e-03
4.339721381836e+00 4.601432431266e+00 5.000000000000e-03
9.536113646363e-01 1.753035763984e-01 5.000000000000e-03
3.214241902564e+00 4.808193448772e+00 5.000000000000e-03
3.239932068887e+00 4.568818810591e+00 5.000000000000e-03
3.464349005676e+00 4.945878026855e+00 5.000000000000e-03
5.455638882749e+00 3.457527233500e+00 5.000000000000e-03
8.028867842426e-01 7.517651496630e-01 5.000000000000e-03
2.201699713826e+00 2.180671957424e+00 5.000000000000e-03
1.652119649415e+00 2.899883105746e+00 5.000000000000e-03
3.355071996013e+00 1.358711464403e+00 5.000000000000e-03
5.790481206247e-01 3.246388634257e+00 5.000000000000e-03
3.114346938411e+00 3.868892357691e+00 5.000000000000e-03
3.320150313733e+00 5.334904203462e+00 5.000000000000e-03
2.376476432007e+00 4.366409082688e+00 -5.000000000000e-03
1.126847976664e+00 4.558575101497e+00 -5.000000000000e-03
3.963026091402e+00 3.284087722354e+00 -5.000000000000e-03
8.070799263618e-01 3.552310700068e+00 -5.000000000000e-03
3.465087483498e+00 6.043423877529e-01 -5.000000000000e-03
3.173145913217e-01 5.581636243798e+00 -5.000000000000e-03
1.374251941608e+00 6.226446736308e-01 -5.000000000000e-03
9.697229983080e-01 4.704069113154e+00 -5.000000000000e-03
2.894736026019e+00 2.954870719715e+00 -5.000000000000e-03
3.676056176477e+00 1.076685533673e+00 -5.000000000000e-03
1.012625220529e+00 4.539356470661e+00 -5.000000000000e-03
2.593401999789e+00 2.686234622810e+00 -5.000000000000e-03
4.269515609718e-01 5.035068371368e+00 -5.000000000000e-03
2.373869790403e+00 4.393960450719e+00 -5.000000000000e-03
3.710395417945e+00 4.613815575498e+00 -5.000000000000e-03
2.921589718268e+00 1.401236288301e+00 -5.000000000000e-03
6.090663793468e-01 4.549341880187e+00 -5.000000000000e-03
6.499079790338e-01 2.228528866744e+00 -5.000000000000e-03
1.338587235186e+00 4.917530124428e+00 -5.000000000000e-03
1.384289689633e+00 3.782932099140e+00 -5.000000000000e-03
3.732204480301e+00 7.114370766307e-01 -5.000000000000e-03
2.077585230285e+00 2.732696214814e+00 -5.000000000000e-03
2.809309541597e+00 2.536124298290e+00 -5.000000000000e-03
1.069913950447e+00 4.219587959103e+00 -5.000000000000e-03
1.324891463495e+00 4.758490920339e+00 -5.000000000000e-03
1.649953981884e+00 2.317448950347e+00 -5.000000000000e-03
3.768144940795e+00 9.837158864029e-01 -5.000000000000e-03
1.138396247889e+00 8.309199933587e-02 -5.000000000000e-03
2.975041680880e+00 6.128240786803e+00 -5.000000000000e-03
3.869516768491e+00 1.950678404561e+00 -5.000000000000e-03
1.344784328661e+00 4.185765618441e+00 -5.000000000000e-03
6.403601141738e-01 2.263041074889e+00 -5.000000000000e-03
3.203435822472e+00 4.159751066027e+00 -5.000000000000e-03
4.147307744198e+00 8.426632210722e-01 -5.000000000000e-03
9.915160567717e-01 4.933689057903e+00 -5.000000000000e-03
2.024366890772e+00 1.992627846627e+00 -5.000000000000e-03
1.764341351758e+00 6.518786673265e-01 -5.000000000000e-03
3.747271320873e+00 2.348996316421e+00 -5.000000000000e-03
9.298313189395e-01 4.942637479442e+00 -5.000000000000e-03
5.971149795816e+00 3.839464066942e+00 -5.000000000000e-03
7.097883352726e-01 2.141650020264e+00 -5.000000000000e-03
1.033770969598e+00 1.751953388447e+00 -5.000000000000e-03
2.434546713417e+00 5.368319171969e+00 -5.000000000000e-03
1.607178731662e+00 1.814313549180e+00 -5.000000000000e-03
8.687912582979e-01 3.310214700570e+00 -5.000000000000e-03
8.170729286784e-01 1.794142726254e+00 -5.000000000000e-03
4.025333468726e+00 2.939106671798e+00 -5.000000000000e-03
1.390702245969e+00 5.054089616105e+00 -5.000000000000e-03
9.898555993905e-01 2.182918492661e+00 -5.000000000000e-03
1.309305025211e+00 4.036174649953e+00 -5.000000000000e-03
3.426191629657e+00 6.227093768984e+00 -5.000000000000e-03
2.178017406328e+00 5.912003180790e+00 -5.000000000000e-03
2.005908182782e+00 2.365137702657e+00 -5.000000000000e-03
5.949100717605e-01 3.685561008751e+00 -5.000000000000e-03
3.793803014045e+00 2.329760717735e-02 -5.000000000000e-03
2.336525342839e+00 3.761252767119e+00 -5.000000000000e-03
3.746262824468e+00 1.680291393362e+00 -5.000000000000e-03
1.894587090354e+00 1.228814094884e-01 -5.000000000000e-03
2.646063533507e+00 1.570671831735e+00 -5.000000000000e-03
2.140647335690e+00 2.766909631580e+00 -5.000000000000e-03
5.787676149798e+00 1.809840182327e+00 -5.000000000000e-03
5.741391039101e+00 6.195754528463e+00 -5.000000000000e-03
1.023882738153e+00 1.146527628220e+00 -5.000000000000e-03
1.096097080075e+00 4.099864966270e+00 -5.000000000000e-03
2.738318784789e+00 5.820451859519e+00 -5.000000000000e-03
3.376315491460e+00 3.073142423877e+00 -5.000000000000e-03
8.420751939594e-01 3.484035662525e+00 -5.000000000000e-03
5.926051755153e+00 6.020412563559e+00 -5.000000000000e-03
2.215285519631e+00 6.147708812351e+00 -5.000000000000e-03
6.265479666364e+00 3.004070810551e+00 -5.000000000000e-03
6.158879773984e+00 5.418423179004e+00 -5.000000000000e-03
6.584226919134e-02 1.899302429922e+00 -5.000000000000e-03
4.310376793341e+00 5.144859746201e-01 -5.000000000000e-03
3.565683463104e+00 2.449109994203e-01 -5.000000000000e-03
1.935719762104e+00 2.056889873068e+00 -5.000000000000e-03
3.712465671186e+00 1.066757000241e+00 -5.000000000000e-03
1.212503758107e-01 3.444056130998e+00 -5.000000000000e-03
7.882600026892e-01 2.630627261612e+00 -5.000000000000e-03
1.011355774083e+00 5.114809640663e+00 -5.000000000000e-03
2.056312825966e+00 2.882906749452e+00 -5.000000000000e-03
5.636978974973e-01 2.409584746583e+00 -5.000000000000e-03
3.271244664526e+00 3.221572249433e+00 -5.000000000000e-03
2.843999539294e+00 4.779695939212e+00 -5.000000000000e-03
1.008050979235e-01 4.149401434677e+00 -5.000000000000e-03
2.416678644616e+00 1.780913713964e+00 -5.000000000000e-03
8.254015563859e-01 4.182023780218e+00 -5.000000000000e-03
2.397671007409e+00 3.041703604634e+00 -5.000000000000e-03
6.192518133394e+00 1.565498963939e+00 -5.000000000000e-03
6.178822843502e+00 2.465023925632e+00 -5.000000000000e-03
1.352212481958e+00 3.814741726812e+00 -5.000000000000e-03
5.255200394073e+00 4.822317555926e+00 -5.000000000000e-03
3.918706952896e+00 3.577225326296e+00 -5.000000000000e-03
4.362432903333e+00 2.840971209397e+00 -5.000000000000e-03
6.747650521098e-02 6.101758224942e+00 -5.000000000000e-03
3.430191192565e-01 5.214123180832e+00 -5.000000000000e-03
1.993085353144e+00 4.866654398214e+00 -5.000000000000e-03
3.991968132634e+00 4.407206286299e+00 -5.000000000000e-03
3.935831683839e+00 3.291071354058e+00 -5.000000000000e-03
7.970830297053e-01 4.219351845811e+00 -5.000000000000e-03
4.079211332547e+00 8.915298166953e-01 -5.000000000000e-03
