1.396355121555e+00 5.430642757421e+00 5.000000000000e-03
2.363625934195e+00 2.226668839031e+00 5.000000000000e-03
1.807079798459e+00 5.404031457880e+00 5.000000000000e-03
1.775230207384e+00 2.319766633092e+00 5.000000000000e-03
3.811102136740e+00 1.409753427402e+00 5.000000000000e-03
4.925035013934e+00 4.434967867400e+00 5.000000000000e-03
2.566409982519e+00 4.114315227837e+00 5.000000000000e-03
2.312417146613e+00 6.095816635107e-01 5.000000000000e-03
1.548937505684e+00 5.307558184072e+00 5.000000000000e-03
2.671588819990e+00 2.538676798928e+00 5.000000000000e-03
4.598553947527e+00 5.896729729411e+00 5.000000000000e-03
2.116792440428e+00 9.179558939291e-01 5.000000000000e-03
6.422397238876e-01 1.710574503646e-01 5.000000000000e-03
2.030112385571e+00 4.833683657298e+00 5.000000000000e-03
5.365085076015e+00 4.108544066476e+00 5.000000000000e-03
3.580845993299e+00 2.383524201569e-01 5.000000000000e-03
9.885446304417e-01 5.602223388333e+00 5.000000000000e-03
7.063074263175e-01 2.539190619063e+00 5.000000000000e-03
1.549563251505e+00 5.055671601434e+00 5.000000000000e-03
6.420429043840e-01 4.750555101341e+00 5.000000000000e-03
2.497938194861e+00 1.198790640271e+00 5.000000000000e-03
1.893154675907e+00 5.628972888075e+00 5.000000000000e-03
6.178337259116e+00 5.648096399943e-02 5.000000000000e-03
2.871149073190e+00 3.560639884290e+00 5.000000000000e-03
1.974300053930e+00 5.326745762044e+00 5.000000000000e-03
1.846526949554e+00 4.833842277755e+00 5.000000000000e-03
1.924257875726e+00 5.639370870151e+00 5.000000000000e-03
2.272018330370e+00 5.496253819162e+00 5.000000000000e-03
2.486305357653e+00 5.757376711121e+00 5.000000000000e-03
2.819542931066e+00 2.601199533441e+00 5.000000000000e-03
1.792162038799e+00 5.250060997008e+00 5.000000000000e-03
9.306736941842e-01 4.794774684251e+00 5.000000000000e-03
3.648771488509e+00 5.118970616743e+00 5.000000000000e-03
3.488491634192e+00 7.130658625283e-01 5.000000000000e-03
3.328235312547e+00 2.624542863827e+00 5.000000000000e-03
7.408203872670e-01 5.167929902334e+00 5.000000000000e-03
1.218317600985e+00 6.385068452782e-01 5.000000000000e-03
4.740309437149e+00 4.326580301836e+00 5.000000000000e-03
4.134244853599e+00 4.822976387373e+00 5.000000000000e-03
3.412127991350e+00 1.875551693792e+00 5.000000000000e-03
1.931722047437e-02 6.595828295687e-01 5.000000000000e-03
5.030475830077e+00 4.463831868852e+00 5.000000000000e-03
2.096842065061e+00 4.064130772106e+00 5.000000000000e-03
1.869625159205e+00 4.857439527745e+00 5.000000000000e-03
1.955674354158e+00 4.724041576413e+00 5.000000000000e-03
4.953089053798e+00 5.424715325682e+00 5.000000000000e-03
4.459812019228e+00 3.957477732238e+00 5.000000000000e-03
1.345872255180e+00 5.412947385392e+00 5.000000000000e-03
2.921206150702e+00 5.698709882905e+00 5.000000000000e-03
1.138348084232e+00 1.950583663520e+00 5.000000000000e-03
1.610560789179e+00 4.659372432527e+00 5.000000000000e-03
1.815399214791e+00 4.995543402233e+00 5.000000000000e-03
4.679869315120e+00 1.609952080302e-02 5.000000000000e-03
4.437765074536e+00 3.031756546622e+00 5.000000000000e-03
4.781553390927e+00 5.830567255751e+00 5.000000000000e-03
2.943785205575e+00 2.290487813499e+00 5.000000000000e-03
2.961150259033e+00 5.076379329827e+00 5.000000000000e-03
5.533630201673e-01 3.505569900422e+00 5.000000000000e-03
2.186715734040e+00 5.522974013527e+00 5.000000000000e-03
1.354758055049e+00 5.974124857685e+00 5.000000000000e-03
3.306334604014e+00 3.818051981921e+00 5.000000000000e-03
2.242369288055e+00 2.336389157009e+00 5.000000000000e-03
1.094298595125e+00 1.243638279336e+00 5.000000000000e-03
2.865395598490e+00 5.224812406322e+00 5.000000000000e-03
2.879306957648e+00 3.855512363708e+00 5.000000000000e-03
6.791049965089e-01 1.510008308758e+00 5.000000000000e-03
1.667032393459e+00 7.845826485957e-01 5.000000000000e-03
2.749794035956e+00 2.914668929259e+00 5.000000000000e-03
2.388436330141e+00 3.497975958785e-01 5.000000000000e-03
2.244965079710e+00 4.796059496484e+00 5.000000000000e-03
1.913585088114e+00 4.009860043491e-01 5.000000000000e-03
1.255472059010e+00 3.880511345766e+00 5.000000000000e-03
2.148345331614e+00 5.239811495416e+00 5.000000000000e-03
9.069661662903e-01 4.751471741979e+00 5.000000000000e-03
4.890175670392e+00 2.987594806957e+00 5.000000000000e-03
6.963757757408e-01 5.288229329531e+00 5.000000000000e-03
2.257001881925e+00 5.664978923456e+00 5.000000000000e-03
5.187252718561e+00 4.789746913553e-01 5.000000000000e-03
4.339685393178e+00 5.101296547953e+00 5.000000000000e-03
1.851624527292e+00 2.014215920676e+00 5.000000000000e-03
3.341830470489e+00 3.479955885561e+00 5.000000000000e-03
1.574469755655e+00 3.940388750157e+00 5.000000000000e-03
1.430422265047e+00 4.897813114991e+00 5.000000000000e-03
1.346985498590e+00 2.417605294089e+00 5.000000000000e-03
6.274001250649e+00 4.209174191614e+00 5.000000000000e-03
1.076974822442e+00 4.793483193042e+00 5.000000000000e-03
2.028394805776e+00 5.302729475082e+00 5.000000000000e-03
4.698401400908e+00 1.853064597636e-01 5.000000000000e-03
1.528443232431e+00 4.451851828430e+00 5.000000000000e-03
1.469359829771e+00 2.644236874588e+00 5.000000000000e-03
4.140203386206e+00 3.202016233443e+00 5.000000000000e-03
2.662031659752e+00 6.229906563378e+00 5.000000000000e-03
3.384903636024e+00 6.015659734246e+00 5.000000000000e-03
1.679523193952e+00 4.694321029934e+00 5.000000000000e-03
3.127091557795e+00 4.442417827299e+00 5.000000000000e-03
2.693421572344e+00 1.836047837832e-01 5.000000000000e-03
1.132356067678e+00 2.734202729646e+00 5.000000000000e-03
1.653773268825e+00 3.885772710068e+00 5.000000000000e-03
1.326794888825e+00 4.420272760295e+00 5.000000000000e-03
1.779025858645e+00 5.264022072184e+00 5.000000000000e-03
2.473715653030e+00 1.717844031369e+00 -5.000000000000e-03
5.889588637270e+00 1.583425748551e+00 -5.000000000000e-03
4.832082767423e+00 5.496350328845e+00 -5.000000000000e-03
6.012959587427e+00 2.534238526761e+00 -5.000000000000e-03
4.211842599545e+00 2.264004534691e+00 -5.000000000000e-03
2.805652747606e+00 4.609182961585e+00 -5.000000000000e-03
2.103183595381e+00 3.180411766038e+00 -5.000000000000e-03
5.986310024958e+00 1.154045400385e+00 -5.000000000000e-03
5.468769501213e+00 2.768832831834e+00 -5.000000000000e-03
7.089857907867e-02 1.663052261186e+00 -5.000000000000e-03
5.246080497161e+00 1.909382075176e+00 -5.000000000000e-03
1.805421135977e+00 2.645357421010e+00 -5.000000000000e-03
7.268759838576e-01 1.270995928228e+00 -5.000000000000e-03
7.801126532358e-01 1.826980398078e+00 -5.000000000000e-03
5.691701333317e+00 1.990118893742e+00 -5.000000000000e-03
3.868743448207e-01 5.050318682224e+00 -5.000000000000e-03
5.104017586177e-01 9.053822432669e-01 -5.000000000000e-03
5.935618464352e+00 1.815203193380e+00 -5.000000000000e-03
2.018084894459e+00 3.715867458469e+00 -5.000000000000e-03
5.969592334888e+00 3.199363592782e+00 -5.000000000000e-03
8.824978440876e-01 2.484700276471e+00 -5.000000000000e-03
4.706552182730e+00 4.512551716915e+00 -5.000000000000e-03
4.435025284568e+00 4.364239279225e-01 -5.000000000000e-03
5.939281300331e+00 1.568175175062e+00 -5.000000000000e-03
5.941206342489e+00 1.448628374812e+00 -5.000000000000e-03
5.583360581947e+00 1.984964681658e+00 -5.000000000000e-03
5.897296875749e+00 2.163905024934e+00 -5.000000000000e-03
5.504297626373e+00 1.467776052150e+00 -5.000000000000e-03
6.115126879608e+00 1.394118282793e+00 -5.000000000000e-03
6.859475228047e-01 2.388591262057e+00 -5.000000000000e-03
4.471495393230e+00 1.121337047477e+00 -5.000000000000e-03
5.966983993563e+00 1.250509888674e+00 -5.000000000000e-03
3.407464507423e+00 5.828538229740e+00 -5.000000000000e-03
5.217107547939e-01 1.107262573004e+00 -5.000000000000e-03
5.065993321119e-01 3.774491475236e+00 -5.000000000000e-03
5.882917493456e+00 2.428194209098e+00 -5.000000000000e-03
5.687361814583e+00 3.303402775201e+00 -5.000000000000e-03
1.203263367012e+00 5.324672719148e+00 -5.000000000000e-03
6.252891615057e+00 1.098269848346e+00 -5.000000000000e-03
8.926319052146e-01 7.210151491636e-02 -5.000000000000e-03
4.992542421220e+00 2.804989691168e-01 -5.000000000000e-03
5.868239816336e+00 5.659286699123e+00 -5.000000000000e-03
5.296211206167e+00 1.024291019328e+00 -5.000000000000e-03
2.967379669893e-01 3.639485043814e+00 -5.000000000000e-03
6.150285886549e+00 3.854408969522e-01 -5.000000000000e-03
6.028260432420e+00 2.192687628790e+00 -5.000000000000e-03
4.793697700969e+00 3.661378582386e+00 -5.000000000000e-03
5.758851257259e+00 2.073262134909e+00 -5.000000000000e-03
4.634431728159e+00 7.051786827708e-01 -5.000000000000e-03
5.854752240059e+00 2.209091286734e+00 -5.000000000000e-03
1.830713239122e-02 1.474818898137e+00 -5.000000000000e-03
3.816064936331e-03 2.201185384340e+00 -5.000000000000e-03
3.127284511240e+00 3.111359608373e+00 -5.000000000000e-03
5.270026759154e+00 1.563341424550e+00 -5.000000000000e-03
7.518256664416e-01 1.099133102931e+00 -5.000000000000e-03
6.080625436056e+00 2.612759631144e+00 -5.000000000000e-03
4.177972822084e+00 3.882839162095e+00 -5.000000000000e-03
5.734790444568e+00 1.714355888572e+00 -5.000000000000e-03
6.191424935349e+00 5.572055791058e+00 -5.000000000000e-03
9.876773009671e-01 5.936584294540e-01 -5.000000000000e-03
4.937275853374e+00 4.886486478865e+00 -5.000000000000e-03
5.904640257914e+00 5.481043654465e+00 -5.000000000000e-03
5.167784180639e+00 1.938594629474e-01 -5.000000000000e-03
5.820117105786e+00 5.533519709189e+00 -5.000000000000e-03
2.555687743342e+00 2.123852810196e+00 -5.000000000000e-03
4.120780598459e+00 2.543483562333e+00 -5.000000000000e-03
5.953081144916e+00 1.331357363281e+00 -5.000000000000e-03
1.472538529405e+00 2.400656281690e-01 -5.000000000000e-03
2.192468103933e-01 2.769084198519e+00 -5.000000000000e-03
6.652316616408e-01 3.231213623278e+00 -5.000000000000e-03
5.155981709040e+00 7.377208543115e-01 -5.000000000000e-03
3.699465749955e+00 3.692131186539e+00 -5.000000000000e-03
4.801105839229e+00 7.959995865230e-01 -5.000000000000e-03
5.807656495750e+00 2.192460423685e+00 -5.000000000000e-03
4.037479927847e-01 2.380705679946e+00 -5.000000000000e-03
1.128846289922e+00 2.721907967774e-01 -5.000000000000e-03
7.738477784056e-01 1.995624526877e+00 -5.000000000000e-03
5.481893756492e+00 2.844931840319e+00 -5.000000000000e-03
4.646482259176e+00 9.801228524197e-01 -5.000000000000e-03
4.718873621677e-01 2.462337239197e+00 -5.000000000000e-03
4.414883651353e+00 3.353036345196e+00 -5.000000000000e-03
5.589065899730e+00 5.749746073949e-01 -5.000000000000e-03
6.261714185825e+00 2.061956905166e+00 -5.000000000000e-03
4.310680617626e+00 1.053279524126e+00 -5.000000000000e-03
4.976546777530e+00 1.065978915801e+00 -5.000000000000e-03
4.599435569573e+00 4.650872483683e+00 -5.000000000000e-03
5.859112733983e+00 8.941670103577e-01 -5.000000000000e-03
4.725115154343e+00 1.333400808700e+00 -5.000000000000e-03
6.851725868624e-01 1.913146616813e+00 -5.000000000000e-03
2.140029916860e-01 2.918353232074e-01 -5.000000000000e-03
1.075174150624e+00 1.007619639387e-01 -5.000000000000e-03
6.801538650576e-01 5.838141749309e+00 -5.000000000000e-03
2.501740664935e-01 2.302578097560e+00 -5.000000000000e-03
4.315823959358e+00 3.927930985939e+00 -5.000000000000e-03
5.129319373410e+00 1.099752029311e+00 -5.000000000000e-03
6.067505268869e+00 2.823336871488e+00 -5.000000000000e-03
5.631957409804e+00 1.231959710879e+00 -5.000000000000e-03
1.596664947307e+00 5.813375840097e-01 -5.000000000000e-03
5.422095898598e+00 2.122757939271e+00 -5.000000000000e-03
5.459066907806e+00 7.849439666167e-01 -5.000000000000e-03
