3.395610518878e+00 1.519813539276e+00 5.000000000000e-03
2.762081390894e+00 1.371920595679e+00 5.000000000000e-03
5.139396400980e+00 3.683043104980e+00 5.000000000000e-03
5.678040876891e+00 3.744195632622e+00 5.000000000000e-03
3.235345309639e+00 2.768904801348e+00 5.000000000000e-03
5.826177714592e+00 6.794339436434e-01 5.000000000000e-03
2.700456739012e+00 4.450227553789e+00 5.000000000000e-03
3.234925681037e+00 4.174363084433e+00 5.000000000000e-03
4.645935009348e+00 3.390977042695e-01 5.000000000000e-03
4.167504303059e+00 1.995247820715e+00 5.000000000000e-03
2.620028308737e+00 1.312536293135e+00 5.000000000000e-03
1.051967952234e+00 4.245123679622e+00 5.000000000000e-03
6.257044432958e+00 3.645612100872e+00 5.000000000000e-03
4.937139393793e+00 3.497003957089e+00 5.000000000000e-03
1.024695512716e+00 3.731215623070e+00 5.000000000000e-03
3.466748798375e+00 1.330226244790e+00 5.000000000000e-03
1.445752654852e+00 5.685831467390e+00 5.000000000000e-03
2.267904498434e+00 6.037004980406e-01 5.000000000000e-03
7.036652516960e-01 5.055469616967e+00 5.000000000000e-03
1.195740075255e+00 6.195262394436e+00 5.000000000000e-03
4.422290050984e+00 4.092190208586e+00 5.000000000000e-03
6.209359064038e-02 6.015011645899e+00 5.000000000000e-03
2.047901548109e-02 4.021868393643e+00 5.000000000000e-03
4.171504324226e+00 3.730346905291e+00 5.000000000000e-03
4.952691091307e+00 5.924411106882e+00 5.000000000000e-03
4.516377029004e+00 4.712790677453e+00 5.000000000000e-03
4.278150055054e+00 3.357674145471e+00 5.000000000000e-03
2.344317160740e+00 9.483526950624e-01 5.000000000000e-03
5.174410722251e+00 2.564469839525e+00 5.000000000000e-03
6.565491727688e-01 2.692722347582e+00 5.000000000000e-03
4.625050898573e+00 4.342766432905e-03 5.000000000000e-03
3.827558688766e+00 3.013665708671e+00 5.000000000000e-03
6.123212872870e+00 3.855183602902e+00 5.000000000000e-03
5.841457157456e-01 5.947071016407e-01 5.000000000000e-03
9.837873148164e-01 5.289276383911e+00 5.000000000000e-03
4.545323818004e+00 4.616053286527e+00 5.000000000000e-03
1.077567273831e+00 3.163593288962e+00 5.000000000000e-03
5.127868242102e+00 3.566332792187e+00 5.000000000000e-03
1.422467678489e+00 5.679096935700e+00 5.000000000000e-03
1.349774796049e-01 5.151038311645e+00 5.000000000000e-03
3.148398760396e+00 4.454742327072e+00 5.000000000000e-03
5.711848094840e+00 3.266723784057e+00 5.000000000000e-03
5.701938523058e+00 1.503197183092e+00 5.000000000000e-03
6.900806352267e-01 5.784235268231e-01 5.000000000000e-03
4.305352201937e+00 3.360991528267e+00 5.000000000000e-03
2.228289325382e+00 5.863694842994e+00 5.000000000000e-03
5.479080702861e+00 5.811100878850e+00 5.000000000000e-03
3.544790681265e+00 3.974393195882e-01 5.000000000000e-03
5.686778611581e-01 5.188306820960e+00 5.000000000000e-03
4.476152838830e+00 2.935849527224e-01 5.000000000000e-03
4.318608723407e+00 4.349310471684e+00 5.000000000000e-03
4.441482157597e+00 5.152548311269e+00 5.000000000000e-03
5.688351456858e+00 3.172399238067e+00 5.000000000000e-03
3.560505722428e+00 5.427618522513e+00 5.000000000000e-03
4.134737917313e+00 5.099111649904e+00 5.000000000000e-03
1.475882755393e+00 1.368983486324e+00 5.000000000000e-03
5.694834690929e+00 6.739598328283e-01 5.000000000000e-03
5.276042256014e+00 2.891717483132e+00 5.000000000000e-03
2.121982280005e+00 1.313494461000e+00 5.000000000000e-03
2.584370371190e+00 4.155762411289e+00 5.000000000000e-03
5.292017444850e+00 4.114567437863e-01 5.000000000000e-03
4.323794585343e+00 2.407821637783e+00 5.000000000000e-03
5.810077567521e+00 1.519586856643e-01 5.000000000000e-03
1.476690818768e+00 2.754338996813e+00 5.000000000000e-03
2.424135266712e+00 1.941873803041e+00 5.000000000000e-03
4.329845736989e+00 3.116316531628e+00 5.000000000000e-03
2.421240924701e+00 3.948332170693e+00 5.000000000000e-03
1.688331543903e+00 2.357452412082e+00 5.000000000000e-03
3.119575505135e+00 3.049082514013e+00 5.000000000000e-03
2.135161581343e+00 3.332434661329e+00 5.000000000000e-03
5.286164188649e+00 1.912114464846e-01 5.000000000000e-03
3.362111131699e+00 5.350517712124e+00 5.000000000000e-03
2.400581078323e+00 1.193190167708e+00 5.000000000000e-03
2.020061732184e+00 2.791475925304e+00 5.000000000000e-03
5.080914553571e+00 5.434361956796e+00 5.000000000000e-03
5.153130396571e+00 5.873923327118e+00 5.000000000000e-03
2.528018897912e+00 1.244387714461e+00 5.000000000000e-03
2.079261682427e+00 6.167370465924e+00 5.000000000000e-03
5.557437893342e+00 4.589702792284e+00 5.000000000000e-03
3.230997480686e+00 4.735950459935e+00 5.000000000000e-03
4.276186272699e+00 4.132055625954e-02 5.000000000000e-03
5.230069084105e+00 1.207890328950e+00 5.000000000000e-03
5.492430231901e+00 1.327045162537e-01 5.000000000000e-03
2.631792762501e+00 4.481149345177e+00 5.000000000000e-03
4.349234380791e+00 4.345808528267e+00 5.000000000000e-03
5.881342726986e+00 1.265650489827e+00 5.000000000000e-03
1.213624831731e+00 3.983904748303e+00 5.000000000000e-03
4.870142899898e+00 8.561465951613e-02 5.000000000000e-03
3.302668608909e+00 1.098259913352e+00 5.000000000000e-03
2.870422783480e+00 9.928947635207e-01 5.000000000000e-03
6.076179186162e+00 3.905892194007e+00 5.000000000000e-03
4.386342498668e+00 5.063094860193e+00 5.000000000000e-03
3.149171389902e+00 6.044844534853e+00 5.000000000000e-03
7.068732503749e-01 8.055169919852e-01 5.000000000000e-03
4.682908157125e+00 2.538257299957e+00 5.000000000000e-03
5.158982581132e+00 2.969332595816e+00 5.000000000000e-03
4.201061502839e+00 3.308523326550e+00 5.000000000000e-03
3.637354241630e+00 6.222765489266e+00 5.000000000000e-03
9.903718880352e-01 4.263571029906e+00 5.000000000000e-03
1.340457573864e+00 9.583804418510e-02 5.000000000000e-03
1.895322136412e-01 1.366145148806e+00 -5.000000000000e-03
5.418557906714e+00 5.130687131948e+00 -5.000000000000e-03
1.844559831569e+00 3.649541599948e+00 -5.000000000000e-03
3.743555061708e+00 6.115963411784e+00 -5.000000000000e-03
1.370006960755e+00 3.729011849577e+00 -5.000000000000e-03
4.814192162968e+00 3.676868074309e+00 -5.000000000000e-03
5.495254054948e+00 1.896813103068e+00 -5.000000000000e-03
1.646829109319e+00 1.128527297792e+00 -5.000000000000e-03
4.982268912015e+00 2.243200974563e+00 -5.000000000000e-03
1.319193568817e+00 1.870666024729e+00 -5.000000000000e-03
3.506038095505e+00 1.715374274038e+00 -5.000000000000e-03
4.701802876243e+00 3.102240555756e+00 -5.000000000000e-03
3.520944890744e+00 4.020393391238e+00 -5.000000000000e-03
1.825309144484e-01 9.982440046424e-01 -5.000000000000e-03
5.904038202364e+00 2.012811662434e+00 -5.000000000000e-03
3.537463165781e+00 3.820110430685e+00 -5.000000000000e-03
5.705542586817e+00 2.080286286606e+00 -5.000000000000e-03
4.803443124778e+00 4.418336850228e+00 -5.000000000000e-03
3.128149046880e-01 2.275768194844e+00 -5.000000000000e-03
3.329799249334e+00 5.452767811547e-01 -5.000000000000e-03
2.620260648800e+00 6.100562820829e+00 -5.000000000000e-03
2.713031617305e+00 6.120789796139e+00 -5.000000000000e-03
7.497315870335e-02 9.326242378123e-01 -5.000000000000e-03
4.613535962942e+00 7.654052177398e-01 -5.000000000000e-03
2.106193831357e+00 4.634844057337e+00 -5.000000000000e-03
3.510616064554e+00 1.693192172168e+00 -5.000000000000e-03
3.725606542304e+00 2.164426781174e+00 -5.000000000000e-03
3.631830822622e+00 3.344494543875e+00 -5.000000000000e-03
5.829548953763e+00 2.130916377441e+00 -5.000000000000e-03
5.459146881714e+00 1.498399717974e+00 -5.000000000000e-03
3.262263438273e+00 3.296070704793e+00 -5.000000000000e-03
2.795350235591e+00 3.792362684975e+00 -5.000000000000e-03
2.744959266651e+00 2.172586436719e+00 -5.000000000000e-03
1.159706199594e-01 3.193558222078e+00 -5.000000000000e-03
4.225786690195e-01 4.814122492362e+00 -5.000000000000e-03
3.733694147704e+00 4.409506387469e+00 -5.000000000000e-03
2.149942483013e+00 9.243123431266e-01 -5.000000000000e-03
5.707924355805e+00 2.022625052921e+00 -5.000000000000e-03
3.350652371007e+00 3.500543495602e+00 -5.000000000000e-03
2.779633969873e+00 6.203984708174e+00 -5.000000000000e-03
6.563285282160e-01 1.614925831850e+00 -5.000000000000e-03
2.225749751742e+00 2.185631362205e+00 -5.000000000000e-03
3.571458899222e+00 2.085950832739e+00 -5.000000000000e-03
5.713388637815e+00 1.988799345921e+00 -5.000000000000e-03
3.862228335293e+00 2.206253725725e+00 -5.000000000000e-03
4.565385874388e+00 1.108755038676e+00 -5.000000000000e-03
5.632770659606e+00 4.906853856415e+00 -5.000000000000e-03
1.576092192046e+00 5.176238649588e+00 -5.000000000000e-03
5.904069456518e-01 1.528368736516e+00 -5.000000000000e-03
2.467830585658e-01 4.905174452402e+00 -5.000000000000e-03
5.891246488706e+00 2.005403924871e+00 -5.000000000000e-03
6.071805241000e+00 2.608570127155e+00 -5.000000000000e-03
1.299551239706e+00 1.742927944037e+00 -5.000000000000e-03
6.131341618753e+00 1.791800430751e+00 -5.000000000000e-03
1.605169023341e+00 3.261774540691e+00 -5.000000000000e-03
2.908373446280e+00 1.379047276445e-01 -5.000000000000e-03
1.945027467996e+00 4.204615246329e+00 -5.000000000000e-03
2.494477731546e+00 5.950345182189e+00 -5.000000000000e-03
2.108039329623e-01 5.959386244866e+00 -5.000000000000e-03
5.036881234063e+00 2.156563903300e+00 -5.000000000000e-03
5.284210192209e+00 2.456270364319e+00 -5.000000000000e-03
2.700280648295e+00 2.261519704991e+00 -5.000000000000e-03
3.820208766089e+00 2.412632911183e+00 -5.000000000000e-03
2.917117843355e+00 1.258686049813e+00 -5.000000000000e-03
2.152791456648e+00 4.549539011460e+00 -5.000000000000e-03
6.154219999466e+00 5.280125703679e+00 -5.000000000000e-03
3.390144712866e+00 4.016044453559e+00 -5.000000000000e-03
1.587973947426e+00 4.004544195700e+00 -5.000000000000e-03
5.780300110558e+00 2.027095746354e+00 -5.000000000000e-03
2.430470464970e+00 5.618392189044e+00 -5.000000000000e-03
3.429198404928e+00 3.454218253704e+00 -5.000000000000e-03
1.383494724489e+00 6.134210311683e+00 -5.000000000000e-03
6.044057601608e+00 3.251688516289e+00 -5.000000000000e-03
3.770920387473e+00 1.416626732209e+00 -5.000000000000e-03
7.980005289831e-01 3.390565790587e+00 -5.000000000000e-03
2.787253453933e+00 2.140985846524e+00 -5.000000000000e-03
5.688247929611e+00 5.517618798392e+00 -5.000000000000e-03
1.449349205548e-02 9.359866497899e-01 -5.000000000000e-03
2.069708441099e+00 4.899979141201e+00 -5.000000000000e-03
1.139066572103e-01 5.499087325151e+00 -5.000000000000e-03
4.887265495593e+00 5.621831688808e+00 -5.000000000000e-03
3.256443269889e+00 5.165420744851e+00 -5.000000000000e-03
3.470468643511e+00 4.370753804294e+00 -5.000000000000e-03
3.107728431678e+00 3.312668676012e+00 -5.000000000000e-03
5.310748048047e+00 5.606685847694e+00 -5.000000000000e-03
2.484521747433e+00 6.186244877167e+00 -5.000000000000e-03
1.099128776356e+00 2.680296613768e+00 -5.000000000000e-03
2.413317348681e+00 2.219087370050e+00 -5.000000000000e-03
6.605252706785e-03 2.798611654232e+00 -5.000000000000e-03
1.669890903609e+00 3.567516088501e+00 -5.000000000000e-03
3.265269537684e+00 3.489347403418e+00 -5.000000000000e-03
3.713430026552e+00 4.809506859621e+00 -5.000000000000e-03
3.514371194067e-01 2.175991513987e+00 -5.000000000000e-03
5.659325743928e+00 3.918262405013e+00 -5.000000000000e-03
8.047635376805e-02 1.022040958623e+00 -5.000000000000e-03
4.997547227934e-01 3.643694892640e+00 -5.000000000000e-03
2.684844405727e+00 4.776693611933e+00 -5.000000000000e-03
3.937179618109e+00 2.132817526870e+00 -5.000000000000e-03
1.502909925877e+00 1.711084818162e+00 -5.000000000000e-03
4.814032857920e+00 1.031033451576e+00 -5.000000000000e-03
