2.393614967292e+00 1.499313628205e+00 5.000000000000e-03
4.633153802544e+00 3.071746166750e+00 5.000000000000e-03
1.607048026652e+00 1.355708865453e+00 5.000000000000e-03
2.736748667188e-01 4.475151517668e+00 5.000000000000e-03
7.571127858782e-01 3.304622890755e+00 5.000000000000e-03
6.076080132636e+00 2.727044533043e+00 5.000000000000e-03
4.825640218835e+00 2.542465853855e+00 5.000000000000e-03
3.015523214380e-01 6.352367420370e-02 5.000000000000e-03
3.519717706900e+00 1.791060277375e+00 5.000000000000e-03
5.913555652985e+00 3.171923974121e+00 5.000000000000e-03
5.661152402603e+00 2.395350080974e+00 5.000000000000e-03
3.813064727405e-01 4.816582057065e+00 5.000000000000e-03
4.282207110542e+00 5.520435159406e-01 5.000000000000e-03
5.001550922312e-01 2.738628742161e+00 5.000000000000e-03
2.424750910850e+00 4.015542106833e+00 5.000000000000e-03
1.606130498730e+00 4.843215373263e+00 5.000000000000e-03
2.398078012821e+00 5.199476086838e+00 5.000000000000e-03
2.283263602066e+00 4.101139005094e+00 5.000000000000e-03
4.561175098221e+00 2.969107713317e+00 5.000000000000e-03
2.304100560617e+00 1.516945869329e+00 5.000000000000e-03
1.794559815522e+00 5.315203650642e+00 5.000000000000e-03
2.389950465484e-01 3.511781219273e+00 5.000000000000e-03
4.067078172263e+00 7.768332485023e-01 5.000000000000e-03
5.824648238675e+00 1.559217988098e+00 5.000000000000e-03
2.423748182114e+00 4.167382996144e+00 5.000000000000e-03
2.080574619596e+00 1.338553913001e+00 5.000000000000e-03
4.576665401085e+00 3.456626320708e+00 5.000000000000e-03
1.915719171793e+00 3.077780167397e+00 5.000000000000e-03
3.461721754546e-01 4.870321737837e+00 5.000000000000e-03
3.457199090561e+00 1.294539015279e+00 5.000000000000e-03
1.368925472941e+00 7.682336960475e-01 5.000000000000e-03
1.062371116558e+00 2.280450347429e+00 5.000000000000e-03
9.644235737304e-01 2.471300748694e+00 5.000000000000e-03
4.692165902094e+00 2.152455630402e+00 5.000000000000e-03
5.936238589029e+00 3.773247164494e+00 5.000000000000e-03
8.807154823232e-01 3.300722129543e+00 5.000000000000e-03
3.872656270145e+00 5.862506229447e+00 5.000000000000e-03
1.503542698854e+00 4.027367102686e+00 5.000000000000e-03
5.836204649248e+00 2.881867520868e+00 5.000000000000e-03
1.784174902425e+00 5.862224575503e+00 5.000000000000e-03
3.338620737329e+00 5.356061118690e+00 5.000000000000e-03
5.633632222095e+00 1.687680684260e+00 5.000000000000e-03
6.067199332890e+00 4.837024555222e+00 5.000000000000e-03
1.268487542703e+00 5.293095700818e+00 5.000000000000e-03
4.822211274129e-02 4.643490664825e+00 5.000000000000e-03
3.312420331665e+00 5.684889684305e+00 5.000000000000e-03
6.447699116860e-01 4.672317554774e+00 5.000000000000e-03
2.170596799172e+00 5.795340222705e+00 5.000000000000e-03
5.328333247190e+00 3.919639364594e+00 5.000000000000e-03
1.096229682162e+00 2.010013979640e+00 5.000000000000e-03
2.167159810878e+00 3.477933043074e+00 5.000000000000e-03
6.224581429974e+00 3.303724987388e+00 5.000000000000e-03
1.725999183750e+00 5.324449817394e+00 5.000000000000e-03
3.564583515959e+00 2.162801490917e+00 5.000000000000e-03
1.790476369311e+00 2.599624109246e+00 5.000000000000e-03
3.662408480142e+00 1.356658602939e+00 5.000000000000e-03
3.543955462772e+00 5.304215452103e+00 5.000000000000e-03
4.065205486744e+00 4.446505088035e+00 5.000000000000e-03
2.218451369588e+00 3.573016219569e+00 5.000000000000e-03
4.011965394086e+00 6.338435802871e-01 5.000000000000e-03
1.767028272102e-01 2.029861327434e+00 5.000000000000e-03
4.672969900906e+00 3.129615226982e+00 5.000000000000e-03
1.550409924070e+00 3.162680220015e+00 5.000000000000e-03
4.295067413646e+00 4.962062219115e+00 5.000000000000e-03
3.930280365404e+00 1.902575254689e+00 5.000000000000e-03
2.785355738368e+00 1.269419320163e+00 5.000000000000e-03
3.181716965709e+00 8.949889308738e-01 5.000000000000e-03
1.353113551581e+00 3.443336785137e+00 5.000000000000e-03
5.806776934870e-01 2.763821115185e+00 5.000000000000e-03
2.706027358238e+00 6.133557004239e+00 5.000000000000e-03
2.221313152919e+00 4.133617229762e+00 5.000000000000e-03
1.081261661706e+00 1.007067724285e+00 5.000000000000e-03
1.384677077421e+00 2.255734946499e+00 5.000000000000e-03
2.759276423826e+00 6.081896116181e+00 5.000000000000e-03
1.596666854582e+00 5.065416526738e+00 5.000000000000e-03
4.239200506033e-01 3.225740861388e+00 5.000000000000e-03
5.689627593896e+00 1.573243409163e+00 5.000000000000e-03
4.157699530534e+00 1.626392650658e+00 5.000000000000e-03
2.719252103032e+00 2.585782809125e-01 5.000000000000e-03
4.085955704749e+00 2.578867461141e+00 5.000000000000e-03
5.535435948975e+00 3.730817674028e+00 5.000000000000e-03
4.007116679148e+00 4.630930313036e+00 5.000000000000e-03
2.565042450102e+00 5.693658017742e+00 5.000000000000e-03
4.362469036491e+00 2.537002299604e-01 5.000000000000e-03
2.195874265483e+00 3.487763167868e+00 5.000000000000e-03
4.162910079428e+00 1.426324387305e+00 5.000000000000e-03
6.462713424318e-02 6.162872069754e+00 5.000000000000e-03
1.327642455654e+00 5.766701135039e+00 5.000000000000e-03
5.966689978640e+00 3.345467217250e+00 5.000000000000e-03
1.099908358426e+00 3.488491244111e+00 5.000000000000e-03
5.615821111353e+00 5.294765232037e+00 5.000000000000e-03
3.112883933370e+00 2.080947649774e-01 5.000000000000e-03
6.907152732674e-01 4.086302674355e+00 5.000000000000e-03
4.939899199297e-01 4.430840055302e+00 5.000000000000e-03
1.735276887637e+00 5.725870347405e+00 5.000000000000e-03
2.354855790538e+00 4.423156030486e+00 5.000000000000e-03
2.470906891343e-01 1.374486383371e+00 5.000000000000e-03
4.375201896644e+00 3.896121782810e+00 5.000000000000e-03
1.458349776227e+00 2.262911036936e+00 5.000000000000e-03
1.134802340061e+00 4.848494370207e+00 5.000000000000e-03
4.042594621182e+00 2.759363697737e+00 -5.000000000000e-03
4.033782020241e+00 5.610770335077e+00 -5.000000000000e-03
3.513728453977e+00 3.450603974689e+00 -5.000000000000e-03
1.823357769071e-01 5.970163146356e-01 -5.000000000000e-03
3.125352344564e+00 5.989584379126e+00 -5.000000000000e-03
2.053047036346e+00 5.233553993088e-01 -5.000000000000e-03
5.385623310944e+00 3.575939561020e+00 -5.000000000000e-03
3.509155662943e+00 4.098536653142e+00 -5.000000000000e-03
5.927511908031e-01 2.883751323063e-01 -5.000000000000e-03
5.874225270490e-01 5.739659719751e+00 -5.000000000000e-03
3.811317440572e+00 3.287688520620e+00 -5.000000000000e-03
3.391882015658e+00 1.022434852659e-01 -5.000000000000e-03
3.672794688566e+00 3.122327935358e+00 -5.000000000000e-03
3.535496420591e+00 3.904886334767e+00 -5.000000000000e-03
3.024670866825e+00 4.683932830023e+00 -5.000000000000e-03
1.008059181484e+00 1.169287698367e+00 -5.000000000000e-03
1.142172546230e+00 2.889829961722e+00 -5.000000000000e-03
5.672458529964e-01 6.620334452714e-01 -5.000000000000e-03
4.911210466051e+00 1.310000522300e+00 -5.000000000000e-03
5.651749961878e+00 5.741864888931e+00 -5.000000000000e-03
2.183835441421e+00 6.157815185913e+00 -5.000000000000e-03
3.597881904349e+00 4.484535018669e+00 -5.000000000000e-03
3.146121897774e+00 2.357177233618e+00 -5.000000000000e-03
3.907295783604e+00 4.126709043926e+00 -5.000000000000e-03
1.905842341654e+00 3.274024032264e-01 -5.000000000000e-03
3.421167205640e+00 3.894666059581e+00 -5.000000000000e-03
5.536192676386e+00 1.021223348152e+00 -5.000000000000e-03
4.115883966584e+00 3.979585086557e+00 -5.000000000000e-03
1.793463655032e+00 1.498188269754e+00 -5.000000000000e-03
4.148425525865e+00 2.347330434051e+00 -5.000000000000e-03
5.941957157912e+00 5.985924180802e+00 -5.000000000000e-03
5.912869114247e+00 4.135141683483e-01 -5.000000000000e-03
4.352800301902e+00 2.578959039357e+00 -5.000000000000e-03
1.191552604816e+00 2.942640609558e+00 -5.000000000000e-03
4.346378096165e+00 1.307280062884e+00 -5.000000000000e-03
3.657611755561e+00 3.750361679704e+00 -5.000000000000e-03
1.617928234782e+00 6.910457527100e-01 -5.000000000000e-03
9.278641368442e-01 4.487965988871e+00 -5.000000000000e-03
3.385624848595e+00 6.043961216126e+00 -5.000000000000e-03
3.365750403836e+00 3.101212301081e+00 -5.000000000000e-03
2.476508008492e+00 1.944583173723e+00 -5.000000000000e-03
6.231328925537e+00 1.145763612965e+00 -5.000000000000e-03
3.011746447559e+00 6.047232456781e+00 -5.000000000000e-03
4.811838993324e+00 4.250327984585e+00 -5.000000000000e-03
7.730459845481e-01 1.401553785620e+00 -5.000000000000e-03
1.654744386628e+00 4.235197669280e-01 -5.000000000000e-03
3.343245890793e+00 4.822003606570e+00 -5.000000000000e-03
6.250484540209e+00 1.584558576313e+00 -5.000000000000e-03
7.827880764214e-01 1.001620127056e-01 -5.000000000000e-03
9.114522070025e-01 5.950104006999e+00 -5.000000000000e-03
1.399822109876e+00 1.537881679517e+00 -5.000000000000e-03
6.287858744369e-01 6.028825110596e-01 -5.000000000000e-03
3.073521284275e+00 4.924683685494e+00 -5.000000000000e-03
3.963471474825e+00 2.131962491841e+00 -5.000000000000e-03
2.585955903245e+00 2.941555789719e+00 -5.000000000000e-03
4.669542230741e+00 7.226168641932e-01 -5.000000000000e-03
4.422657230155e+00 6.228108947615e+00 -5.000000000000e-03
1.194093766738e+00 1.177387555719e+00 -5.000000000000e-03
1.312822290393e+00 1.107843747344e+00 -5.000000000000e-03
6.169973300098e+00 3.080487000127e-01 -5.000000000000e-03
1.228133154725e+00 1.286746589379e+00 -5.000000000000e-03
3.699211477542e+00 3.768774466078e+00 -5.000000000000e-03
5.400083884372e+00 5.860515777231e+00 -5.000000000000e-03
6.774599610713e-01 1.608571529401e+00 -5.000000000000e-03
5.633838495600e+00 2.392097082631e-01 -5.000000000000e-03
3.561267478690e+00 3.309516970724e+00 -5.000000000000e-03
3.597339533409e+00 2.932964733671e+00 -5.000000000000e-03
2.414717787489e-01 3.030224485855e-01 -5.000000000000e-03
3.208855174879e+00 3.792184640749e+00 -5.000000000000e-03
1.928651150358e+00 1.748534166350e+00 -5.000000000000e-03
3.085324537130e+00 3.521936060840e+00 -5.000000000000e-03
4.363453007309e+00 1.353558160400e-03 -5.000000000000e-03
6.148193812968e+00 1.604484172613e-01 -5.000000000000e-03
5.044004579166e+00 2.331241675390e+00 -5.000000000000e-03
1.653973415636e+00 3.423043959007e+00 -5.000000000000e-03
5.092439723711e+00 3.496474517339e+00 -5.000000000000e-03
4.849540148545e-02 4.285155001288e+00 -5.000000000000e-03
3.433605625600e+00 2.958518715056e+00 -5.000000000000e-03
1.989084911767e+00 1.080727038909e+00 -5.000000000000e-03
3.184668296445e+00 4.123902316576e+00 -5.000000000000e-03
6.311911718966e-01 2.872679907252e-01 -5.000000000000e-03
3.822476813305e+00 1.611880432910e+00 -5.000000000000e-03
5.649165284068e+00 4.672445243354e+00 -5.000000000000e-03
1.266851123707e+00 2.884502736089e+00 -5.000000000000e-03
1.714129561010e+00 7.099880392110e-01 -5.000000000000e-03
6.094107314718e+00 4.313493543341e+00 -5.000000000000e-03
8.936552461052e-01 5.758040867906e+00 -5.000000000000e-03
9.870145251603e-01 3.702357649626e+00 -5.000000000000e-03
3.519915289317e+00 3.986964329825e+00 -5.000000000000e-03
5.477198961326e+00 5.235865663712e-01 -5.000000000000e-03
4.987557539749e+00 3.181624801551e+00 -5.000000000000e-03
3.692810877625e+00 3.458494306662e+00 -5.000000000000e-03
3.815606433711e+00 1.293671889166e+00 -5.000000000000e-03
2.525282798107e+00 5.106396813294e+00 -5.000000000000e-03
3.782920080197e+00 3.713599333482e+00 -5.000000000000e-03
5.069081520622e+00 3.205737585357e+00 -5.000000000000e-03
5.691788754578e+00 5.998617431633e-01 -5.000000000000e-03
3.490925572043e+00 3.467125088580e+00 -5.000000000000e-03
1.305998887887e+00 1.059855629864e+00 -5.000000000000e-03
1.143593054401e+00 1.584177219344e+00 -5.000000000000e-03
