8.825456642355e-01 1.134527142680e+00 5.000000000000e-03
1.040567420449e+00 8.476866166037e-01 5.000000000000e-03
1.695695549240e+00 4.305948309169e+00 5.000000000000e-03
1.060600179697e+00 4.239749143607e+00 5.000000000000e-03
4.004319573702e+00 3.448368461800e+00 5.000000000000e-03
3.702904037049e+00 4.357124520134e-01 5.000000000000e-03
2.623127131301e+00 2.636703822553e+00 5.000000000000e-03
5.415086039738e+00 3.393720733362e+00 5.000000000000e-03
4.046757058993e+00 4.502751459241e+00 5.000000000000e-03
3.354487727072e+00 1.814372587456e+00 5.000000000000e-03
1.290585915116e+00 1.723064912951e+00 5.000000000000e-03
2.248242499240e+00 5.496508806074e+00 5.000000000000e-03
5.742179072874e+00 5.199662201000e+00 5.000000000000e-03
1.672886827055e+00 4.518967986096e+00 5.000000000000e-03
2.402593439541e+00 5.331027450679e+00 5.000000000000e-03
1.049462870864e+00 2.372539313761e+00 5.000000000000e-03
1.341236843832e+00 1.678635442141e-01 5.000000000000e-03
3.674347046438e+00 5.679497795687e+00 5.000000000000e-03
1.275974450405e+00 5.419371567691e+00 5.000000000000e-03
3.728246667467e+00 2.419582463627e+00 5.000000000000e-03
6.182570556369e+00 2.842226006808e+00 5.000000000000e-03
5.518802217153e+00 1.109141131609e+00 5.000000000000e-03
7.288664453054e-01 4.864089008372e+00 5.000000000000e-03
3.576442364993e+00 2.252476841940e+00 5.000000000000e-03
4.657497170830e+00 1.357280935513e+00 5.000000000000e-03
4.288664049833e+00 4.962976953838e+00 5.000000000000e-03
1.880545954440e-01 3.008916888711e+00 5.000000000000e-03
1.209224271762e+00 1.383104841582e+00 5.000000000000e-03
1.746818345793e+00 5.876222146775e+00 5.000000000000e-03
2.121294250383e-01 6.497781540999e-01 5.000000000000e-03
4.372370314671e+00 6.109935633302e+00 5.000000000000e-03
3.986130941639e+00 2.880960238320e+00 5.000000000000e-03
7.132385930065e-01 4.275022955470e+00 5.000000000000e-03
4.275119888992e+00 1.276735681170e+00 5.000000000000e-03
4.258101038604e-01 5.221889683858e+00 5.000000000000e-03
4.292792372217e+00 4.865814584538e+00 5.000000000000e-03
1.405917256766e+00 4.533130777238e+00 5.000000000000e-03
1.703391674743e+00 4.625613979573e+00 5.000000000000e-03
1.362957548013e+00 1.571931235387e-01 5.000000000000e-03
2.504663570749e+00 4.455782546548e+00 5.000000000000e-03
5.297920545982e+00 3.996510925020e+00 5.000000000000e-03
3.525873226986e-01 4.418105115774e+00 5.000000000000e-03
9.287269242604e-01 3.725893162215e+00 5.000000000000e-03
4.109241407397e+00 1.117689632098e+00 5.000000000000e-03
2.154015507870e-01 3.006006623743e+00 5.000000000000e-03
3.606169546204e+00 5.476378168842e+00 5.000000000000e-03
3.779004011218e-01 1.622956080501e+00 5.000000000000e-03
2.366778478675e+00 6.019588097266e+00 5.000000000000e-03
1.187248250748e+00 5.649053629315e+00 5.000000000000e-03
3.752499085452e+00 6.272795043350e+00 5.000000000000e-03
5.572262169489e+00 3.589151427384e+00 5.000000000000e-03
5.032840101139e+00 5.007865380906e+00 5.000000000000e-03
4.151087064819e-01 4.343412084470e+00 5.000000000000e-03
4.647518016588e+00 3.916553694573e+00 5.000000000000e-03
4.766579634384e+00 4.969371247238e+00 5.000000000000e-03
4.616299322385e+00 2.353442454936e+00 5.000000000000e-03
3.106808157749e+00 8.129324041086e-01 5.000000000000e-03
3.464903530241e-01 2.149269337245e+00 5.000000000000e-03
1.567813967634e+00 1.553165272959e+00 5.000000000000e-03
3.481293774169e+00 3.282612070471e+00 5.000000000000e-03
3.469333460143e+00 4.417024108333e+00 5.000000000000e-03
7.703082303586e-01 3.342228682896e+00 5.000000000000e-03
3.288185549696e+00 7.229204578785e-01 5.000000000000e-03
1.298172497926e+00 1.297273271817e+00 5.000000000000e-03
5.444828513483e-01 1.810898056591e+00 5.000000000000e-03
6.077327812716e+00 2.900448212628e+00 5.000000000000e-03
5.608189661209e+00 3.110342266533e+00 5.000000000000e-03
1.454660865641e+00 1.456625602962e+00 5.000000000000e-03
5.780714598666e+00 2.410703813754e+00 5.000000000000e-03
2.450455107081e+00 2.019252691568e+00 5.000000000000e-03
4.402788856479e+00 1.941372127783e-01 5.000000000000e-03
3.433225410610e+00 4.708122755515e+00 5.000000000000e-03
2.020341725962e+00 1.178404420294e+00 5.000000000000e-03
3.059950392066e+00 2.702679592341e+00 5.000000000000e-03
5.701703721869e+00 9.170688899452e-01 5.000000000000e-03
4.711774196315e+00 1.081302446220e+00 5.000000000000e-03
1.197976043072e+00 1.733153462545e+00 5.000000000000e-03
3.598520205362e+00 5.916344188785e+00 5.000000000000e-03
4.553654603190e+00 5.616626809705e+00 5.000000000000e-03
2.957644273854e+00 8.601775509075e-02 5.000000000000e-03
4.373658121712e+00 5.223094301164e-01 5.000000000000e-03
4.305778280997e+00 5.591632797637e+00 5.000000000000e-03
3.993532069998e+00 5.101332187966e-01 5.000000000000e-03
2.613414311730e+00 2.561204198556e+00 5.000000000000e-03
5.602740406414e+00 3.595326191044e+00 5.000000000000e-03
6.297745695346e-01 3.559144210274e+00 5.000000000000e-03
1.854166804452e+00 6.243464046493e+00 5.000000000000e-03
4.620766971013e+00 3.937929710575e-01 5.000000000000e-03
1.113073653758e+00 2.724058776778e+00 5.000000000000e-03
1.788219188049e+00 1.328495848581e+00 5.000000000000e-03
6.632409538285e-01 4.226943554768e+00 5.000000000000e-03
5.121553384859e+00 5.074617660564e+00 5.000000000000e-03
3.249963966548e+00 3.768654573884e+00 5.000000000000e-03
4.004617233429e+00 1.127576291040e+00 5.000000000000e-03
2.941560202304e+00 3.762418341736e-01 5.000000000000e-03
1.497359771850e+00 5.539384125981e+00 5.000000000000e-03
2.912551719165e-01 2.953768566468e+00 5.000000000000e-03
4.214419486314e+00 4.507333564450e+00 5.000000000000e-03
2.270320698731e+00 5.557470920788e+00 5.000000000000e-03
6.908717579446e-02 6.037590504629e+00 5.000000000000e-03
4.936881375334e+00 2.702634655799e+00 -5.000000000000e-03
5.853456611465e+00 6.904283385131e-01 -5.000000000000e-03
1.821713281719e+00 4.853712445087e+00 -5.000000000000e-03
2.797369678987e+00 5.863369267048e+00 -5.000000000000e-03
2.037702443428e+00 5.947788881221e+00 -5.000000000000e-03
1.816175109446e+00 1.776607790372e+00 -5.000000000000e-03
1.545392320484e+00 3.927252860181e+00 -5.000000000000e-03
5.658840028069e+00 1.240769652634e+00 -5.000000000000e-03
8.973189474348e-01 2.856639084866e+00 -5.000000000000e-03
5.929489854254e+00 1.164757695748e+00 -5.000000000000e-03
1.613366129500e+00 3.085276982970e+00 -5.000000000000e-03
1.867746360797e+00 3.860142213423e+00 -5.000000000000e-03
4.918162243381e+00 3.419966135294e+00 -5.000000000000e-03
5.116254882564e+00 2.118847879718e+00 -5.000000000000e-03
6.458681912249e-01 2.444837898755e+00 -5.000000000000e-03
5.515598869958e+00 2.751469459927e+00 -5.000000000000e-03
6.565519850808e-01 2.721641209548e+00 -5.000000000000e-03
4.524968531350e+00 6.270829079842e+00 -5.000000000000e-03
4.794140152094e+00 2.304202639996e+00 -5.000000000000e-03
2.944653705099e+00 5.978804522289e+00 -5.000000000000e-03
3.012900068935e+00 5.539731400250e+00 -5.000000000000e-03
3.560456151901e+00 5.167527031683e+00 -5.000000000000e-03
4.939562310765e+00 2.246828001738e+00 -5.000000000000e-03
4.008042494489e+00 5.697135705787e+00 -5.000000000000e-03
2.738195030805e+00 4.283549320026e+00 -5.000000000000e-03
1.599155134658e+00 3.102952980685e+00 -5.000000000000e-03
2.877269854694e+00 1.623566477694e+00 -5.000000000000e-03
5.073412077604e+00 2.580133812310e+00 -5.000000000000e-03
5.891439899221e-01 2.658893161420e+00 -5.000000000000e-03
6.144721718822e+00 2.249670740341e+00 -5.000000000000e-03
5.195851840618e+00 2.757526857803e+00 -5.000000000000e-03
4.975514921414e+00 3.099848338044e+00 -5.000000000000e-03
2.111622853821e+00 2.255707137944e+00 -5.000000000000e-03
2.186171723034e+00 4.971060623566e+00 -5.000000000000e-03
5.874137112237e+00 5.215635301584e+00 -5.000000000000e-03
4.046593608814e+00 3.207005848591e+00 -5.000000000000e-03
3.389848298615e+00 5.393732280977e+00 -5.000000000000e-03
6.552286866145e-01 2.338227489105e+00 -5.000000000000e-03
4.945573078059e+00 2.971042753882e+00 -5.000000000000e-03
2.962801294466e+00 5.609215416150e+00 -5.000000000000e-03
3.898636272820e+00 1.816818576293e+00 -5.000000000000e-03
1.891201841580e+00 2.498602595424e+00 -5.000000000000e-03
2.270957605757e+00 1.531501763904e+00 -5.000000000000e-03
1.734939660259e-01 1.703665812868e+00 -5.000000000000e-03
2.936112590958e+00 1.776873184213e+00 -5.000000000000e-03
3.345454159637e+00 4.920167927104e+00 -5.000000000000e-03
4.948474099410e+00 3.708687629022e-01 -5.000000000000e-03
2.473283825528e+00 3.897699516741e-01 -5.000000000000e-03
3.970575811988e+00 1.902832734465e+00 -5.000000000000e-03
5.897344154096e+00 4.904612289225e+00 -5.000000000000e-03
6.473863408029e-01 2.459814055282e+00 -5.000000000000e-03
6.015934820353e+00 1.506927281988e+00 -5.000000000000e-03
6.167816506295e+00 5.160207967036e-01 -5.000000000000e-03
6.193090826190e+00 2.007475097959e+00 -5.000000000000e-03
2.177227112135e+00 3.862708379002e+00 -5.000000000000e-03
2.991855704214e+00 6.118041961666e+00 -5.000000000000e-03
2.951886544812e+00 3.795399391449e+00 -5.000000000000e-03
3.093625577710e+00 6.116473797090e+00 -5.000000000000e-03
1.311053317141e+00 3.283057600716e+00 -5.000000000000e-03
6.340193144172e-01 2.583127638964e+00 -5.000000000000e-03
1.926825920439e+00 5.635848528252e+00 -5.000000000000e-03
2.023745833998e+00 2.300505119972e+00 -5.000000000000e-03
3.032946294944e+00 1.760304138045e+00 -5.000000000000e-03
1.360486721812e+00 1.018150467212e+00 -5.000000000000e-03
2.700092626372e+00 4.191493349002e+00 -5.000000000000e-03
5.161356525735e+00 6.253503616595e+00 -5.000000000000e-03
3.498904230158e+00 2.684339138505e+00 -5.000000000000e-03
2.755644600618e+00 3.408226865465e+00 -5.000000000000e-03
6.244327477540e-01 2.374877725040e+00 -5.000000000000e-03
3.069886603292e+00 5.262428666342e+00 -5.000000000000e-03
4.797297382598e+00 3.104499623866e+00 -5.000000000000e-03
5.383331334442e+00 3.827576312797e+00 -5.000000000000e-03
1.821641497020e+00 5.538002357524e+00 -5.000000000000e-03
1.823250362135e+00 2.868623154632e+00 -5.000000000000e-03
1.693668192883e+00 5.276134927773e+00 -5.000000000000e-03
2.157681448030e+00 2.269448357399e+00 -5.000000000000e-03
5.582858466576e+00 5.974188688588e+00 -5.000000000000e-03
5.011590315159e+00 2.018429433075e+00 -5.000000000000e-03
2.453221212041e+00 3.652949712582e+00 -5.000000000000e-03
2.493529998677e+00 4.594244310755e+00 -5.000000000000e-03
5.431454041377e+00 3.988674414494e-01 -5.000000000000e-03
2.511426328879e+00 6.256644980764e+00 -5.000000000000e-03
3.221463294145e+00 4.533123228563e+00 -5.000000000000e-03
4.917039364544e+00 3.140155250703e+00 -5.000000000000e-03
6.092046108305e+00 5.647526483370e+00 -5.000000000000e-03
3.133058937898e+00 5.853120078616e+00 -5.000000000000e-03
1.582758248113e+00 1.268039339703e+00 -5.000000000000e-03
2.104522844293e+00 2.093976072180e+00 -5.000000000000e-03
5.424591878311e-01 2.604097345317e+00 -5.000000000000e-03
2.239840774939e+00 4.318228270110e+00 -5.000000000000e-03
5.419400761944e+00 2.358459378503e+00 -5.000000000000e-03
6.210102436037e+00 2.471162918837e+00 -5.000000000000e-03
5.004790935904e+00 2.131710640341e+00 -5.000000000000e-03
1.121237253613e-01 3.734843340011e+00 -5.000000000000e-03
4.938582543559e+00 2.196561581934e+00 -5.000000000000e-03
2.748429181252e+00 4.029728153618e+00 -5.000000000000e-03
2.204482104264e+00 2.906645505657e+00 -5.000000000000e-03
2.948173459059e+00 1.483535259243e+00 -5.000000000000e-03
7.170536046363e-03 5.153624687687e-01 -5.000000000000e-03
4.133258942161e+00 5.562516502393e+00 -5.000000000000e-03
