5.743216715267e-01 2.573172310012e+00 5.000000000000e-03
4.788400229044e+00 2.436624933898e+00 5.000000000000e-03
1.951115392979e+00 4.021441544152e+00 5.000000000000e-03
3.031152350263e+00 2.013828428070e+00 5.000000000000e-03
1.510359257698e-02 3.567718974872e+00 5.000000000000e-03
3.086463467715e+00 2.729300246009e+00 5.000000000000e-03
7.131857409734e-01 2.417245400483e+00 5.000000000000e-03
6.160047984524e+00 2.182350086275e+00 5.000000000000e-03
1.458824615526e+00 3.079707999959e+00 5.000000000000e-03
5.953828206411e+00 6.254931945834e+00 5.000000000000e-03
1.111608804802e+00 1.839731285847e+00 5.000000000000e-03
5.400414175930e+00 2.366420016053e+00 5.000000000000e-03
1.419699153571e+00 3.411257748528e+00 5.000000000000e-03
4.144653342200e-01 3.575131525631e+00 5.000000000000e-03
3.417228714828e+00 3.181816773973e+00 5.000000000000e-03
2.040080533780e+00 3.003983336309e+00 5.000000000000e-03
6.213095734355e+00 2.564201088529e+00 5.000000000000e-03
1.940413322946e+00 2.644129831957e+00 5.000000000000e-03
1.408933605670e+00 2.592137848570e+00 5.000000000000e-03
3.954295217991e+00 5.029268269291e+00 5.000000000000e-03
1.703827761862e+00 1.396645882351e+00 5.000000000000e-03
1.653124220840e+00 3.804944730733e+00 5.000000000000e-03
1.850713860401e+00 3.318495736469e+00 5.000000000000e-03
2.253205722533e+00 5.986344075114e+00 5.000000000000e-03
1.276199597928e+00 3.868066923071e+00 5.000000000000e-03
5.322614372615e+00 1.701970928412e+00 5.000000000000e-03
3.921992664544e+00 3.349242334233e+00 5.000000000000e-03
3.329933405962e+00 3.817885920482e+00 5.000000000000e-03
6.107512691717e+00 1.774495733317e+00 5.000000000000e-03
4.499147148686e+00 2.287270227768e+00 5.000000000000e-03
1.538051681655e+00 4.140832629804e+00 5.000000000000e-03
1.197789483665e-01 4.222458238933e+00 5.000000000000e-03
2.087845206523e+00 2.534694208666e+00 5.000000000000e-03
1.582382101304e+00 1.281095807861e+00 5.000000000000e-03
6.234749000368e-01 6.237755316115e+00 5.000000000000e-03
1.555919780152e+00 4.079482038611e+00 5.000000000000e-03
1.059590826896e+00 2.065092396814e+00 5.000000000000e-03
1.699350534328e+00 4.306124672255e+00 5.000000000000e-03
5.937479046192e-01 3.876206578485e+00 5.000000000000e-03
6.005867986133e+00 2.095168402314e+00 5.000000000000e-03
1.728135756014e+00 1.318064711645e+00 5.000000000000e-03
1.618874664821e-01 2.096008175967e+00 5.000000000000e-03
8.552882934819e-01 1.183926598185e+00 5.000000000000e-03
1.342328879841e+00 3.861932177595e+00 5.000000000000e-03
5.229573655287e+00 2.184006042921e+00 5.000000000000e-03
2.089411276359e+00 2.658411461903e+00 5.000000000000e-03
1.627613659170e+00 4.164233921390e+00 5.000000000000e-03
3.831313659354e+00 5.424302416941e+00 5.000000000000e-03
3.181942672816e-01 4.813987293455e+00 5.000000000000e-03
4.388109854214e-01 1.326573824942e+00 5.000000000000e-03
3.678356667877e-01 4.346919578873e+00 5.000000000000e-03
3.386363549764e-01 3.560362026438e+00 5.000000000000e-03
3.456698240499e-01 2.308455205672e+00 5.000000000000e-03
5.860487841447e-01 1.492425618345e-01 5.000000000000e-03
5.857628468650e+00 4.625662516494e+00 5.000000000000e-03
5.646640440730e+00 2.641262868023e+00 5.000000000000e-03
7.238940356923e-01 2.946101566443e+00 5.000000000000e-03
1.468274265903e+00 1.412437172464e+00 5.000000000000e-03
5.577223595069e+00 2.539800471340e+00 5.000000000000e-03
1.764583695489e+00 1.286747818907e+00 5.000000000000e-03
1.762695718434e+00 6.702073554062e-01 5.000000000000e-03
5.612653236930e+00 2.582650284401e+00 5.000000000000e-03
5.462296719111e+00 2.548464992628e+00 5.000000000000e-03
1.391834680753e+00 2.825145167419e+00 5.000000000000e-03
6.058477645398e+00 1.357859831470e+00 5.000000000000e-03
5.888491130798e+00 1.146207602238e+00 5.000000000000e-03
2.709876831180e+00 1.204595311130e+00 5.000000000000e-03
5.704352261068e-01 4.734245074425e+00 5.000000000000e-03
5.715900035758e+00 4.009757913946e+00 5.000000000000e-03
1.703218187687e+00 4.009197321033e+00 5.000000000000e-03
3.990309947008e+00 3.239351802940e+00 5.000000000000e-03
4.162672490322e+00 4.634573172068e+00 5.000000000000e-03
4.019808553111e-01 2.263161518521e+00 5.000000000000e-03
5.049417728052e-01 3.597006055913e+00 5.000000000000e-03
1.167777148513e+00 3.485482074939e+00 5.000000000000e-03
1.326569494154e+00 1.765753647183e+00 5.000000000000e-03
1.947060110464e+00 3.919133438990e+00 5.000000000000e-03
4.759907588197e+00 4.679901592736e+00 5.000000000000e-03
5.739298123378e+00 2.943880866406e+00 5.000000000000e-03
4.826763496642e+00 3.993053942728e+00 5.000000000000e-03
2.123956578623e+00 2.725834406023e+00 5.000000000000e-03
7.907265483236e-01 2.633115962610e+00 5.000000000000e-03
2.605901589012e-01 2.991641994106e+00 5.000000000000e-03
5.358668698584e+00 3.573882362664e+00 5.000000000000e-03
4.309436309756e+00 2.644828643587e+00 5.000000000000e-03
5.034327916784e-01 4.207258716161e+00 5.000000000000e-03
5.618065934463e+00 5.015810311176e+00 5.000000000000e-03
9.443446349795e-01 3.120127775151e+00 5.000000000000e-03
1.119170073642e+00 4.448503567224e+00 5.000000000000e-03
1.525188661949e+00 4.225620181908e+00 5.000000000000e-03
2.701429828339e+00 6.030891104173e+00 5.000000000000e-03
3.181195308088e+00 4.892660468193e+00 5.000000000000e-03
4.983092138127e+00 2.198831797377e+00 5.000000000000e-03
5.929371658359e+00 3.285988142674e+00 5.000000000000e-03
3.517900974444e+00 4.596272911277e+00 5.000000000000e-03
2.797396085402e+00 2.683438266844e+00 5.000000000000e-03
5.425230648160e+00 2.534668637229e+00 5.000000000000e-03
9.839224728533e-01 4.573042085210e+00 5.000000000000e-03
1.628825105909e+00 2.900446750920e+00 5.000000000000e-03
1.521624173232e+00 4.150752636300e+00 5.000000000000e-03
4.346461201141e+00 2.386173125896e-01 -5.000000000000e-03
2.876327220659e+00 4.115572848492e+00 -5.000000000000e-03
4.527587674496e+00 3.220266120911e+00 -5.000000000000e-03
3.542546158926e+00 6.079070829522e+00 -5.000000000000e-03
3.724937327025e+00 5.658011331659e+00 -5.000000000000e-03
3.918577909957e+00 3.792773037046e-02 -5.000000000000e-03
3.731324033123e+00 3.613966489049e-01 -5.000000000000e-03
3.398771310982e+00 1.989927106964e+00 -5.000000000000e-03
3.238657396395e+00 3.905923185021e+00 -5.000000000000e-03
2.519912288725e+00 2.477122370979e+00 -5.000000000000e-03
2.070919020597e+00 8.343754877169e-01 -5.000000000000e-03
4.559499076839e+00 1.217198423923e+00 -5.000000000000e-03
4.200786757121e+00 4.771586538045e+00 -5.000000000000e-03
2.462774808531e-01 5.141423751660e+00 -5.000000000000e-03
5.120159033181e+00 5.066050203734e+00 -5.000000000000e-03
3.672024508417e+00 5.173719794436e-01 -5.000000000000e-03
5.366566264323e+00 7.991348225938e-01 -5.000000000000e-03
4.754005033896e+00 6.001757919418e+00 -5.000000000000e-03
4.567870571122e+00 5.053970942795e+00 -5.000000000000e-03
1.557318315944e+00 5.245047596772e+00 -5.000000000000e-03
4.204663276057e+00 3.899177539315e-01 -5.000000000000e-03
5.518689252665e+00 3.091621140173e+00 -5.000000000000e-03
4.819374712562e+00 4.457018242365e+00 -5.000000000000e-03
3.353948262645e+00 4.830269514763e+00 -5.000000000000e-03
4.859112600984e+00 6.210231919115e+00 -5.000000000000e-03
4.583735285336e+00 5.479418812666e+00 -5.000000000000e-03
2.739230562496e+00 2.994859260780e+00 -5.000000000000e-03
4.328920912560e+00 3.688678110846e-01 -5.000000000000e-03
3.565071502654e+00 5.435679753944e+00 -5.000000000000e-03
2.635862864689e+00 1.840756238961e+00 -5.000000000000e-03
2.556224493007e+00 5.771869124825e+00 -5.000000000000e-03
2.144684528676e+00 5.016658889386e-01 -5.000000000000e-03
4.296641205403e+00 3.665909765344e-02 -5.000000000000e-03
4.371123938177e+00 4.180350905054e-02 -5.000000000000e-03
4.062886812849e+00 6.457707138662e-01 -5.000000000000e-03
3.201289232085e+00 3.697318612497e-01 -5.000000000000e-03
4.010795781428e+00 2.863022177326e-01 -5.000000000000e-03
3.279853915638e+00 1.443713453631e+00 -5.000000000000e-03
5.276692127962e+00 5.379633007708e+00 -5.000000000000e-03
2.975566905112e+00 5.944586890148e+00 -5.000000000000e-03
5.098458318126e+00 5.574854365287e+00 -5.000000000000e-03
4.711317635113e+00 6.277658529270e+00 -5.000000000000e-03
4.244188983024e+00 2.702116826268e-01 -5.000000000000e-03
4.108084930997e+00 3.938423896687e-01 -5.000000000000e-03
3.475634657216e+00 1.711610852697e+00 -5.000000000000e-03
6.946342499996e-01 4.355401767480e+00 -5.000000000000e-03
6.042472645812e+00 2.104129270964e-01 -5.000000000000e-03
4.518346600757e+00 4.003005332133e+00 -5.000000000000e-03
2.915486261732e+00 5.339006824440e+00 -5.000000000000e-03
4.566319618791e+00 1.073283264369e-02 -5.000000000000e-03
3.430680126610e+00 5.899230427441e+00 -5.000000000000e-03
3.576506011905e+00 2.009672186718e-01 -5.000000000000e-03
1.870123548901e+00 1.735408282984e+00 -5.000000000000e-03
3.392550365912e+00 3.847336317228e-01 -5.000000000000e-03
5.156372835982e+00 5.201603618483e+00 -5.000000000000e-03
3.586147625782e+00 6.446516295139e-01 -5.000000000000e-03
3.433307457696e+00 6.160419930482e+00 -5.000000000000e-03
4.739691147250e+00 2.115293793790e-01 -5.000000000000e-03
3.892889861988e+00 3.789031385668e+00 -5.000000000000e-03
3.425871393335e+00 3.579000610547e-01 -5.000000000000e-03
4.711077165160e+00 6.147769085373e+00 -5.000000000000e-03
4.852258649298e+00 1.135309656584e-01 -5.000000000000e-03
4.784416427244e+00 6.075552019837e+00 -5.000000000000e-03
3.064425956380e+00 5.993252186022e+00 -5.000000000000e-03
3.733370010987e+00 4.002063234589e+00 -5.000000000000e-03
3.528609970187e+00 1.984197853087e+00 -5.000000000000e-03
3.398622042121e+00 4.396237408383e-01 -5.000000000000e-03
4.800083011809e+00 3.321041418788e+00 -5.000000000000e-03
3.736822550084e+00 4.637641563172e+00 -5.000000000000e-03
4.197144757251e+00 5.807371920021e+00 -5.000000000000e-03
3.224995282241e+00 2.473211518022e+00 -5.000000000000e-03
4.698863128106e+00 1.125598517847e-02 -5.000000000000e-03
3.044015427199e+00 5.496307871004e+00 -5.000000000000e-03
3.733128281808e+00 4.648091629813e+00 -5.000000000000e-03
4.880616918919e+00 1.683914275021e+00 -5.000000000000e-03
2.049048367017e-01 1.103629801989e+00 -5.000000000000e-03
5.356362355783e+00 3.115009764336e+00 -5.000000000000e-03
4.739240331700e+00 5.576095372639e+00 -5.000000000000e-03
3.106662469395e+00 6.123431605009e+00 -5.000000000000e-03
3.305928463494e+00 2.814139978500e-01 -5.000000000000e-03
1.830499454652e+00 1.615606537296e+00 -5.000000000000e-03
4.914946737970e+00 2.967720417739e+00 -5.000000000000e-03
4.336887764542e+00 1.050140151353e+00 -5.000000000000e-03
4.018362179842e+00 1.211578713231e+00 -5.000000000000e-03
4.377198139736e+00 4.051534217186e-01 -5.000000000000e-03
5.560994380185e+00 4.450619671932e-01 -5.000000000000e-03
4.346598535337e+00 4.016598117026e+00 -5.000000000000e-03
5.615404845386e+00 6.198734166337e+00 -5.000000000000e-03
2.183202096318e+00 3.119194723854e+00 -5.000000000000e-03
2.145348884893e+00 5.405127020729e+00 -5.000000000000e-03
5.072681101188e+00 4.493643922435e+00 -5.000000000000e-03
5.193935143628e+00 5.378298742003e+00 -5.000000000000e-03
4.290404787826e+00 2.023653029588e+00 -5.000000000000e-03
4.600252205386e+00 4.074554864786e+00 -5.000000000000e-03
2.386025253277e+00 6.218358856822e+00 -5.000000000000e-03
2.757895137018e+00 2.360733621543e+00 -5.000000000000e-03
5.226344581164e+00 5.348819156315e+00 -5.000000000000e-03
5.285674815576e+00 1.268276462655e-01 -5.000000000000e-03
4.840519353533e+00 1.220695458767e+00 -5.000000000000e-03
2.184399172007e+00 5.484492743578e+00 -5.000000000000e-03
