5.162889796207e+00 9.934376586851e-01 5.000000000000e-03
2.196489900710e+00 1.880398405516e+00 5.000000000000e-03
4.322178356261e+00 5.913890715463e+00 5.000000000000e-03
4.973806197721e+00 1.231330690938e+00 5.000000000000e-03
3.613303669549e+00 1.746983774502e+00 5.000000000000e-03
4.610367932042e+00 1.042922138045e+00 5.000000000000e-03
4.518394630390e+00 1.760930754145e+00 5.000000000000e-03
2.501706765461e+00 2.876786490296e+00 5.000000000000e-03
4.946672382360e+00 2.304730377112e+00 5.000000000000e-03
3.691902774426e+00 2.420188715253e+00 5.000000000000e-03
5.142576140552e+00 1.040600575605e+00 5.000000000000e-03
6.152456117607e+00 1.774333882261e+00 5.000000000000e-03
2.579943657584e+00 2.013709391955e+00 5.000000000000e-03
2.211213913495e-01 1.870386329186e+00 5.000000000000e-03
5.580554896756e+00 3.921255076357e+00 5.000000000000e-03
4.995305683671e+00 1.099078237456e+00 5.000000000000e-03
4.500702272515e+00 5.810189572659e+00 5.000000000000e-03
3.331554922423e+00 1.738845182405e+00 5.000000000000e-03
1.707678593277e+00 1.070290693056e+00 5.000000000000e-03
5.394449419470e+00 1.289888214393e+00 5.000000000000e-03
3.118977218790e+00 6.242567795521e+00 5.000000000000e-03
4.544025772287e+00 2.224670078371e+00 5.000000000000e-03
1.093738098842e-01 2.087116985190e+00 5.000000000000e-03
5.223674010191e-01 1.155410752140e+00 5.000000000000e-03
2.019410480419e+00 2.455413851811e+00 5.000000000000e-03
9.029699050313e-01 2.095676296046e+00 5.000000000000e-03
6.086085085606e+00 3.435326534328e+00 5.000000000000e-03
3.304041688034e-01 2.061047312294e+00 5.000000000000e-03
5.282338729253e+00 1.876090984979e+00 5.000000000000e-03
3.135362599947e+00 5.530424743613e+00 5.000000000000e-03
4.992845111826e+00 8.393174816256e-01 5.000000000000e-03
2.155358780888e+00 4.381495099517e+00 5.000000000000e-03
1.717422001836e-01 1.803335925158e+00 5.000000000000e-03
6.058786080449e+00 4.906854026135e+00 5.000000000000e-03
5.514297308180e+00 1.285522017821e+00 5.000000000000e-03
5.026363777288e+00 2.309747150329e+00 5.000000000000e-03
5.281605074925e+00 1.705152952072e+00 5.000000000000e-03
5.860597058572e+00 4.935353092840e+00 5.000000000000e-03
1.279647084189e+00 1.308605133965e+00 5.000000000000e-03
6.141573267168e+00 5.706792690620e+00 5.000000000000e-03
4.696451839924e+00 1.233033927672e+00 5.000000000000e-03
2.436837856660e+00 4.974750651401e+00 5.000000000000e-03
6.229503248815e+00 1.927219052232e-01 5.000000000000e-03
6.047348467068e+00 1.061045123137e+00 5.000000000000e-03
6.195211106248e+00 1.126202214699e+00 5.000000000000e-03
5.110308802395e+00 5.343252608685e+00 5.000000000000e-03
5.278020906815e+00 8.980971693445e-01 5.000000000000e-03
4.924627562030e+00 1.231448876589e+00 5.000000000000e-03
6.847896921351e-01 5.800518566000e-01 5.000000000000e-03
4.081580388303e+00 3.270869845569e+00 5.000000000000e-03
4.536326722942e+00 1.650695995113e+00 5.000000000000e-03
5.341908603712e+00 1.459626207908e+00 5.000000000000e-03
4.252639972694e+00 2.130080802120e-01 5.000000000000e-03
5.610443887766e+00 3.281479491972e+00 5.000000000000e-03
3.367816812844e+00 2.981109772640e+00 5.000000000000e-03
3.838578617002e+00 3.160362366588e-01 5.000000000000e-03
5.170522406749e-01 1.390169075808e+00 5.000000000000e-03
4.946966461133e+00 1.876714962917e+00 5.000000000000e-03
1.338703372840e+00 5.471618089433e+00 5.000000000000e-03
5.698981401806e+00 8.570820213865e-01 5.000000000000e-03
4.411671030039e+00 4.705562388432e+00 5.000000000000e-03
5.348534507317e+00 1.142150871127e+00 5.000000000000e-03
4.952453552391e+00 1.423001900322e+00 5.000000000000e-03
5.952610249298e-01 2.604098790613e+00 5.000000000000e-03
1.846695683516e+00 1.801237056105e+00 5.000000000000e-03
4.835278466331e+00 3.347004913017e+00 5.000000000000e-03
4.273877188258e+00 4.079133790946e-02 5.000000000000e-03
4.151423670354e+00 2.063009183264e+00 5.000000000000e-03
3.433033476467e+00 2.337449623929e+00 5.000000000000e-03
3.094351942998e+00 1.957606927233e+00 5.000000000000e-03
4.606438721293e+00 5.067718134334e+00 5.000000000000e-03
4.545236699476e+00 1.465849149277e+00 5.000000000000e-03
1.517358994828e+00 2.979803959004e+00 5.000000000000e-03
1.740023911157e-01 2.506491906787e+00 5.000000000000e-03
1.478332807636e+00 1.636799147559e+00 5.000000000000e-03
5.420369839970e+00 2.173305283779e+00 5.000000000000e-03
3.765306397130e+00 1.634400442588e+00 5.000000000000e-03
1.330458629479e+00 2.356364756458e+00 5.000000000000e-03
5.723512475525e+00 4.212261445187e+00 5.000000000000e-03
1.467741488405e+00 4.975666974561e+00 5.000000000000e-03
6.192234279669e+00 7.661111972115e-01 5.000000000000e-03
2.231706001170e+00 4.761501550445e+00 5.000000000000e-03
3.571827816860e+00 8.424027950858e-01 5.000000000000e-03
1.571715313189e+00 1.693732831401e+00 5.000000000000e-03
5.160682317471e+00 1.130824830318e+00 5.000000000000e-03
5.772834932014e-01 3.501989386343e-01 5.000000000000e-03
4.941076209205e+00 3.401248002884e+00 5.000000000000e-03
5.475123808670e+00 1.337700380237e+00 5.000000000000e-03
2.014912699030e+00 2.339150621412e+00 5.000000000000e-03
6.008961825375e+00 3.224017138451e+00 5.000000000000e-03
1.223560217390e+00 1.129015472143e+00 5.000000000000e-03
3.207380548284e+00 4.908633966561e+00 5.000000000000e-03
1.512546560605e+00 2.264831956263e+00 5.000000000000e-03
4.384657878170e+00 3.293400599508e-02 5.000000000000e-03
5.792483404545e+00 8.308423947006e-01 5.000000000000e-03
2.279373594384e+00 2.769414885169e+00 5.000000000000e-03
5.143271206366e+00 4.753169402722e+00 5.000000000000e-03
5.987295108009e+00 9.808968926935e-01 5.000000000000e-03
5.629499833011e+00 1.044713726760e+00 5.000000000000e-03
3.842228138731e+00 2.145112134543e+00 5.000000000000e-03
4.060043424924e+00 5.487574207108e+00 -5.000000000000e-03
1.844811494103e+00 5.424188675911e+00 -5.000000000000e-03
3.164379019992e+00 2.573393326058e+00 -5.000000000000e-03
6.064502136420e+00 3.906556030251e+00 -5.000000000000e-03
2.377932251388e+00 6.040270100503e+00 -5.000000000000e-03
3.980228637773e-01 3.907945399949e+00 -5.000000000000e-03
1.332224527963e+00 4.890881677344e+00 -5.000000000000e-03
5.005325867278e+00 5.823877620464e+00 -5.000000000000e-03
2.171879340804e+00 4.605412452963e-02 -5.000000000000e-03
2.498433105590e+00 4.462974629647e+00 -5.000000000000e-03
2.369920911048e+00 6.140217113012e+00 -5.000000000000e-03
4.883500253310e+00 4.212236327135e+00 -5.000000000000e-03
1.775872515165e+00 1.476620763966e+00 -5.000000000000e-03
1.042777226919e+00 5.137183879896e+00 -5.000000000000e-03
2.508543877615e+00 5.492690886625e+00 -5.000000000000e-03
3.255788651147e+00 5.510609658585e+00 -5.000000000000e-03
1.162962681983e+00 5.241960779567e-01 -5.000000000000e-03
2.765464131105e+00 5.332638354949e+00 -5.000000000000e-03
2.478347077550e+00 4.695817010882e+00 -5.000000000000e-03
1.575529141902e+00 4.153658420785e+00 -5.000000000000e-03
3.503564995082e+00 5.361107268886e+00 -5.000000000000e-03
3.675843905801e+00 3.304662254355e+00 -5.000000000000e-03
3.298353013616e+00 5.851894953423e+00 -5.000000000000e-03
1.635750328404e+00 2.279801686565e+00 -5.000000000000e-03
2.899369574711e+00 5.367698127218e+00 -5.000000000000e-03
1.430627189745e-01 3.655498882221e+00 -5.000000000000e-03
1.906900506711e+00 2.221059825078e-01 -5.000000000000e-03
2.252063325536e+00 9.998457067145e-01 -5.000000000000e-03
7.360428544128e-01 2.194863373296e-02 -5.000000000000e-03
1.675144500714e+00 6.086077291096e+00 -5.000000000000e-03
6.111531125674e-01 5.547179987880e+00 -5.000000000000e-03
1.677024784675e+00 5.436692815323e+00 -5.000000000000e-03
4.442838358634e+00 8.554707798606e-01 -5.000000000000e-03
1.878144898923e+00 5.392298266563e+00 -5.000000000000e-03
1.817546739891e+00 4.752933035327e+00 -5.000000000000e-03
1.600190933130e+00 7.453651973446e-02 -5.000000000000e-03
2.709920781816e+00 3.802957645622e+00 -5.000000000000e-03
2.573062510236e-01 5.561203084406e+00 -5.000000000000e-03
2.170653181485e+00 6.225328800774e+00 -5.000000000000e-03
3.082992737636e+00 1.757142277858e+00 -5.000000000000e-03
2.693634760936e+00 4.022311475365e-01 -5.000000000000e-03
3.384764379153e+00 5.560591654795e+00 -5.000000000000e-03
2.956052863880e+00 3.511957075380e+00 -5.000000000000e-03
2.102719817097e+00 2.806220216856e-02 -5.000000000000e-03
1.782525491314e+00 4.409445189675e+00 -5.000000000000e-03
2.816121013486e+00 1.472247082442e-02 -5.000000000000e-03
4.258891210211e+00 4.898236425945e+00 -5.000000000000e-03
2.778522829386e+00 5.744721747494e+00 -5.000000000000e-03
8.812486877285e-01 4.761031967654e+00 -5.000000000000e-03
3.016058057493e+00 1.631541359499e+00 -5.000000000000e-03
4.234582741956e+00 3.539582987963e+00 -5.000000000000e-03
1.311043375819e+00 6.109024934044e+00 -5.000000000000e-03
2.776039156617e+00 2.927673702839e-01 -5.000000000000e-03
2.808072649837e+00 4.893833187865e+00 -5.000000000000e-03
6.273303221432e+00 5.315073290572e+00 -5.000000000000e-03
2.263620387299e+00 6.224608235855e+00 -5.000000000000e-03
2.028064039155e+00 5.554266149283e+00 -5.000000000000e-03
2.521104083736e+00 4.078057398111e+00 -5.000000000000e-03
1.740025039240e+00 5.669324416006e+00 -5.000000000000e-03
2.988491846069e+00 4.779227491478e+00 -5.000000000000e-03
4.231930001626e+00 1.273430203685e+00 -5.000000000000e-03
1.914165071092e+00 6.067503734534e-02 -5.000000000000e-03
1.235158034542e+00 2.518676925171e+00 -5.000000000000e-03
1.814787334730e+00 5.849688353797e-01 -5.000000000000e-03
4.515390148403e+00 1.299710754505e+00 -5.000000000000e-03
1.062569124802e+00 6.934187934845e-01 -5.000000000000e-03
4.233645040383e+00 3.941934606642e+00 -5.000000000000e-03
7.636409391773e-02 6.229373834485e-01 -5.000000000000e-03
2.083150700232e+00 6.220287494534e+00 -5.000000000000e-03
2.145994491345e+00 6.159966809783e+00 -5.000000000000e-03
1.102635628742e+00 5.805843157306e+00 -5.000000000000e-03
3.054397417665e+00 7.203193585862e-01 -5.000000000000e-03
2.859959954057e+00 2.151315051603e-01 -5.000000000000e-03
2.574370910808e+00 2.084267063804e-01 -5.000000000000e-03
2.705680238912e+00 3.621968389127e-01 -5.000000000000e-03
1.184322736452e+00 1.892978888510e+00 -5.000000000000e-03
2.992449342386e+00 5.627747387839e+00 -5.000000000000e-03
1.953397125157e+00 6.214447200366e+00 -5.000000000000e-03
8.747224829315e-01 1.822450417325e+00 -5.000000000000e-03
2.893041832592e+00 1.600090825415e+00 -5.000000000000e-03
1.422649635911e+00 4.205012667922e+00 -5.000000000000e-03
6.012111211719e+00 5.962797716200e+00 -5.000000000000e-03
8.844816373634e-01 5.063470555757e+00 -5.000000000000e-03
3.204053330830e+00 5.790142125673e+00 -5.000000000000e-03
1.564311218033e+00 6.230271348868e+00 -5.000000000000e-03
1.779378366221e+00 4.742500167081e+00 -5.000000000000e-03
1.843789202484e+00 5.706126849738e-01 -5.000000000000e-03
1.024807085226e+00 5.693726023375e-01 -5.000000000000e-03
2.967082898352e+00 2.736852656293e-01 -5.000000000000e-03
2.010919107392e+00 1.059698440913e-01 -5.000000000000e-03
2.042322708189e+00 5.155582326196e+00 -5.000000000000e-03
2.383871423283e+00 5.496758312801e+00 -5.000000000000e-03
2.822416423594e+00 5.296993992425e+00 -5.000000000000e-03
4.640940453185e+00 3.174806479387e-01 -5.000000000000e-03
1.238925448896e+00 5.648750681833e+00 -5.000000000000e-03
1.045245140470e+00 2.206253470141e-01 -5.000000000000e-03
4.436715886604e+00 4.362172129885e+00 -5.000000000000e-03
1.937372433099e+00 2.193883469882e+00 -5.000000000000e-03
2.214434666924e+00 6.765999527062e-01 -5.000000000000e-03
2.782560305850e+00 4.732169467318e+00 -5.000000000000e-03
