7.411302185412e-01 4.403045669657e+00 5.000000000000e-03
6.250972400433e+00 5.040797109369e+00 5.000000000000e-03
3.612650623496e-02 2.887330769943e+00 5.000000000000e-03
1.172693696485e+00 5.374641641447e+00 5.000000000000e-03
4.877725804831e+00 5.432598331686e+00 5.000000000000e-03
4.938758846223e+00 1.802925917853e+00 5.000000000000e-03
2.321420528282e+00 4.558359635628e+00 5.000000000000e-03
1.460844010656e+00 3.787412674733e-01 5.000000000000e-03
3.073760278667e+00 9.608900255050e-02 5.000000000000e-03
6.266198160551e+00 3.294049717782e+00 5.000000000000e-03
3.902207330700e+00 1.649824824705e+00 5.000000000000e-03
5.350899733373e+00 4.376793542976e+00 5.000000000000e-03
5.668499557149e+00 3.396279337897e+00 5.000000000000e-03
3.956901148983e-01 4.043699586333e+00 5.000000000000e-03
5.586225518567e+00 4.974057199993e+00 5.000000000000e-03
5.885083426364e-01 6.115564380033e+00 5.000000000000e-03
8.353591807180e-01 2.854151229561e+00 5.000000000000e-03
9.400346762792e-01 5.085610276538e+00 5.000000000000e-03
1.093619219159e+00 4.932345208711e+00 5.000000000000e-03
2.096117260718e+00 1.046575048012e+00 5.000000000000e-03
3.591437480191e+00 4.819936349604e+00 5.000000000000e-03
4.529026560285e+00 3.239830963344e+00 5.000000000000e-03
4.996127060688e+00 5.495949214659e+00 5.000000000000e-03
2.776523002197e+00 9.348267123306e-01 5.000000000000e-03
3.274620931886e+00 2.673942966015e+00 5.000000000000e-03
3.582790629945e+00 6.085920420337e+00 5.000000000000e-03
5.879290902967e+00 1.473421926259e+00 5.000000000000e-03
5.425460499733e+00 6.051604607119e+00 5.000000000000e-03
2.171853885826e+00 4.599490511353e+00 5.000000000000e-03
4.496897682995e-01 4.944096005990e+00 5.000000000000e-03
5.339146315749e+00 1.999118319814e+00 5.000000000000e-03
2.788704770610e+00 4.699020904701e+00 5.000000000000e-03
5.583775318387e+00 2.979945952278e+00 5.000000000000e-03
3.076723298632e+00 3.853626662211e+00 5.000000000000e-03
2.796966381906e+00 1.221585425840e+00 5.000000000000e-03
3.250754249695e+00 4.331884245144e+00 5.000000000000e-03
1.296153893994e+00 4.264617396208e+00 5.000000000000e-03
3.009462414284e+00 2.937566314890e+00 5.000000000000e-03
3.838867882374e+00 3.871714787191e-01 5.000000000000e-03
2.014861957026e+00 4.426850929271e-01 5.000000000000e-03
6.394192302009e-01 5.595044544106e+00 5.000000000000e-03
1.883743384011e+00 4.094134302546e+00 5.000000000000e-03
3.763609727968e+00 2.809190154461e+00 5.000000000000e-03
2.261074149244e+00 4.460299270142e+00 5.000000000000e-03
4.020626957784e+00 3.149455135900e+00 5.000000000000e-03
1.340983971863e+00 5.371920088863e+00 5.000000000000e-03
3.155114097816e+00 4.201663712051e+00 5.000000000000e-03
2.208541885043e+00 4.336647600963e+00 5.000000000000e-03
3.892149776326e+00 4.685076630173e+00 5.000000000000e-03
6.086127299183e+00 3.610353330011e+00 5.000000000000e-03
5.003848260859e+00 4.530985956095e+00 5.000000000000e-03
4.219608215241e+00 6.138363231325e+00 5.000000000000e-03
3.334609069869e+00 4.793898989920e+00 5.000000000000e-03
3.818584083235e+00 1.372227068869e+00 5.000000000000e-03
3.558989741159e+00 1.830350678077e+00 5.000000000000e-03
3.045663474896e-01 1.350371391525e+00 5.000000000000e-03
1.649605842322e+00 5.888303025839e+00 5.000000000000e-03
4.120733178839e+00 4.683773445807e+00 5.000000000000e-03
5.935072934504e+00 3.252183245738e+00 5.000000000000e-03
5.230471137479e+00 4.568890728131e+00 5.000000000000e-03
7.486110477130e-01 4.306773235032e+00 5.000000000000e-03
5.699786564722e+00 1.397383840457e-01 5.000000000000e-03
6.980542736331e-01 5.311472751909e+00 5.000000000000e-03
2.476029901752e+00 5.757685246705e+00 5.000000000000e-03
1.204948642183e+00 3.784821494772e-01 5.000000000000e-03
1.704020879688e+00 1.394932988213e+00 5.000000000000e-03
5.121992148449e+00 1.807633198512e+00 5.000000000000e-03
1.093796328595e+00 2.950149805702e-01 5.000000000000e-03
4.093483977660e+00 5.304459876936e+00 5.000000000000e-03
4.904120320753e+00 1.254065968625e+00 5.000000000000e-03
2.003649292079e-01 2.161042958018e+00 5.000000000000e-03
1.976891319811e+00 6.199453763282e+00 5.000000000000e-03
5.940125801519e+00 3.116640063221e-01 5.000000000000e-03
1.507621214601e-01 5.628316891819e-01 5.000000000000e-03
5.626300056468e+00 5.949332467566e+00 5.000000000000e-03
4.815106330776e+00 3.837567661535e+00 5.000000000000e-03
6.018001890603e+00 3.725856739732e-01 5.000000000000e-03
7.667318312176e-01 2.755185104683e+00 5.000000000000e-03
2.940371291974e+00 1.541753715009e+00 5.000000000000e-03
5.929906358851e+00 1.451798890413e+00 5.000000000000e-03
5.774354016620e+00 1.237771640457e+00 5.000000000000e-03
1.335863206441e+00 2.219333223660e-01 5.000000000000e-03
1.381935830847e-01 3.682826279816e+00 5.000000000000e-03
2.148943830955e+00 3.464391362350e+00 5.000000000000e-03
4.980370530099e+00 4.510589234666e+00 5.000000000000e-03
4.006488186208e+00 2.332041422486e+00 5.000000000000e-03
3.227043374500e+00 1.291409586887e-01 5.000000000000e-03
3.706097648542e+00 4.295007906512e+00 5.000000000000e-03
3.490775828961e+00 2.444100794269e+00 5.000000000000e-03
2.510373093620e+00 5.320885370005e+00 5.000000000000e-03
5.582548712615e+00 2.901523215121e+00 5.000000000000e-03
3.941195869230e+00 4.879678192513e+00 5.000000000000e-03
3.295386957512e+00 6.215010065062e+00 5.000000000000e-03
4.325869300674e+00 6.141037561617e+00 5.000000000000e-03
3.398620037098e+00 2.321022738747e+00 5.000000000000e-03
3.390447350666e+00 1.731782262578e+00 5.000000000000e-03
2.784370881233e+00 1.263358083967e+00 5.000000000000e-03
6.113409175074e+00 4.792825720135e+00 5.000000000000e-03
5.336940676054e+00 4.440315036082e+00 5.000000000000e-03
1.663711599830e-01 5.438623292044e-01 5.000000000000e-03
5.978144905458e+00 2.330452554578e+00 -5.000000000000e-03
3.964041691896e+00 3.949206034928e-01 -5.000000000000e-03
3.166699050336e+00 5.480856931870e+00 -5.000000000000e-03
5.918445452961e+00 2.163325371190e+00 -5.000000000000e-03
5.832066839317e+00 4.640231149705e+00 -5.000000000000e-03
1.854296734797e+00 3.802234588060e-01 -5.000000000000e-03
3.395346921071e-01 1.035142522080e+00 -5.000000000000e-03
6.082158962077e+00 4.997197559981e+00 -5.000000000000e-03
6.451594150992e-01 1.255374173639e+00 -5.000000000000e-03
2.838342076387e+00 4.002514546139e+00 -5.000000000000e-03
8.488435462580e-01 1.307356513014e+00 -5.000000000000e-03
2.650989278397e+00 2.625093440930e-01 -5.000000000000e-03
5.746673168223e+00 5.460033032449e+00 -5.000000000000e-03
3.766851681079e+00 4.452660411089e+00 -5.000000000000e-03
1.306621364344e+00 3.042303052949e+00 -5.000000000000e-03
1.538769602563e+00 5.962018385684e+00 -5.000000000000e-03
6.223702193392e+00 3.766465032421e+00 -5.000000000000e-03
2.810917934530e+00 1.462630209046e+00 -5.000000000000e-03
2.801467790779e-01 6.251301089912e+00 -5.000000000000e-03
2.412515739882e+00 1.659329917542e+00 -5.000000000000e-03
5.737793218437e+00 9.285059446262e-01 -5.000000000000e-03
1.486963023907e+00 4.230541318933e+00 -5.000000000000e-03
2.278040955120e+00 4.080771410965e+00 -5.000000000000e-03
5.626622688688e+00 4.261833834908e+00 -5.000000000000e-03
4.252720458715e+00 2.634237788583e+00 -5.000000000000e-03
7.598434481474e-01 1.463262745771e+00 -5.000000000000e-03
7.773068226234e-01 2.432155020605e+00 -5.000000000000e-03
2.886406275456e+00 3.862066407908e+00 -5.000000000000e-03
1.226352734956e+00 1.768855931786e+00 -5.000000000000e-03
9.281763910578e-01 1.442431075458e+00 -5.000000000000e-03
3.691318407978e+00 3.741201094657e+00 -5.000000000000e-03
3.545408972067e+00 3.148258991454e+00 -5.000000000000e-03
5.593079214403e+00 2.308217834972e+00 -5.000000000000e-03
8.294460047945e-01 1.292410909653e+00 -5.000000000000e-03
2.611344995258e+00 7.233177483565e-01 -5.000000000000e-03
1.920032490751e+00 1.108807691742e+00 -5.000000000000e-03
4.564027697193e+00 1.211885491721e+00 -5.000000000000e-03
2.505569930957e+00 6.148317631640e+00 -5.000000000000e-03
5.504737614673e+00 1.092787091339e+00 -5.000000000000e-03
3.275844430423e+00 4.626298136276e+00 -5.000000000000e-03
4.142782202166e+00 3.693922039480e+00 -5.000000000000e-03
5.445451574596e+00 1.672562511280e+00 -5.000000000000e-03
6.215366844840e+00 4.471519775403e+00 -5.000000000000e-03
5.595622646991e+00 3.728959364302e+00 -5.000000000000e-03
4.517069843798e+00 2.674803247275e+00 -5.000000000000e-03
1.550194730611e-01 4.530845590224e+00 -5.000000000000e-03
6.057587609278e+00 5.933555803502e+00 -5.000000000000e-03
2.004350631547e+00 4.832892544949e+00 -5.000000000000e-03
5.208841874345e+00 2.988627463989e+00 -5.000000000000e-03
3.774759112012e+00 2.370457066165e+00 -5.000000000000e-03
2.445779630791e+00 2.099389328949e+00 -5.000000000000e-03
1.301051385007e+00 2.663765442485e+00 -5.000000000000e-03
5.596248597441e+00 5.516505463196e+00 -5.000000000000e-03
8.772532096442e-01 1.472283547786e+00 -5.000000000000e-03
5.421379887236e+00 1.443007518277e+00 -5.000000000000e-03
4.427101306092e+00 5.043980762060e+00 -5.000000000000e-03
4.972306398711e+00 2.063643124901e+00 -5.000000000000e-03
1.230560167518e+00 3.151285299836e+00 -5.000000000000e-03
1.809390272182e+00 2.661151771481e+00 -5.000000000000e-03
6.699158407589e-02 4.292683723182e+00 -5.000000000000e-03
5.093116909838e+00 5.791541752097e+00 -5.000000000000e-03
2.868209367995e+00 4.121007530884e+00 -5.000000000000e-03
3.446732995119e+00 4.897261148869e-01 -5.000000000000e-03
1.154882219649e+00 2.907410180621e+00 -5.000000000000e-03
5.854343193624e-01 2.717049581926e+00 -5.000000000000e-03
5.070917820139e+00 2.063277135522e-01 -5.000000000000e-03
5.836774821753e+00 2.189723885155e+00 -5.000000000000e-03
2.326549641457e+00 2.995923820567e+00 -5.000000000000e-03
4.990337374747e+00 3.470637158108e+00 -5.000000000000e-03
1.837298641641e+00 2.176225651288e+00 -5.000000000000e-03
2.649291547548e+00 1.344163587865e+00 -5.000000000000e-03
1.820869035397e-01 6.063049496213e+00 -5.000000000000e-03
1.372933384398e+00 4.670476100090e+00 -5.000000000000e-03
6.612757133629e-01 8.543626929519e-01 -5.000000000000e-03
2.586538763437e+00 6.214676638912e+00 -5.000000000000e-03
3.546747765908e+00 5.322149057968e+00 -5.000000000000e-03
3.568814744631e+00 5.489180401055e+00 -5.000000000000e-03
4.215161992605e+00 2.993257444538e+00 -5.000000000000e-03
1.168171224656e-01 4.865639899147e+00 -5.000000000000e-03
9.816202799993e-02 8.343259141290e-01 -5.000000000000e-03
5.306663626952e+00 4.900002303222e+00 -5.000000000000e-03
3.065029294316e+00 1.809138970106e+00 -5.000000000000e-03
2.179640713186e+00 2.540273747077e+00 -5.000000000000e-03
2.916477547889e+00 5.409134004060e+00 -5.000000000000e-03
9.339307162277e-01 1.507781489572e+00 -5.000000000000e-03
3.664643404101e+00 5.704778025993e+00 -5.000000000000e-03
4.109357902923e+00 3.251488012485e+00 -5.000000000000e-03
4.541352071142e+00 5.908966821981e+00 -5.000000000000e-03
1.786100936806e+00 2.305680876425e+00 -5.000000000000e-03
5.734407682059e+00 4.264015734759e+00 -5.000000000000e-03
3.151918912481e-01 1.005275240521e+00 -5.000000000000e-03
2.364270047067e+00 1.312880105412e+00 -5.000000000000e-03
6.801815531982e-02 6.106198412579e+00 -5.000000000000e-03
4.967368332003e+00 2.043879859040e-01 -5.000000000000e-03
1.673583362127e+00 1.925841911627e+00 -5.000000000000e-03
5.816561765504e+00 4.400395854022e+00 -5.000000000000e-03
3.526353105192e+00 5.295281344314e+00 -5.000000000000e-03
4.824254377783e+00 1.557697300174e+00 -5.000000000000e-03
4.415688532181e-01 9.942483195945e-01 -5.000000000000e-03
6.210840781496e+00 1.789136602200e+00 -5.000000000000e-03
