2.230493230389e+00 2.748658673901e+00 5.000000000000e-03
1.855753418811e+00 3.951861312067e+00 5.000000000000e-03
5.688000241199e+00 5.012419991900e-01 5.000000000000e-03
3.197757630896e+00 2.547620596480e-01 5.000000000000e-03
5.343276502269e+00 1.374442896220e+00 5.000000000000e-03
7.672889084001e-01 3.444396041994e+00 5.000000000000e-03
8.361180904996e-01 2.373732704067e+00 5.000000000000e-03
9.149616262380e-01 2.942851644288e+00 5.000000000000e-03
2.999453495041e+00 5.495719192294e+00 5.000000000000e-03
2.738992834450e+00 1.029785767074e+00 5.000000000000e-03
2.076116637823e+00 2.098225842579e+00 5.000000000000e-03
1.723009216278e+00 1.902291091566e+00 5.000000000000e-03
1.256268560446e+00 1.765575118999e+00 5.000000000000e-03
3.538659615987e+00 9.759271216174e-01 5.000000000000e-03
5.588353652985e+00 2.320560028226e+00 5.000000000000e-03
3.318070656877e+00 1.515363085107e+00 5.000000000000e-03
2.280280993468e+00 2.610761156102e+00 5.000000000000e-03
3.521710712015e-01 2.574678477890e+00 5.000000000000e-03
7.673097884047e-02 1.006107344851e+00 5.000000000000e-03
2.689965317068e+00 2.956983836817e+00 5.000000000000e-03
1.123440283308e+00 2.194142031620e+00 5.000000000000e-03
2.136748492183e+00 5.325242644742e+00 5.000000000000e-03
1.298465472874e+00 4.397210924234e+00 5.000000000000e-03
2.058402820653e+00 3.303693936516e+00 5.000000000000e-03
6.748072837831e-01 3.632151911184e+00 5.000000000000e-03
1.642944231566e+00 6.061513821614e+00 5.000000000000e-03
1.392878207102e+00 2.793838579186e+00 5.000000000000e-03
2.391593954138e+00 4.890119378440e+00 5.000000000000e-03
2.294512083769e-01 3.921132785573e+00 5.000000000000e-03
2.783961851239e+00 3.459634619768e+00 5.000000000000e-03
2.674853270394e+00 2.893643549032e+00 5.000000000000e-03
3.366191070676e+00 4.730920278999e+00 5.000000000000e-03
7.597670405343e-01 4.344523101211e+00 5.000000000000e-03
1.442937634450e+00 2.122204193542e+00 5.000000000000e-03
2.716202056962e+00 2.438193506830e+00 5.000000000000e-03
2.692801994939e+00 3.344342409060e+00 5.000000000000e-03
1.104144996927e+00 5.859146271054e+00 5.000000000000e-03
4.583705610908e+00 2.652140716528e+00 5.000000000000e-03
1.428037927835e+00 2.048916703967e+00 5.000000000000e-03
2.078839682075e+00 2.296151455124e+00 5.000000000000e-03
6.187802839504e-01 3.150565671469e+00 5.000000000000e-03
2.606677458763e+00 3.264071850421e-01 5.000000000000e-03
2.344808344106e+00 6.262105862994e+00 5.000000000000e-03
1.654689105674e+00 6.092515181079e+00 5.000000000000e-03
5.570628024806e+00 1.018238581374e+00 5.000000000000e-03
3.035016099152e+00 3.254056225605e+00 5.000000000000e-03
5.658007799409e+00 2.385976840910e+00 5.000000000000e-03
3.478609520615e+00 2.813293229731e+00 5.000000000000e-03
1.853553536848e+00 3.668877415738e+00 5.000000000000e-03
2.841361690846e+00 3.159440187304e+00 5.000000000000e-03
1.797983251739e-01 5.526764786160e+00 5.000000000000e-03
2.608612314134e+00 2.477023958756e+00 5.000000000000e-03
3.016820947353e+00 2.156118101453e+00 5.000000000000e-03
6.137002232800e+00 6.125519294307e-01 5.000000000000e-03
2.110065718286e+00 1.500338082370e+00 5.000000000000e-03
1.296514948507e+00 3.199901240811e-01 5.000000000000e-03
3.980641616151e+00 3.241506650584e+00 5.000000000000e-03
2.419468119859e+00 2.603267681307e+00 5.000000000000e-03
4.390501584066e+00 2.808582027826e+00 5.000000000000e-03
5.823875541668e-01 3.179450542705e+00 5.000000000000e-03
2.342463598644e+00 1.347643274506e+00 5.000000000000e-03
2.434484667537e+00 2.406188232404e+00 5.000000000000e-03
4.389082185762e+00 2.880185248411e+00 5.000000000000e-03
1.793749473663e+00 2.210887548059e+00 5.000000000000e-03
1.490986245413e+00 2.370795665116e+00 5.000000000000e-03
2.005876543533e+00 1.716366818503e+00 5.000000000000e-03
1.891390283726e+00 4.187131886923e+00 5.000000000000e-03
8.964408209260e-01 1.487232933267e+00 5.000000000000e-03
1.560989669576e+00 1.452206942472e+00 5.000000000000e-03
2.966265761428e+00 2.118985988571e+00 5.000000000000e-03
4.601836468193e+00 1.485636221920e+00 5.000000000000e-03
1.818696920220e+00 3.493436265558e+00 5.000000000000e-03
2.405024661619e+00 2.164228203094e+00 5.000000000000e-03
2.651108816981e+00 3.196995027905e+00 5.000000000000e-03
4.936716079275e+00 2.333754231908e+00 5.000000000000e-03
2.203806378903e+00 3.068419485908e+00 5.000000000000e-03
2.155093201259e+00 3.375179434456e+00 5.000000000000e-03
9.510706917805e-01 4.974663356156e+00 5.000000000000e-03
1.194201915866e+00 1.924228520401e+00 5.000000000000e-03
8.680802067889e-01 8.311698866633e-01 5.000000000000e-03
4.323978269050e+00 1.190152378814e+00 5.000000000000e-03
4.806584073266e+00 9.376564127807e-01 5.000000000000e-03
3.312005776451e+00 3.624683042514e+00 5.000000000000e-03
9.629755035151e-01 4.627985494759e+00 5.000000000000e-03
5.758031434378e+00 4.338068601720e+00 5.000000000000e-03
1.963445474368e+00 1.953686260937e+00 5.000000000000e-03
5.013491253049e+00 3.351459397510e+00 5.000000000000e-03
4.097091882251e+00 2.465323264354e+00 5.000000000000e-03
3.452064766928e+00 5.322054675083e+00 5.000000000000e-03
3.115127323072e-01 6.196663626127e+00 5.000000000000e-03
1.013177387906e+00 2.670155347251e+00 5.000000000000e-03
2.713058550501e+00 2.475977650270e+00 5.000000000000e-03
2.398353405433e+00 3.071107188118e+00 5.000000000000e-03
1.419070509542e+00 3.643671132694e+00 5.000000000000e-03
3.400249105122e-01 9.157991436887e-01 5.000000000000e-03
1.612889191152e+00 3.761905958242e+00 5.000000000000e-03
5.254143545862e-01 3.072191092316e-01 5.000000000000e-03
3.932309805002e+00 1.228264530764e+00 5.000000000000e-03
6.126586183847e+00 3.078462577276e+00 5.000000000000e-03
2.673005220947e+00 2.874044708200e+00 5.000000000000e-03
2.181469038678e-01 2.719520198335e+00 -5.000000000000e-03
4.600984219613e+00 5.978766207040e+00 -5.000000000000e-03
4.886761779580e+00 4.266769510909e+00 -5.000000000000e-03
4.360848095945e+00 5.287952865299e+00 -5.000000000000e-03
2.871652939913e+00 4.012036068161e-01 -5.000000000000e-03
4.906052653416e+00 5.651846698576e+00 -5.000000000000e-03
5.881190631408e+00 1.705568955558e+00 -5.000000000000e-03
4.692670525744e+00 4.988605275206e+00 -5.000000000000e-03
5.730325108515e+00 3.721587773636e+00 -5.000000000000e-03
3.556869663553e+00 1.207503460937e+00 -5.000000000000e-03
3.521633599576e+00 2.470654867652e+00 -5.000000000000e-03
5.012857666671e+00 5.918429871272e+00 -5.000000000000e-03
4.212295833289e+00 5.835830265673e+00 -5.000000000000e-03
5.255977140500e+00 6.490190569645e-01 -5.000000000000e-03
4.762075440009e+00 4.930491917978e+00 -5.000000000000e-03
4.729000840054e+00 3.369543508829e+00 -5.000000000000e-03
4.040155066410e+00 4.207413318079e-01 -5.000000000000e-03
4.092122078025e+00 5.501554458109e+00 -5.000000000000e-03
1.718378091510e-01 4.044643291380e+00 -5.000000000000e-03
2.470822510407e+00 5.751584107194e+00 -5.000000000000e-03
3.983688272095e-02 5.956553258225e+00 -5.000000000000e-03
5.204124422275e+00 1.675766064644e+00 -5.000000000000e-03
5.452263005913e+00 8.694551310384e-01 -5.000000000000e-03
5.221544891517e+00 3.029652218122e+00 -5.000000000000e-03
5.901322714036e+00 5.638407225432e+00 -5.000000000000e-03
5.189062439449e+00 6.459831324681e-01 -5.000000000000e-03
1.714627387243e+00 2.184194440063e-01 -5.000000000000e-03
3.837028688159e+00 5.211411976150e+00 -5.000000000000e-03
5.181157008342e+00 4.179045163789e+00 -5.000000000000e-03
1.630712546634e+00 1.224342427485e-01 -5.000000000000e-03
5.012222054657e+00 2.090709466691e+00 -5.000000000000e-03
5.148669180845e+00 3.750452363947e+00 -5.000000000000e-03
5.215707892080e+00 4.835913258060e+00 -5.000000000000e-03
4.982221541146e+00 2.445657512699e+00 -5.000000000000e-03
3.345856674882e+00 3.484611551808e+00 -5.000000000000e-03
4.805999375684e+00 5.687240735597e+00 -5.000000000000e-03
4.810581709219e+00 5.786103337488e+00 -5.000000000000e-03
2.800324564088e+00 1.258778985342e+00 -5.000000000000e-03
3.941888849789e+00 1.724357188556e-01 -5.000000000000e-03
4.875049963030e+00 6.182269844609e+00 -5.000000000000e-03
6.215883558149e+00 1.352523782330e+00 -5.000000000000e-03
4.420808661124e+00 5.778733662228e+00 -5.000000000000e-03
4.606968722408e+00 5.799064857063e+00 -5.000000000000e-03
6.084499928695e+00 4.059182288281e+00 -5.000000000000e-03
3.753298019392e+00 2.071366343740e-01 -5.000000000000e-03
3.337694622389e+00 5.861622337650e+00 -5.000000000000e-03
4.144308842050e+00 4.721883695947e+00 -5.000000000000e-03
4.122943028204e+00 6.026508100591e+00 -5.000000000000e-03
4.169622503822e+00 5.277422988428e+00 -5.000000000000e-03
5.083031796715e+00 8.777602208066e-01 -5.000000000000e-03
5.186918482038e+00 6.004628197567e+00 -5.000000000000e-03
4.589611779675e+00 6.196760293840e+00 -5.000000000000e-03
3.554056750558e+00 4.494905379655e+00 -5.000000000000e-03
2.598566608399e+00 3.490484869774e-03 -5.000000000000e-03
4.737248094743e+00 5.546976758996e+00 -5.000000000000e-03
5.112510149372e+00 5.066236033770e+00 -5.000000000000e-03
5.216078107904e+00 2.587533232471e+00 -5.000000000000e-03
4.831280667173e+00 5.010162091850e+00 -5.000000000000e-03
4.165084426801e+00 4.980855468757e+00 -5.000000000000e-03
5.043891317094e-01 4.708368973213e-01 -5.000000000000e-03
6.057715363606e+00 3.654177537790e+00 -5.000000000000e-03
5.039431532569e+00 5.472034768978e+00 -5.000000000000e-03
4.841026343583e+00 4.971633823790e+00 -5.000000000000e-03
4.705218542554e+00 4.120496973049e+00 -5.000000000000e-03
3.603760308608e+00 2.160387946258e+00 -5.000000000000e-03
1.448895430601e+00 5.076204247884e+00 -5.000000000000e-03
4.868293470019e+00 3.294979417871e+00 -5.000000000000e-03
3.535404212649e+00 3.560829780458e+00 -5.000000000000e-03
2.758508335568e+00 4.853852065513e+00 -5.000000000000e-03
4.435748639227e+00 5.599465197654e+00 -5.000000000000e-03
3.515472061947e+00 4.991432764271e+00 -5.000000000000e-03
4.436340170642e+00 5.764699856144e+00 -5.000000000000e-03
4.006166244339e+00 4.474226995776e+00 -5.000000000000e-03
3.861271498470e+00 7.509041210041e-01 -5.000000000000e-03
1.307395731842e+00 4.183408800740e+00 -5.000000000000e-03
1.657598170815e+00 3.230076338015e+00 -5.000000000000e-03
5.119521491936e+00 5.482712092056e+00 -5.000000000000e-03
3.009870454482e+00 9.628329589297e-01 -5.000000000000e-03
4.457423315067e-01 1.153191470449e+00 -5.000000000000e-03
5.470907039015e+00 5.987639759222e+00 -5.000000000000e-03
4.757893393840e+00 4.843796542895e+00 -5.000000000000e-03
4.813676861468e+00 6.011993302451e+00 -5.000000000000e-03
9.271219936207e-02 5.897671215456e+00 -5.000000000000e-03
5.941110624651e+00 3.670299066115e+00 -5.000000000000e-03
4.423128160879e+00 4.671868959222e+00 -5.000000000000e-03
4.627337774194e+00 3.795820418049e+00 -5.000000000000e-03
4.013522412973e+00 5.080400284254e+00 -5.000000000000e-03
5.561098998419e+00 2.710214833122e+00 -5.000000000000e-03
5.093159087466e+00 6.006121995451e+00 -5.000000000000e-03
5.598290827206e+00 1.563009191839e-01 -5.000000000000e-03
3.570621243044e+00 4.346998480205e+00 -5.000000000000e-03
5.263369513375e+00 2.963064708013e-01 -5.000000000000e-03
5.204276177482e-01 5.423847301344e+00 -5.000000000000e-03
3.459395087426e+00 6.269083642534e+00 -5.000000000000e-03
4.309462893424e-02 4.567625864701e+00 -5.000000000000e-03
5.104976547690e+00 3.015726187801e+00 -5.000000000000e-03
4.786089418680e+00 4.736299451585e+00 -5.000000000000e-03
4.622126399986e+00 5.405083530585e+00 -5.000000000000e-03
3.883026337061e+00 5.125594526490e+00 -5.000000000000e-03
5.028313959375e+00 5.099033865673e+00 -5.000000000000e-03
