1.086236915490e+00 4.802603833915e+00 5.000000000000e-03
3.597709426528e+00 4.213943726026e+00 5.000000000000e-03
5.524158005468e+00 1.123740995491e+00 5.000000000000e-03
2.664376936704e+00 3.127371402942e+00 5.000000000000e-03
4.416034573543e+00 5.106343763840e+00 5.000000000000e-03
2.852883766722e+00 4.624900490623e+00 5.000000000000e-03
3.556289190006e+00 4.227052099887e+00 5.000000000000e-03
5.777542130400e+00 1.551671242514e+00 5.000000000000e-03
2.404771352101e+00 4.578557496808e+00 5.000000000000e-03
2.054651117689e+00 9.250795419785e-01 5.000000000000e-03
5.106509926261e+00 2.824393956479e+00 5.000000000000e-03
5.855675220523e+00 5.009106042535e+00 5.000000000000e-03
4.649102495727e+00 6.276442511678e+00 5.000000000000e-03
3.209097772428e-01 2.987879951936e+00 5.000000000000e-03
5.297592938427e+00 5.242789380417e+00 5.000000000000e-03
5.468910574164e+00 3.624510968481e+00 5.000000000000e-03
1.414698171983e-01 1.293754055337e+00 5.000000000000e-03
5.552066364818e+00 3.518788387571e+00 5.000000000000e-03
2.733872486394e+00 1.297227110335e+00 5.000000000000e-03
3.121233557306e+00 3.237939554096e-01 5.000000000000e-03
4.899004025709e+00 2.762519397623e+00 5.000000000000e-03
2.076012139642e+00 3.534351789063e+00 5.000000000000e-03
4.484196599435e+00 2.280345635825e+00 5.000000000000e-03
5.225112026548e+00 5.080212148433e+00 5.000000000000e-03
1.784618434476e+00 4.604266548076e+00 5.000000000000e-03
3.419963824231e-01 5.703896888696e-02 5.000000000000e-03
4.964607921843e+00 5.975854940306e+00 5.000000000000e-03
4.401243387618e+00 5.232510747153e-01 5.000000000000e-03
2.792479249980e-01 3.888831519302e+00 5.000000000000e-03
4.362434710104e+00 2.775547287791e+00 5.000000000000e-03
2.183479866497e+00 6.600288703570e-02 5.000000000000e-03
4.440509963120e+00 1.989554981985e+00 5.000000000000e-03
5.723215467052e+00 1.451629517126e+00 5.000000000000e-03
4.613744212631e+00 5.183940481979e+00 5.000000000000e-03
3.139268785708e+00 9.192202590996e-01 5.000000000000e-03
1.846731037239e+00 1.250235833365e+00 5.000000000000e-03
6.232320352767e+00 1.082583455829e+00 5.000000000000e-03
3.198168656881e+00 5.859857936990e+00 5.000000000000e-03
2.776733417842e+00 2.886241575448e+00 5.000000000000e-03
1.658808513903e+00 4.692788371634e-02 5.000000000000e-03
2.217179593398e+00 3.056576926956e+00 5.000000000000e-03
5.227168169351e-01 2.384283169897e+00 5.000000000000e-03
3.845847961518e+00 4.249066964374e+00 5.000000000000e-03
5.569201762888e+00 2.187596834384e+00 5.000000000000e-03
5.050908447011e+00 4.220877758098e-01 5.000000000000e-03
4.497892646396e+00 1.014726858144e+00 5.000000000000e-03
2.769854853295e+00 8.964831427038e-01 5.000000000000e-03
1.669269059879e+00 6.524370706765e-01 5.000000000000e-03
1.347470622902e+00 4.658911411952e+00 5.000000000000e-03
2.721093769760e+00 5.891664944003e+00 5.000000000000e-03
2.170269732537e+00 7.524030775849e-01 5.000000000000e-03
5.377129471862e+00 5.259440297481e+00 5.000000000000e-03
9.195769612600e-01 3.880728661412e+00 5.000000000000e-03
1.119578420982e-01 3.728747025195e-01 5.000000000000e-03
2.310846275731e+00 4.572367797399e-02 5.000000000000e-03
3.445942885159e+00 2.955393321746e-01 5.000000000000e-03
4.259787590650e-01 4.206392564622e+00 5.000000000000e-03
4.808244058448e+00 1.125364919918e+00 5.000000000000e-03
3.409958965683e+00 6.173439562373e+00 5.000000000000e-03
2.366798118823e+00 3.519136834303e+00 5.000000000000e-03
2.806748560912e+00 4.991843981651e+00 5.000000000000e-03
4.178756282360e-01 2.591417525086e+00 5.000000000000e-03
2.225032862090e+00 2.406234653600e+00 5.000000000000e-03
3.279832887311e+00 5.547234461605e+00 5.000000000000e-03
1.005903968661e+00 3.692593407029e+00 5.000000000000e-03
5.799783869817e+00 2.154918587844e+00 5.000000000000e-03
5.643637030752e+00 4.992727884976e+00 5.000000000000e-03
3.074778712727e+00 1.471943766174e+00 5.000000000000e-03
5.346587162856e+00 3.655542103848e+00 5.000000000000e-03
2.973725312922e+00 1.224199557104e+00 5.000000000000e-03
1.943668649216e+00 2.385705540692e+00 5.000000000000e-03
3.645785708022e+00 5.571411331423e+00 5.000000000000e-03
4.945433036504e+00 5.268318924367e+00 5.000000000000e-03
4.035483523503e-01 1.995272201735e+00 5.000000000000e-03
5.199850959081e-01 5.331782230482e-01 5.000000000000e-03
3.566929284119e+00 3.096414768193e-01 5.000000000000e-03
4.509946139579e+00 5.936943330879e+00 5.000000000000e-03
2.187747796559e+00 6.245424891132e+00 5.000000000000e-03
2.791850631558e+00 1.556762064128e+00 5.000000000000e-03
2.105526983925e+00 3.823182901753e+00 5.000000000000e-03
2.294455894701e+00 2.508418021394e+00 5.000000000000e-03
1.759301889573e+00 1.927660813294e+00 5.000000000000e-03
4.448050356133e+00 3.906675725651e+00 5.000000000000e-03
4.335011618617e+00 5.111795005045e+00 5.000000000000e-03
5.893017380939e+00 3.453054915999e+00 5.000000000000e-03
1.635329638283e-01 5.094261288313e+00 5.000000000000e-03
5.133262733149e+00 2.268561039581e+00 5.000000000000e-03
1.794955534044e+00 4.321080671067e+00 5.000000000000e-03
4.096145423660e+00 2.925460666038e+00 5.000000000000e-03
3.724484727551e+00 2.380554215751e+00 5.000000000000e-03
2.294016286680e+00 4.601954219530e+00 5.000000000000e-03
3.625176545553e+00 2.162826768374e+00 5.000000000000e-03
7.517885377809e-01 5.593130939386e+00 5.000000000000e-03
5.563210909511e+00 3.292344360466e+00 5.000000000000e-03
2.529429805438e+00 3.562930096499e+00 5.000000000000e-03
5.218531001937e+00 2.996381012417e+00 5.000000000000e-03
5.852622238365e+00 3.941929585879e+00 5.000000000000e-03
2.496116052262e+00 5.173511685431e+00 5.000000000000e-03
6.116629467940e-01 3.850275459335e+00 5.000000000000e-03
4.381765123319e+00 5.167645930407e+00 5.000000000000e-03
6.408295648171e-01 4.851113042701e+00 -5.000000000000e-03
3.485961854222e+00 3.432265666297e+00 -5.000000000000e-03
6.118832081591e-01 5.712340893702e+00 -5.000000000000e-03
5.242471358494e+00 2.321871797065e+00 -5.000000000000e-03
4.920474405523e+00 2.341662968839e-01 -5.000000000000e-03
2.143082448097e+00 2.761424223792e+00 -5.000000000000e-03
3.377507480320e+00 4.093904866610e+00 -5.000000000000e-03
2.504300732196e+00 6.016954277077e+00 -5.000000000000e-03
3.008338925457e+00 2.053959483837e+00 -5.000000000000e-03
2.329693154269e+00 1.926774833029e+00 -5.000000000000e-03
5.276300221614e+00 3.406142293017e+00 -5.000000000000e-03
5.025503334253e+00 4.728679875862e+00 -5.000000000000e-03
3.227930461107e+00 2.835653827415e+00 -5.000000000000e-03
1.604748267116e+00 1.206728929004e+00 -5.000000000000e-03
4.118223320278e+00 8.258233165287e-01 -5.000000000000e-03
5.075393671553e+00 1.465459928131e+00 -5.000000000000e-03
3.760769820116e+00 4.552920741461e+00 -5.000000000000e-03
4.220029587139e+00 3.725124721672e-01 -5.000000000000e-03
4.887827916512e-01 5.453150103170e+00 -5.000000000000e-03
3.498077845367e+00 9.600909281916e-01 -5.000000000000e-03
1.798793490595e+00 3.651586365296e+00 -5.000000000000e-03
1.075641161776e+00 3.123223531304e+00 -5.000000000000e-03
2.196808794752e+00 3.142485167492e+00 -5.000000000000e-03
2.843511266748e+00 2.323016043230e+00 -5.000000000000e-03
3.894662128868e+00 8.365933826436e-01 -5.000000000000e-03
3.898973942281e+00 3.559083242000e+00 -5.000000000000e-03
2.265685594766e+00 1.236595514142e+00 -5.000000000000e-03
5.165499017977e+00 2.808239004735e+00 -5.000000000000e-03
2.462627237011e+00 1.764990113267e+00 -5.000000000000e-03
4.368278505600e+00 3.057353768039e+00 -5.000000000000e-03
4.087173503983e+00 4.622266830534e+00 -5.000000000000e-03
1.125230293145e+00 4.067945184359e+00 -5.000000000000e-03
5.031723143650e+00 3.161953407670e+00 -5.000000000000e-03
3.894399001452e+00 3.848242430154e+00 -5.000000000000e-03
2.832399997780e+00 5.011289440004e+00 -5.000000000000e-03
1.359455063325e+00 1.365452723744e+00 -5.000000000000e-03
1.507761833892e+00 1.570359877937e+00 -5.000000000000e-03
1.147118132694e+00 3.992880756091e+00 -5.000000000000e-03
3.694604191444e+00 4.855754399985e+00 -5.000000000000e-03
2.295362900903e-01 2.275317899480e+00 -5.000000000000e-03
1.767020762434e+00 3.662326714648e+00 -5.000000000000e-03
2.808388854241e-01 5.042406017281e-01 -5.000000000000e-03
3.740720903005e+00 1.818665363234e+00 -5.000000000000e-03
1.785646852502e+00 2.382911822627e+00 -5.000000000000e-03
2.451839334702e+00 1.797542222615e+00 -5.000000000000e-03
1.555606345588e+00 5.334053478594e+00 -5.000000000000e-03
2.063857147956e+00 6.019535027247e+00 -5.000000000000e-03
2.753078305998e+00 6.174381595584e+00 -5.000000000000e-03
1.798190787155e+00 2.188943501527e+00 -5.000000000000e-03
1.548786720214e+00 5.261460964650e+00 -5.000000000000e-03
9.093643926541e-01 5.464022615439e+00 -5.000000000000e-03
4.062886876515e+00 7.523894354553e-01 -5.000000000000e-03
2.598580731459e+00 4.884438806293e+00 -5.000000000000e-03
2.140858413757e+00 4.803858079764e+00 -5.000000000000e-03
3.180940083575e+00 3.922911303750e+00 -5.000000000000e-03
2.381356558713e+00 3.251062256555e-01 -5.000000000000e-03
2.305115187184e+00 2.849746893170e+00 -5.000000000000e-03
5.232665110790e+00 4.320009055064e+00 -5.000000000000e-03
6.018570722946e+00 3.711634396507e+00 -5.000000000000e-03
1.875176299041e+00 4.021511025630e+00 -5.000000000000e-03
3.308459846015e+00 3.578173159815e+00 -5.000000000000e-03
1.905286185797e+00 2.145615724867e+00 -5.000000000000e-03
1.905559423460e+00 3.426092880055e-01 -5.000000000000e-03
2.134479639239e+00 3.102582507703e+00 -5.000000000000e-03
1.197878517408e+00 1.104616065872e+00 -5.000000000000e-03
6.845448319584e-01 6.244166849318e+00 -5.000000000000e-03
3.430068967229e+00 5.441764680335e+00 -5.000000000000e-03
3.138708307847e+00 2.187398966980e+00 -5.000000000000e-03
2.458565784247e+00 8.025156869953e-01 -5.000000000000e-03
4.890441358768e+00 3.543028129553e+00 -5.000000000000e-03
2.620956004464e+00 8.639350120911e-01 -5.000000000000e-03
9.796873129471e-01 4.689413525205e+00 -5.000000000000e-03
4.041454125424e+00 6.031044408165e+00 -5.000000000000e-03
1.539040024912e+00 5.407533238320e+00 -5.000000000000e-03
4.853390941942e-01 2.601875759125e+00 -5.000000000000e-03
2.767127045887e+00 1.061599290943e+00 -5.000000000000e-03
1.215954161337e+00 5.492016686687e+00 -5.000000000000e-03
3.562850965098e+00 1.382626578708e-01 -5.000000000000e-03
3.071747943496e+00 2.399806478022e-02 -5.000000000000e-03
4.526356181680e+00 1.154091317343e+00 -5.000000000000e-03
9.415143728630e-01 2.017180201186e+00 -5.000000000000e-03
3.269578517494e+00 2.474134292438e+00 -5.000000000000e-03
1.073797922731e+00 1.478047995675e+00 -5.000000000000e-03
3.083443640529e+00 2.362291143569e+00 -5.000000000000e-03
4.463415290222e+00 1.704650673496e+00 -5.000000000000e-03
1.928750730982e+00 5.749064282183e+00 -5.000000000000e-03
3.791139394442e+00 5.214911278037e+00 -5.000000000000e-03
5.720396214869e+00 1.022546468490e+00 -5.000000000000e-03
5.214501472231e-01 1.608253101717e+00 -5.000000000000e-03
5.489232231764e+00 5.836569094984e+00 -5.000000000000e-03
3.862862115888e+00 2.166892206352e+00 -5.000000000000e-03
3.967511711915e+00 5.470406011920e+00 -5.000000000000e-03
4.949898938304e+00 3.282760671453e+00 -5.000000000000e-03
5.263875962938e+00 1.301246755074e-01 -5.000000000000e-03
5.112790823369e+00 6.029168219615e-01 -5.000000000000e-03
1.748780904126e-01 5.394911254189e+00 -5.000000000000e-03
2.724667992061e+00 3.233179687715e+00 -5.000000000000e-03
5.500137747901e+00 7.616312103595e-01 -5.000000000000e-03
5.633678076310e+00 3.277154814463e+00 -5.000000000000e-03
1.738761280495e+00 5.038656775149e+00 -5.000000000000e-03
