3.752994184808e+00 3.261021761152e-01 5.000000000000e-03
5.025246165807e+00 1.429540950614e+00 5.000000000000e-03
3.264417299142e+00 3.171649286617e+00 5.000000000000e-03
3.911004038762e+00 3.118605849755e+00 5.000000000000e-03
2.716612882674e+00 4.703150878223e+00 5.000000000000e-03
2.902703299453e+00 6.217909235351e+00 5.000000000000e-03
4.792787433806e+00 5.043727564628e+00 5.000000000000e-03
2.386046856433e+00 1.218099422949e+00 5.000000000000e-03
4.069353614969e+00 2.890309139690e+00 5.000000000000e-03
9.224162125630e-01 3.915168281490e+00 5.000000000000e-03
1.562159585334e+00 3.298925466548e+00 5.000000000000e-03
1.556829179738e+00 5.365744630468e+00 5.000000000000e-03
5.231648376244e+00 3.911838672708e+00 5.000000000000e-03
4.773625905611e+00 4.618888249723e+00 5.000000000000e-03
3.586069790138e+00 4.992749433865e+00 5.000000000000e-03
2.387728891597e+00 2.713470176039e+00 5.000000000000e-03
2.954820726127e+00 3.856517428974e+00 5.000000000000e-03
4.783084507248e+00 4.697579668611e-01 5.000000000000e-03
4.605005984121e+00 1.079712111553e+00 5.000000000000e-03
2.472069518535e+00 2.272775297154e+00 5.000000000000e-03
4.120785110870e+00 5.914073218979e+00 5.000000000000e-03
5.363809329369e-01 4.006162109140e+00 5.000000000000e-03
3.134308667924e+00 3.605250809495e+00 5.000000000000e-03
9.973513502970e-01 2.987064074954e+00 5.000000000000e-03
2.350060776452e+00 4.673285676763e+00 5.000000000000e-03
4.033791830356e+00 5.535043349068e+00 5.000000000000e-03
3.054725022085e+00 4.276116188477e+00 5.000000000000e-03
2.270193022413e+00 1.775455439625e+00 5.000000000000e-03
4.653997105903e-01 6.188157503920e+00 5.000000000000e-03
5.599530453460e+00 2.818298526630e-01 5.000000000000e-03
4.734247652541e+00 1.605667393021e+00 5.000000000000e-03
2.603572105922e+00 4.628668235219e+00 5.000000000000e-03
4.786550773946e-02 1.353982333926e+00 5.000000000000e-03
5.445986331423e+00 3.541187108021e+00 5.000000000000e-03
2.632657686853e+00 2.192030454635e+00 5.000000000000e-03
4.131062316441e+00 5.103812410361e+00 5.000000000000e-03
1.756162828698e+00 4.756819732040e+00 5.000000000000e-03
2.318634659207e+00 6.457237794575e-01 5.000000000000e-03
3.581093048138e+00 2.256492434185e+00 5.000000000000e-03
3.436165949825e+00 2.780107057214e+00 5.000000000000e-03
3.486660141019e+00 8.640822628190e-01 5.000000000000e-03
6.177726695205e+00 2.744508177955e+00 5.000000000000e-03
2.808643937354e+00 4.931548939357e+00 5.000000000000e-03
1.459950231201e+00 5.544752611382e+00 5.000000000000e-03
4.565068218794e+00 1.203051654698e+00 5.000000000000e-03
7.373090982067e-01 5.379695347541e+00 5.000000000000e-03
2.369981005716e+00 5.803445500664e+00 5.000000000000e-03
3.927579645166e+00 3.365971271531e+00 5.000000000000e-03
1.580742497552e-02 6.228744625974e+00 5.000000000000e-03
5.330484597531e+00 1.487267465885e+00 5.000000000000e-03
1.874423546509e+00 1.816579822334e+00 5.000000000000e-03
1.633125799679e+00 2.592939849574e+00 5.000000000000e-03
6.358871346496e-01 1.093200277472e+00 5.000000000000e-03
4.685045981612e+00 2.851841400362e+00 5.000000000000e-03
3.029475713706e+00 4.053610451636e-01 5.000000000000e-03
1.314568508914e+00 1.847037523255e+00 5.000000000000e-03
5.876580435792e+00 4.953670918604e+00 5.000000000000e-03
3.168848154069e+00 4.369382334748e-01 5.000000000000e-03
5.730091083762e+00 2.500839011567e+00 5.000000000000e-03
4.121711595506e+00 2.630948197291e-01 5.000000000000e-03
3.967238750646e+00 4.014713003797e+00 5.000000000000e-03
3.229252265642e+00 1.757452606725e+00 5.000000000000e-03
4.253289270983e+00 2.635276328708e-01 5.000000000000e-03
2.742912505807e+00 4.938272013008e+00 5.000000000000e-03
5.674348861800e+00 4.722747662519e+00 5.000000000000e-03
2.148267060936e+00 2.059836495478e-01 5.000000000000e-03
7.703294476021e-02 2.336393731053e+00 5.000000000000e-03
4.452310683218e-01 3.213550369489e+00 5.000000000000e-03
5.698647391388e+00 1.189414810091e-01 5.000000000000e-03
1.337061559744e+00 3.957286350668e+00 5.000000000000e-03
6.509040472410e-01 3.070847156100e+00 5.000000000000e-03
6.061798133395e-01 7.142268766091e-01 5.000000000000e-03
2.721414095671e+00 1.824530496392e+00 5.000000000000e-03
5.708722636664e+00 5.797204210291e-01 5.000000000000e-03
3.227453510987e+00 3.684383329597e+00 5.000000000000e-03
3.970927850364e+00 1.189327064540e+00 5.000000000000e-03
3.985906157792e-01 3.707444981789e+00 5.000000000000e-03
1.810518071053e+00 6.197683864086e+00 5.000000000000e-03
3.800042329325e+00 1.803432395296e+00 5.000000000000e-03
1.349211141526e+00 3.486643009542e+00 5.000000000000e-03
5.662471998775e+00 2.850647231280e+00 5.000000000000e-03
5.345090272916e+00 3.931153949244e+00 5.000000000000e-03
2.416639404124e+00 1.735284493290e+00 5.000000000000e-03
4.258678055290e+00 2.882906915245e+00 5.000000000000e-03
9.663811233819e-01 3.498353843056e+00 5.000000000000e-03
4.540208923472e+00 2.990405143123e+00 5.000000000000e-03
4.197649927478e-01 5.666335128064e+00 5.000000000000e-03
3.908495287890e+00 4.419497487417e+00 5.000000000000e-03
6.041027139142e+00 3.122677103195e+00 5.000000000000e-03
5.489013785710e+00 2.890224859067e+00 5.000000000000e-03
3.308839608133e+00 1.834629049513e+00 5.000000000000e-03
2.459827157658e-01 2.076997945362e+00 5.000000000000e-03
2.068369930982e+00 1.479946756863e-01 5.000000000000e-03
4.646921805849e-01 3.440645733113e+00 5.000000000000e-03
4.466097606681e+00 7.971662252523e-01 5.000000000000e-03
4.629215446649e+00 1.025583905902e+00 5.000000000000e-03
4.100118943135e+00 4.132035260074e+00 5.000000000000e-03
2.071142035681e+00 4.087012692125e-01 5.000000000000e-03
3.523812125996e+00 1.254006921861e+00 5.000000000000e-03
3.732954144189e+00 4.198019862974e+00 5.000000000000e-03
6.200998097942e+00 1.557815371568e+00 -5.000000000000e-03
1.114706112046e+00 4.397662262725e+00 -5.000000000000e-03
6.086895234396e+00 2.074294286383e+00 -5.000000000000e-03
3.165058297531e+00 4.714472335543e+00 -5.000000000000e-03
7.558186765110e-01 5.713293225778e-01 -5.000000000000e-03
7.312839619400e-01 4.471970261706e+00 -5.000000000000e-03
5.755067110572e+00 1.223505398071e+00 -5.000000000000e-03
2.965124426222e+00 1.086969317943e+00 -5.000000000000e-03
2.162767230106e+00 3.488663348595e+00 -5.000000000000e-03
4.761146542820e+00 6.032065847082e+00 -5.000000000000e-03
4.862600603242e+00 3.396160756480e+00 -5.000000000000e-03
3.131727794389e-01 6.217721768261e+00 -5.000000000000e-03
2.231473626245e+00 5.321743803429e+00 -5.000000000000e-03
2.834434315794e+00 5.880450410225e+00 -5.000000000000e-03
1.349751945546e+00 3.606365003160e+00 -5.000000000000e-03
1.950656942769e+00 3.832166544010e+00 -5.000000000000e-03
3.939085966414e+00 5.808479989944e+00 -5.000000000000e-03
3.889027415075e+00 7.513107145257e-01 -5.000000000000e-03
1.347676715165e+00 5.477590772490e+00 -5.000000000000e-03
4.856162078615e+00 3.586172757487e+00 -5.000000000000e-03
3.652849334440e+00 4.801362883411e+00 -5.000000000000e-03
1.159606394159e+00 3.137479486283e+00 -5.000000000000e-03
2.403560470038e+00 3.348596247212e+00 -5.000000000000e-03
5.791351046403e+00 3.300346354976e+00 -5.000000000000e-03
2.788086677624e+00 1.414753783798e+00 -5.000000000000e-03
1.120095115909e+00 1.673062624552e+00 -5.000000000000e-03
2.469322749174e+00 1.090634457299e+00 -5.000000000000e-03
4.308951738004e-01 4.232416021046e+00 -5.000000000000e-03
5.876567674958e+00 1.764675998301e+00 -5.000000000000e-03
3.131485179817e+00 5.461057135597e+00 -5.000000000000e-03
5.789357231899e+00 3.883657710785e+00 -5.000000000000e-03
4.826034245478e+00 1.999418272223e+00 -5.000000000000e-03
5.956899068642e+00 6.048957982692e+00 -5.000000000000e-03
4.907681019172e+00 5.324542933365e+00 -5.000000000000e-03
2.559026549525e+00 1.909885171778e-02 -5.000000000000e-03
3.290662912585e-01 2.618945838723e+00 -5.000000000000e-03
1.282809713517e+00 3.105286007811e+00 -5.000000000000e-03
5.846377561634e+00 5.517319388102e+00 -5.000000000000e-03
2.353062841700e+00 2.542738183217e+00 -5.000000000000e-03
3.316110235550e+00 1.010798679065e+00 -5.000000000000e-03
3.632465546710e+00 4.825132408942e+00 -5.000000000000e-03
2.244508829449e-02 2.509541996937e+00 -5.000000000000e-03
5.374881731812e+00 7.081856704526e-01 -5.000000000000e-03
2.990135505122e+00 2.393402301516e+00 -5.000000000000e-03
5.140485203194e-01 5.221484427576e+00 -5.000000000000e-03
4.969960213296e+00 4.422675840456e-01 -5.000000000000e-03
2.224122228166e-01 1.549413933532e+00 -5.000000000000e-03
5.731955391139e+00 4.834743366531e+00 -5.000000000000e-03
4.094951984638e+00 5.595044315236e+00 -5.000000000000e-03
2.772622350941e+00 4.304674776220e+00 -5.000000000000e-03
8.449131651793e-01 3.050733624545e+00 -5.000000000000e-03
1.281340975191e+00 2.731553094478e+00 -5.000000000000e-03
1.316766863620e+00 5.511352664485e+00 -5.000000000000e-03
5.425710414555e+00 9.414031187710e-01 -5.000000000000e-03
3.784217878967e+00 4.897042756464e+00 -5.000000000000e-03
3.678450029681e+00 1.799468451822e+00 -5.000000000000e-03
1.148428401096e+00 3.392567862941e-01 -5.000000000000e-03
4.198943444903e+00 5.459306616423e+00 -5.000000000000e-03
2.765654179804e+00 4.190871412990e+00 -5.000000000000e-03
1.618260054953e+00 1.185714023780e+00 -5.000000000000e-03
4.985787334682e+00 1.984543771731e+00 -5.000000000000e-03
1.740971370076e-01 5.026579595034e+00 -5.000000000000e-03
1.916924734627e+00 2.478444226422e+00 -5.000000000000e-03
4.628068798841e+00 5.699534039395e+00 -5.000000000000e-03
1.992213793515e+00 8.224841699448e-01 -5.000000000000e-03
8.767155568135e-01 3.659078790630e+00 -5.000000000000e-03
4.861497760040e+00 5.060079953030e+00 -5.000000000000e-03
4.872084352398e+00 5.610589723665e+00 -5.000000000000e-03
3.313961195755e+00 4.684486391622e+00 -5.000000000000e-03
4.031515044319e+00 5.710367861077e+00 -5.000000000000e-03
8.424659510415e-01 3.099703978401e+00 -5.000000000000e-03
4.008993720551e-01 2.890075650959e+00 -5.000000000000e-03
3.603000049329e+00 2.961295505584e-02 -5.000000000000e-03
6.050973000953e+00 5.556470941801e+00 -5.000000000000e-03
5.438022212570e+00 3.741772555143e+00 -5.000000000000e-03
4.135737644955e+00 3.660732411722e+00 -5.000000000000e-03
6.550274704112e-01 3.305596096268e+00 -5.000000000000e-03
3.356811759834e+00 3.305994199039e+00 -5.000000000000e-03
5.472574059719e+00 6.721020196397e-01 -5.000000000000e-03
5.316544485466e-01 5.070858159084e+00 -5.000000000000e-03
4.186093825386e+00 4.151261749134e+00 -5.000000000000e-03
4.631114678712e+00 1.814518145182e-01 -5.000000000000e-03
5.644655481145e+00 5.243277383330e+00 -5.000000000000e-03
5.587594499733e+00 3.776172825590e-01 -5.000000000000e-03
2.776206408691e+00 1.674835413962e+00 -5.000000000000e-03
2.717904062820e+00 3.324512055493e-01 -5.000000000000e-03
2.944421077491e+00 3.022635092428e+00 -5.000000000000e-03
3.273819313588e+00 1.693319560194e+00 -5.000000000000e-03
4.192107491457e+00 2.097106721964e-01 -5.000000000000e-03
3.759045198305e+00 3.053645014861e+00 -5.000000000000e-03
5.971907793528e+00 5.493416378692e+00 -5.000000000000e-03
2.817850187730e+00 1.786674511916e+00 -5.000000000000e-03
1.838541271627e+00 3.905776728213e+00 -5.000000000000e-03
5.067976047704e+00 4.537054578554e+00 -5.000000000000e-03
2.700615369379e+00 3.606472057249e+00 -5.000000000000e-03
4.219441702012e+00 4.196835269272e+00 -5.000000000000e-03
2.760195117996e-01 4.948784139208e+00 -5.000000000000e-03
4.514565342746e+00 5.626312490226e+00 -5.000000000000e-03
7.747442604220e-01 6.094546691961e+00 -5.000000000000e-03
6.062852953986e+00 1.551563107830e+00 -5.000000000000e-03
