2.635845019831e+00 6.054995292999e+00 5.000000000000e-03
2.429941447985e+00 5.292711046527e+00 5.000000000000e-03
4.568683515393e+00 1.944159221130e+00 5.000000000000e-03
5.660972627565e+00 1.420234441550e+00 5.000000000000e-03
5.624999813179e-01 5.686411927095e+00 5.000000000000e-03
9.331788934815e-01 5.259884928256e-01 5.000000000000e-03
6.269567426186e+00 4.170681353295e+00 5.000000000000e-03
2.946266291859e+00 1.335991975280e+00 5.000000000000e-03
4.976825184239e+00 1.912643050106e+00 5.000000000000e-03
2.745613449855e+00 3.496250978643e+00 5.000000000000e-03
1.949450918541e+00 3.907933916169e+00 5.000000000000e-03
1.155600762055e+00 2.440530186323e+00 5.000000000000e-03
6.003495563894e+00 2.766942500469e+00 5.000000000000e-03
6.139418237731e+00 3.148045693618e+00 5.000000000000e-03
5.605093559892e+00 5.764684431787e+00 5.000000000000e-03
2.944412171974e+00 3.025236941438e+00 5.000000000000e-03
4.427215497741e+00 3.468125611187e+00 5.000000000000e-03
7.447410717200e-01 3.743145169353e-01 5.000000000000e-03
2.049770523124e+00 6.856581565757e-02 5.000000000000e-03
4.550041611184e+00 3.023895147490e+00 5.000000000000e-03
5.499465860003e+00 3.704503528959e+00 5.000000000000e-03
1.770533634824e+00 4.171107084384e+00 5.000000000000e-03
4.825960875961e+00 3.901429577878e+00 5.000000000000e-03
1.806185793616e+00 3.347668372185e+00 5.000000000000e-03
1.444414002996e+00 5.321740504670e+00 5.000000000000e-03
8.018576830226e-01 3.089897233152e+00 5.000000000000e-03
5.989008583342e+00 4.783126055326e+00 5.000000000000e-03
3.040553206702e+00 2.633342653848e+00 5.000000000000e-03
1.132272506046e+00 1.826450673410e+00 5.000000000000e-03
4.568502142240e+00 5.923059993864e+00 5.000000000000e-03
3.888353664323e+00 9.805433753110e-01 5.000000000000e-03
7.108950665735e-01 5.645413242465e+00 5.000000000000e-03
8.225279465317e-01 1.235558293491e+00 5.000000000000e-03
2.217496147522e+00 2.967295948292e+00 5.000000000000e-03
4.387897334664e+00 2.309680406188e+00 5.000000000000e-03
5.292553443727e-02 5.905498545819e+00 5.000000000000e-03
6.690262787798e-01 1.426876685354e+00 5.000000000000e-03
2.286596141124e+00 5.809381821665e+00 5.000000000000e-03
5.323479267375e+00 3.592539942614e+00 5.000000000000e-03
5.830536566567e+00 2.181402415146e+00 5.000000000000e-03
3.526422311387e+00 2.424221970817e+00 5.000000000000e-03
3.259579307789e+00 1.274162937030e+00 5.000000000000e-03
1.758534734398e+00 5.288920512267e+00 5.000000000000e-03
7.011701503554e-01 1.993332375447e+00 5.000000000000e-03
2.028718027988e+00 2.119342334564e-01 5.000000000000e-03
3.198193582223e+00 4.546875377450e+00 5.000000000000e-03
1.187915274672e+00 3.363470778700e-01 5.000000000000e-03
4.806440471332e+00 1.782560225108e+00 5.000000000000e-03
3.085381580306e+00 4.959626823243e+00 5.000000000000e-03
1.358933080809e+00 5.815878927122e+00 5.000000000000e-03
2.668005719967e+00 2.911031934012e+00 5.000000000000e-03
4.920038928678e+00 2.360762072395e+00 5.000000000000e-03
5.575268025266e+00 7.994447972460e-01 5.000000000000e-03
5.203182170018e+00 2.271247750450e+00 5.000000000000e-03
2.894900130778e+00 4.687427023267e-01 5.000000000000e-03
1.310606271945e+00 3.655274136561e+00 5.000000000000e-03
1.935619913982e+00 4.760391773063e+00 5.000000000000e-03
2.505335690819e+00 6.074229507218e+00 5.000000000000e-03
3.628220086568e+00 1.816456358981e+00 5.000000000000e-03
1.443889524336e+00 5.842964886563e+00 5.000000000000e-03
6.208455026212e+00 1.647156520549e+00 5.000000000000e-03
1.436339543173e+00 2.039346608940e+00 5.000000000000e-03
1.951486964701e+00 7.670627663518e-01 5.000000000000e-03
1.832335726590e+00 5.262288034557e+00 5.000000000000e-03
6.415400448560e-01 8.179318357298e-01 5.000000000000e-03
2.308802632841e+00 1.171459975694e+00 5.000000000000e-03
2.015679998691e+00 2.424013362566e+00 5.000000000000e-03
2.384550745927e+00 6.115970828999e+00 5.000000000000e-03
2.498150694735e+00 1.970255664634e-01 5.000000000000e-03
2.481001579337e+00 4.229500955062e+00 5.000000000000e-03
3.915291996166e+00 2.655471820211e+00 5.000000000000e-03
4.450407267928e+00 1.306054182247e+00 5.000000000000e-03
4.562167869584e+00 2.499074803477e+00 5.000000000000e-03
4.073960454811e+00 5.247609563490e+00 5.000000000000e-03
4.956574339013e+00 3.969865640543e+00 5.000000000000e-03
4.044346963650e+00 6.023495629642e+00 5.000000000000e-03
9.824925060841e-01 4.202018806419e+00 5.000000000000e-03
1.227388930769e+00 2.509593605039e+00 5.000000000000e-03
6.226210069145e+00 3.377030947983e+00 5.000000000000e-03
3.597222971021e+00 1.549653523859e+00 5.000000000000e-03
5.275587738668e+00 1.240412937507e+00 5.000000000000e-03
1.612609561095e-02 4.068109581722e+00 5.000000000000e-03
1.643992486812e+00 1.843791355842e+00 5.000000000000e-03
4.906950192350e+00 2.198811785724e+00 5.000000000000e-03
1.444713603415e+00 3.079159919923e+00 5.000000000000e-03
4.334711177941e+00 1.803363821265e+00 5.000000000000e-03
3.397003624732e+00 4.789881552923e+00 5.000000000000e-03
5.013132596175e+00 5.847735254550e+00 5.000000000000e-03
1.337169013135e+00 2.303587343957e+00 5.000000000000e-03
5.281581499977e+00 1.406491294077e+00 5.000000000000e-03
2.515495223280e+00 2.931726272275e+00 5.000000000000e-03
3.178369322188e+00 5.992271813549e-01 5.000000000000e-03
2.352794376821e+00 1.087148416735e+00 5.000000000000e-03
1.669749583104e+00 1.991655996881e+00 5.000000000000e-03
2.801687086406e+00 6.091234115160e+00 5.000000000000e-03
2.029271214620e+00 1.437877089496e-02 5.000000000000e-03
6.163412565359e+00 4.869322289451e+00 5.000000000000e-03
1.006574041819e+00 1.702026194167e+00 5.000000000000e-03
2.677349593662e+00 2.369708568868e+00 5.000000000000e-03
6.108101743761e+00 6.197879549062e+00 5.000000000000e-03
3.723043602783e+00 4.784637072265e-02 -5.000000000000e-03
9.705086295174e-02 4.172021518309e-01 -5.000000000000e-03
3.252719156204e+00 4.170463809892e-01 -5.000000000000e-03
5.083696734002e+00 2.689035273426e+00 -5.000000000000e-03
3.723399910539e-01 1.693136674845e+00 -5.000000000000e-03
1.149467603000e+00 5.256247189653e+00 -5.000000000000e-03
4.372075010747e+00 7.137813238938e-01 -5.000000000000e-03
1.322655494504e+00 1.833218138777e+00 -5.000000000000e-03
5.011578661089e+00 1.952013402681e+00 -5.000000000000e-03
5.324922445157e+00 4.342894917044e+00 -5.000000000000e-03
6.235436263979e+00 1.890142632321e+00 -5.000000000000e-03
4.363922464920e+00 5.127289097912e+00 -5.000000000000e-03
1.182792424310e+00 5.961715915328e+00 -5.000000000000e-03
8.683506886446e-01 5.695688262166e+00 -5.000000000000e-03
3.776960871282e+00 3.675129169027e+00 -5.000000000000e-03
3.205592440456e+00 2.897445661972e+00 -5.000000000000e-03
5.330531572497e+00 5.375666120530e+00 -5.000000000000e-03
3.924394184643e+00 6.027907819328e+00 -5.000000000000e-03
6.331251180145e-01 2.054590663752e+00 -5.000000000000e-03
6.009467245691e+00 4.016337014743e+00 -5.000000000000e-03
5.135732040776e+00 5.770486430964e+00 -5.000000000000e-03
2.327589737659e+00 3.021425185713e+00 -5.000000000000e-03
2.811818109101e+00 3.806378551053e+00 -5.000000000000e-03
7.674550511711e-01 3.935632142291e+00 -5.000000000000e-03
2.918434571777e+00 1.824678693370e+00 -5.000000000000e-03
1.361223286688e+00 2.633792060988e+00 -5.000000000000e-03
4.449097688142e+00 3.013373007848e+00 -5.000000000000e-03
1.008916903676e+00 5.121787897656e+00 -5.000000000000e-03
3.548459655697e+00 6.254358380248e+00 -5.000000000000e-03
5.400166310083e+00 5.147027691921e+00 -5.000000000000e-03
1.685102011074e+00 4.740221452821e+00 -5.000000000000e-03
3.391578204623e+00 3.698840032878e-01 -5.000000000000e-03
2.717237541625e+00 5.110957507423e+00 -5.000000000000e-03
4.788237481753e+00 5.298846965784e+00 -5.000000000000e-03
2.415251357395e+00 5.375251952306e+00 -5.000000000000e-03
2.061075854549e+00 2.703295254612e+00 -5.000000000000e-03
1.622091011618e+00 2.196965394371e+00 -5.000000000000e-03
3.859266708346e+00 4.688587036710e+00 -5.000000000000e-03
4.083028667341e+00 3.865154339368e+00 -5.000000000000e-03
2.139866621915e+00 1.769723959882e+00 -5.000000000000e-03
5.124433145922e+00 5.739738790194e+00 -5.000000000000e-03
6.104224010150e+00 1.381218791720e+00 -5.000000000000e-03
1.572305070764e+00 5.959227621483e+00 -5.000000000000e-03
5.023829780156e+00 3.741657658890e+00 -5.000000000000e-03
1.223957098640e-01 8.125471815872e-01 -5.000000000000e-03
2.816524065424e+00 4.414669995221e+00 -5.000000000000e-03
1.050192710850e+00 1.097224384410e+00 -5.000000000000e-03
1.669413192633e+00 5.170913436031e+00 -5.000000000000e-03
3.674296981115e+00 4.579759964811e+00 -5.000000000000e-03
1.778791371806e+00 5.108188633462e+00 -5.000000000000e-03
1.398512292601e+00 3.726290673018e+00 -5.000000000000e-03
4.131177016381e+00 2.993328627233e+00 -5.000000000000e-03
6.067953552793e-01 2.088478941770e+00 -5.000000000000e-03
1.477521592720e+00 6.010537507896e+00 -5.000000000000e-03
5.304364568251e+00 5.999724783345e+00 -5.000000000000e-03
6.176201257580e+00 3.485592757775e+00 -5.000000000000e-03
1.138111079173e+00 2.549245648559e+00 -5.000000000000e-03
2.188018415232e-01 3.004933559934e+00 -5.000000000000e-03
1.985282560113e+00 5.046364359992e+00 -5.000000000000e-03
2.355455342729e+00 3.241280048910e+00 -5.000000000000e-03
3.920228421645e+00 5.422191077265e-01 -5.000000000000e-03
4.252600363304e-01 3.955588684427e-01 -5.000000000000e-03
4.962210925663e+00 2.381729104270e+00 -5.000000000000e-03
5.528519868357e+00 5.149588947586e+00 -5.000000000000e-03
2.503437935961e+00 9.030191002666e-01 -5.000000000000e-03
1.645716515004e+00 3.311136488106e+00 -5.000000000000e-03
1.771165556221e+00 2.247409267892e+00 -5.000000000000e-03
5.719567724487e+00 4.376361305936e+00 -5.000000000000e-03
5.115667178998e+00 5.889076884717e+00 -5.000000000000e-03
5.625564887297e+00 5.382997928748e+00 -5.000000000000e-03
1.436163161655e+00 3.753441070246e+00 -5.000000000000e-03
3.912138852522e+00 1.190931860527e+00 -5.000000000000e-03
9.713925559216e-01 2.239404911677e+00 -5.000000000000e-03
3.785497088740e+00 4.579555093245e+00 -5.000000000000e-03
7.297507752099e-01 3.559015468584e+00 -5.000000000000e-03
4.693810710020e+00 2.237654135981e+00 -5.000000000000e-03
5.941226670162e+00 1.226641216490e+00 -5.000000000000e-03
4.685049154340e+00 1.447228760779e+00 -5.000000000000e-03
1.695132923962e+00 6.017775064835e+00 -5.000000000000e-03
4.844547053100e+00 4.462040651184e+00 -5.000000000000e-03
5.908553007210e+00 2.433897193560e+00 -5.000000000000e-03
1.499578325247e+00 5.401822869109e+00 -5.000000000000e-03
6.077220995268e+00 5.146136330460e-01 -5.000000000000e-03
2.355333933803e+00 6.066536300568e+00 -5.000000000000e-03
3.033189985187e+00 1.942855325429e+00 -5.000000000000e-03
1.477072890241e+00 1.356975417271e+00 -5.000000000000e-03
3.733217144560e+00 4.074606068245e+00 -5.000000000000e-03
2.852573590427e+00 1.529338502207e+00 -5.000000000000e-03
1.122427461084e+00 4.656153961687e-01 -5.000000000000e-03
6.016003653981e+00 3.046175513918e+00 -5.000000000000e-03
3.661540715491e+00 4.352625170628e+00 -5.000000000000e-03
2.868425487349e+00 2.262893691218e+00 -5.000000000000e-03
3.203378951733e+00 3.105431385883e+00 -5.000000000000e-03
5.998420515086e+00 4.177877537159e+00 -5.000000000000e-03
3.663212950866e-01 5.567666696841e+00 -5.000000000000e-03
6.272288726073e+00 1.981131905001e+00 -5.000000000000e-03
3.726339333679e-01 5.122125643903e-01 -5.000000000000e-03
5.609735823422e+00 4.734371427985e+00 -5.000000000000e-03
5.062351887897e+00 1.779175504748e-01 -5.000000000000e-03
3.866374058758e+00 9.262083433997e-02 -5.000000000000e-03
