4.935069425949e+00 5.348064146859e+00 5.000000000000e-03
8.731920123245e-01 3.136414160123e+00 5.000000000000e-03
2.504300395352e+00 1.269230359873e+00 5.000000000000e-03
6.249628575766e+00 3.932824667214e+00 5.000000000000e-03
5.672816328330e+00 3.172346507114e+00 5.000000000000e-03
1.796510205544e+00 4.170450252298e+00 5.000000000000e-03
1.228240077911e+00 6.163789691387e-01 5.000000000000e-03
1.453020290106e+00 5.198993230809e+00 5.000000000000e-03
1.616816806303e+00 7.456277015120e-01 5.000000000000e-03
4.961238139671e+00 6.071068995225e+00 5.000000000000e-03
8.999668825815e-02 3.312144036235e+00 5.000000000000e-03
4.511226299427e+00 5.744793408110e+00 5.000000000000e-03
5.834871109913e+00 4.315448049494e+00 5.000000000000e-03
3.745877713823e+00 1.180986020661e+00 5.000000000000e-03
4.279216860986e+00 5.017318455225e+00 5.000000000000e-03
2.191793114549e+00 2.862069543919e+00 5.000000000000e-03
8.236417451539e-02 2.272927203879e+00 5.000000000000e-03
3.699073245881e+00 1.428459339902e-01 5.000000000000e-03
2.301870583208e+00 1.157797676918e+00 5.000000000000e-03
1.939493891671e+00 3.299794280122e+00 5.000000000000e-03
5.781679263416e+00 3.274379760372e-01 5.000000000000e-03
5.005777579467e+00 3.375796216209e-01 5.000000000000e-03
1.892323905344e+00 3.693830821816e+00 5.000000000000e-03
2.241841752399e+00 2.471871815814e+00 5.000000000000e-03
5.660813435944e+00 4.629596150565e+00 5.000000000000e-03
1.873101613559e+00 2.797079499035e+00 5.000000000000e-03
1.025581656174e+00 8.536042717142e-01 5.000000000000e-03
2.265303763131e+00 2.686786851271e+00 5.000000000000e-03
5.772730507535e+00 4.536426749800e+00 5.000000000000e-03
3.474069536607e+00 5.094085769326e+00 5.000000000000e-03
1.749705497460e+00 4.236737657254e+00 5.000000000000e-03
3.229342664065e+00 4.862750874558e+00 5.000000000000e-03
9.147017444676e-01 5.384670264888e+00 5.000000000000e-03
5.144243245838e+00 5.571194215213e+00 5.000000000000e-03
2.108273250086e+00 4.843526817732e+00 5.000000000000e-03
6.020432997460e+00 3.896572434966e+00 5.000000000000e-03
3.199476319659e+00 2.118745188794e+00 5.000000000000e-03
5.244283077314e+00 4.726478205256e+00 5.000000000000e-03
1.548430040246e+00 2.858437405467e+00 5.000000000000e-03
2.308774077793e-01 5.786329869870e+00 5.000000000000e-03
2.415640047751e-01 1.978673364083e+00 5.000000000000e-03
6.083078302138e+00 3.841052414102e+00 5.000000000000e-03
6.007349181612e+00 2.175951847607e+00 5.000000000000e-03
1.440783457918e+00 1.129905421140e+00 5.000000000000e-03
5.647301738505e-01 4.592464026250e+00 5.000000000000e-03
2.415193123510e+00 6.033875776809e+00 5.000000000000e-03
3.193455857407e+00 5.222259724979e+00 5.000000000000e-03
5.601409174734e+00 5.381273688623e+00 5.000000000000e-03
1.372604717622e+00 4.504476334423e+00 5.000000000000e-03
5.669044175258e+00 1.388736141107e+00 5.000000000000e-03
6.864915148426e-01 3.081959420989e+00 5.000000000000e-03
3.559217830489e+00 4.566342628213e+00 5.000000000000e-03
2.712253596730e+00 2.795030452473e+00 5.000000000000e-03
2.539047250815e+00 1.742450926286e+00 5.000000000000e-03
5.576125311342e+00 3.096517112245e-01 5.000000000000e-03
4.056605391398e+00 3.024017726200e+00 5.000000000000e-03
1.460976141981e+00 2.882420802593e+00 5.000000000000e-03
2.937428148505e+00 5.973250965048e+00 5.000000000000e-03
5.793972474290e+00 5.560743791872e+00 5.000000000000e-03
5.024231955073e+00 4.600619528785e+00 5.000000000000e-03
4.086777829033e+00 3.847246175039e+00 5.000000000000e-03
3.463225870190e+00 5.463510405279e+00 5.000000000000e-03
4.227693154577e+00 5.355399841777e+00 5.000000000000e-03
1.652018146589e+00 5.371648826137e+00 5.000000000000e-03
4.469319372346e+00 5.934268288376e+00 5.000000000000e-03
1.366155394029e+00 3.958532679100e+00 5.000000000000e-03
3.670211176262e+00 3.223367679320e+00 5.000000000000e-03
2.831141528201e+00 2.261842125588e+00 5.000000000000e-03
1.081620678743e+00 7.387623732503e-01 5.000000000000e-03
1.588824691168e+00 1.705887615321e+00 5.000000000000e-03
4.085646318652e-01 3.496043246756e+00 5.000000000000e-03
2.819300973962e+00 3.092461223457e+00 5.000000000000e-03
1.253306474683e+00 5.346467513989e+00 5.000000000000e-03
2.028213274049e+00 1.824877057440e+00 5.000000000000e-03
5.512368736592e+00 3.279640101775e+00 5.000000000000e-03
2.790506812990e+00 1.202782426875e+00 5.000000000000e-03
3.505359247118e+00 3.836919399026e+00 5.000000000000e-03
2.492985737357e+00 1.929372482721e+00 5.000000000000e-03
1.898751200611e+00 3.001761461912e+00 5.000000000000e-03
3.426486209061e+00 3.023340729018e+00 5.000000000000e-03
2.667768011782e-01 5.352503419339e+00 5.000000000000e-03
5.101267375665e+00 8.379870024676e-01 5.000000000000e-03
9.474854382845e-01 2.246043607952e+00 5.000000000000e-03
3.502589146029e+00 2.024049303898e+00 5.000000000000e-03
5.787323681116e+00 3.750532582728e+00 5.000000000000e-03
9.773884495501e-01 2.074643962809e+00 5.000000000000e-03
1.590333981028e-01 5.870973725091e+00 5.000000000000e-03
1.507951640854e+00 2.823297477391e+00 5.000000000000e-03
6.144823494854e+00 2.880050176174e+00 5.000000000000e-03
5.215245902110e+00 4.785624943455e-01 5.000000000000e-03
3.736071215455e+00 7.898468715735e-02 5.000000000000e-03
2.809189149589e+00 4.450793305585e+00 5.000000000000e-03
3.594084691143e+00 4.482997702251e+00 5.000000000000e-03
3.537128374378e+00 2.320387844632e-01 5.000000000000e-03
5.016642653164e+00 5.925603220816e+00 5.000000000000e-03
3.689275035613e+00 4.746497777123e+00 5.000000000000e-03
5.810678007401e+00 2.538943797530e+00 5.000000000000e-03
2.576890704102e+00 3.534515169585e+00 5.000000000000e-03
3.807709265353e+00 3.005063782446e+00 5.000000000000e-03
2.942488125127e+00 6.034825028615e+00 5.000000000000e-03
9.593920137031e-01 4.099482701666e+00 -5.000000000000e-03
1.519151560594e+00 3.107227888955e+00 -5.000000000000e-03
3.247799684794e+00 3.738299465534e+00 -5.000000000000e-03
4.599224696597e+00 1.927228173375e+00 -5.000000000000e-03
5.496812560173e-01 4.122715245369e+00 -5.000000000000e-03
5.016671591565e+00 2.004506133461e+00 -5.000000000000e-03
2.871852240129e+00 2.836463226314e+00 -5.000000000000e-03
7.261964172548e-01 2.643212989060e-01 -5.000000000000e-03
1.052581290267e+00 3.152729958434e+00 -5.000000000000e-03
3.401116601277e+00 4.694784757107e+00 -5.000000000000e-03
9.365718849638e-01 3.978573281051e+00 -5.000000000000e-03
2.622668848664e+00 5.679438499193e+00 -5.000000000000e-03
2.488031830971e+00 4.241985026346e+00 -5.000000000000e-03
1.852839654668e-01 5.045488883517e+00 -5.000000000000e-03
4.370012462156e-01 4.956737653796e+00 -5.000000000000e-03
2.177197061621e+00 5.944387463098e-02 -5.000000000000e-03
1.291508288168e-01 4.549458311875e+00 -5.000000000000e-03
5.941888223533e+00 2.127575939350e+00 -5.000000000000e-03
3.352834107859e+00 2.199690972105e+00 -5.000000000000e-03
2.691162216127e+00 1.035205660935e+00 -5.000000000000e-03
1.668921124163e+00 6.275181565487e+00 -5.000000000000e-03
4.001591085183e+00 5.902396944321e-01 -5.000000000000e-03
4.369214495524e+00 2.089260495838e+00 -5.000000000000e-03
4.256256577736e-01 2.593529701496e+00 -5.000000000000e-03
2.223416102500e-01 2.418927148257e+00 -5.000000000000e-03
7.037989077220e-01 2.549982441621e+00 -5.000000000000e-03
3.187618028685e+00 3.678291525131e+00 -5.000000000000e-03
4.544086255927e+00 1.477355204335e+00 -5.000000000000e-03
3.302464077502e-01 4.604177580474e+00 -5.000000000000e-03
3.979400330678e+00 3.287319772560e+00 -5.000000000000e-03
2.883799993479e+00 5.102558673023e+00 -5.000000000000e-03
3.502795080500e+00 1.651474879837e-01 -5.000000000000e-03
2.274864916077e+00 5.364496061238e+00 -5.000000000000e-03
1.096730550460e+00 4.616380692626e+00 -5.000000000000e-03
5.843877335773e+00 4.169632491984e+00 -5.000000000000e-03
3.943475050734e+00 2.780277052554e+00 -5.000000000000e-03
1.803156913161e+00 1.496127569576e+00 -5.000000000000e-03
5.713298340881e+00 5.081509067464e+00 -5.000000000000e-03
1.709762060816e+00 1.736976111356e+00 -5.000000000000e-03
3.968548928640e-02 5.706730180568e+00 -5.000000000000e-03
1.660602749958e+00 2.319624696983e-02 -5.000000000000e-03
3.901768787917e+00 5.036268282076e+00 -5.000000000000e-03
2.553097777785e+00 5.597403361620e+00 -5.000000000000e-03
6.229493881535e+00 3.350302200968e+00 -5.000000000000e-03
3.657934494225e+00 2.878493558550e+00 -5.000000000000e-03
2.005505422107e-02 2.905664649016e-01 -5.000000000000e-03
2.008988062119e+00 2.617440969162e+00 -5.000000000000e-03
2.401758985489e+00 1.019965847239e-01 -5.000000000000e-03
4.857733114129e+00 2.610771319033e+00 -5.000000000000e-03
1.190089058497e+00 4.364970007134e+00 -5.000000000000e-03
6.100177411914e+00 2.993010621421e+00 -5.000000000000e-03
4.478856250069e+00 2.104449847500e+00 -5.000000000000e-03
4.162805544714e+00 1.589015248905e-01 -5.000000000000e-03
2.960602278740e+00 1.958356287956e+00 -5.000000000000e-03
3.514264466215e+00 1.843075908019e+00 -5.000000000000e-03
5.593853763386e+00 3.911299094044e+00 -5.000000000000e-03
1.786272925439e+00 2.533049707864e+00 -5.000000000000e-03
1.668800009891e+00 9.473348060418e-01 -5.000000000000e-03
3.046219954449e+00 1.133770485164e+00 -5.000000000000e-03
2.508320334804e-01 1.076423858921e+00 -5.000000000000e-03
3.131513213141e+00 2.244914174596e+00 -5.000000000000e-03
2.868876249272e+00 1.981497802061e-01 -5.000000000000e-03
4.864138766322e+00 5.700206841218e+00 -5.000000000000e-03
2.841151789801e+00 9.117731244617e-01 -5.000000000000e-03
2.078110936234e+00 1.553187422018e+00 -5.000000000000e-03
5.975155949288e+00 2.181987235947e+00 -5.000000000000e-03
7.332514363807e-01 4.198462717414e+00 -5.000000000000e-03
5.125647082523e+00 1.902087213897e+00 -5.000000000000e-03
1.818635056258e+00 3.523795563948e+00 -5.000000000000e-03
5.478118865708e+00 4.203262814055e+00 -5.000000000000e-03
5.099522614729e+00 2.408646733489e+00 -5.000000000000e-03
5.592810056680e+00 3.475719604888e+00 -5.000000000000e-03
3.076541164041e-01 4.653212786006e+00 -5.000000000000e-03
3.676235554085e+00 3.995340811158e+00 -5.000000000000e-03
4.106160412927e+00 4.676303104222e-01 -5.000000000000e-03
2.221098676203e+00 5.507224820985e+00 -5.000000000000e-03
5.101821571106e+00 4.393394115210e+00 -5.000000000000e-03
2.698715278015e+00 5.501082186798e+00 -5.000000000000e-03
6.055794896886e+00 2.934814647029e+00 -5.000000000000e-03
1.992383485370e+00 3.783556048888e+00 -5.000000000000e-03
6.261953799770e+00 1.978895457961e+00 -5.000000000000e-03
3.599918728015e+00 1.608291378755e+00 -5.000000000000e-03
8.512416240024e-01 5.234073243808e-01 -5.000000000000e-03
2.286064589751e+00 3.189175969523e+00 -5.000000000000e-03
5.259926559125e+00 1.457138059226e+00 -5.000000000000e-03
5.261476555724e+00 6.441126698397e-01 -5.000000000000e-03
5.880379088921e+00 3.968396219284e+00 -5.000000000000e-03
2.860024972737e+00 5.003459511100e+00 -5.000000000000e-03
9.532904959045e-01 4.785797890418e+00 -5.000000000000e-03
5.289767929661e+00 4.795255045181e+00 -5.000000000000e-03
4.501508753507e+00 3.665731236286e+00 -5.000000000000e-03
5.701021718915e+00 7.150212466048e-04 -5.000000000000e-03
5.257504279118e+00 5.017538505838e+00 -5.000000000000e-03
4.994020828837e+00 6.840849152082e-01 -5.000000000000e-03
5.140094774891e-01 1.193599415091e+00 -5.000000000000e-03
2.743593259152e+00 3.833983505972e+00 -5.000000000000e-03
2.591581084170e+00 8.486823920501e-01 -5.000000000000e-03
1.693431125950e+00 2.095145731473e+00 -5.000000000000e-03
6.039240038893e+00 2.391677782444e+00 -5.000000000000e-03
1.055194918181e+00 1.176753586230e-01 -5.000000000000e-03
