4.491852450813e+00 5.286121189370e+00 5.000000000000e-03
7.079587975602e-01 3.387708241174e+00 5.000000000000e-03
1.931191585175e+00 7.249328473973e-01 5.000000000000e-03
4.552180570158e-01 3.973120096768e+00 5.000000000000e-03
5.210456386652e+00 3.064275892747e+00 5.000000000000e-03
1.736396535056e+00 4.400654928726e+00 5.000000000000e-03
8.314354690857e-01 1.628764146327e+00 5.000000000000e-03
1.708293595853e+00 5.447783863787e+00 5.000000000000e-03
1.464361899831e+00 2.584902783476e-01 5.000000000000e-03
5.299334433408e+00 5.780608226348e+00 5.000000000000e-03
6.149082046787e+00 4.022594323090e+00 5.000000000000e-03
4.758912544660e+00 5.696509148338e+00 5.000000000000e-03
4.605631730637e+00 4.398483573448e+00 5.000000000000e-03
4.383259649491e+00 1.039748325238e+00 5.000000000000e-03
3.987064172568e+00 5.505280663542e+00 5.000000000000e-03
2.013378144932e+00 2.339170767063e+00 5.000000000000e-03
4.914532233991e-01 2.816547722937e+00 5.000000000000e-03
4.760759631081e+00 4.451642111128e-03 5.000000000000e-03
1.839842722336e+00 8.231334515280e-01 5.000000000000e-03
2.554303646529e+00 3.211187010104e+00 5.000000000000e-03
5.958232135746e+00 6.739529311325e-03 5.000000000000e-03
5.911432805754e+00 5.339441954260e-01 5.000000000000e-03
1.177555418636e+00 4.851149862084e+00 5.000000000000e-03
1.896492192303e+00 2.730814047136e+00 5.000000000000e-03
5.587974277683e+00 4.530261558014e+00 5.000000000000e-03
1.018490501297e+00 2.893537898804e+00 5.000000000000e-03
9.715474891954e-01 1.233184069697e+00 5.000000000000e-03
2.025094336453e+00 2.735590866879e+00 5.000000000000e-03
5.539711855460e+00 4.380769518512e+00 5.000000000000e-03
3.482867580868e+00 5.687978966173e+00 5.000000000000e-03
1.783582455328e+00 4.468335992174e+00 5.000000000000e-03
3.621137632338e+00 6.032940574167e+00 5.000000000000e-03
7.506872431684e-01 5.522853965714e+00 5.000000000000e-03
5.011986819844e+00 5.378692380483e+00 5.000000000000e-03
2.479271240462e+00 4.780976628036e+00 5.000000000000e-03
3.627012611287e-01 3.901815843217e+00 5.000000000000e-03
2.955364140662e+00 1.614135512225e+00 5.000000000000e-03
4.891460030849e+00 4.283864535439e+00 5.000000000000e-03
1.838903941327e+00 3.181974020082e+00 5.000000000000e-03
3.816045710910e-01 5.880938365091e+00 5.000000000000e-03
2.465731904820e-01 2.819236867599e+00 5.000000000000e-03
4.080324003961e-01 3.688665492997e+00 5.000000000000e-03
5.827299555409e+00 2.306851648142e+00 5.000000000000e-03
9.953920536043e-01 8.228567516700e-01 5.000000000000e-03
6.028115222100e+00 4.246728254136e+00 5.000000000000e-03
2.603810664787e+00 3.862069333678e-01 5.000000000000e-03
2.971707661803e+00 2.905635728258e-01 5.000000000000e-03
4.736515104592e+00 5.037497948939e+00 5.000000000000e-03
6.888972189284e-01 5.364582813623e+00 5.000000000000e-03
6.076328716727e+00 1.961777374742e+00 5.000000000000e-03
2.687714892196e-01 3.672653701229e+00 5.000000000000e-03
3.580387153687e+00 4.715425997372e+00 5.000000000000e-03
2.430882312175e+00 1.297104657481e+00 5.000000000000e-03
2.081887036388e+00 1.576116235593e+00 5.000000000000e-03
5.799613700676e+00 6.271589004998e+00 5.000000000000e-03
3.537009415159e+00 2.144978594897e+00 5.000000000000e-03
1.836334329131e+00 3.235264870462e+00 5.000000000000e-03
3.409934978871e+00 3.181305032669e-01 5.000000000000e-03
5.392359405825e+00 5.025294184544e+00 5.000000000000e-03
4.094616862030e+00 4.205901419870e+00 5.000000000000e-03
3.643832610266e+00 3.606997020171e+00 5.000000000000e-03
3.849168218401e+00 5.890498424206e+00 5.000000000000e-03
4.322793611495e+00 5.598713747618e+00 5.000000000000e-03
2.131806671811e+00 5.059991839290e+00 5.000000000000e-03
5.359539792891e+00 6.042497709588e+00 5.000000000000e-03
1.382063494565e+00 5.051178003747e+00 5.000000000000e-03
3.482559067804e+00 2.408844880607e+00 5.000000000000e-03
2.040413655723e+00 1.304986311399e+00 5.000000000000e-03
1.053276130122e+00 1.146394358436e+00 5.000000000000e-03
1.859947624692e+00 1.322790668493e+00 5.000000000000e-03
9.069711670198e-01 3.536157333473e+00 5.000000000000e-03
2.793996689416e+00 2.797003937538e+00 5.000000000000e-03
1.663568780239e+00 5.280699344608e+00 5.000000000000e-03
1.558300421515e+00 2.288539719970e+00 5.000000000000e-03
5.110895946444e+00 3.190022978107e+00 5.000000000000e-03
1.791091550540e+00 1.052493163228e+00 5.000000000000e-03
2.751235351839e+00 3.889348598406e+00 5.000000000000e-03
2.007691284282e+00 1.797275552410e+00 5.000000000000e-03
2.289116725979e+00 2.620414485924e+00 5.000000000000e-03
2.863639992213e+00 2.460811412139e+00 5.000000000000e-03
5.874359205778e+00 4.801194838260e+00 5.000000000000e-03
5.444184582671e+00 1.330855273340e+00 5.000000000000e-03
7.611992135706e-01 2.601925398803e+00 5.000000000000e-03
3.114141098833e+00 1.759804166761e+00 5.000000000000e-03
5.477584971387e+00 4.080586649610e+00 5.000000000000e-03
9.356064980573e-01 2.540857060549e+00 5.000000000000e-03
3.665510832242e-01 5.782343920497e+00 5.000000000000e-03
1.760989764284e+00 3.196651614486e+00 5.000000000000e-03
5.442652011090e+00 2.696909404599e+00 5.000000000000e-03
6.272814529394e+00 5.838854559274e-02 5.000000000000e-03
4.699480455027e+00 4.382465894124e-02 5.000000000000e-03
2.757131599149e+00 4.599503130489e+00 5.000000000000e-03
3.544130152145e+00 4.629902965550e+00 5.000000000000e-03
3.183242650325e+00 1.560625835593e+00 5.000000000000e-03
5.269270419429e+00 5.586779897517e+00 5.000000000000e-03
3.578089823110e+00 4.880565940531e+00 5.000000000000e-03
5.013630728870e+00 2.658321674985e+00 5.000000000000e-03
3.152852668998e+00 3.085802809244e+00 5.000000000000e-03
2.751387917731e+00 2.635923995372e+00 5.000000000000e-03
3.456481982208e+00 3.573593232329e-01 5.000000000000e-03
7.773045610513e-01 4.930846032500e+00 -5.000000000000e-03
2.371914600387e+00 3.149870891835e+00 -5.000000000000e-03
2.851068921672e+00 3.670290971217e+00 -5.000000000000e-03
4.630747672927e+00 1.780384972046e+00 -5.000000000000e-03
1.134986568947e+00 4.871973878240e+00 -5.000000000000e-03
4.727781162686e+00 2.308048859968e+00 -5.000000000000e-03
2.557372709462e+00 1.341480098667e+00 -5.000000000000e-03
8.470764396453e-01 6.255081780181e+00 -5.000000000000e-03
1.640734480265e+00 3.516807549082e+00 -5.000000000000e-03
3.810022529462e+00 4.944587721387e+00 -5.000000000000e-03
8.775871804708e-01 5.053408938756e+00 -5.000000000000e-03
2.889628707551e+00 5.790621597414e+00 -5.000000000000e-03
2.277806783030e+00 4.135310381105e+00 -5.000000000000e-03
2.638429813485e-01 4.404075777714e+00 -5.000000000000e-03
6.075901116418e+00 4.349721587841e+00 -5.000000000000e-03
2.460351830491e+00 2.585116920712e-01 -5.000000000000e-03
8.365628220735e-01 4.222336695752e+00 -5.000000000000e-03
5.811515985949e+00 2.739814279321e+00 -5.000000000000e-03
3.150611838907e+00 1.447618642175e+00 -5.000000000000e-03
1.802294350472e+00 1.342047037632e+00 -5.000000000000e-03
1.888309289007e+00 5.967903436026e+00 -5.000000000000e-03
4.972403243576e+00 2.533601665431e-01 -5.000000000000e-03
4.877062422385e+00 1.630506245359e+00 -5.000000000000e-03
3.674823786083e-01 3.105977870990e+00 -5.000000000000e-03
6.252574104474e-01 2.902985159476e+00 -5.000000000000e-03
1.599560394133e-01 3.409648253532e+00 -5.000000000000e-03
2.877406539144e+00 3.752135891991e+00 -5.000000000000e-03
5.277781048357e+00 1.823089767609e+00 -5.000000000000e-03
6.089183379674e+00 4.284122221952e+00 -5.000000000000e-03
3.765675770674e+00 2.250199896307e+00 -5.000000000000e-03
2.910803893778e+00 8.786409273215e-03 -5.000000000000e-03
3.121593215141e+00 1.533809857062e+00 -5.000000000000e-03
2.999191684038e+00 6.124616377895e+00 -5.000000000000e-03
5.395346395789e-01 4.658686325582e+00 -5.000000000000e-03
4.995711570522e+00 4.094794013547e+00 -5.000000000000e-03
3.082764142713e+00 2.227050014964e+00 -5.000000000000e-03
1.688387870781e+00 1.775588381771e+00 -5.000000000000e-03
5.002218846550e+00 4.765252367691e+00 -5.000000000000e-03
1.994166603715e+00 8.612544097994e-01 -5.000000000000e-03
1.022749464526e-01 5.889198005193e+00 -5.000000000000e-03
1.908968445269e+00 5.943008899655e+00 -5.000000000000e-03
3.805041682630e+00 5.528442466639e+00 -5.000000000000e-03
2.651607520496e+00 5.704384654508e+00 -5.000000000000e-03
5.835287057534e+00 3.967796089248e+00 -5.000000000000e-03
2.622595382910e+00 2.511799532274e+00 -5.000000000000e-03
3.888169644976e-01 6.131103192250e+00 -5.000000000000e-03
1.066804891325e+00 2.824316028891e+00 -5.000000000000e-03
2.551730448549e+00 5.112329004096e-01 -5.000000000000e-03
4.364968159508e+00 1.993096580661e+00 -5.000000000000e-03
4.401294727541e-01 5.254581550148e+00 -5.000000000000e-03
5.296505921732e+00 2.746526741799e+00 -5.000000000000e-03
4.884077809535e+00 1.735667722241e+00 -5.000000000000e-03
5.225130265588e+00 5.215675407474e-01 -5.000000000000e-03
2.130203148929e+00 1.010070617087e+00 -5.000000000000e-03
2.799998993790e+00 1.621093423020e+00 -5.000000000000e-03
5.076495236136e+00 4.291022572270e+00 -5.000000000000e-03
1.262044152557e+00 2.768986567938e+00 -5.000000000000e-03
1.505454448679e+00 3.771592851012e-01 -5.000000000000e-03
2.629661695345e+00 1.005033940190e+00 -5.000000000000e-03
5.061708210643e-01 1.324911364609e+00 -5.000000000000e-03
3.068437901411e+00 1.842719134119e+00 -5.000000000000e-03
3.648400953742e+00 5.209284140186e-01 -5.000000000000e-03
4.941165890579e+00 5.653368094487e+00 -5.000000000000e-03
2.409211368812e+00 6.867781776173e-01 -5.000000000000e-03
1.446696889273e+00 1.783046729130e+00 -5.000000000000e-03
5.535469657922e+00 2.472400549737e+00 -5.000000000000e-03
1.293713825922e+00 4.438659023848e+00 -5.000000000000e-03
4.831361532299e+00 2.411163743121e+00 -5.000000000000e-03
1.132563018322e+00 4.467966822859e+00 -5.000000000000e-03
4.500567760534e+00 4.207605821691e+00 -5.000000000000e-03
4.292805599136e+00 2.362175607920e+00 -5.000000000000e-03
5.481880736260e+00 3.487220410639e+00 -5.000000000000e-03
6.131644366797e+00 4.377053174058e+00 -5.000000000000e-03
3.233948571072e+00 3.981397453086e+00 -5.000000000000e-03
5.115011177618e+00 2.468582181998e-01 -5.000000000000e-03
3.192491208540e+00 5.645384644429e+00 -5.000000000000e-03
4.180388583363e+00 3.986382890712e+00 -5.000000000000e-03
2.921004683758e+00 5.934205445402e+00 -5.000000000000e-03
5.427792109548e+00 2.823489988573e+00 -5.000000000000e-03
2.339557084473e+00 3.537502878780e+00 -5.000000000000e-03
6.112731837997e+00 2.990058173048e+00 -5.000000000000e-03
3.916613365278e+00 1.353765811399e+00 -5.000000000000e-03
6.291604343431e-01 1.627989315939e+00 -5.000000000000e-03
2.441738716867e+00 2.636552383349e+00 -5.000000000000e-03
5.780096155780e+00 2.331821200128e+00 -5.000000000000e-03
2.081620735913e-02 4.070439070514e-01 -5.000000000000e-03
6.812957686910e-01 3.816533043519e+00 -5.000000000000e-03
2.828143520931e+00 7.938135443543e-02 -5.000000000000e-03
6.773291677624e-01 4.792858210796e+00 -5.000000000000e-03
5.532847128207e+00 4.664687125891e+00 -5.000000000000e-03
3.955641358223e+00 3.265381158230e+00 -5.000000000000e-03
5.679035592865e+00 5.755684313642e+00 -5.000000000000e-03
4.589462173928e+00 4.735567571174e+00 -5.000000000000e-03
5.400476033522e+00 1.165066077747e+00 -5.000000000000e-03
3.134051942159e-01 1.654378212552e+00 -5.000000000000e-03
3.229848289040e+00 3.468112988954e+00 -5.000000000000e-03
2.302384577337e+00 3.451769023686e-01 -5.000000000000e-03
1.509282292089e+00 2.546824245582e+00 -5.000000000000e-03
5.871351543286e+00 2.137256253839e+00 -5.000000000000e-03
9.297445708409e-01 1.814425617750e-01 -5.000000000000e-03
