4.177564669820e+00 3.021460774296e+00 5.000000000000e-03
1.079026977970e+00 4.145769056372e+00 5.000000000000e-03
9.965091485786e-01 7.773341548020e-01 5.000000000000e-03
4.617466454725e+00 5.412288469217e+00 5.000000000000e-03
2.691782330300e+00 2.727690859031e+00 5.000000000000e-03
3.484587092034e+00 4.696601014163e-01 5.000000000000e-03
1.341283539812e+00 3.132769340103e+00 5.000000000000e-03
2.689451847284e+00 1.898723595702e+00 5.000000000000e-03
1.781407303861e+00 2.223416505652e+00 5.000000000000e-03
1.622126983303e+00 4.395672721473e+00 5.000000000000e-03
1.886658574151e+00 3.105595657410e-01 5.000000000000e-03
2.396827795325e+00 4.111086043119e+00 5.000000000000e-03
1.942479438557e+00 3.075162037195e+00 5.000000000000e-03
4.170655301778e+00 4.760370507180e+00 5.000000000000e-03
2.028464412097e+00 8.561223243352e-01 5.000000000000e-03
2.637667124339e+00 7.247692434542e-01 5.000000000000e-03
1.235930425925e+00 5.732102216663e+00 5.000000000000e-03
4.331822431576e+00 2.395255064359e+00 5.000000000000e-03
3.491181600747e+00 2.567153119171e+00 5.000000000000e-03
2.071556245097e+00 4.974484220592e+00 5.000000000000e-03
1.264430525412e+00 5.449188429211e+00 5.000000000000e-03
9.958583204059e-01 3.947099961063e+00 5.000000000000e-03
5.283789569749e+00 4.839537993468e+00 5.000000000000e-03
3.193907987518e+00 5.996485488073e+00 5.000000000000e-03
3.810086919206e+00 4.442741418773e+00 5.000000000000e-03
5.316061167177e+00 5.408041410381e+00 5.000000000000e-03
9.213583361618e-01 5.841946966506e+00 5.000000000000e-03
1.852792124730e+00 4.654938632984e+00 5.000000000000e-03
5.372791427119e+00 3.311478152264e+00 5.000000000000e-03
4.835207333473e+00 1.363759417052e+00 5.000000000000e-03
4.437369561475e+00 2.148560185599e+00 5.000000000000e-03
4.282959954772e+00 5.065458627082e+00 5.000000000000e-03
3.744031715914e-02 4.359784458122e+00 5.000000000000e-03
1.987292321269e+00 5.918299350838e+00 5.000000000000e-03
3.830447607695e+00 5.629432353130e+00 5.000000000000e-03
5.832960401539e+00 2.399055872884e+00 5.000000000000e-03
6.281055157312e-01 6.237515291673e-01 5.000000000000e-03
9.457699508216e-01 3.367565448097e+00 5.000000000000e-03
4.702634320484e+00 5.746449751446e+00 5.000000000000e-03
2.772323716490e+00 6.147675677095e+00 5.000000000000e-03
4.723189992751e+00 3.149375497481e+00 5.000000000000e-03
4.536396961461e-01 8.719013475588e-01 5.000000000000e-03
5.407992828106e+00 6.272651933078e+00 5.000000000000e-03
3.109306347320e+00 2.158982005357e+00 5.000000000000e-03
6.018746635779e+00 4.874834216356e+00 5.000000000000e-03
6.806369100067e-01 6.490389506710e-01 5.000000000000e-03
1.674013738305e+00 3.429323916677e+00 5.000000000000e-03
2.119672939854e-01 4.060889027887e+00 5.000000000000e-03
3.835788020582e+00 3.233832572800e+00 5.000000000000e-03
3.709775275473e+00 3.119706671676e+00 5.000000000000e-03
5.189516028095e+00 4.271236056103e+00 5.000000000000e-03
2.916439223288e-01 1.595572552198e+00 5.000000000000e-03
9.840173066734e-01 3.569173249441e-01 5.000000000000e-03
3.260022294432e+00 5.130823450425e+00 5.000000000000e-03
3.143079657232e+00 4.106969901630e+00 5.000000000000e-03
3.389681524086e+00 6.121722624689e+00 5.000000000000e-03
2.401965668095e-01 3.384426357900e+00 5.000000000000e-03
2.147634008693e+00 4.575776467000e+00 5.000000000000e-03
5.314509104847e+00 6.287324886332e-01 5.000000000000e-03
1.753215522635e+00 2.476588034925e+00 5.000000000000e-03
5.099252407506e+00 3.886813805835e+00 5.000000000000e-03
1.367117752336e+00 4.624649627354e+00 5.000000000000e-03
4.686808775793e+00 2.452987918546e+00 5.000000000000e-03
6.275936155423e+00 1.392117534661e+00 5.000000000000e-03
1.767720796492e-01 1.593485699232e+00 5.000000000000e-03
5.382810636861e+00 3.060670755706e+00 5.000000000000e-03
4.694593881054e+00 5.657550383248e+00 5.000000000000e-03
2.801258147777e+00 2.174955918558e+00 5.000000000000e-03
1.917784780121e+00 5.907926945937e+00 5.000000000000e-03
4.235788699088e+00 3.850428467481e+00 5.000000000000e-03
4.865560229126e+00 7.487736970603e-01 5.000000000000e-03
4.276637230776e-01 1.442294338578e+00 5.000000000000e-03
8.663052247961e-01 3.471857857961e+00 5.000000000000e-03
5.528652661560e+00 2.427571734293e+00 5.000000000000e-03
4.431674862452e+00 6.134100818709e+00 5.000000000000e-03
4.272429936777e+00 2.132072672226e+00 5.000000000000e-03
1.459764428839e-01 1.485589505075e+00 5.000000000000e-03
1.056349411100e+00 4.974246990013e+00 5.000000000000e-03
5.463284359584e+00 1.805379099526e-01 5.000000000000e-03
1.035559569935e+00 5.847510839864e-01 5.000000000000e-03
5.476219892082e-01 5.677065720508e+00 5.000000000000e-03
2.488174851882e+00 6.518326389584e-01 5.000000000000e-03
1.290762204660e+00 5.575563046976e+00 5.000000000000e-03
5.400866623992e-01 2.207603353481e+00 5.000000000000e-03
3.034975533740e+00 3.292932726195e+00 5.000000000000e-03
6.628330440132e-01 1.898143403374e+00 5.000000000000e-03
3.131199125783e-01 2.572674904358e+00 5.000000000000e-03
4.150011898194e+00 5.319116515724e+00 5.000000000000e-03
1.898643334570e+00 4.212334859775e+00 5.000000000000e-03
9.343288686719e-01 5.540505654024e+00 5.000000000000e-03
4.131953581428e+00 4.251052214090e+00 5.000000000000e-03
4.871391090028e+00 1.909285169232e+00 5.000000000000e-03
6.205640896439e+00 1.076568917039e+00 5.000000000000e-03
5.752547342843e+00 6.269980359476e+00 5.000000000000e-03
4.268541752367e+00 2.895398062346e+00 5.000000000000e-03
5.237539983055e+00 5.148377430883e+00 5.000000000000e-03
2.840603262945e+00 4.268834630599e+00 5.000000000000e-03
4.442142080089e+00 5.580579044252e+00 5.000000000000e-03
4.792751891397e+00 5.732196215393e+00 5.000000000000e-03
1.491218076034e+00 4.510421540172e+00 5.000000000000e-03
5.615356572524e+00 2.713851410695e-01 -5.000000000000e-03
6.809784374571e-01 4.117332931601e-01 -5.000000000000e-03
6.157319642637e+00 1.934665707715e-01 -5.000000000000e-03
3.880276611001e+00 4.313933383773e-01 -5.000000000000e-03
1.395183197787e+00 2.175604024203e+00 -5.000000000000e-03
2.159890954136e+00 4.831295567663e+00 -5.000000000000e-03
5.754129575611e+00 1.448640393601e-01 -5.000000000000e-03
4.841449473634e+00 2.870110010021e+00 -5.000000000000e-03
6.256544460104e+00 2.337003100528e+00 -5.000000000000e-03
1.212677849382e+00 9.428789915599e-01 -5.000000000000e-03
5.352916935608e+00 4.295908490943e+00 -5.000000000000e-03
2.811080021048e+00 5.065323798106e+00 -5.000000000000e-03
2.903968177099e+00 5.914899332848e+00 -5.000000000000e-03
1.425869810226e+00 3.073114574615e+00 -5.000000000000e-03
2.969553200109e+00 1.093487204821e+00 -5.000000000000e-03
3.244637393677e-01 5.016166429180e+00 -5.000000000000e-03
5.480165867840e+00 2.442831259484e+00 -5.000000000000e-03
6.748838299342e-02 3.621368245909e+00 -5.000000000000e-03
1.744134093731e+00 1.120179237977e+00 -5.000000000000e-03
4.951299842241e+00 5.898116095296e+00 -5.000000000000e-03
4.770417177278e+00 2.862742862093e+00 -5.000000000000e-03
3.129383420114e+00 4.120931723521e+00 -5.000000000000e-03
5.045367627337e+00 8.771328414666e-01 -5.000000000000e-03
2.375888526763e+00 3.527946231243e+00 -5.000000000000e-03
4.491836442378e-01 3.049395533452e-01 -5.000000000000e-03
3.943892466713e+00 4.340128914125e+00 -5.000000000000e-03
4.388234325480e+00 3.415537577260e-01 -5.000000000000e-03
3.707188890039e+00 4.257188362280e+00 -5.000000000000e-03
4.366736270304e+00 3.195523650782e-01 -5.000000000000e-03
2.073111550840e+00 2.715790822059e+00 -5.000000000000e-03
2.114483108277e+00 2.541333333751e+00 -5.000000000000e-03
1.409548438495e-01 5.878208447090e+00 -5.000000000000e-03
1.954773251806e+00 1.702577361522e+00 -5.000000000000e-03
4.876930161420e+00 2.803098564127e+00 -5.000000000000e-03
5.041236520760e+00 3.610128680102e-01 -5.000000000000e-03
4.409162529496e+00 3.407000115172e+00 -5.000000000000e-03
1.520308781819e+00 2.298422800143e+00 -5.000000000000e-03
4.484983372177e+00 1.724968364893e+00 -5.000000000000e-03
8.252305517392e-01 2.802194164751e-01 -5.000000000000e-03
4.431236381327e+00 4.226922752393e+00 -5.000000000000e-03
3.156239558127e+00 5.800486287657e+00 -5.000000000000e-03
5.938968190584e+00 5.950418441400e+00 -5.000000000000e-03
3.314873077697e+00 1.561664462615e+00 -5.000000000000e-03
5.914827164789e+00 2.182493969302e+00 -5.000000000000e-03
3.797552107641e+00 4.066826292590e+00 -5.000000000000e-03
2.875550976422e+00 1.595665236978e+00 -5.000000000000e-03
2.720682255404e+00 5.924811939449e+00 -5.000000000000e-03
4.789905371925e-01 1.581798360407e+00 -5.000000000000e-03
5.492400338783e+00 3.349177431101e+00 -5.000000000000e-03
4.093138703956e+00 5.847781575044e+00 -5.000000000000e-03
2.607820802273e+00 7.894555665351e-01 -5.000000000000e-03
2.458607876823e+00 5.003701338215e+00 -5.000000000000e-03
4.920206374038e+00 3.958033871358e+00 -5.000000000000e-03
4.034382675870e+00 5.805056031925e+00 -5.000000000000e-03
9.252722194365e-02 6.433025774066e-01 -5.000000000000e-03
3.732747420345e+00 6.148584613745e+00 -5.000000000000e-03
1.466572880935e+00 3.609400809994e+00 -5.000000000000e-03
5.187134162955e+00 6.341510882989e-01 -5.000000000000e-03
6.252132686086e+00 5.658643551493e+00 -5.000000000000e-03
2.632653052858e+00 2.043340893078e+00 -5.000000000000e-03
1.350799845061e+00 2.820482743811e+00 -5.000000000000e-03
3.703666889478e+00 5.751079472117e-02 -5.000000000000e-03
1.900287697317e+00 3.134906352448e+00 -5.000000000000e-03
1.715851835069e+00 5.705144160890e+00 -5.000000000000e-03
1.495077757769e+00 2.038558358077e+00 -5.000000000000e-03
6.167466426296e-01 2.204703947265e+00 -5.000000000000e-03
5.580200061057e+00 5.441144528485e+00 -5.000000000000e-03
6.076113684110e+00 4.227060466103e+00 -5.000000000000e-03
4.194678430343e+00 2.468030965232e-01 -5.000000000000e-03
2.378909459621e-01 5.819421686131e-01 -5.000000000000e-03
5.022221206823e+00 2.235524118556e+00 -5.000000000000e-03
2.494011539334e+00 6.238748207231e+00 -5.000000000000e-03
1.911184489651e+00 1.223810322628e+00 -5.000000000000e-03
1.995145282743e+00 3.781169997642e+00 -5.000000000000e-03
1.559079054370e+00 6.187630748022e+00 -5.000000000000e-03
4.924881142530e+00 6.078881737935e+00 -5.000000000000e-03
5.318191499437e+00 3.961682455307e+00 -5.000000000000e-03
4.694508928150e+00 2.726473984247e+00 -5.000000000000e-03
3.264313503299e-01 4.252278746271e+00 -5.000000000000e-03
7.895851150399e-01 1.573236433504e+00 -5.000000000000e-03
2.219090922706e+00 4.667175049259e+00 -5.000000000000e-03
1.854862736592e+00 8.321843478625e-01 -5.000000000000e-03
2.565819338477e+00 5.473442230275e+00 -5.000000000000e-03
3.899736717378e+00 1.582033273552e+00 -5.000000000000e-03
5.187263063195e+00 2.815296350479e+00 -5.000000000000e-03
1.794528102698e+00 3.567729756264e+00 -5.000000000000e-03
2.606790652556e+00 3.923124457107e+00 -5.000000000000e-03
2.794887701464e+00 9.990880254784e-01 -5.000000000000e-03
3.966834935219e-01 5.285270820003e+00 -5.000000000000e-03
1.640269796298e+00 1.194699500791e-01 -5.000000000000e-03
1.558906393867e+00 9.554469594486e-01 -5.000000000000e-03
1.121850360663e+00 2.324639278497e+00 -5.000000000000e-03
2.461679319283e+00 1.144854797888e+00 -5.000000000000e-03
4.546811837182e+00 3.921213729281e+00 -5.000000000000e-03
5.582501769206e+00 3.801453132874e+00 -5.000000000000e-03
6.254937653723e+00 1.603458979620e+00 -5.000000000000e-03
2.602014778310e+00 3.182620850980e+00 -5.000000000000e-03
2.802849958631e+00 5.209240977813e+00 -5.000000000000e-03
6.058206563721e+00 3.421443729448e+00 -5.000000000000e-03
1.069160382003e+00 2.820067443913e+00 -5.000000000000e-03
