4.666970280722e+00 3.149327636076e+00 5.000000000000e-03
4.633135279418e-01 4.540724527521e+00 5.000000000000e-03
6.115779617076e+00 4.388694241058e+00 5.000000000000e-03
2.338499201914e+00 5.078651437516e+00 5.000000000000e-03
3.641878015845e+00 2.479997479508e+00 5.000000000000e-03
5.304013388511e+00 4.237426640304e+00 5.000000000000e-03
3.287713970311e+00 3.305475577545e+00 5.000000000000e-03
6.074653056935e+00 2.513146782930e+00 5.000000000000e-03
5.197642753657e+00 8.249280463883e-01 5.000000000000e-03
6.890137194624e-01 2.411363033138e+00 5.000000000000e-03
4.881153807568e+00 1.880876465282e+00 5.000000000000e-03
4.970383718751e+00 9.346485170628e-01 5.000000000000e-03
4.083981830664e+00 1.011225941438e+00 5.000000000000e-03
4.964061380007e+00 2.994159406706e-01 5.000000000000e-03
3.046498700988e+00 5.063340478053e+00 5.000000000000e-03
1.191733937021e+00 3.088369026631e-02 5.000000000000e-03
2.747701771593e+00 2.913257159978e+00 5.000000000000e-03
5.130968110125e+00 3.885086221107e+00 5.000000000000e-03
3.539562449870e+00 2.884056710818e+00 5.000000000000e-03
1.389852837305e-02 5.860231136397e-01 5.000000000000e-03
3.368205737238e+00 3.074509389558e+00 5.000000000000e-03
6.174484956607e+00 4.320255046879e-01 5.000000000000e-03
2.099125636323e+00 3.601435383208e+00 5.000000000000e-03
5.056621192884e+00 2.632679675708e-01 5.000000000000e-03
5.128240845348e+00 4.477229199840e+00 5.000000000000e-03
6.212671958698e+00 1.928271806786e+00 5.000000000000e-03
5.693795802141e-01 6.274520314518e+00 5.000000000000e-03
5.932942286251e+00 4.602692265120e+00 5.000000000000e-03
2.857833420096e+00 5.951554793626e+00 5.000000000000e-03
5.523606427290e-01 3.246161985512e+00 5.000000000000e-03
3.648503147017e+00 1.458041853404e+00 5.000000000000e-03
3.983498603836e-01 1.472942318518e+00 5.000000000000e-03
3.952752739914e+00 1.270891860841e+00 5.000000000000e-03
6.257489409079e+00 5.601959900670e+00 5.000000000000e-03
4.948774406645e+00 7.288856854330e-01 5.000000000000e-03
8.262684740727e-01 2.341320972260e+00 5.000000000000e-03
7.375257608747e-01 1.916084262105e+00 5.000000000000e-03
3.334126570847e+00 3.120257153943e+00 5.000000000000e-03
9.635333250538e-01 1.651908599743e+00 5.000000000000e-03
8.193622571668e-01 9.367606569854e-01 5.000000000000e-03
5.145181024193e+00 4.589601719154e+00 5.000000000000e-03
2.317589036471e-01 7.673802408598e-02 5.000000000000e-03
4.026205346747e+00 5.099052730257e+00 5.000000000000e-03
4.822096123472e+00 5.071483559830e+00 5.000000000000e-03
9.274006411419e-01 2.634699788144e+00 5.000000000000e-03
5.078846643288e+00 1.570602375857e+00 5.000000000000e-03
1.011958347945e+00 3.166662778151e+00 5.000000000000e-03
5.285572659795e+00 3.690511797247e+00 5.000000000000e-03
5.422464761624e+00 5.484521146063e+00 5.000000000000e-03
3.047261867959e+00 1.538451201881e+00 5.000000000000e-03
5.608173932090e-01 2.451405147968e+00 5.000000000000e-03
5.249055120938e+00 5.004767220015e-01 5.000000000000e-03
7.177332487506e-01 3.140145936994e+00 5.000000000000e-03
3.230670344947e+00 3.744914626550e+00 5.000000000000e-03
5.321984302341e-01 1.776483432328e+00 5.000000000000e-03
1.188603120998e+00 2.259604544846e+00 5.000000000000e-03
2.005475886855e+00 2.314859109424e+00 5.000000000000e-03
9.702290477554e-01 6.105419782354e+00 5.000000000000e-03
3.043876134802e+00 3.143401695361e+00 5.000000000000e-03
5.121382332403e+00 2.778479721683e+00 5.000000000000e-03
1.577090327248e+00 2.898116210655e+00 5.000000000000e-03
4.096307956567e+00 3.130800115468e+00 5.000000000000e-03
3.815079514163e+00 5.401579522193e+00 5.000000000000e-03
4.130791415933e+00 8.382537009373e-01 5.000000000000e-03
4.523270465124e+00 2.025938222833e+00 5.000000000000e-03
1.548418536235e+00 5.570799906349e+00 5.000000000000e-03
3.240588486801e-01 5.062600033340e+00 5.000000000000e-03
1.490017257277e+00 3.594469094155e+00 5.000000000000e-03
4.012315165886e+00 1.114635151956e-01 5.000000000000e-03
2.375069122909e-01 4.958518260984e+00 5.000000000000e-03
4.589732170744e-01 4.297500461796e+00 5.000000000000e-03
1.891644960299e+00 5.790612107041e+00 5.000000000000e-03
2.915881048663e+00 6.008035324163e+00 5.000000000000e-03
4.737152682175e+00 2.059876289071e+00 5.000000000000e-03
3.372418961118e+00 9.928974909421e-01 5.000000000000e-03
4.006141849773e+00 3.146816662666e+00 5.000000000000e-03
1.125571884198e+00 5.218864715364e+00 5.000000000000e-03
7.195022291205e-01 3.883547805049e+00 5.000000000000e-03
1.831176222300e-01 4.307872292063e+00 5.000000000000e-03
1.844753643120e+00 1.465359189154e+00 5.000000000000e-03
5.313957169349e+00 4.005492021470e+00 5.000000000000e-03
4.360524029398e+00 5.896614227183e-01 5.000000000000e-03
2.263514541274e+00 1.234970917742e+00 5.000000000000e-03
2.749230073510e+00 1.882196266369e-01 5.000000000000e-03
1.660275409564e-02 4.848801226144e+00 5.000000000000e-03
4.738720976707e+00 6.215772390179e+00 5.000000000000e-03
4.023501316261e+00 4.933173723178e+00 5.000000000000e-03
4.881941815671e+00 3.322144720079e+00 5.000000000000e-03
5.477478798604e+00 1.163945305934e-01 5.000000000000e-03
6.118969810473e-02 1.823371173269e-01 5.000000000000e-03
1.362326114426e+00 4.837361535640e-01 5.000000000000e-03
5.237689876177e+00 3.838002677132e+00 5.000000000000e-03
2.608090899454e+00 5.064997403405e+00 5.000000000000e-03
1.123354779920e+00 4.859571620322e+00 5.000000000000e-03
3.121900589740e+00 1.593941747855e+00 5.000000000000e-03
1.482011428173e+00 1.904325553898e+00 5.000000000000e-03
4.385682375127e+00 4.086409210495e+00 5.000000000000e-03
3.646002516486e-01 5.222923305636e-01 5.000000000000e-03
6.209016427149e+00 5.334223722826e+00 5.000000000000e-03
2.949971954785e+00 2.668246906889e+00 5.000000000000e-03
3.929178212127e-01 1.075489795588e+00 -5.000000000000e-03
2.682610520011e+00 3.084240822111e+00 -5.000000000000e-03
2.786264902165e+00 3.897578006640e-01 -5.000000000000e-03
1.899536372437e+00 6.491280985376e-01 -5.000000000000e-03
2.466384315017e-01 3.173581100403e+00 -5.000000000000e-03
6.190811724632e+00 1.535514004715e+00 -5.000000000000e-03
3.974394032236e+00 9.059552658170e-02 -5.000000000000e-03
1.254715023135e+00 2.503370152160e+00 -5.000000000000e-03
3.724998527872e-01 3.189251131840e+00 -5.000000000000e-03
3.766808696890e-01 5.772080240253e+00 -5.000000000000e-03
5.289480620419e+00 2.007974208142e+00 -5.000000000000e-03
5.396038015007e-01 6.618732363872e-01 -5.000000000000e-03
4.309637801941e+00 6.054189247010e+00 -5.000000000000e-03
1.199495483204e+00 1.114114164049e+00 -5.000000000000e-03
4.783758199928e+00 5.453994481418e+00 -5.000000000000e-03
3.923876554751e+00 5.039261596675e+00 -5.000000000000e-03
1.386492836193e+00 1.355728100840e+00 -5.000000000000e-03
1.387116501627e+00 2.440688245195e+00 -5.000000000000e-03
2.238176247050e+00 3.854981414996e+00 -5.000000000000e-03
1.060556489886e+00 5.076309760883e+00 -5.000000000000e-03
1.410028121267e+00 4.670022553908e+00 -5.000000000000e-03
3.212970690360e-01 2.320510858269e+00 -5.000000000000e-03
4.486647495109e+00 5.839522209746e+00 -5.000000000000e-03
4.754983783102e+00 5.615204956283e+00 -5.000000000000e-03
4.587659441153e+00 2.875664073455e+00 -5.000000000000e-03
6.016288382254e+00 4.280491580129e+00 -5.000000000000e-03
3.198693054277e+00 4.459075901838e+00 -5.000000000000e-03
4.907898021032e+00 4.742803347559e-01 -5.000000000000e-03
4.287588072649e+00 7.785045095634e-02 -5.000000000000e-03
4.391577796061e+00 4.980413232129e+00 -5.000000000000e-03
3.310615536450e+00 5.669493323230e+00 -5.000000000000e-03
2.482458314671e+00 1.458563560159e+00 -5.000000000000e-03
1.813873615326e+00 1.943729029746e+00 -5.000000000000e-03
2.987415633454e+00 2.914575920888e+00 -5.000000000000e-03
1.064299515702e+00 4.638798298635e+00 -5.000000000000e-03
1.738284179765e+00 3.992554172115e+00 -5.000000000000e-03
3.232088711859e+00 3.791660351569e-01 -5.000000000000e-03
2.621273941581e+00 2.567406140642e+00 -5.000000000000e-03
3.352124768409e+00 3.461876806796e+00 -5.000000000000e-03
2.726271504534e+00 2.100952974457e+00 -5.000000000000e-03
3.158340970167e+00 3.799574154473e+00 -5.000000000000e-03
5.599940471035e+00 1.876233602006e+00 -5.000000000000e-03
6.218140914594e+00 4.990501457530e+00 -5.000000000000e-03
3.849516554465e+00 5.432996578068e+00 -5.000000000000e-03
4.342433502792e+00 1.316082624807e+00 -5.000000000000e-03
3.051353793432e+00 4.286789713653e-01 -5.000000000000e-03
5.180189968992e+00 5.290887352527e+00 -5.000000000000e-03
5.459314610807e+00 1.963526182155e+00 -5.000000000000e-03
2.661155546493e-01 2.366266748262e+00 -5.000000000000e-03
8.000020642964e-01 6.238192664816e+00 -5.000000000000e-03
3.926344362444e+00 4.787206384825e+00 -5.000000000000e-03
2.391637045601e+00 3.068018232327e+00 -5.000000000000e-03
5.072170505433e-01 1.800230206134e+00 -5.000000000000e-03
4.342359335483e-01 4.714802664051e+00 -5.000000000000e-03
2.654082758315e+00 2.848906538400e+00 -5.000000000000e-03
1.218202401417e+00 5.220004768157e+00 -5.000000000000e-03
6.199643221403e+00 3.636112686802e+00 -5.000000000000e-03
2.334810390336e-01 4.465870996192e+00 -5.000000000000e-03
3.870233502562e+00 4.998902921683e+00 -5.000000000000e-03
2.771966429441e+00 3.903314888088e+00 -5.000000000000e-03
3.844378560504e+00 6.132091541416e+00 -5.000000000000e-03
3.361048930016e+00 2.841060940916e+00 -5.000000000000e-03
4.015723743196e-01 3.402019438910e+00 -5.000000000000e-03
3.423558691842e+00 2.610450129175e+00 -5.000000000000e-03
5.133157240569e+00 4.291566959099e+00 -5.000000000000e-03
3.028646687840e+00 3.282455651409e+00 -5.000000000000e-03
5.390650928961e+00 1.342379556592e+00 -5.000000000000e-03
5.274310447972e+00 2.182693602469e-02 -5.000000000000e-03
2.219751211130e+00 1.949207296012e+00 -5.000000000000e-03
5.619753794868e+00 3.819902745230e+00 -5.000000000000e-03
5.090535980856e+00 1.658698612075e+00 -5.000000000000e-03
2.666994828406e+00 2.617797472142e+00 -5.000000000000e-03
6.601552143258e-01 5.131390642495e+00 -5.000000000000e-03
4.270843946600e+00 2.196898377655e-01 -5.000000000000e-03
3.210857076734e+00 3.813252181633e+00 -5.000000000000e-03
6.134465073712e+00 2.749065015677e+00 -5.000000000000e-03
4.897239958693e+00 2.067369696129e+00 -5.000000000000e-03
3.006970130848e+00 2.254476579808e+00 -5.000000000000e-03
1.890448039461e+00 2.803698415586e+00 -5.000000000000e-03
2.467301311859e+00 4.778745251631e+00 -5.000000000000e-03
4.194220640888e+00 4.232832580118e+00 -5.000000000000e-03
3.911536289945e+00 3.601121717934e+00 -5.000000000000e-03
6.102143003599e+00 4.034477740560e+00 -5.000000000000e-03
3.827773592386e+00 3.578422109824e+00 -5.000000000000e-03
2.415669054552e+00 2.804817897400e+00 -5.000000000000e-03
5.105434785434e+00 7.397467317338e-01 -5.000000000000e-03
4.448170661844e+00 8.785691787825e-01 -5.000000000000e-03
3.643926380771e+00 3.092488276375e+00 -5.000000000000e-03
4.637805113062e+00 5.621410777078e+00 -5.000000000000e-03
4.616924805740e+00 3.044196381663e+00 -5.000000000000e-03
4.559659735683e+00 1.519005374375e+00 -5.000000000000e-03
8.394669112608e-01 3.760148655602e+00 -5.000000000000e-03
3.727724586599e+00 2.170423686477e+00 -5.000000000000e-03
6.274502688169e+00 3.521285611454e+00 -5.000000000000e-03
1.373202609364e+00 2.362200406470e+00 -5.000000000000e-03
2.939001638098e+00 2.013738954767e+00 -5.000000000000e-03
1.681217057071e+00 1.647411614738e-01 -5.000000000000e-03
1.923539245186e+00 4.926886619334e+00 -5.000000000000e-03
8.511511935482e-01 1.087596728136e+00 -5.000000000000e-03
2.780762997931e+00 4.113724252367e+00 -5.000000000000e-03
