5.073872408540e-01 4.949577173073e+00 5.000000000000e-03
8.675122536424e-01 1.870999188906e+00 5.000000000000e-03
2.893175845097e-01 6.169067222269e+00 5.000000000000e-03
2.743195918802e+00 1.712592469152e+00 5.000000000000e-03
1.935458708151e+00 3.057330235062e+00 5.000000000000e-03
3.902774171478e+00 4.915294833184e+00 5.000000000000e-03
1.496242434300e+00 2.032150012641e+00 5.000000000000e-03
5.104938723525e+00 6.102454886954e+00 5.000000000000e-03
7.274080488593e-01 3.819107448157e+00 5.000000000000e-03
2.726546052825e+00 6.051566495365e+00 5.000000000000e-03
5.626236376512e+00 2.375724091076e+00 5.000000000000e-03
3.243363119889e+00 3.204913434386e+00 5.000000000000e-03
3.753302985442e+00 3.329223558992e+00 5.000000000000e-03
5.536495373143e+00 3.882444702928e-02 5.000000000000e-03
6.231273235432e+00 4.793750581046e+00 5.000000000000e-03
2.507756316693e+00 2.315088313311e+00 5.000000000000e-03
5.396219895776e+00 5.989402690160e+00 5.000000000000e-03
5.163569906982e+00 1.681945193428e+00 5.000000000000e-03
4.123714413452e+00 4.626032388458e-01 5.000000000000e-03
4.244368438955e+00 5.751807330963e+00 5.000000000000e-03
2.158623215841e+00 4.088900567511e+00 5.000000000000e-03
2.662193894391e+00 1.047993336047e+00 5.000000000000e-03
3.361112248830e+00 1.338817903731e+00 5.000000000000e-03
1.128967184369e+00 5.503252727419e+00 5.000000000000e-03
5.606368997689e+00 2.828613587256e+00 5.000000000000e-03
4.527225912289e+00 5.642709262833e+00 5.000000000000e-03
5.957372821484e-01 5.722472989555e+00 5.000000000000e-03
2.598482681878e+00 5.127304096835e+00 5.000000000000e-03
2.542489756387e+00 3.214117358292e+00 5.000000000000e-03
4.086997056640e+00 5.715735557486e+00 5.000000000000e-03
1.190400049752e+00 5.258043042273e+00 5.000000000000e-03
5.195686152844e+00 4.298902842335e+00 5.000000000000e-03
4.622093571585e+00 2.989363868773e+00 5.000000000000e-03
3.000874994075e+00 2.035507213260e+00 5.000000000000e-03
8.949656499043e-01 6.068162930159e+00 5.000000000000e-03
3.573878696223e+00 2.577344330014e+00 5.000000000000e-03
4.979279330762e+00 2.288822929749e+00 5.000000000000e-03
1.321978625755e-01 3.964633707107e+00 5.000000000000e-03
4.668852387253e-02 5.363323657206e+00 5.000000000000e-03
5.801033818287e+00 4.532181362407e+00 5.000000000000e-03
2.561366893954e+00 7.145681169771e-01 5.000000000000e-03
6.222865661962e+00 3.481242796847e+00 5.000000000000e-03
1.287621121233e+00 4.595299444354e+00 5.000000000000e-03
3.453723151270e+00 1.243817589569e+00 5.000000000000e-03
3.863830779309e+00 2.871492150798e+00 5.000000000000e-03
4.927220425562e+00 2.270687453711e+00 5.000000000000e-03
5.648465750183e+00 7.403921493495e-01 5.000000000000e-03
4.146840222915e+00 7.462030364007e-01 5.000000000000e-03
3.845713806830e+00 2.393016140696e+00 5.000000000000e-03
3.345962705108e+00 1.667685145861e+00 5.000000000000e-03
3.118832321796e+00 5.692236425719e+00 5.000000000000e-03
2.131136298244e+00 5.800214815087e+00 5.000000000000e-03
4.155976501801e+00 1.538608944367e+00 5.000000000000e-03
4.994171304542e+00 1.287517278465e+00 5.000000000000e-03
2.072111094134e+00 1.709382767255e+00 5.000000000000e-03
5.264261710925e+00 1.719216650450e-01 5.000000000000e-03
6.010102319964e-01 5.389292652703e+00 5.000000000000e-03
5.340021026497e+00 4.091338697339e+00 5.000000000000e-03
5.599507319053e+00 5.435191468438e+00 5.000000000000e-03
5.281156297105e+00 3.403651047351e+00 5.000000000000e-03
3.304504292650e+00 4.367780860927e+00 5.000000000000e-03
3.745699367710e+00 5.858563810763e+00 5.000000000000e-03
4.837153241769e+00 3.985253416552e+00 5.000000000000e-03
2.893114173194e+00 5.564840473466e+00 5.000000000000e-03
3.949206758683e+00 5.662613374447e+00 5.000000000000e-03
1.253156816661e+00 6.180154032751e+00 5.000000000000e-03
4.592624137143e-01 4.545912377299e+00 5.000000000000e-03
2.447009404401e+00 5.128960877551e+00 5.000000000000e-03
4.581466401236e+00 2.255591399136e+00 5.000000000000e-03
5.756958251915e+00 1.460469668726e+00 5.000000000000e-03
6.496023045904e-01 2.532454491833e-01 5.000000000000e-03
3.783133529259e+00 5.077314610435e+00 5.000000000000e-03
4.288214742953e+00 5.351811746580e-01 5.000000000000e-03
2.379813100874e+00 5.689980684347e+00 5.000000000000e-03
1.065847733790e+00 1.014657766951e+00 5.000000000000e-03
2.302406591035e+00 5.800058707239e+00 5.000000000000e-03
4.203673300745e+00 5.649280389771e-01 5.000000000000e-03
4.545303480874e+00 4.115354170438e+00 5.000000000000e-03
2.080412376561e+00 1.229779982549e+00 5.000000000000e-03
2.593174248010e+00 2.673351914845e+00 5.000000000000e-03
9.069895968394e-01 1.884933848288e-01 5.000000000000e-03
1.181188074448e+00 5.704964914882e+00 5.000000000000e-03
3.818859864180e+00 4.506294088221e+00 5.000000000000e-03
3.352542479210e+00 1.139010032788e+00 5.000000000000e-03
1.807867685814e+00 4.589771866454e+00 5.000000000000e-03
2.298888381246e+00 4.984055195300e+00 5.000000000000e-03
4.467477717540e+00 2.359093785974e+00 5.000000000000e-03
1.464905562485e+00 5.338315468386e-01 5.000000000000e-03
4.428025602494e+00 2.085977322928e+00 5.000000000000e-03
3.536903082874e+00 3.625508899047e+00 5.000000000000e-03
2.136584472600e+00 8.071054744289e-01 5.000000000000e-03
1.392906475068e+00 4.738567202648e+00 5.000000000000e-03
2.427746239915e+00 5.558231632081e+00 5.000000000000e-03
6.366458427024e-03 4.293276217225e+00 5.000000000000e-03
3.719508111401e+00 2.550993060782e+00 5.000000000000e-03
3.147729131584e+00 5.774594516982e+00 5.000000000000e-03
1.807326007945e+00 1.363961793289e+00 5.000000000000e-03
3.590946520062e+00 2.663806145805e+00 5.000000000000e-03
1.106092560314e-04 5.465711383356e+00 5.000000000000e-03
4.107656381492e+00 3.077722119800e+00 5.000000000000e-03
6.021361994444e+00 3.766883074177e+00 -5.000000000000e-03
9.842473403526e-01 2.141076673432e+00 -5.000000000000e-03
3.832981693781e+00 3.326027694159e+00 -5.000000000000e-03
3.504878336284e-01 2.212060747666e+00 -5.000000000000e-03
5.184301391825e+00 4.571731962416e+00 -5.000000000000e-03
4.136228126056e+00 5.262978318134e+00 -5.000000000000e-03
2.157151935615e+00 2.748064491635e+00 -5.000000000000e-03
4.653574682729e+00 3.503893581916e+00 -5.000000000000e-03
5.245239679417e-01 5.667433368592e+00 -5.000000000000e-03
2.568278937761e+00 5.934069890589e+00 -5.000000000000e-03
5.239564163949e+00 2.973514682190e+00 -5.000000000000e-03
4.305854461388e+00 2.359293807883e+00 -5.000000000000e-03
1.796963088434e+00 8.623824534548e-01 -5.000000000000e-03
2.691836947470e+00 1.405415299354e+00 -5.000000000000e-03
1.829915536777e+00 3.683827229156e+00 -5.000000000000e-03
5.401597212745e+00 1.558827022941e+00 -5.000000000000e-03
5.379442100489e+00 1.819163314203e+00 -5.000000000000e-03
6.273015501949e+00 4.093095465902e+00 -5.000000000000e-03
3.966713210248e+00 6.270912210239e+00 -5.000000000000e-03
1.433474307071e+00 5.485111513140e+00 -5.000000000000e-03
1.345279864264e+00 3.254209948125e+00 -5.000000000000e-03
6.081923193563e+00 4.657108005661e+00 -5.000000000000e-03
7.761614841031e-01 7.766932111210e-01 -5.000000000000e-03
4.045907465548e+00 2.419343690884e+00 -5.000000000000e-03
1.026020264529e+00 1.390024309040e+00 -5.000000000000e-03
4.100747772862e+00 2.300403039690e+00 -5.000000000000e-03
9.544663685054e-01 2.866939674140e+00 -5.000000000000e-03
3.850612198754e+00 5.178328196345e+00 -5.000000000000e-03
9.640589969751e-01 2.837780093550e+00 -5.000000000000e-03
1.124618415877e+00 5.110518468281e+00 -5.000000000000e-03
4.226668816822e+00 4.556890379396e+00 -5.000000000000e-03
3.423844778618e+00 5.832046967267e+00 -5.000000000000e-03
9.202884077309e-01 1.461264291507e+00 -5.000000000000e-03
4.979872794697e+00 4.143943497313e+00 -5.000000000000e-03
3.623737932432e+00 3.359468874324e+00 -5.000000000000e-03
5.671601461565e-01 5.031525412071e+00 -5.000000000000e-03
1.486825304222e-01 5.452128148459e+00 -5.000000000000e-03
9.288462840778e-01 2.643915100443e+00 -5.000000000000e-03
1.840248021048e+00 2.744133940659e+00 -5.000000000000e-03
4.924080349916e+00 1.542588265558e+00 -5.000000000000e-03
3.086337973407e+00 4.721286979128e+00 -5.000000000000e-03
9.804693991793e-01 3.860376523499e-01 -5.000000000000e-03
3.408265724259e-01 5.624806975796e+00 -5.000000000000e-03
4.196289777072e-01 1.237233021981e+00 -5.000000000000e-03
1.891175431182e+00 1.673228718325e+00 -5.000000000000e-03
6.219169864673e-01 7.492991766091e-01 -5.000000000000e-03
4.354227610566e+00 3.727069473802e+00 -5.000000000000e-03
1.873957269012e+00 5.030347308373e+00 -5.000000000000e-03
3.277537739810e+00 8.090409414497e-01 -5.000000000000e-03
1.247227966588e+00 4.741669640672e+00 -5.000000000000e-03
2.454814569587e+00 5.075809731206e+00 -5.000000000000e-03
4.040469342406e+00 2.925343059430e+00 -5.000000000000e-03
4.261163767235e+00 5.200696766834e+00 -5.000000000000e-03
4.150124600151e+00 3.812367112110e+00 -5.000000000000e-03
2.250762836546e+00 4.496029242079e+00 -5.000000000000e-03
1.772700740133e+00 1.251103255244e+00 -5.000000000000e-03
4.166384461916e+00 4.353503166692e+00 -5.000000000000e-03
2.682797005539e+00 1.258631246320e+00 -5.000000000000e-03
1.239277178787e+00 4.970853582056e+00 -5.000000000000e-03
5.290782831117e+00 2.291696257225e+00 -5.000000000000e-03
6.080639279060e+00 1.722136823237e+00 -5.000000000000e-03
1.992648126035e+00 2.383439289963e+00 -5.000000000000e-03
1.519506468835e-02 3.547605642846e+00 -5.000000000000e-03
5.551268358509e+00 7.029604375754e-02 -5.000000000000e-03
1.207212812982e+00 6.050450685933e+00 -5.000000000000e-03
1.152761866982e+00 1.980269317175e+00 -5.000000000000e-03
4.962308238159e+00 3.564500194527e+00 -5.000000000000e-03
3.790402398737e-01 2.738176543501e+00 -5.000000000000e-03
5.833963444463e-01 5.864796338741e+00 -5.000000000000e-03
3.348821344726e+00 6.257985715199e+00 -5.000000000000e-03
4.958053364475e+00 1.698659568409e+00 -5.000000000000e-03
2.404352232160e+00 2.269926081385e+00 -5.000000000000e-03
2.381254377235e+00 8.140364281527e-01 -5.000000000000e-03
3.271024725945e+00 1.055747679041e+00 -5.000000000000e-03
2.614003101646e+00 2.285706755905e+00 -5.000000000000e-03
2.217658694632e+00 5.323456868800e+00 -5.000000000000e-03
8.940486497990e-01 2.170805825762e+00 -5.000000000000e-03
3.151417375011e+00 6.231093580084e+00 -5.000000000000e-03
5.684844024783e+00 1.710261469444e+00 -5.000000000000e-03
5.873541148196e-01 6.151848631819e+00 -5.000000000000e-03
2.917000488127e-01 1.776624276363e+00 -5.000000000000e-03
4.819597293407e+00 5.488968944083e+00 -5.000000000000e-03
5.603770556056e-01 6.648603438738e-01 -5.000000000000e-03
2.213545091233e+00 1.967131731850e+00 -5.000000000000e-03
4.827420372670e-01 5.780209855084e+00 -5.000000000000e-03
3.524798257151e+00 1.250857820622e+00 -5.000000000000e-03
3.646925854950e+00 8.432380069120e-01 -5.000000000000e-03
2.209769971284e+00 9.544120851806e-02 -5.000000000000e-03
5.390203525162e+00 4.822746490043e+00 -5.000000000000e-03
2.440845907244e+00 1.339544038505e+00 -5.000000000000e-03
3.537940383682e+00 6.598479656262e-01 -5.000000000000e-03
5.841422226234e+00 3.960304782866e+00 -5.000000000000e-03
3.537320741201e+00 5.785013794808e+00 -5.000000000000e-03
5.281741545323e+00 4.943538158672e+00 -5.000000000000e-03
1.083818845760e+00 4.446961385042e+00 -5.000000000000e-03
2.777294496683e+00 2.079724890039e+00 -5.000000000000e-03
4.828251708181e+00 2.876610262695e+00 -5.000000000000e-03
1.655098017746e+00 4.802021397539e+00 -5.000000000000e-03
6.244482484971e+00 2.437796185864e+00 -5.000000000000e-03
3.339615129188e+00 3.358854703040e+00 -5.000000000000e-03
