5.506596746286e+00 5.582761630655e+00 5.000000000000e-03
3.164011813752e+00 6.985919408963e-01 5.000000000000e-03
3.603550019099e+00 4.956025596967e+00 5.000000000000e-03
8.290050431139e-01 3.676010494876e+00 5.000000000000e-03
2.822343609007e+00 5.573905863320e+00 5.000000000000e-03
1.175789335976e+00 5.414299840373e-01 5.000000000000e-03
2.526651385714e+00 3.958629565157e+00 5.000000000000e-03
5.647956762898e+00 1.494156607165e+00 5.000000000000e-03
5.243053306065e+00 4.011064078282e+00 5.000000000000e-03
3.541512407758e+00 1.482586184544e+00 5.000000000000e-03
3.642217375500e+00 6.394765569548e-01 5.000000000000e-03
6.247040802472e+00 2.065240115520e+00 5.000000000000e-03
2.313807569567e+00 1.297305288359e-01 5.000000000000e-03
5.635524751329e+00 2.940983318634e+00 5.000000000000e-03
4.138448783561e-03 3.510456033054e+00 5.000000000000e-03
5.260539812791e+00 4.188140653870e+00 5.000000000000e-03
5.552270079016e+00 4.748745590060e+00 5.000000000000e-03
3.571625067129e+00 5.281307248764e+00 5.000000000000e-03
1.651909874353e-01 4.641762142142e+00 5.000000000000e-03
5.952477978949e+00 5.343402043484e+00 5.000000000000e-03
1.302748005172e+00 3.779901679886e+00 5.000000000000e-03
6.266450308263e+00 5.266767319130e+00 5.000000000000e-03
2.706996370512e+00 3.302251614291e-01 5.000000000000e-03
4.743199620932e+00 2.894642273205e+00 5.000000000000e-03
4.741253912303e+00 2.156299926984e+00 5.000000000000e-03
6.203254131276e+00 3.157216746087e+00 5.000000000000e-03
7.426009047785e-01 3.370186767707e+00 5.000000000000e-03
5.339155687982e+00 5.577063163843e+00 5.000000000000e-03
2.389922385811e+00 5.035449701325e+00 5.000000000000e-03
4.591016541192e+00 5.220560889085e+00 5.000000000000e-03
4.605812790162e+00 1.457706610710e+00 5.000000000000e-03
1.147401968546e+00 2.226560664300e+00 5.000000000000e-03
3.133219264803e+00 6.063730406490e+00 5.000000000000e-03
3.902653774384e+00 4.536967080018e+00 5.000000000000e-03
4.590048388466e+00 3.009924844032e+00 5.000000000000e-03
3.453531128711e+00 1.165709189791e-01 5.000000000000e-03
1.561281802952e+00 1.114286308576e+00 5.000000000000e-03
1.351078464811e+00 3.753143521684e+00 5.000000000000e-03
2.149231839671e+00 1.653153128072e+00 5.000000000000e-03
5.327758904537e+00 2.093656180052e-01 5.000000000000e-03
4.825629883994e+00 2.115950365434e+00 5.000000000000e-03
3.486636782839e-01 5.431952127502e+00 5.000000000000e-03
4.436013691185e+00 2.995397344747e+00 5.000000000000e-03
5.908119864515e+00 2.343964425117e+00 5.000000000000e-03
1.380886001193e+00 3.156304126217e+00 5.000000000000e-03
3.053739382998e+00 1.526882832756e+00 5.000000000000e-03
4.122807743577e+00 7.468488423511e-01 5.000000000000e-03
6.087596186032e+00 5.692882393587e+00 5.000000000000e-03
5.117980543335e+00 7.183889839362e-01 5.000000000000e-03
4.268721840135e+00 2.573965127801e+00 5.000000000000e-03
2.493821858362e+00 1.662240079711e-01 5.000000000000e-03
3.233400164662e+00 1.800117824544e+00 5.000000000000e-03
4.740577604925e+00 9.343999517377e-01 5.000000000000e-03
1.443226478739e+00 4.991758867702e+00 5.000000000000e-03
1.807238040771e+00 1.313736175131e-01 5.000000000000e-03
2.259986142108e+00 1.109710069220e+00 5.000000000000e-03
1.563684430685e+00 5.345298450747e+00 5.000000000000e-03
2.295561990320e+00 6.029077972022e+00 5.000000000000e-03
1.825350443312e+00 2.105062800757e+00 5.000000000000e-03
4.034578142157e+00 2.338751071996e+00 5.000000000000e-03
5.591055010313e-01 5.021481501613e+00 5.000000000000e-03
3.480234848228e+00 4.313659665161e+00 5.000000000000e-03
5.152704480918e+00 5.417238218735e-01 5.000000000000e-03
1.488579481436e+00 1.195625985567e+00 5.000000000000e-03
4.779617625817e+00 3.209428440981e+00 5.000000000000e-03
3.693056773693e+00 3.834759749011e+00 5.000000000000e-03
3.492213476865e+00 5.211188219195e+00 5.000000000000e-03
5.469653159156e+00 1.250342625447e+00 5.000000000000e-03
5.078262714588e+00 2.791876766945e+00 5.000000000000e-03
4.186536356289e+00 5.135275996702e+00 5.000000000000e-03
3.222693628023e-01 1.171489681935e+00 5.000000000000e-03
2.386070339759e+00 2.206964305820e+00 5.000000000000e-03
2.308838431164e+00 5.049813730185e+00 5.000000000000e-03
3.631982838254e+00 3.419255967595e+00 5.000000000000e-03
4.251726910953e+00 5.684331051922e+00 5.000000000000e-03
5.204887008676e+00 5.423765359329e+00 5.000000000000e-03
2.772930686186e+00 3.773690187184e+00 5.000000000000e-03
4.665550025581e-02 5.594831250548e+00 5.000000000000e-03
5.607248705874e+00 5.940852037789e+00 5.000000000000e-03
4.481931430433e+00 5.802144898285e+00 5.000000000000e-03
3.408898911933e+00 4.573909384369e+00 5.000000000000e-03
5.646175448326e+00 6.507617589986e-01 5.000000000000e-03
1.613741053859e+00 5.466482429567e+00 5.000000000000e-03
2.187180593101e+00 5.861814723612e-01 5.000000000000e-03
3.249936212017e+00 4.643217509654e+00 5.000000000000e-03
5.663721892317e+00 5.072475838016e-01 5.000000000000e-03
5.638669686703e+00 8.431745660830e-01 5.000000000000e-03
5.387916587121e+00 2.410415394806e-02 5.000000000000e-03
2.056678052669e-02 1.680885655310e+00 5.000000000000e-03
6.775256948591e-01 5.655648977044e+00 5.000000000000e-03
2.320509327692e-01 2.896540635679e+00 5.000000000000e-03
4.459391543869e+00 5.282784132821e+00 5.000000000000e-03
7.313785064432e-01 3.798053971051e+00 5.000000000000e-03
4.886980572057e+00 4.127933077451e+00 5.000000000000e-03
4.510265110910e+00 4.247377258638e+00 5.000000000000e-03
2.357024187445e+00 1.630043048679e+00 5.000000000000e-03
5.640679201230e-02 1.525770324633e+00 5.000000000000e-03
5.380670429106e+00 4.997020494066e+00 5.000000000000e-03
7.302445881076e-01 2.465144300167e-01 5.000000000000e-03
4.011172107233e+00 8.643851122306e-01 5.000000000000e-03
1.113436390595e+00 4.374507911084e+00 -5.000000000000e-03
3.568417511626e+00 4.713053049075e+00 -5.000000000000e-03
4.377707661527e+00 3.961685924833e+00 -5.000000000000e-03
2.100290324602e+00 5.631582734530e+00 -5.000000000000e-03
2.716465765575e-01 5.654835663916e+00 -5.000000000000e-03
1.065504104714e+00 1.476920889456e+00 -5.000000000000e-03
3.823918820048e+00 5.601322053086e+00 -5.000000000000e-03
1.773735012063e+00 7.058884321453e-01 -5.000000000000e-03
4.786970125332e+00 3.625694753803e+00 -5.000000000000e-03
3.447898393064e+00 3.919168286936e+00 -5.000000000000e-03
1.228411356681e+00 1.555722825260e+00 -5.000000000000e-03
7.409993351570e-01 3.948520486227e+00 -5.000000000000e-03
6.092355009511e+00 2.547120866380e-01 -5.000000000000e-03
1.355478016636e+00 3.622901401948e+00 -5.000000000000e-03
4.710279939599e+00 1.413271743398e+00 -5.000000000000e-03
4.407120607523e+00 1.192455881702e-01 -5.000000000000e-03
2.187022670510e+00 6.234691928320e+00 -5.000000000000e-03
1.668533910781e+00 5.094246454339e-01 -5.000000000000e-03
4.796389753603e+00 1.620672517420e+00 -5.000000000000e-03
5.344486291199e+00 6.242215875906e+00 -5.000000000000e-03
2.079021488643e-01 1.931129005870e+00 -5.000000000000e-03
1.542274254597e+00 2.839555253371e+00 -5.000000000000e-03
4.630760927078e+00 1.226702093027e+00 -5.000000000000e-03
1.309684960832e+00 7.527353639373e-01 -5.000000000000e-03
2.937349903874e+00 3.665772200372e+00 -5.000000000000e-03
5.873215560971e+00 3.411177791187e+00 -5.000000000000e-03
2.385871433871e+00 2.888652070204e+00 -5.000000000000e-03
1.718953104834e+00 1.550742460023e+00 -5.000000000000e-03
4.824613272921e+00 1.842959745301e-02 -5.000000000000e-03
4.431379205082e+00 1.916658560357e+00 -5.000000000000e-03
2.700132839867e+00 5.718949047004e+00 -5.000000000000e-03
4.485955708957e+00 3.491715067867e+00 -5.000000000000e-03
3.637098925697e+00 1.309742172716e+00 -5.000000000000e-03
1.847252531822e+00 3.218046320920e+00 -5.000000000000e-03
5.696828088032e-01 1.103957965529e+00 -5.000000000000e-03
4.377885370100e+00 1.267392862398e+00 -5.000000000000e-03
1.403376986857e+00 5.371002088467e+00 -5.000000000000e-03
3.511421157096e+00 2.072999715232e+00 -5.000000000000e-03
5.064312187455e+00 5.903719766481e-01 -5.000000000000e-03
5.222243852791e+00 3.549331940756e-01 -5.000000000000e-03
2.937162893284e+00 4.919789047801e+00 -5.000000000000e-03
1.034492231717e+00 1.763987519032e+00 -5.000000000000e-03
5.208312245032e+00 3.799258332509e+00 -5.000000000000e-03
4.415737052150e+00 1.464007847746e+00 -5.000000000000e-03
3.132463977180e+00 5.797683008214e+00 -5.000000000000e-03
3.456407385106e+00 5.890504985635e+00 -5.000000000000e-03
5.738114364271e+00 1.789249767171e+00 -5.000000000000e-03
4.167944676750e+00 2.328798399815e+00 -5.000000000000e-03
1.609325729230e+00 2.812456984269e+00 -5.000000000000e-03
5.352600597372e+00 4.117651170111e+00 -5.000000000000e-03
5.742445709344e+00 4.611715597718e+00 -5.000000000000e-03
4.356457171843e+00 7.582259939890e-01 -5.000000000000e-03
4.103524932131e+00 1.118320148745e+00 -5.000000000000e-03
6.066072790753e+00 6.169066462143e+00 -5.000000000000e-03
3.874766799418e+00 1.310768456039e+00 -5.000000000000e-03
3.528264740332e+00 4.273190795744e+00 -5.000000000000e-03
4.719814550730e+00 3.980132742169e+00 -5.000000000000e-03
5.447518219407e+00 1.586433189363e+00 -5.000000000000e-03
4.444261430614e+00 1.642633741149e-01 -5.000000000000e-03
7.621948907371e-01 4.315704772674e+00 -5.000000000000e-03
5.847381123232e+00 2.449804291101e-01 -5.000000000000e-03
2.455482964394e+00 4.679512388639e+00 -5.000000000000e-03
4.809167523995e+00 3.541673324291e+00 -5.000000000000e-03
2.448628334253e+00 2.735712973322e-01 -5.000000000000e-03
5.499788183750e+00 2.269326187731e+00 -5.000000000000e-03
2.682896191293e+00 2.049324181769e+00 -5.000000000000e-03
8.615543729090e-01 4.086881979514e+00 -5.000000000000e-03
5.418361269517e+00 1.876343730544e+00 -5.000000000000e-03
5.017583176364e+00 5.875067935503e+00 -5.000000000000e-03
6.078682567042e+00 3.241459499339e+00 -5.000000000000e-03
3.900674906232e-01 2.327598420817e+00 -5.000000000000e-03
3.507525698006e+00 2.142766867901e+00 -5.000000000000e-03
5.033383206104e+00 4.355717651144e+00 -5.000000000000e-03
1.864332083884e+00 5.895678208938e+00 -5.000000000000e-03
2.002339259647e+00 2.264113611849e+00 -5.000000000000e-03
1.864922190057e+00 2.284002777625e+00 -5.000000000000e-03
2.610986255294e+00 2.802369131058e+00 -5.000000000000e-03
1.068953487317e+00 3.097655162265e+00 -5.000000000000e-03
5.127971188836e+00 1.837087505415e+00 -5.000000000000e-03
4.197505775544e+00 4.761855648346e+00 -5.000000000000e-03
3.585125789533e+00 3.076322763828e+00 -5.000000000000e-03
5.708820880518e+00 6.067533877798e+00 -5.000000000000e-03
5.279555077091e+00 2.498591300494e+00 -5.000000000000e-03
5.740282571152e+00 6.137911959888e+00 -5.000000000000e-03
5.199266938704e+00 1.602363926344e+00 -5.000000000000e-03
2.809712929625e+00 2.373496440978e+00 -5.000000000000e-03
4.477766896714e+00 2.759044090994e+00 -5.000000000000e-03
1.034984758117e+00 4.786884034844e+00 -5.000000000000e-03
4.440701697346e+00 1.749117365886e+00 -5.000000000000e-03
5.306384796875e+00 4.011517349070e+00 -5.000000000000e-03
4.903230894478e+00 1.830000129175e+00 -5.000000000000e-03
8.689933909425e-01 2.705386192172e+00 -5.000000000000e-03
3.651697919060e+00 3.484009976315e+00 -5.000000000000e-03
2.948596943425e+00 5.195408780391e+00 -5.000000000000e-03
1.712683880914e+00 6.522327361394e-01 -5.000000000000e-03
1.200886663605e+00 3.261230669139e+00 -5.000000000000e-03
1.848172367497e+00 2.686191809261e+00 -5.000000000000e-03
4.168481388074e+00 3.690079840005e+00 -5.000000000000e-03
2.285315947825e+00 5.641169400781e+00 -5.000000000000e-03
3.682131042403e+00 1.429879281278e-01 -5.000000000000e-03
