2.301583163224e+00 5.073912737069e+00 5.000000000000e-03
1.956807766259e+00 5.345969938098e+00 5.000000000000e-03
2.326380026981e+00 4.550351517622e+00 5.000000000000e-03
2.007759223722e+00 1.022525921872e+00 5.000000000000e-03
6.143116495617e+00 2.386740880879e+00 5.000000000000e-03
6.090172891529e+00 4.006017364160e+00 5.000000000000e-03
6.050046878343e+00 1.121889564907e+00 5.000000000000e-03
1.047022929581e+00 1.626322913336e+00 5.000000000000e-03
4.728880013457e+00 1.115192828682e+00 5.000000000000e-03
5.351716148781e+00 7.990034819112e-02 5.000000000000e-03
3.161210954107e+00 5.392439196646e+00 5.000000000000e-03
2.182067808972e+00 1.308947259062e-01 5.000000000000e-03
3.253180848190e+00 2.859626132357e+00 5.000000000000e-03
3.253041943867e+00 1.332686337382e+00 5.000000000000e-03
3.153568827900e+00 3.860588145028e-01 5.000000000000e-03
7.963827472391e-02 5.243025082870e+00 5.000000000000e-03
1.887943342790e+00 6.026768919385e-01 5.000000000000e-03
1.916751899335e+00 1.866346365622e+00 5.000000000000e-03
4.280767195111e+00 2.332826242303e+00 5.000000000000e-03
6.050092241082e+00 1.428528610824e+00 5.000000000000e-03
4.057579770437e+00 8.003359201983e-01 5.000000000000e-03
3.871096770368e+00 1.140512833797e+00 5.000000000000e-03
9.630971624480e-01 5.560568238743e+00 5.000000000000e-03
1.566099041062e+00 4.271899360585e+00 5.000000000000e-03
1.297635590188e+00 1.041041919083e+00 5.000000000000e-03
3.130084999816e+00 3.071387030797e-01 5.000000000000e-03
1.034935281737e+00 3.251205935664e+00 5.000000000000e-03
1.160943622185e+00 4.549670702310e+00 5.000000000000e-03
1.868666572840e-01 2.523972512402e+00 5.000000000000e-03
6.241082721090e+00 3.538091063607e+00 5.000000000000e-03
6.036782881214e+00 5.377207044632e+00 5.000000000000e-03
6.048442985607e+00 4.627714267787e-01 5.000000000000e-03
1.158007053070e+00 5.425921898168e+00 5.000000000000e-03
3.611743429084e+00 5.746238246887e+00 5.000000000000e-03
1.111462516293e+00 4.367595040971e+00 5.000000000000e-03
4.628026256700e+00 2.256383144809e+00 5.000000000000e-03
5.272796941159e+00 2.956796057292e+00 5.000000000000e-03
8.410800010678e-01 2.108189488814e+00 5.000000000000e-03
2.645582159994e+00 6.106173773029e+00 5.000000000000e-03
5.288375942676e+00 9.682144425875e-01 5.000000000000e-03
5.768867233458e+00 5.396465364548e+00 5.000000000000e-03
3.405883410432e+00 5.154221749028e+00 5.000000000000e-03
1.206162852371e+00 1.766893895410e+00 5.000000000000e-03
3.459707090289e+00 5.009651394773e+00 5.000000000000e-03
9.115742194621e-01 1.316035292380e+00 5.000000000000e-03
9.629785071280e-01 1.772403928357e+00 5.000000000000e-03
5.558722985297e+00 4.438937443509e+00 5.000000000000e-03
2.211037378970e+00 5.631882697958e+00 5.000000000000e-03
1.191099536931e+00 3.143916904170e+00 5.000000000000e-03
2.710766146613e-01 5.989984195932e+00 5.000000000000e-03
2.434998845305e-01 6.042861589738e+00 5.000000000000e-03
4.441802792693e+00 3.600960295436e+00 5.000000000000e-03
8.321492930222e-01 1.357322113986e+00 5.000000000000e-03
4.267888273206e-01 9.276024230643e-01 5.000000000000e-03
4.808912656620e+00 4.285915863665e+00 5.000000000000e-03
1.083387166625e+00 4.873888724145e-01 5.000000000000e-03
2.063369112821e+00 2.861168806591e+00 5.000000000000e-03
6.264000744600e+00 3.626242201464e+00 5.000000000000e-03
7.878953977926e-01 5.859908412394e+00 5.000000000000e-03
9.587962743006e-01 2.284770191140e+00 5.000000000000e-03
1.778749451682e+00 2.448716230873e-01 5.000000000000e-03
1.909861499399e+00 5.189876802507e+00 5.000000000000e-03
2.538717764343e-01 5.196990734056e+00 5.000000000000e-03
3.769084154106e+00 3.297176544469e-01 5.000000000000e-03
4.443127296600e+00 5.965407895996e+00 5.000000000000e-03
3.773356623910e+00 6.171088728531e+00 5.000000000000e-03
6.174671086671e+00 2.005169105134e+00 5.000000000000e-03
4.158881681663e+00 1.655755222949e+00 5.000000000000e-03
3.032813492539e-01 4.665713272558e+00 5.000000000000e-03
3.373204650872e+00 1.513795008498e+00 5.000000000000e-03
3.377863333728e+00 8.797070473647e-01 5.000000000000e-03
1.244145609601e+00 2.595636798317e+00 5.000000000000e-03
2.689473590666e+00 5.975399193638e+00 5.000000000000e-03
2.097467883930e+00 1.554068588244e+00 5.000000000000e-03
5.789293005544e-01 8.806359322954e-01 5.000000000000e-03
3.832813406375e+00 3.881596944443e+00 5.000000000000e-03
5.629755705759e+00 5.715017681491e+00 5.000000000000e-03
3.148099027529e+00 2.581340360475e+00 5.000000000000e-03
6.167816664111e+00 4.133057916231e+00 5.000000000000e-03
3.113673852097e+00 4.684606785838e+00 5.000000000000e-03
4.215139331840e-01 5.460810866372e+00 5.000000000000e-03
2.764603675774e+00 1.082607324909e+00 5.000000000000e-03
9.745213376784e-01 2.183049981345e+00 5.000000000000e-03
3.000149814340e+00 1.560374185880e+00 5.000000000000e-03
4.778249402696e+00 4.653424131082e+00 5.000000000000e-03
4.050149588685e+00 4.297789892498e+00 5.000000000000e-03
3.155102948305e-01 5.247590931583e+00 5.000000000000e-03
4.034448371735e+00 5.840590411716e+00 5.000000000000e-03
5.924424419313e+00 3.782072241244e-01 5.000000000000e-03
3.166197086222e-02 3.152847853856e+00 5.000000000000e-03
5.365919859962e+00 3.244978051377e+00 5.000000000000e-03
4.071525829593e+00 3.397535269524e+00 5.000000000000e-03
1.458708435073e+00 1.861117632785e+00 5.000000000000e-03
3.365527505087e+00 3.691023890599e+00 5.000000000000e-03
6.275999207965e+00 4.010472913539e+00 5.000000000000e-03
4.213845114854e+00 3.685528368787e+00 5.000000000000e-03
2.308896736893e-01 9.822001054056e-01 5.000000000000e-03
4.311038129626e+00 4.748284987184e+00 5.000000000000e-03
5.478547740030e+00 6.203444344196e+00 5.000000000000e-03
1.364524803897e+00 2.292536916127e+00 5.000000000000e-03
5.520343571731e+00 4.910800808486e+00 -5.000000000000e-03
4.188354133643e+00 4.124063315604e-01 -5.000000000000e-03
5.662624079169e+00 4.199949236345e+00 -5.000000000000e-03
5.066867270658e+00 6.237780705084e-01 -5.000000000000e-03
4.697092015379e+00 2.241313861742e+00 -5.000000000000e-03
6.010022734435e+00 5.752353086612e+00 -5.000000000000e-03
2.306156552869e+00 3.042244793845e+00 -5.000000000000e-03
1.526531115122e+00 3.575518843397e-01 -5.000000000000e-03
2.781144275365e+00 5.405675700120e+00 -5.000000000000e-03
5.062985773390e+00 9.145591901574e-02 -5.000000000000e-03
2.433050702818e+00 2.158386630251e-01 -5.000000000000e-03
3.534231488804e+00 5.449374059420e+00 -5.000000000000e-03
1.061639991824e+00 5.411160645237e+00 -5.000000000000e-03
4.550210738548e+00 3.739220457573e+00 -5.000000000000e-03
1.246033353237e+00 5.685370321392e+00 -5.000000000000e-03
1.354470774206e-01 2.038633078794e+00 -5.000000000000e-03
4.309880924675e+00 4.458788390983e+00 -5.000000000000e-03
5.326919712639e+00 2.806222229948e+00 -5.000000000000e-03
5.567677271197e+00 3.295241081461e+00 -5.000000000000e-03
1.328703803294e+00 5.747230969224e+00 -5.000000000000e-03
4.830400174443e+00 4.680594058073e+00 -5.000000000000e-03
3.514964679608e-01 1.969709289643e+00 -5.000000000000e-03
1.462392701772e+00 4.144012256138e-01 -5.000000000000e-03
1.567267828816e+00 2.322671721319e+00 -5.000000000000e-03
3.802447784090e+00 3.043604234869e+00 -5.000000000000e-03
4.548830240224e-01 1.132892640881e+00 -5.000000000000e-03
3.010734520044e+00 5.061238211097e+00 -5.000000000000e-03
5.635309037349e+00 6.141759363599e-01 -5.000000000000e-03
2.329037754155e+00 3.559188877680e+00 -5.000000000000e-03
2.953242275737e+00 3.346012185867e+00 -5.000000000000e-03
5.399004703104e+00 6.049052064421e+00 -5.000000000000e-03
9.129561988922e-01 5.943516595008e+00 -5.000000000000e-03
5.319312174884e+00 4.255745101047e+00 -5.000000000000e-03
1.962951180718e+00 3.879226401609e+00 -5.000000000000e-03
4.488191211580e-01 5.639677496658e+00 -5.000000000000e-03
2.215851495142e+00 8.963432527202e-01 -5.000000000000e-03
4.133799121465e+00 9.260937931992e-02 -5.000000000000e-03
4.002575621965e+00 3.219908883696e+00 -5.000000000000e-03
4.664162651314e+00 1.125395456373e+00 -5.000000000000e-03
4.035439608891e+00 1.612038871821e-01 -5.000000000000e-03
5.386309702001e+00 1.713792490434e-01 -5.000000000000e-03
6.831788833368e-01 1.591730651890e+00 -5.000000000000e-03
2.700196005838e+00 3.940736835886e+00 -5.000000000000e-03
8.378657387150e-01 4.206101011391e+00 -5.000000000000e-03
4.940495066618e+00 3.520972076929e+00 -5.000000000000e-03
4.375837915234e+00 5.696299681181e+00 -5.000000000000e-03
2.346431305519e+00 2.808206342642e+00 -5.000000000000e-03
4.987125180907e+00 3.252578212674e+00 -5.000000000000e-03
4.342911000304e-01 1.985910154132e+00 -5.000000000000e-03
6.080457510316e+00 4.841422111475e-01 -5.000000000000e-03
2.511434383797e-01 1.823351364168e+00 -5.000000000000e-03
2.114617422054e+00 5.037387811086e+00 -5.000000000000e-03
4.969010107881e+00 1.675920858833e+00 -5.000000000000e-03
1.726174466283e+00 3.593848288775e+00 -5.000000000000e-03
4.863378675282e-01 5.028515867344e+00 -5.000000000000e-03
2.973077641791e+00 1.523794651295e+00 -5.000000000000e-03
1.769095858918e+00 2.393164291836e+00 -5.000000000000e-03
5.397282980786e+00 2.004551985757e+00 -5.000000000000e-03
4.405255102297e+00 3.378037729856e+00 -5.000000000000e-03
4.730092394551e+00 1.844898069302e-01 -5.000000000000e-03
5.535047235940e+00 1.480686652226e+00 -5.000000000000e-03
1.065737049166e+00 4.155130489055e+00 -5.000000000000e-03
5.406903739666e+00 9.453340529385e-01 -5.000000000000e-03
9.673227200305e-01 3.236543552901e+00 -5.000000000000e-03
6.206548023385e+00 5.177561182910e+00 -5.000000000000e-03
1.934724246184e+00 1.929101608221e+00 -5.000000000000e-03
3.035270008620e+00 5.756238603840e+00 -5.000000000000e-03
6.137407217256e-01 1.182782905664e+00 -5.000000000000e-03
4.005996520496e+00 1.406743039543e+00 -5.000000000000e-03
3.548302461575e+00 5.979421395779e+00 -5.000000000000e-03
3.494885259924e+00 2.958081732914e+00 -5.000000000000e-03
4.086864961861e+00 5.309591564625e+00 -5.000000000000e-03
5.587279172449e+00 5.617271610083e+00 -5.000000000000e-03
3.822905623122e+00 2.615740219705e+00 -5.000000000000e-03
2.329747778000e+00 2.943957599479e+00 -5.000000000000e-03
4.804043218249e+00 3.123146439544e+00 -5.000000000000e-03
6.065639730747e+00 4.308912955781e-01 -5.000000000000e-03
3.232771316159e+00 5.802526063247e+00 -5.000000000000e-03
6.163183308355e+00 3.247713209340e+00 -5.000000000000e-03
3.391903684437e+00 2.781442291914e+00 -5.000000000000e-03
4.973434193047e+00 6.233580752224e+00 -5.000000000000e-03
1.368249235375e+00 9.442204835669e-01 -5.000000000000e-03
1.618618620445e+00 3.142864538874e+00 -5.000000000000e-03
5.814576438168e+00 5.338246663742e+00 -5.000000000000e-03
4.074438096259e-01 3.422774485421e+00 -5.000000000000e-03
2.142138144095e+00 5.921367976475e+00 -5.000000000000e-03
6.027334214883e+00 1.687908088108e+00 -5.000000000000e-03
5.306958222673e+00 7.611128451471e-01 -5.000000000000e-03
4.874076390677e+00 4.202158408673e+00 -5.000000000000e-03
3.862994993291e+00 6.092124935488e+00 -5.000000000000e-03
6.067511505643e+00 2.168292252446e-01 -5.000000000000e-03
4.638412030784e+00 4.427642969086e+00 -5.000000000000e-03
4.630186158152e+00 1.799163644847e-01 -5.000000000000e-03
3.711269660152e-01 4.347589217602e+00 -5.000000000000e-03
5.313418181089e+00 2.339188993382e+00 -5.000000000000e-03
2.710925518761e+00 4.788444371860e+00 -5.000000000000e-03
2.310451956472e+00 3.902779723631e+00 -5.000000000000e-03
5.042598112757e-03 2.360382152554e+00 -5.000000000000e-03
4.365016321421e+00 4.604638318387e+00 -5.000000000000e-03
4.805403118098e+00 7.562774754967e-01 -5.000000000000e-03
