4.509584474737e+00 2.876232041794e-01 5.000000000000e-03
3.413907203875e-01 4.339425082061e+00 5.000000000000e-03
6.063296415739e+00 6.020135701881e+00 5.000000000000e-03
2.107221111133e+00 4.306660162601e+00 5.000000000000e-03
1.865884518924e+00 2.452665938452e+00 5.000000000000e-03
2.416774528814e+00 1.403728020047e+00 5.000000000000e-03
3.526680172025e+00 5.947632185565e+00 5.000000000000e-03
5.800416251327e-01 4.837246347313e+00 5.000000000000e-03
4.432306294047e+00 3.395391916603e-01 5.000000000000e-03
1.552960710264e+00 4.502141970982e+00 5.000000000000e-03
3.686439187751e+00 1.139229391965e-01 5.000000000000e-03
1.720182932452e+00 1.872821880021e+00 5.000000000000e-03
5.851437924908e+00 3.555245825914e+00 5.000000000000e-03
3.008757008080e+00 8.100230971149e-01 5.000000000000e-03
6.931941326110e-01 5.005670651235e-03 5.000000000000e-03
5.202621060667e-01 2.544259342677e+00 5.000000000000e-03
2.820848514247e+00 2.465061238350e+00 5.000000000000e-03
5.062782776795e+00 4.236701130250e+00 5.000000000000e-03
6.058354698278e+00 1.304234938822e+00 5.000000000000e-03
3.724586482937e+00 4.273088981533e+00 5.000000000000e-03
8.451471324287e-02 1.951810714992e+00 5.000000000000e-03
3.756485575250e-02 5.652425533803e+00 5.000000000000e-03
4.086104267289e-02 5.830419601379e+00 5.000000000000e-03
5.811481127872e+00 1.019219480850e+00 5.000000000000e-03
2.246590056557e+00 3.101349004323e+00 5.000000000000e-03
5.527701754282e+00 1.188192995611e+00 5.000000000000e-03
4.804305005903e+00 5.599822465925e+00 5.000000000000e-03
2.768895260772e+00 4.422049556754e+00 5.000000000000e-03
5.784746851058e-01 6.082927707712e+00 5.000000000000e-03
3.622180694821e-01 5.616245279058e+00 5.000000000000e-03
5.197846666451e-01 4.064422290828e+00 5.000000000000e-03
4.005415104502e+00 1.909941328724e+00 5.000000000000e-03
3.104299579583e+00 1.452120811860e+00 5.000000000000e-03
5.886738648109e+00 4.709014248063e+00 5.000000000000e-03
4.218129626749e+00 4.034620940882e+00 5.000000000000e-03
3.443558091595e+00 5.424587075373e+00 5.000000000000e-03
5.494913416857e+00 3.057241452447e+00 5.000000000000e-03
5.492311759143e-01 4.187398378231e+00 5.000000000000e-03
5.106192625263e+00 1.498942340174e+00 5.000000000000e-03
2.190349266159e+00 6.255679972681e+00 5.000000000000e-03
3.611964686240e+00 4.625294973163e+00 5.000000000000e-03
4.711527684393e+00 4.068965157086e+00 5.000000000000e-03
3.737617336215e+00 1.094681305365e+00 5.000000000000e-03
7.174742942233e-01 1.017378486975e+00 5.000000000000e-03
3.581572670805e+00 1.931761781495e+00 5.000000000000e-03
4.076700923854e+00 5.358031763884e+00 5.000000000000e-03
2.323436689744e+00 6.269436393323e-01 5.000000000000e-03
7.029701892275e-01 5.781341029829e-01 5.000000000000e-03
3.222603522180e+00 5.397612078149e+00 5.000000000000e-03
1.771291003504e+00 3.453216512556e+00 5.000000000000e-03
5.212273655841e+00 3.206907364927e+00 5.000000000000e-03
2.443941557785e+00 5.468230832002e+00 5.000000000000e-03
4.455994678347e+00 4.955562682809e+00 5.000000000000e-03
4.967491669833e+00 4.752697458784e+00 5.000000000000e-03
1.211913637710e+00 5.436666909243e+00 5.000000000000e-03
8.470372340212e-03 4.476665554462e+00 5.000000000000e-03
3.268730861130e-01 3.721427008521e+00 5.000000000000e-03
4.425316226563e+00 2.195171050963e+00 5.000000000000e-03
4.215519507038e+00 4.369474074804e+00 5.000000000000e-03
5.396183656316e+00 2.354893698455e-03 5.000000000000e-03
3.751674494847e+00 1.003796169912e+00 5.000000000000e-03
5.956713530774e+00 1.232489939548e+00 5.000000000000e-03
9.036962526431e-02 6.244623744008e+00 5.000000000000e-03
3.739736220501e+00 1.413367019263e+00 5.000000000000e-03
2.371152951115e+00 4.996497267146e+00 5.000000000000e-03
4.466062082665e+00 2.796328028001e+00 5.000000000000e-03
2.041884668308e+00 5.607906907768e+00 5.000000000000e-03
4.778275610445e+00 4.093710578934e+00 5.000000000000e-03
5.726111791570e+00 4.823999420376e-01 5.000000000000e-03
4.147664268084e+00 3.022268550573e+00 5.000000000000e-03
5.975420171585e-01 6.006060287618e+00 5.000000000000e-03
6.175847497877e+00 2.396162669357e+00 5.000000000000e-03
4.597233637277e+00 4.362015902246e+00 5.000000000000e-03
3.616903193933e+00 3.264588795062e+00 5.000000000000e-03
1.946275019934e+00 4.616521913701e-01 5.000000000000e-03
4.504074474232e+00 1.651263478372e+00 5.000000000000e-03
3.685159412502e+00 3.881788388098e+00 5.000000000000e-03
6.103864430565e-01 5.270862622103e+00 5.000000000000e-03
2.733481117389e+00 4.324848609843e+00 5.000000000000e-03
3.137124505923e+00 3.357853720020e+00 5.000000000000e-03
5.557965754310e+00 5.069372364747e+00 5.000000000000e-03
3.209835315280e+00 4.951491702538e+00 5.000000000000e-03
8.583869839646e-01 2.943392752780e+00 5.000000000000e-03
4.639306971562e+00 1.650885929155e+00 5.000000000000e-03
4.798407262549e+00 3.262777893256e+00 5.000000000000e-03
2.030959263535e+00 3.924841129895e+00 5.000000000000e-03
5.660892727839e+00 3.984773364322e-02 5.000000000000e-03
4.267149689454e+00 3.649682779465e+00 5.000000000000e-03
3.418058746478e+00 4.435722681082e-01 5.000000000000e-03
2.493365340757e+00 5.458589379185e+00 5.000000000000e-03
5.298405098572e+00 4.712671968831e+00 5.000000000000e-03
8.278722345912e-02 1.702679893188e+00 5.000000000000e-03
4.186801924508e+00 4.762506846216e+00 5.000000000000e-03
1.195221553258e+00 2.594609746087e+00 5.000000000000e-03
1.962055632427e+00 3.735217763007e+00 5.000000000000e-03
4.018062107270e+00 3.369181942926e+00 5.000000000000e-03
5.876903628429e+00 2.909562522910e+00 5.000000000000e-03
1.741217919022e+00 5.907517979936e+00 5.000000000000e-03
1.836024622594e-01 1.738515507410e+00 5.000000000000e-03
4.687123019063e+00 1.644003673313e+00 5.000000000000e-03
4.866204182535e+00 1.289565174129e+00 -5.000000000000e-03
6.011234699423e+00 5.525706336403e+00 -5.000000000000e-03
1.666135343625e+00 1.715510356689e+00 -5.000000000000e-03
4.997667844324e+00 1.126381049823e+00 -5.000000000000e-03
2.797861221858e+00 4.289735558677e+00 -5.000000000000e-03
5.451007930102e+00 5.413687164546e+00 -5.000000000000e-03
1.196360965331e+00 4.787879569364e-01 -5.000000000000e-03
1.124065627051e+00 1.089231391863e+00 -5.000000000000e-03
1.697381917948e+00 8.595625214052e-01 -5.000000000000e-03
4.191345678631e+00 1.137434502413e+00 -5.000000000000e-03
2.516240146749e+00 4.790457576747e+00 -5.000000000000e-03
1.405994878722e+00 4.181001576387e+00 -5.000000000000e-03
3.230230098445e+00 5.581724387279e-01 -5.000000000000e-03
1.899121068887e-02 3.802923771239e+00 -5.000000000000e-03
1.718463045663e+00 2.369956006670e+00 -5.000000000000e-03
5.138832666844e+00 5.702477464066e+00 -5.000000000000e-03
7.019924421912e-01 2.793414218712e+00 -5.000000000000e-03
4.798332986612e+00 3.883518310100e+00 -5.000000000000e-03
1.214833445916e+00 2.360613106901e+00 -5.000000000000e-03
5.799478299079e+00 4.846858369317e+00 -5.000000000000e-03
2.363081281837e+00 1.858557442291e+00 -5.000000000000e-03
4.135414008541e+00 6.527671097228e-01 -5.000000000000e-03
1.714705317301e+00 4.324748471729e+00 -5.000000000000e-03
4.188372978950e+00 2.633215418020e+00 -5.000000000000e-03
5.285434175660e+00 1.174171149926e+00 -5.000000000000e-03
3.223040512689e+00 2.775348710798e+00 -5.000000000000e-03
1.818593771814e+00 4.654199506996e+00 -5.000000000000e-03
1.589892009918e+00 5.343233587284e-01 -5.000000000000e-03
3.986293481714e+00 5.054888408600e+00 -5.000000000000e-03
4.745806619800e+00 2.865529275599e+00 -5.000000000000e-03
3.503528558772e+00 3.435145645336e+00 -5.000000000000e-03
1.564117143795e+00 4.620555295471e+00 -5.000000000000e-03
1.369448343462e+00 5.425287698121e+00 -5.000000000000e-03
1.115002057804e+00 1.524898228738e+00 -5.000000000000e-03
4.090643664433e+00 2.129246576479e-01 -5.000000000000e-03
1.238910845254e+00 3.244054720071e+00 -5.000000000000e-03
4.169724453666e+00 1.286231124552e+00 -5.000000000000e-03
1.588940252307e+00 4.682293888675e+00 -5.000000000000e-03
1.445028940933e+00 2.328024347615e+00 -5.000000000000e-03
2.817556771131e+00 4.900710580437e+00 -5.000000000000e-03
2.352694120095e+00 1.826647109304e+00 -5.000000000000e-03
5.617206866385e+00 3.281098573319e-01 -5.000000000000e-03
4.062633660884e+00 6.123661163122e+00 -5.000000000000e-03
2.747751473975e-01 1.869037809892e-01 -5.000000000000e-03
3.977028710311e+00 5.022094612590e+00 -5.000000000000e-03
5.754065693059e+00 2.118371381197e+00 -5.000000000000e-03
4.189954506732e+00 6.263984436477e+00 -5.000000000000e-03
4.186087600684e+00 8.705053007455e-01 -5.000000000000e-03
2.239688023922e-01 2.812389056893e+00 -5.000000000000e-03
5.521389120866e+00 1.970545568165e+00 -5.000000000000e-03
1.627177223306e+00 1.928302293488e+00 -5.000000000000e-03
4.831711818741e+00 5.234885349062e+00 -5.000000000000e-03
6.055175528818e+00 1.864006108577e+00 -5.000000000000e-03
1.416989232651e+00 5.275367264162e+00 -5.000000000000e-03
2.819286328658e+00 3.578336207596e+00 -5.000000000000e-03
2.043638103471e+00 5.296149774116e+00 -5.000000000000e-03
1.284764217959e+00 4.598859072274e+00 -5.000000000000e-03
3.767256272382e+00 5.034696282059e+00 -5.000000000000e-03
1.914644763611e+00 6.029694225319e+00 -5.000000000000e-03
1.817830621130e+00 3.677818940110e+00 -5.000000000000e-03
2.031222411217e+00 1.818728934665e+00 -5.000000000000e-03
1.549209697965e-01 2.904474393874e+00 -5.000000000000e-03
1.955995750582e+00 2.613550924054e+00 -5.000000000000e-03
5.848846321135e+00 4.258353890577e+00 -5.000000000000e-03
3.418463609516e+00 3.251768917976e+00 -5.000000000000e-03
3.763207307446e+00 3.224966198046e+00 -5.000000000000e-03
7.560842301115e-01 4.208572036777e+00 -5.000000000000e-03
3.522088879208e-01 5.395646616316e+00 -5.000000000000e-03
7.284367061190e-01 4.846975459662e+00 -5.000000000000e-03
4.849580176667e-01 1.395838298567e+00 -5.000000000000e-03
4.380096420477e+00 1.081428931086e+00 -5.000000000000e-03
6.222401475695e+00 3.012621720502e+00 -5.000000000000e-03
1.232332792889e+00 4.676379468224e+00 -5.000000000000e-03
5.463348453227e+00 4.710974434748e+00 -5.000000000000e-03
1.809013515180e+00 6.825386345248e-01 -5.000000000000e-03
7.420434464285e-01 6.960899748662e-01 -5.000000000000e-03
6.164396899433e+00 3.978752760444e+00 -5.000000000000e-03
3.722046971037e+00 4.082078275812e+00 -5.000000000000e-03
2.595728630723e+00 1.577590143219e+00 -5.000000000000e-03
5.838078199707e+00 3.859821029123e+00 -5.000000000000e-03
5.202698629509e+00 1.754595534373e+00 -5.000000000000e-03
2.044680274185e+00 1.222462431874e+00 -5.000000000000e-03
2.498865138073e+00 4.036434818549e+00 -5.000000000000e-03
1.810074837866e+00 2.185841954943e+00 -5.000000000000e-03
4.327381206310e+00 6.112352370986e+00 -5.000000000000e-03
2.691366852616e+00 1.058742223979e+00 -5.000000000000e-03
2.605858385631e-01 3.485199641984e+00 -5.000000000000e-03
5.478150067990e+00 3.511530011761e+00 -5.000000000000e-03
5.745160322353e+00 7.692679940704e-01 -5.000000000000e-03
3.209354739318e+00 4.340448009841e+00 -5.000000000000e-03
2.426559759129e+00 3.898881860040e+00 -5.000000000000e-03
3.160006849875e+00 1.554747144590e+00 -5.000000000000e-03
3.631766637596e+00 1.792933192423e+00 -5.000000000000e-03
4.648556207593e+00 3.933088528097e-01 -5.000000000000e-03
1.483671894904e-01 1.954791127073e+00 -5.000000000000e-03
3.980647246662e+00 3.654539254838e+00 -5.000000000000e-03
4.939387345008e+00 5.768524110060e+00 -5.000000000000e-03
4.758643811290e+00 1.151561638470e+00 -5.000000000000e-03
6.051979890709e+00 6.106689485163e+00 -5.000000000000e-03
6.224035599504e+00 1.361008638431e+00 -5.000000000000e-03
