1.414735767819e+00 6.126209727622e+00 5.000000000000e-03
4.345184837901e+00 4.073257433853e+00 5.000000000000e-03
4.291375137413e+00 1.015255748764e+00 5.000000000000e-03
6.042122910019e+00 6.036945642804e+00 5.000000000000e-03
1.897850004636e+00 5.955606963214e+00 5.000000000000e-03
5.153794815750e+00 1.423167883740e+00 5.000000000000e-03
2.744840932689e+00 2.288990959553e+00 5.000000000000e-03
4.361047611884e-01 2.069529213189e+00 5.000000000000e-03
5.745654390172e+00 3.494384655980e+00 5.000000000000e-03
1.575702630017e+00 1.813993428382e+00 5.000000000000e-03
2.705250793032e+00 5.638522427401e+00 5.000000000000e-03
2.628818775474e+00 3.010757459709e+00 5.000000000000e-03
5.019341703973e+00 2.177064250225e+00 5.000000000000e-03
4.886969180836e+00 3.241544875927e+00 5.000000000000e-03
2.757637233684e+00 4.456090070424e+00 5.000000000000e-03
4.576815603236e+00 2.186530745027e+00 5.000000000000e-03
4.906179131819e+00 6.900612353381e-01 5.000000000000e-03
1.396773151033e+00 1.496428816473e+00 5.000000000000e-03
2.511184852933e-01 3.880403597702e+00 5.000000000000e-03
2.478102591712e-01 9.664326328343e-01 5.000000000000e-03
1.807128242991e+00 1.976641199987e+00 5.000000000000e-03
1.469257583719e+00 1.513934498740e+00 5.000000000000e-03
3.832952743352e+00 2.695572461841e+00 5.000000000000e-03
1.647534986600e-01 2.173198579116e+00 5.000000000000e-03
1.687219926038e+00 1.969487495938e+00 5.000000000000e-03
2.931139166252e+00 5.241708803938e+00 5.000000000000e-03
2.162989074790e+00 1.548439310867e+00 5.000000000000e-03
2.873399951079e+00 5.813897361618e+00 5.000000000000e-03
3.733338356689e+00 1.012480322986e+00 5.000000000000e-03
1.687433612293e-01 5.167328150668e+00 5.000000000000e-03
6.082131021123e+00 4.396195271468e+00 5.000000000000e-03
1.301736484511e+00 5.487060658950e+00 5.000000000000e-03
3.283523261599e+00 4.236264758550e+00 5.000000000000e-03
2.003512957206e+00 4.182451085580e+00 5.000000000000e-03
3.788098434042e+00 4.570649577965e+00 5.000000000000e-03
2.268334363796e+00 2.675419263512e+00 5.000000000000e-03
3.419987245291e+00 5.931001584676e+00 5.000000000000e-03
4.319500905618e+00 5.553163051706e+00 5.000000000000e-03
5.785473641357e+00 2.737849613323e-01 5.000000000000e-03
6.223071315320e+00 4.095642158947e+00 5.000000000000e-03
2.607089144280e+00 3.329020453717e+00 5.000000000000e-03
3.585641477848e+00 5.469806998884e+00 5.000000000000e-03
2.465621302398e+00 6.182729762704e+00 5.000000000000e-03
2.552153168600e+00 4.213033703632e+00 5.000000000000e-03
1.555223340562e+00 7.439488968325e-01 5.000000000000e-03
4.245442966560e+00 2.504072053992e+00 5.000000000000e-03
5.815738933309e+00 2.677098737592e+00 5.000000000000e-03
1.076430904141e+00 5.100181586561e+00 5.000000000000e-03
8.994852591795e-01 4.830204834094e+00 5.000000000000e-03
1.959100904823e+00 1.066210549603e+00 5.000000000000e-03
4.840381978977e+00 4.161598534556e+00 5.000000000000e-03
3.810396243571e-01 5.558951024412e+00 5.000000000000e-03
4.495723857284e+00 1.667496464001e+00 5.000000000000e-03
3.656976521137e+00 3.140397182802e+00 5.000000000000e-03
2.716920893888e+00 5.114446733445e-01 5.000000000000e-03
2.308104597897e+00 5.629766712076e+00 5.000000000000e-03
3.358212761216e+00 4.945314830649e+00 5.000000000000e-03
9.767360494246e-01 2.053524758253e+00 5.000000000000e-03
5.896693375043e+00 5.110808534653e+00 5.000000000000e-03
5.009358300732e+00 2.635170940182e+00 5.000000000000e-03
6.145224448334e+00 3.332018888913e+00 5.000000000000e-03
1.662397344162e+00 3.674359328568e+00 5.000000000000e-03
3.206472732155e+00 1.501962734272e+00 5.000000000000e-03
3.110695826586e+00 1.254028082132e+00 5.000000000000e-03
4.460851182823e-01 3.562992195589e-01 5.000000000000e-03
1.342929916110e+00 1.743381409548e+00 5.000000000000e-03
1.736325289838e+00 3.603915386607e+00 5.000000000000e-03
2.668584737175e+00 2.103897591375e+00 5.000000000000e-03
4.688377727486e+00 2.773391172024e+00 5.000000000000e-03
2.556658936904e+00 1.921806281934e+00 5.000000000000e-03
1.482965618859e+00 1.438993460990e+00 5.000000000000e-03
2.741679340894e-01 6.120311470601e+00 5.000000000000e-03
5.779566061284e+00 5.497238021607e+00 5.000000000000e-03
2.260395572864e+00 1.680736573963e+00 5.000000000000e-03
3.029786181577e+00 5.425812161284e+00 5.000000000000e-03
4.747685343350e+00 6.352343220827e-01 5.000000000000e-03
3.578703493949e+00 3.193492976508e-02 5.000000000000e-03
2.086523125995e+00 1.585231811828e+00 5.000000000000e-03
3.168786423448e+00 6.219192605093e+00 5.000000000000e-03
8.327316250681e-01 3.207279671569e+00 5.000000000000e-03
7.979321743230e-01 2.473574199209e+00 5.000000000000e-03
4.417058618329e+00 4.216015523789e+00 5.000000000000e-03
3.267376550455e+00 1.395245724793e+00 5.000000000000e-03
1.704489212669e+00 5.664280706974e+00 5.000000000000e-03
3.617561020016e+00 3.237837653187e+00 5.000000000000e-03
2.227237345705e+00 9.062347960927e-01 5.000000000000e-03
3.809253099268e-01 2.536972715923e+00 5.000000000000e-03
2.704832056922e-01 2.953447610803e+00 5.000000000000e-03
4.282657280259e+00 4.283567824477e+00 5.000000000000e-03
2.250397878373e-01 2.334673319998e+00 5.000000000000e-03
1.830980072678e+00 4.427175457179e+00 5.000000000000e-03
8.055080109333e-02 5.437112644666e+00 5.000000000000e-03
4.018842058166e-01 4.131330493035e+00 5.000000000000e-03
2.378083428503e+00 6.887910826190e-01 5.000000000000e-03
4.051755092646e+00 3.297377552306e-01 5.000000000000e-03
2.738465328383e+00 6.229481560099e+00 5.000000000000e-03
1.521227163535e+00 5.458690047907e+00 5.000000000000e-03
4.318211902893e+00 2.151376720059e-01 5.000000000000e-03
3.224726908740e+00 1.314920230991e-01 5.000000000000e-03
5.687969184325e-01 5.594822705739e+00 5.000000000000e-03
4.083769783635e+00 7.181752772355e-01 -5.000000000000e-03
1.080805529636e+00 1.609089062765e+00 -5.000000000000e-03
4.861651723919e+00 6.649101427624e-01 -5.000000000000e-03
2.981697717586e+00 4.893968890345e+00 -5.000000000000e-03
2.798175606039e+00 6.197814842258e+00 -5.000000000000e-03
4.328131287229e+00 7.497783901240e-01 -5.000000000000e-03
5.443226525864e+00 1.255686857021e+00 -5.000000000000e-03
5.915220763930e+00 1.937929045999e+00 -5.000000000000e-03
3.398698449637e+00 1.392152166924e+00 -5.000000000000e-03
1.174112451029e+00 9.749668525120e-01 -5.000000000000e-03
5.258983271286e+00 5.590485785535e+00 -5.000000000000e-03
3.600118230388e+00 3.025556545135e-01 -5.000000000000e-03
3.517723942010e+00 3.860732409295e+00 -5.000000000000e-03
1.118712164294e+00 4.250066952384e+00 -5.000000000000e-03
3.436314354087e+00 3.745369916700e+00 -5.000000000000e-03
6.275572544221e+00 8.669799699073e-01 -5.000000000000e-03
2.504685028450e+00 5.967050756816e+00 -5.000000000000e-03
8.976707207121e-01 7.219605267811e-02 -5.000000000000e-03
4.587854368752e+00 3.246905296235e+00 -5.000000000000e-03
3.667776020859e+00 5.518364034675e+00 -5.000000000000e-03
5.732293134687e+00 4.383225231958e+00 -5.000000000000e-03
4.044077220031e+00 4.148216673341e+00 -5.000000000000e-03
1.092048346683e-01 8.818604378843e-01 -5.000000000000e-03
6.391942210121e-01 2.779317166176e+00 -5.000000000000e-03
5.156075311316e-01 1.177268180117e+00 -5.000000000000e-03
3.928559492641e+00 9.089573600573e-02 -5.000000000000e-03
1.143824437712e+00 4.602902719816e+00 -5.000000000000e-03
2.486660439143e+00 1.370457598084e+00 -5.000000000000e-03
3.696136979729e+00 4.490837576116e+00 -5.000000000000e-03
2.947183992362e+00 5.603728558562e+00 -5.000000000000e-03
4.993024997123e+00 8.471457238322e-01 -5.000000000000e-03
2.951216203897e+00 6.094740504357e+00 -5.000000000000e-03
3.662454915790e+00 3.851030976760e-01 -5.000000000000e-03
5.000600000621e-02 3.188434591664e+00 -5.000000000000e-03
1.160790202166e+00 1.430167195834e+00 -5.000000000000e-03
1.222539843005e+00 5.020989495315e+00 -5.000000000000e-03
2.545928816924e+00 1.026898699467e+00 -5.000000000000e-03
4.762017991805e+00 2.344871008859e+00 -5.000000000000e-03
3.392906983753e+00 2.961226107601e-01 -5.000000000000e-03
5.484950071946e+00 4.469286592548e+00 -5.000000000000e-03
5.721193373944e+00 4.430536351148e+00 -5.000000000000e-03
1.203392900060e+00 1.298856968974e+00 -5.000000000000e-03
2.695001535312e-01 1.510229634505e+00 -5.000000000000e-03
3.910755990821e+00 1.393883796265e+00 -5.000000000000e-03
1.367498892968e+00 9.176033341584e-02 -5.000000000000e-03
2.213355930310e+00 3.366437641921e+00 -5.000000000000e-03
1.492599781035e+00 3.318188209426e+00 -5.000000000000e-03
2.699400087468e+00 3.755847560694e-01 -5.000000000000e-03
4.194522869957e+00 1.794501439003e+00 -5.000000000000e-03
4.486022476077e+00 3.702105816163e+00 -5.000000000000e-03
3.359396018783e+00 1.112409039334e+00 -5.000000000000e-03
5.403173218771e+00 7.102415058358e-01 -5.000000000000e-03
4.556346080972e+00 2.235423030964e+00 -5.000000000000e-03
4.267980045998e+00 4.643003828422e+00 -5.000000000000e-03
2.418639500374e+00 3.720425175075e+00 -5.000000000000e-03
5.557532080376e+00 3.242942923679e+00 -5.000000000000e-03
1.475641821754e+00 3.057514890483e+00 -5.000000000000e-03
2.299397274169e+00 1.691500006303e+00 -5.000000000000e-03
5.217155772065e+00 4.959067172262e+00 -5.000000000000e-03
5.068585902842e+00 4.202598928180e+00 -5.000000000000e-03
3.570719238678e+00 2.778458044236e+00 -5.000000000000e-03
1.034198436681e+00 2.732392604175e+00 -5.000000000000e-03
2.253677005966e+00 2.777427707328e+00 -5.000000000000e-03
4.458500043892e-01 1.647024716946e+00 -5.000000000000e-03
4.954167750362e+00 4.714747384831e+00 -5.000000000000e-03
4.253434924267e+00 3.495594839502e+00 -5.000000000000e-03
4.860870443892e+00 2.160507461806e+00 -5.000000000000e-03
1.425338355800e+00 4.250013127030e+00 -5.000000000000e-03
4.693025929011e+00 5.338373746818e+00 -5.000000000000e-03
2.180545954063e+00 3.546576399464e+00 -5.000000000000e-03
4.598649683235e+00 2.135900360335e+00 -5.000000000000e-03
1.988534928803e-02 3.931498827278e+00 -5.000000000000e-03
1.618627204787e+00 7.710112171330e-02 -5.000000000000e-03
3.893889026422e+00 4.109721744862e+00 -5.000000000000e-03
5.748906755747e+00 6.913819196994e-01 -5.000000000000e-03
4.987989558553e+00 3.140739643776e+00 -5.000000000000e-03
2.945691974691e+00 5.974720821768e+00 -5.000000000000e-03
5.853712492109e+00 5.448735566856e+00 -5.000000000000e-03
1.112169548731e+00 5.704097432044e+00 -5.000000000000e-03
3.280290147649e+00 3.748146105667e+00 -5.000000000000e-03
3.337438552835e+00 5.196056226064e-01 -5.000000000000e-03
6.157710319110e+00 5.346272160444e+00 -5.000000000000e-03
5.588316466178e+00 2.950173936124e+00 -5.000000000000e-03
1.381932308698e+00 1.181985052630e+00 -5.000000000000e-03
3.668394719032e+00 2.585204063760e+00 -5.000000000000e-03
6.214179855225e+00 1.578134812925e+00 -5.000000000000e-03
8.968908129897e-01 1.206384253396e+00 -5.000000000000e-03
1.377002322554e+00 6.160171096408e+00 -5.000000000000e-03
4.806878717874e+00 1.777730494576e-02 -5.000000000000e-03
2.228022058893e-01 3.526801949041e-01 -5.000000000000e-03
6.129199524010e+00 4.712147003371e+00 -5.000000000000e-03
4.591775086814e+00 4.298082887485e+00 -5.000000000000e-03
1.135459858722e-01 1.745519182108e+00 -5.000000000000e-03
2.713749755298e+00 1.517312347837e+00 -5.000000000000e-03
4.785443044246e+00 4.091934652124e+00 -5.000000000000e-03
3.677124439576e+00 3.268444717187e-01 -5.000000000000e-03
5.325621545749e+00 3.747196415532e+00 -5.000000000000e-03
3.442833911944e+00 3.131209435491e+00 -5.000000000000e-03
2.638334942871e+00 5.979568523233e+00 -5.000000000000e-03
3.577096655487e+00 4.197364155308e+00 -5.000000000000e-03
