1.284797342359e+00 3.289441397393e+00 5.000000000000e-03
5.514585549509e+00 5.907107592962e+00 5.000000000000e-03
2.480343974347e+00 3.897237458519e-01 5.000000000000e-03
2.937893858847e+00 3.073292394831e+00 5.000000000000e-03
4.752887542942e+00 1.281319470132e+00 5.000000000000e-03
1.598723408300e+00 1.870029942534e+00 5.000000000000e-03
4.834777285370e-01 2.672036402858e+00 5.000000000000e-03
5.250326043450e+00 4.343627820130e+00 5.000000000000e-03
3.029834213777e+00 6.032865238067e-01 5.000000000000e-03
2.047141746417e+00 5.028894950344e+00 5.000000000000e-03
4.802589367040e+00 6.637985311704e-01 5.000000000000e-03
1.353695661781e+00 1.061307880117e+00 5.000000000000e-03
7.565252690610e-02 6.844614248621e-01 5.000000000000e-03
5.689379992902e+00 1.568036049998e+00 5.000000000000e-03
4.910496733856e+00 3.940395944703e+00 5.000000000000e-03
3.311646480191e+00 5.357968629519e+00 5.000000000000e-03
6.277467039789e+00 3.295884216035e+00 5.000000000000e-03
4.139996886324e+00 2.274929217436e+00 5.000000000000e-03
8.532328455009e-01 6.204563999422e+00 5.000000000000e-03
4.003874857701e+00 3.327774142099e+00 5.000000000000e-03
3.469456527763e+00 3.896423121819e+00 5.000000000000e-03
2.240715282343e+00 2.778571310835e+00 5.000000000000e-03
7.524863018267e-01 1.728797201325e+00 5.000000000000e-03
5.192902447743e+00 1.112094655503e+00 5.000000000000e-03
3.906432224897e+00 6.096576072960e+00 5.000000000000e-03
4.658717218749e+00 2.821231989278e+00 5.000000000000e-03
5.881110329944e+00 4.611375171716e+00 5.000000000000e-03
5.251323312892e+00 9.935702924155e-01 5.000000000000e-03
6.072164157237e+00 4.264820536190e+00 5.000000000000e-03
5.353201665251e+00 3.898421092174e+00 5.000000000000e-03
2.842043959522e+00 3.013646260602e+00 5.000000000000e-03
5.116385206718e+00 7.818870674837e-01 5.000000000000e-03
5.142448040205e+00 4.781906763098e+00 5.000000000000e-03
5.526426641247e+00 4.571559979562e+00 5.000000000000e-03
3.136639430928e+00 1.200912199038e+00 5.000000000000e-03
4.264623762274e+00 2.222518655224e+00 5.000000000000e-03
5.866134071850e-01 3.476475809573e+00 5.000000000000e-03
3.044574958067e+00 3.234132114553e+00 5.000000000000e-03
6.636896656252e-01 4.884211103151e+00 5.000000000000e-03
1.096746190153e+00 3.101106144876e+00 5.000000000000e-03
6.267911221447e+00 2.394258573792e-02 5.000000000000e-03
2.237228449736e+00 9.106360294918e-01 5.000000000000e-03
6.043899842184e+00 1.940728436447e+00 5.000000000000e-03
4.747875914759e+00 5.108192975024e+00 5.000000000000e-03
5.062248422190e+00 5.019194503039e+00 5.000000000000e-03
3.133151598508e+00 4.131222048173e+00 5.000000000000e-03
1.676889738288e-01 5.014319362161e+00 5.000000000000e-03
1.631721190060e+00 4.531784746667e+00 5.000000000000e-03
4.777958652679e+00 5.950182744230e+00 5.000000000000e-03
1.871024048295e+00 1.994274118162e+00 5.000000000000e-03
4.338638131596e-01 9.515784899400e-02 5.000000000000e-03
4.837818814390e+00 3.965988163933e+00 5.000000000000e-03
1.634165251230e+00 1.563049987727e+00 5.000000000000e-03
6.317010393231e-02 1.367309296387e+00 5.000000000000e-03
9.137123514074e-01 6.146306738148e+00 5.000000000000e-03
4.067399256926e+00 2.451339266178e+00 5.000000000000e-03
1.791028529087e+00 2.680147582958e+00 5.000000000000e-03
5.730092607080e+00 3.433831570779e+00 5.000000000000e-03
4.745374052309e+00 4.314533442056e+00 5.000000000000e-03
4.205578822026e+00 3.367611555588e+00 5.000000000000e-03
6.084644726831e+00 1.861361819917e+00 5.000000000000e-03
5.511701997284e+00 6.607682061047e-01 5.000000000000e-03
5.046781992885e+00 4.398486751202e+00 5.000000000000e-03
1.766975372102e-01 4.345404015149e+00 5.000000000000e-03
3.669887722488e-01 5.661837552228e+00 5.000000000000e-03
3.387794353170e+00 3.526359669223e+00 5.000000000000e-03
5.087581773315e+00 3.230428362556e+00 5.000000000000e-03
2.253471756243e+00 9.779526814137e-01 5.000000000000e-03
4.532602525931e+00 2.547823885814e+00 5.000000000000e-03
2.976034341645e+00 5.664070678864e+00 5.000000000000e-03
5.579220274938e+00 4.274197804779e+00 5.000000000000e-03
4.876379920365e+00 5.986775337623e+00 5.000000000000e-03
5.038402966428e+00 7.648440555083e-01 5.000000000000e-03
6.050022873893e+00 2.967477969448e+00 5.000000000000e-03
4.145234460115e+00 6.219310138683e+00 5.000000000000e-03
6.083537093920e+00 5.800142473717e+00 5.000000000000e-03
4.795328027267e+00 5.267950882177e+00 5.000000000000e-03
7.586337362590e-01 6.171757744133e+00 5.000000000000e-03
1.962645296982e+00 4.816341274674e+00 5.000000000000e-03
2.725519876354e+00 5.315112173405e+00 5.000000000000e-03
5.004994875304e+00 4.139875696108e+00 5.000000000000e-03
6.115055420170e+00 5.501968621319e+00 5.000000000000e-03
3.136501067089e+00 2.259545800243e+00 5.000000000000e-03
5.004442586033e+00 9.451068324062e-01 5.000000000000e-03
6.632698382493e-01 3.604492124449e+00 5.000000000000e-03
3.044832586170e+00 2.877359790090e+00 5.000000000000e-03
2.433925842431e+00 6.024036020293e+00 5.000000000000e-03
3.422420273227e+00 2.004145397343e-01 5.000000000000e-03
3.101595694709e+00 4.606365948143e+00 5.000000000000e-03
4.355504261889e+00 3.512678898822e+00 5.000000000000e-03
3.119884467524e+00 5.566084837667e-01 5.000000000000e-03
6.081671335559e+00 4.718135346572e+00 5.000000000000e-03
3.534555343984e-01 6.263388557782e+00 5.000000000000e-03
2.742202243140e+00 5.865702389817e+00 5.000000000000e-03
4.964072121363e+00 4.425712971877e+00 5.000000000000e-03
5.933649119417e+00 2.760188654045e+00 5.000000000000e-03
4.536822145291e+00 3.947132185000e+00 5.000000000000e-03
2.066845888071e+00 3.145077019143e+00 5.000000000000e-03
9.163332604104e-01 3.821275312891e+00 5.000000000000e-03
4.995605126069e+00 9.917511552044e-01 5.000000000000e-03
4.651229861513e+00 4.835147100288e+00 -5.000000000000e-03
2.353522381933e+00 4.344860642531e+00 -5.000000000000e-03
1.273001016060e+00 1.720222923960e+00 -5.000000000000e-03
4.149105798642e+00 4.456107564263e+00 -5.000000000000e-03
5.984403368235e+00 2.951848452981e+00 -5.000000000000e-03
2.780275564924e+00 2.698787238566e+00 -5.000000000000e-03
1.507767877890e+00 2.945083153729e+00 -5.000000000000e-03
2.207699440132e+00 2.355983554238e+00 -5.000000000000e-03
1.531667364200e+00 3.948329265077e+00 -5.000000000000e-03
3.947597800746e+00 3.907721922605e+00 -5.000000000000e-03
1.758142833141e+00 3.029102408761e+00 -5.000000000000e-03
4.508896213012e+00 6.101308428546e+00 -5.000000000000e-03
1.346379776420e+00 3.158344016558e+00 -5.000000000000e-03
2.313625989386e+00 1.624789520099e+00 -5.000000000000e-03
3.426973628420e+00 4.338709527240e+00 -5.000000000000e-03
5.363165544211e+00 4.390899351286e+00 -5.000000000000e-03
4.967019778679e+00 5.921701932031e+00 -5.000000000000e-03
5.444017964291e+00 1.180746703863e+00 -5.000000000000e-03
1.500555294756e+00 2.401186314409e+00 -5.000000000000e-03
4.395108260457e+00 5.112540870978e+00 -5.000000000000e-03
1.326119090535e+00 4.367469154955e+00 -5.000000000000e-03
4.902653541551e+00 1.795879442723e-01 -5.000000000000e-03
7.258002371835e-01 4.993940293142e-01 -5.000000000000e-03
6.095480991693e+00 4.777642393251e+00 -5.000000000000e-03
3.933479702217e+00 4.487732247592e+00 -5.000000000000e-03
3.242704065217e+00 5.397165828109e+00 -5.000000000000e-03
2.544402794960e+00 1.651911981571e+00 -5.000000000000e-03
4.715181492917e+00 1.183477659657e+00 -5.000000000000e-03
4.927765516072e+00 4.627863148496e+00 -5.000000000000e-03
4.781791822207e+00 5.434885240851e+00 -5.000000000000e-03
4.100104515192e+00 8.854161577912e-01 -5.000000000000e-03
2.624712507216e+00 1.341738651705e+00 -5.000000000000e-03
3.349759989482e+00 1.780464869590e+00 -5.000000000000e-03
1.009966235417e+00 1.347150309653e+00 -5.000000000000e-03
6.054060856340e+00 1.385777634742e+00 -5.000000000000e-03
1.768365662594e+00 9.221089326209e-01 -5.000000000000e-03
2.494691044955e+00 1.000010831381e+00 -5.000000000000e-03
2.610748454109e+00 1.415136501041e+00 -5.000000000000e-03
1.757806732377e+00 1.399448246745e+00 -5.000000000000e-03
5.266015239289e-01 4.902727522489e+00 -5.000000000000e-03
1.303933211675e+00 4.342340131310e+00 -5.000000000000e-03
4.243361010236e+00 3.213648576120e+00 -5.000000000000e-03
2.371371059033e+00 5.173212368627e+00 -5.000000000000e-03
5.525733709647e+00 3.861719127019e+00 -5.000000000000e-03
4.899836400772e+00 4.647973286830e+00 -5.000000000000e-03
9.979624313015e-01 6.051705053849e+00 -5.000000000000e-03
1.288426558637e+00 1.883799442986e+00 -5.000000000000e-03
4.960639251489e+00 3.319142724229e-01 -5.000000000000e-03
8.029829679074e-01 3.432786187408e+00 -5.000000000000e-03
9.034064570498e-01 5.941891544484e+00 -5.000000000000e-03
1.201811404297e+00 2.080477805634e+00 -5.000000000000e-03
3.476075306364e+00 3.198750048498e+00 -5.000000000000e-03
4.434303470498e+00 5.102930919312e-01 -5.000000000000e-03
3.176370483757e+00 3.562039679845e+00 -5.000000000000e-03
2.111229840269e+00 5.812237559580e+00 -5.000000000000e-03
3.971376865913e-01 1.519185149617e-02 -5.000000000000e-03
4.490531332253e+00 2.645922164472e+00 -5.000000000000e-03
3.259125521361e+00 5.487028674311e-01 -5.000000000000e-03
6.568404325086e-01 4.292447662221e+00 -5.000000000000e-03
5.738138854998e+00 2.791239432564e+00 -5.000000000000e-03
1.048314299856e+00 3.329201327152e+00 -5.000000000000e-03
8.907367348408e-01 3.362796947955e+00 -5.000000000000e-03
8.822822821399e-01 4.667225349546e+00 -5.000000000000e-03
1.311025069582e+00 5.195731887855e+00 -5.000000000000e-03
2.242811033500e-01 5.812038195227e+00 -5.000000000000e-03
5.120021629381e+00 5.493010096237e-01 -5.000000000000e-03
4.056655922189e+00 2.302217095785e+00 -5.000000000000e-03
1.605780890764e+00 3.921352208243e+00 -5.000000000000e-03
4.336762483224e+00 3.527584641177e+00 -5.000000000000e-03
5.425197079776e+00 8.942490669895e-01 -5.000000000000e-03
4.001576042509e+00 4.248269699883e+00 -5.000000000000e-03
1.417712757660e+00 5.897744998698e+00 -5.000000000000e-03
5.492396918470e+00 2.809613594164e+00 -5.000000000000e-03
1.044577369451e+00 6.025746903524e+00 -5.000000000000e-03
2.291398588614e-01 4.760431610866e+00 -5.000000000000e-03
3.235651714385e+00 2.705277383516e+00 -5.000000000000e-03
1.476383581503e+00 6.078171076232e+00 -5.000000000000e-03
4.462177331139e+00 2.574712415914e+00 -5.000000000000e-03
1.871844229178e+00 1.802923263321e+00 -5.000000000000e-03
3.884402999432e+00 4.168602542632e+00 -5.000000000000e-03
2.896839129394e-01 1.473994564719e+00 -5.000000000000e-03
1.669805316541e+00 3.789190150850e+00 -5.000000000000e-03
2.530208298654e+00 2.103313918492e+00 -5.000000000000e-03
9.739410087489e-01 2.371912320833e+00 -5.000000000000e-03
2.407089263869e+00 5.022220042091e+00 -5.000000000000e-03
9.277865567152e-01 5.823698935628e+00 -5.000000000000e-03
5.316464193500e+00 9.690752165429e-02 -5.000000000000e-03
4.572114390179e+00 1.928638638694e+00 -5.000000000000e-03
4.145533175140e+00 4.695726280472e-01 -5.000000000000e-03
1.252646771072e-01 6.090667158985e-01 -5.000000000000e-03
2.376404519057e+00 5.738152450416e+00 -5.000000000000e-03
6.126538792126e+00 3.461372470604e+00 -5.000000000000e-03
5.296801975382e+00 1.679720734814e+00 -5.000000000000e-03
4.942678591762e+00 3.259542102971e+00 -5.000000000000e-03
5.890274939520e+00 5.488597981746e+00 -5.000000000000e-03
1.886068535461e+00 3.149264985148e+00 -5.000000000000e-03
2.055093847366e+00 2.232913504099e-01 -5.000000000000e-03
3.407562398111e+00 4.134280961527e+00 -5.000000000000e-03
2.079334522300e+00 1.962266727055e+00 -5.000000000000e-03
6.200387120157e+00 4.140287964209e+00 -5.000000000000e-03
