4.168463356633e+00 7.677308655684e-01 5.000000000000e-03
3.746107609307e-02 5.337149751240e+00 5.000000000000e-03
3.839445792683e+00 3.120884398817e+00 5.000000000000e-03
2.219448308125e+00 4.642740207796e+00 5.000000000000e-03
2.634733654644e+00 3.636128018118e+00 5.000000000000e-03
4.071869781277e+00 5.868742702772e+00 5.000000000000e-03
3.589353102788e+00 3.798277601312e+00 5.000000000000e-03
1.228820397353e-01 4.419400308424e+00 5.000000000000e-03
6.637373835939e-01 4.916145662923e+00 5.000000000000e-03
4.988073688944e+00 4.820575614673e+00 5.000000000000e-03
3.844997762332e+00 5.140366262075e+00 5.000000000000e-03
7.941031932538e-01 3.271103847074e+00 5.000000000000e-03
5.972416502010e+00 4.688631264659e+00 5.000000000000e-03
5.884874122571e+00 3.130018502455e-01 5.000000000000e-03
1.198653817644e+00 1.878056210508e+00 5.000000000000e-03
4.154867224860e+00 1.445797511054e+00 5.000000000000e-03
3.928767881994e+00 2.749842473199e+00 5.000000000000e-03
2.032878409671e+00 4.036390777917e+00 5.000000000000e-03
3.133360506608e+00 3.370583701475e+00 5.000000000000e-03
5.391848494345e+00 2.929511228379e+00 5.000000000000e-03
3.877272963367e+00 3.306600187698e+00 5.000000000000e-03
9.585623499025e-01 4.421001575999e+00 5.000000000000e-03
5.908834188771e+00 4.946517831966e+00 5.000000000000e-03
2.594358708257e+00 1.022705940729e+00 5.000000000000e-03
3.932072121441e+00 6.787669120773e-01 5.000000000000e-03
3.694887534352e+00 4.397622988513e+00 5.000000000000e-03
3.725216459640e+00 3.400288166449e+00 5.000000000000e-03
6.139277017624e-01 4.748571964107e+00 5.000000000000e-03
2.677212594852e+00 2.454429264144e+00 5.000000000000e-03
2.847227418504e+00 2.873416336694e+00 5.000000000000e-03
9.379775878279e-01 3.574670547791e+00 5.000000000000e-03
5.960659644540e+00 4.590136343824e+00 5.000000000000e-03
2.540555195401e+00 3.898608769955e+00 5.000000000000e-03
3.429335644837e+00 2.913448474441e+00 5.000000000000e-03
2.363476775004e+00 6.121184920070e+00 5.000000000000e-03
5.723556778928e+00 6.189044974410e+00 5.000000000000e-03
3.107927750486e-01 3.570009664891e-01 5.000000000000e-03
5.285954770389e+00 2.122449394222e+00 5.000000000000e-03
5.500404666870e+00 5.917034686869e+00 5.000000000000e-03
7.500308020621e-01 3.749428082819e+00 5.000000000000e-03
6.832507494414e-02 1.621583209376e+00 5.000000000000e-03
2.078608728283e+00 3.541540632092e-01 5.000000000000e-03
6.362035511351e-01 4.519486236161e+00 5.000000000000e-03
6.020312385964e-01 1.630328563775e+00 5.000000000000e-03
5.542721149409e+00 4.670567767760e+00 5.000000000000e-03
3.646668378188e-01 3.283191464282e-01 5.000000000000e-03
4.789113478299e+00 4.192678966345e+00 5.000000000000e-03
2.517044524266e+00 4.789838284565e+00 5.000000000000e-03
2.257918312634e+00 3.129902089850e+00 5.000000000000e-03
2.962578377818e+00 2.633794602982e+00 5.000000000000e-03
6.241684059540e+00 4.322646806101e+00 5.000000000000e-03
4.861603527764e-01 2.221416325213e-01 5.000000000000e-03
3.326773927705e+00 8.250331057112e-01 5.000000000000e-03
3.243348849217e+00 1.185894670806e+00 5.000000000000e-03
3.284800606255e+00 4.874723774537e+00 5.000000000000e-03
5.719203887323e+00 4.441900178617e+00 5.000000000000e-03
5.542695461643e+00 2.745818584343e-02 5.000000000000e-03
4.183622002454e+00 5.201670562956e+00 5.000000000000e-03
4.735607672433e+00 9.561505096846e-01 5.000000000000e-03
5.187062252642e+00 1.532111571645e+00 5.000000000000e-03
5.870627517738e+00 5.417906952955e+00 5.000000000000e-03
5.265907713865e+00 4.281803580942e+00 5.000000000000e-03
1.481986885140e-01 1.489183965091e+00 5.000000000000e-03
8.274395041975e-01 4.619942931119e-02 5.000000000000e-03
2.512336640121e+00 6.180973343764e+00 5.000000000000e-03
4.898287505312e+00 2.450274029951e+00 5.000000000000e-03
5.540690986204e+00 5.858925698241e+00 5.000000000000e-03
6.222818561702e+00 4.558864828973e+00 5.000000000000e-03
3.503492298387e+00 2.881819023288e+00 5.000000000000e-03
4.287901334929e+00 5.407630339336e-01 5.000000000000e-03
6.806197634474e-01 5.391113253571e+00 5.000000000000e-03
5.360683137825e+00 4.120584450116e+00 5.000000000000e-03
5.436337236261e+00 2.091225075734e+00 5.000000000000e-03
1.291817649333e+00 4.451093435010e+00 5.000000000000e-03
5.852459100366e+00 5.730239792869e+00 5.000000000000e-03
1.467783617007e+00 3.872042299134e+00 5.000000000000e-03
7.447591873978e-01 1.158406182759e-01 5.000000000000e-03
2.165498564789e+00 1.794189016754e+00 5.000000000000e-03
2.355768730343e+00 5.214226038115e+00 5.000000000000e-03
2.631537986453e+00 7.621439939251e-01 5.000000000000e-03
6.254454573981e+00 4.168629117466e-01 5.000000000000e-03
3.388240082206e+00 9.351637939235e-01 5.000000000000e-03
4.041169087818e+00 3.184866202388e+00 5.000000000000e-03
2.020117371957e+00 2.657886725964e+00 5.000000000000e-03
4.727976030509e+00 1.718439362120e+00 5.000000000000e-03
2.537836115530e+00 4.320475493980e+00 5.000000000000e-03
5.228432251302e+00 5.331201014007e+00 5.000000000000e-03
4.536923300809e+00 6.776224896320e-01 5.000000000000e-03
6.697731888592e-01 4.672944872119e+00 5.000000000000e-03
3.235996682563e+00 2.402160225429e+00 5.000000000000e-03
2.767548209060e+00 6.157483875061e+00 5.000000000000e-03
5.786878723953e+00 1.829849969820e+00 5.000000000000e-03
4.170023399330e+00 9.903880209278e-02 5.000000000000e-03
1.568197144199e+00 6.275259072886e+00 5.000000000000e-03
3.716529798992e+00 2.171092904263e-01 5.000000000000e-03
4.497374231353e-01 5.441131347232e+00 5.000000000000e-03
4.427768048757e+00 2.460214980389e+00 5.000000000000e-03
3.169538251957e+00 5.860290190566e+00 5.000000000000e-03
5.230255952509e+00 5.247822038218e+00 5.000000000000e-03
5.984733614302e+00 4.437262231977e+00 5.000000000000e-03
1.023722300350e+00 5.186310116423e+00 -5.000000000000e-03
6.033187962735e-01 9.271102553527e-01 -5.000000000000e-03
2.949817241725e+00 3.850007554692e+00 -5.000000000000e-03
1.308735600818e+00 5.357316883805e+00 -5.000000000000e-03
1.879250443768e+00 1.138475696081e+00 -5.000000000000e-03
4.659492019619e-01 5.101907872011e+00 -5.000000000000e-03
2.549738282170e+00 4.142033642928e+00 -5.000000000000e-03
5.237250086243e+00 5.279339770589e-01 -5.000000000000e-03
5.544221689716e+00 2.732057929576e+00 -5.000000000000e-03
4.122175196601e+00 3.898544914083e+00 -5.000000000000e-03
3.922933279788e+00 5.012563017999e+00 -5.000000000000e-03
3.959761107020e+00 5.485823992066e+00 -5.000000000000e-03
4.370828984650e+00 3.323967958513e+00 -5.000000000000e-03
1.245204063691e+00 1.486218178301e+00 -5.000000000000e-03
6.308861123108e-01 3.121121782668e+00 -5.000000000000e-03
2.446582392801e+00 6.044891148656e-01 -5.000000000000e-03
3.450228602373e+00 4.723037187518e+00 -5.000000000000e-03
3.933641065471e+00 4.696273617257e+00 -5.000000000000e-03
2.919702426493e+00 1.848690647249e+00 -5.000000000000e-03
1.631350011121e+00 5.058139896869e+00 -5.000000000000e-03
5.124684178577e+00 6.018093097684e-01 -5.000000000000e-03
3.238844282033e-01 5.979185336033e+00 -5.000000000000e-03
6.044369065647e+00 5.615859278390e+00 -5.000000000000e-03
6.158275121150e-01 3.303947487310e+00 -5.000000000000e-03
1.841165811513e+00 5.457072912951e+00 -5.000000000000e-03
4.516517977496e+00 2.116803659395e+00 -5.000000000000e-03
6.269150260601e+00 5.608330431985e+00 -5.000000000000e-03
4.590407058185e+00 4.549022452435e+00 -5.000000000000e-03
1.607019966738e-02 5.602213341547e+00 -5.000000000000e-03
5.166258694169e+00 3.618203362766e+00 -5.000000000000e-03
5.171327760290e+00 5.296246599873e+00 -5.000000000000e-03
1.118517087563e+00 1.646456586065e+00 -5.000000000000e-03
1.223898877972e+00 1.059315916371e+00 -5.000000000000e-03
5.010585070520e+00 5.654629229238e+00 -5.000000000000e-03
2.423750470648e+00 2.439992083399e-01 -5.000000000000e-03
6.171671838698e+00 1.896564353191e+00 -5.000000000000e-03
1.855201648787e+00 1.289811923049e+00 -5.000000000000e-03
1.924726095550e+00 4.297640240199e+00 -5.000000000000e-03
1.649885575510e+00 3.164882664947e+00 -5.000000000000e-03
4.610316550501e+00 3.998801864553e+00 -5.000000000000e-03
4.827427996526e+00 3.246438932442e+00 -5.000000000000e-03
1.953050957226e+00 1.517320642864e+00 -5.000000000000e-03
1.366694797674e+00 6.266017088102e+00 -5.000000000000e-03
4.506348904685e+00 6.593241655303e-01 -5.000000000000e-03
4.857511183537e+00 2.172105091556e+00 -5.000000000000e-03
4.538693301747e-01 2.670909308618e+00 -5.000000000000e-03
3.633950556026e+00 2.599899666224e+00 -5.000000000000e-03
5.916618276762e+00 6.136635759785e+00 -5.000000000000e-03
4.333101392109e+00 2.076083577011e-01 -5.000000000000e-03
3.879191502359e-01 5.989351995608e+00 -5.000000000000e-03
2.965520404874e+00 2.038129738244e+00 -5.000000000000e-03
2.938774080079e+00 5.050393087663e+00 -5.000000000000e-03
1.836389617539e+00 5.894897176170e+00 -5.000000000000e-03
4.326904125267e+00 3.729334102106e+00 -5.000000000000e-03
5.891310603486e+00 1.114272113453e+00 -5.000000000000e-03
5.936524878972e+00 3.998092140071e+00 -5.000000000000e-03
1.004780311504e-03 2.227090224063e+00 -5.000000000000e-03
4.723139493968e+00 1.260453146045e+00 -5.000000000000e-03
2.608509626000e+00 6.223617161040e+00 -5.000000000000e-03
5.298412978038e+00 3.893403291288e+00 -5.000000000000e-03
5.363473183659e+00 2.796795604440e+00 -5.000000000000e-03
3.744218334766e+00 1.404992521754e-01 -5.000000000000e-03
5.147186047231e+00 4.588872413115e+00 -5.000000000000e-03
6.033535311793e+00 4.682643227855e+00 -5.000000000000e-03
6.156391204927e+00 1.789886290724e+00 -5.000000000000e-03
1.553349429509e+00 3.039116624183e+00 -5.000000000000e-03
3.647989633368e-01 4.240750198407e+00 -5.000000000000e-03
4.264343865259e+00 4.726961090234e+00 -5.000000000000e-03
6.121496692064e+00 5.922102676199e+00 -5.000000000000e-03
1.704422248674e+00 4.124813432102e-01 -5.000000000000e-03
6.047473498631e+00 6.028669441000e-01 -5.000000000000e-03
3.469671030060e+00 8.536092198181e-01 -5.000000000000e-03
2.714003729359e+00 5.086267724656e+00 -5.000000000000e-03
5.255040794147e+00 1.771468805761e+00 -5.000000000000e-03
3.705774962808e+00 4.091993330975e+00 -5.000000000000e-03
1.614495201487e+00 5.914889324940e+00 -5.000000000000e-03
4.572553863900e+00 5.861980355222e-01 -5.000000000000e-03
5.185573746288e+00 5.073314024891e-01 -5.000000000000e-03
5.294588075125e+00 5.114003931577e+00 -5.000000000000e-03
5.068049157093e-01 4.581264195941e+00 -5.000000000000e-03
4.116284060138e+00 5.086202012844e+00 -5.000000000000e-03
1.478528282203e+00 1.341276292580e+00 -5.000000000000e-03
5.796851979418e+00 1.637885793739e+00 -5.000000000000e-03
8.166074193826e-01 2.564329806488e+00 -5.000000000000e-03
2.310346396938e+00 3.039593558451e+00 -5.000000000000e-03
5.126974119473e+00 3.509414721768e+00 -5.000000000000e-03
1.035193964376e+00 3.467202752124e+00 -5.000000000000e-03
1.368786854433e+00 2.040356045006e+00 -5.000000000000e-03
2.416219075949e+00 1.051169090662e+00 -5.000000000000e-03
4.639649726199e+00 3.063881339091e+00 -5.000000000000e-03
3.510899935451e+00 3.827377036131e+00 -5.000000000000e-03
2.823972762813e+00 5.113994120764e-01 -5.000000000000e-03
4.115819746761e-01 3.686403788155e+00 -5.000000000000e-03
4.243118125164e+00 5.858750840835e+00 -5.000000000000e-03
3.555162746715e+00 5.482516305929e+00 -5.000000000000e-03
6.073644468364e+00 4.961735624592e+00 -5.000000000000e-03
3.287792705881e+00 2.288487598981e+00 -5.000000000000e-03
3.683507967773e+00 3.940624804700e+00 -5.000000000000e-03
3.289787657350e+00 5.221307235423e+00 -5.000000000000e-03
1.472260877805e+00 2.235797289755e+00 -5.000000000000e-03
