1.893330911281e+00 1.457773131134e+00 5.000000000000e-03
3.178678364440e+00 3.463690366263e+00 5.000000000000e-03
2.048984185532e+00 4.250492193759e+00 5.000000000000e-03
3.843901243562e+00 5.567063463097e+00 5.000000000000e-03
3.363180572988e+00 5.473661834230e+00 5.000000000000e-03
1.672145346471e+00 5.020803673781e-01 5.000000000000e-03
4.783147716575e+00 4.996832750902e+00 5.000000000000e-03
2.146004106769e+00 5.993461421825e+00 5.000000000000e-03
5.413621631132e-01 5.654750938362e+00 5.000000000000e-03
2.009657724298e+00 5.311624869865e+00 5.000000000000e-03
1.653213024317e+00 5.266803411512e+00 5.000000000000e-03
4.294339809823e-01 3.100568933225e+00 5.000000000000e-03
6.250171675028e+00 1.960459965701e+00 5.000000000000e-03
2.457752639667e+00 2.414975953824e+00 5.000000000000e-03
4.652422292069e-02 5.978054975141e-02 5.000000000000e-03
7.066638321392e-01 4.959486084428e+00 5.000000000000e-03
2.479583561333e-01 6.107784345825e+00 5.000000000000e-03
7.060823937470e-01 3.439825364531e+00 5.000000000000e-03
5.058017308506e+00 7.351374359731e-01 5.000000000000e-03
4.645069670824e+00 2.987897804407e-01 5.000000000000e-03
3.484710888863e+00 4.122062487473e-01 5.000000000000e-03
3.567414812382e+00 1.360787819152e+00 5.000000000000e-03
6.025805046047e+00 4.755306646231e+00 5.000000000000e-03
1.804557013526e+00 5.862232700814e+00 5.000000000000e-03
2.151631711210e+00 4.289443235481e+00 5.000000000000e-03
6.132467903287e+00 3.996960223739e-01 5.000000000000e-03
1.607665937321e+00 3.324541785168e+00 5.000000000000e-03
2.168623542246e+00 4.577357035149e+00 5.000000000000e-03
5.570656213138e+00 3.783122192761e+00 5.000000000000e-03
4.902039207817e-01 9.574987951647e-01 5.000000000000e-03
9.922529460770e-01 6.681399004498e-01 5.000000000000e-03
3.094880064390e+00 3.400504484341e-01 5.000000000000e-03
1.430499822158e+00 2.321410019553e+00 5.000000000000e-03
4.922822852524e+00 5.571516587037e+00 5.000000000000e-03
5.833675329601e-01 3.144769408502e+00 5.000000000000e-03
4.601534034481e+00 1.844241800731e+00 5.000000000000e-03
2.352193136162e+00 2.328294375773e+00 5.000000000000e-03
3.102505479992e+00 6.093846399852e-01 5.000000000000e-03
2.448298027195e+00 2.639579510067e+00 5.000000000000e-03
5.916948597731e+00 1.588477265142e+00 5.000000000000e-03
2.730225153577e+00 2.928555362608e+00 5.000000000000e-03
2.540825228043e+00 4.888886719147e+00 5.000000000000e-03
3.030494079877e-01 6.246197934030e+00 5.000000000000e-03
5.581630430471e+00 5.848404583576e+00 5.000000000000e-03
1.566635357238e+00 5.275486771462e+00 5.000000000000e-03
6.225445006574e+00 1.662450206312e+00 5.000000000000e-03
3.010593610722e+00 3.689756581742e+00 5.000000000000e-03
5.420270141450e+00 6.142980474146e+00 5.000000000000e-03
1.031547329396e+00 3.849011283102e+00 5.000000000000e-03
2.144634058854e+00 4.144206326704e+00 5.000000000000e-03
2.141105155552e+00 4.188378439853e+00 5.000000000000e-03
1.605794472701e+00 4.813498623712e+00 5.000000000000e-03
4.478526125738e+00 3.004626591695e+00 5.000000000000e-03
2.662293228901e-01 1.819939074633e+00 5.000000000000e-03
4.385702139192e+00 3.495672025282e+00 5.000000000000e-03
4.890529691702e+00 2.299081219233e+00 5.000000000000e-03
2.385242154451e+00 3.558211600050e+00 5.000000000000e-03
2.871647947215e+00 5.762188689913e+00 5.000000000000e-03
5.498136931877e+00 7.698552686362e-01 5.000000000000e-03
3.213591754166e+00 1.420546769172e+00 5.000000000000e-03
4.794495144552e-01 5.363541118388e+00 5.000000000000e-03
5.426706277344e-01 5.368175198033e+00 5.000000000000e-03
5.593519808638e+00 4.606774849867e+00 5.000000000000e-03
2.825926503920e+00 1.452059707665e+00 5.000000000000e-03
1.797740153772e+00 2.893438313175e+00 5.000000000000e-03
5.566292613186e+00 5.190148572328e+00 5.000000000000e-03
2.009748560327e+00 7.928490487345e-01 5.000000000000e-03
3.398933777048e+00 3.556749903151e+00 5.000000000000e-03
6.277034198957e+00 3.991384929003e+00 5.000000000000e-03
4.211776859606e+00 6.106643808200e+00 5.000000000000e-03
1.443057461874e+00 4.985230172310e+00 5.000000000000e-03
9.098234619810e-01 3.349604267810e+00 5.000000000000e-03
5.900297797716e+00 3.415500686094e+00 5.000000000000e-03
3.853079773052e+00 3.070002042003e+00 5.000000000000e-03
4.968019223016e+00 5.205039417035e+00 5.000000000000e-03
6.170998362443e+00 2.266689965608e+00 5.000000000000e-03
3.394883046256e+00 2.565147781012e+00 5.000000000000e-03
5.173630563628e+00 3.526178599706e+00 5.000000000000e-03
2.621110028305e+00 1.342449335747e+00 5.000000000000e-03
6.085139405063e+00 2.644001930932e+00 5.000000000000e-03
4.440093730026e+00 2.191909255067e+00 5.000000000000e-03
3.597106248359e+00 4.942610424972e+00 5.000000000000e-03
1.261696228494e+00 5.313517713114e+00 5.000000000000e-03
3.979212982080e+00 2.002107887443e+00 5.000000000000e-03
1.773588099592e+00 4.907638713598e+00 5.000000000000e-03
1.870469010942e+00 2.699506316838e+00 5.000000000000e-03
2.425547485778e+00 6.091222439371e+00 5.000000000000e-03
5.081809197869e+00 2.232022069544e+00 5.000000000000e-03
1.004416711618e+00 8.722133959856e-01 5.000000000000e-03
1.896338406409e+00 2.575016853025e+00 5.000000000000e-03
1.537318304130e+00 4.017433166239e+00 5.000000000000e-03
5.332426887048e+00 3.233800018904e+00 5.000000000000e-03
2.294979507431e+00 4.676491949868e-01 5.000000000000e-03
1.041882047095e+00 4.058242280832e+00 5.000000000000e-03
1.379661814653e+00 3.573312233261e-01 5.000000000000e-03
2.016319006195e+00 2.999703124368e+00 5.000000000000e-03
2.824301557577e+00 4.767913503118e+00 5.000000000000e-03
2.648283666829e+00 4.516941386373e+00 5.000000000000e-03
3.094421780282e-01 3.318320378694e+00 5.000000000000e-03
5.494311515236e+00 2.437647262303e+00 5.000000000000e-03
5.458204329898e+00 5.479319910594e+00 -5.000000000000e-03
1.650927888820e+00 1.443556004391e+00 -5.000000000000e-03
4.535915252050e+00 4.573318952399e+00 -5.000000000000e-03
3.237908420773e+00 4.122509740402e+00 -5.000000000000e-03
5.867679300965e+00 1.520454984013e+00 -5.000000000000e-03
5.426749447846e+00 5.205377382109e-01 -5.000000000000e-03
2.704584608461e+00 3.942989176507e+00 -5.000000000000e-03
7.353103026768e-01 1.876726829102e+00 -5.000000000000e-03
7.962076843814e-01 7.969571889525e-01 -5.000000000000e-03
5.726348649382e+00 2.100291969445e+00 -5.000000000000e-03
5.207603065363e+00 1.702378150111e+00 -5.000000000000e-03
5.896255340944e+00 4.778629883464e+00 -5.000000000000e-03
1.018832200102e+00 4.235570400722e+00 -5.000000000000e-03
5.044575436881e+00 4.428489919447e+00 -5.000000000000e-03
4.898371708177e+00 2.617056067627e+00 -5.000000000000e-03
5.583648226119e+00 5.631190642836e+00 -5.000000000000e-03
6.175014887509e+00 9.294758803556e-01 -5.000000000000e-03
4.925952718120e+00 2.423833685643e+00 -5.000000000000e-03
3.144440390800e+00 1.484419737989e-01 -5.000000000000e-03
3.172161182566e+00 5.304745047583e+00 -5.000000000000e-03
5.985066821857e+00 5.953865749787e+00 -5.000000000000e-03
2.969581638392e+00 4.024267029022e+00 -5.000000000000e-03
2.484691910850e+00 4.316959903428e+00 -5.000000000000e-03
3.384913578668e+00 5.448551168553e+00 -5.000000000000e-03
2.174588127680e-02 2.742951096348e+00 -5.000000000000e-03
3.992613543213e+00 5.451956780657e+00 -5.000000000000e-03
9.094594445894e-01 5.315675207795e+00 -5.000000000000e-03
1.455268331923e-01 3.071877943538e+00 -5.000000000000e-03
2.466300999605e+00 6.168643155941e+00 -5.000000000000e-03
5.539813627187e+00 4.308990469465e+00 -5.000000000000e-03
1.290574267413e+00 4.193822409657e+00 -5.000000000000e-03
1.830416462664e+00 1.196483738532e-01 -5.000000000000e-03
5.076841924223e+00 3.143054839001e+00 -5.000000000000e-03
6.174935019547e+00 4.177810022211e+00 -5.000000000000e-03
2.781887832539e+00 5.031642925895e-01 -5.000000000000e-03
2.322591913973e+00 6.119586702931e+00 -5.000000000000e-03
2.736520939213e+00 1.146906477625e+00 -5.000000000000e-03
3.515529605295e+00 3.939317518477e-01 -5.000000000000e-03
4.236580929029e+00 2.263154492894e+00 -5.000000000000e-03
5.916811078797e+00 4.257157793017e+00 -5.000000000000e-03
2.822229598406e+00 5.311797694698e+00 -5.000000000000e-03
4.668928938966e+00 1.569507604188e+00 -5.000000000000e-03
3.150853836583e+00 3.604518832565e-01 -5.000000000000e-03
5.239298914117e+00 1.625915356214e+00 -5.000000000000e-03
4.441373012324e+00 2.277401073196e+00 -5.000000000000e-03
1.336021891060e-01 9.175402642427e-02 -5.000000000000e-03
1.071320095700e+00 1.733726577812e-01 -5.000000000000e-03
1.493159181304e+00 1.283311364356e+00 -5.000000000000e-03
6.010032974328e+00 5.886272149841e+00 -5.000000000000e-03
4.699628162980e-01 4.772120121507e+00 -5.000000000000e-03
3.498189222711e+00 4.687828483498e+00 -5.000000000000e-03
9.019790025071e-01 7.407962041522e-03 -5.000000000000e-03
2.619418627209e+00 3.535166516912e+00 -5.000000000000e-03
5.235512614992e+00 3.613594363000e+00 -5.000000000000e-03
1.963399600550e+00 2.021118560798e+00 -5.000000000000e-03
2.827826212319e-01 6.062469088355e+00 -5.000000000000e-03
4.275399210593e-01 1.890246227588e+00 -5.000000000000e-03
2.807102118981e+00 2.921072628287e+00 -5.000000000000e-03
6.056034847555e+00 1.764338393609e+00 -5.000000000000e-03
2.506737795586e+00 3.238285147508e+00 -5.000000000000e-03
5.525801169301e+00 4.457139231484e+00 -5.000000000000e-03
5.505429599594e+00 1.656475583770e+00 -5.000000000000e-03
4.166641801928e+00 2.621534372565e+00 -5.000000000000e-03
3.581367210435e+00 7.297871861954e-02 -5.000000000000e-03
4.924483033913e-01 1.142342165315e+00 -5.000000000000e-03
5.037417560055e+00 6.237699951586e+00 -5.000000000000e-03
5.815031020437e+00 1.991242763122e+00 -5.000000000000e-03
4.119874539693e+00 2.580239946572e+00 -5.000000000000e-03
4.129104647108e+00 5.761032135185e+00 -5.000000000000e-03
5.031204473958e+00 7.291415621218e-01 -5.000000000000e-03
4.423603618263e+00 2.217064631686e+00 -5.000000000000e-03
5.965070682367e+00 1.660343907858e+00 -5.000000000000e-03
3.495610373347e+00 1.704468043846e+00 -5.000000000000e-03
2.479212002788e+00 4.882243286909e+00 -5.000000000000e-03
1.069046293607e+00 1.508084668744e+00 -5.000000000000e-03
3.134424183802e+00 1.223431326027e+00 -5.000000000000e-03
1.443210785508e+00 4.316769825820e+00 -5.000000000000e-03
4.385389255433e+00 3.146923959090e+00 -5.000000000000e-03
7.285602313431e-01 6.013914628696e+00 -5.000000000000e-03
2.898409336793e-01 5.306127581289e+00 -5.000000000000e-03
2.386560557607e+00 8.031913406365e-01 -5.000000000000e-03
2.656377776789e+00 1.542849969905e-01 -5.000000000000e-03
1.942591781239e+00 5.899681506344e+00 -5.000000000000e-03
3.730425706402e+00 6.274628148465e+00 -5.000000000000e-03
1.260276017646e-02 5.127057545138e+00 -5.000000000000e-03
2.658173292375e+00 3.396110267333e+00 -5.000000000000e-03
4.223825898968e+00 6.078520073139e-01 -5.000000000000e-03
4.782497742854e+00 1.495699256192e+00 -5.000000000000e-03
5.031135405635e+00 2.638875364485e+00 -5.000000000000e-03
1.983989760052e+00 5.608713044152e+00 -5.000000000000e-03
3.509386794136e+00 6.112199145750e+00 -5.000000000000e-03
6.401382272713e-01 5.572031549373e+00 -5.000000000000e-03
4.178618534845e+00 6.009415232459e+00 -5.000000000000e-03
1.521097315663e+00 2.908061223614e+00 -5.000000000000e-03
5.474497117491e+00 4.660911755908e+00 -5.000000000000e-03
4.530316034785e+00 3.594541786670e+00 -5.000000000000e-03
9.941660318561e-01 5.583205658491e+00 -5.000000000000e-03
2.883585524306e+00 3.995306718847e+00 -5.000000000000e-03
1.815668543008e+00 2.276793231900e+00 -5.000000000000e-03
5.584907670429e-01 4.203152599539e+00 -5.000000000000e-03
