2.245147284430e+00 1.694385652293e+00 5.000000000000e-03
8.886900606336e-02 6.275177058833e+00 5.000000000000e-03
1.371593926966e+00 2.489679903742e+00 5.000000000000e-03
3.525101877297e+00 4.659291887247e+00 5.000000000000e-03
9.015290840333e-01 8.653604218321e-01 5.000000000000e-03
3.888374747037e+00 2.139360284768e+00 5.000000000000e-03
2.103835561528e+00 1.241155888966e+00 5.000000000000e-03
1.175230788792e+00 1.693235017951e+00 5.000000000000e-03
3.976791344704e+00 4.949208879523e+00 5.000000000000e-03
3.888091167966e+00 4.851214322528e-01 5.000000000000e-03
1.174793850754e+00 2.885033169927e+00 5.000000000000e-03
1.696449975163e+00 3.694069385188e+00 5.000000000000e-03
4.480731804796e+00 3.190480333355e+00 5.000000000000e-03
3.243083988953e+00 6.236709691205e+00 5.000000000000e-03
9.543567352820e-01 1.434578178612e+00 5.000000000000e-03
2.353314640209e+00 2.253373337715e+00 5.000000000000e-03
2.826461631497e+00 2.025287409275e+00 5.000000000000e-03
3.792126135033e+00 5.625753414148e+00 5.000000000000e-03
4.038897753840e+00 2.571722420710e+00 5.000000000000e-03
1.933907589305e+00 2.960713925015e+00 5.000000000000e-03
1.326366880028e-01 1.413666160689e+00 5.000000000000e-03
3.675841901484e+00 5.622756033069e+00 5.000000000000e-03
3.121945759292e+00 6.257422849867e+00 5.000000000000e-03
7.976654555259e-01 1.319141979700e+00 5.000000000000e-03
2.096063226565e-02 1.678644125991e+00 5.000000000000e-03
2.261283979829e+00 2.599767964027e+00 5.000000000000e-03
4.168538732843e+00 3.910385468408e+00 5.000000000000e-03
4.161647315641e+00 1.910176067890e+00 5.000000000000e-03
3.212625103271e+00 5.449744385729e+00 5.000000000000e-03
2.459794681924e+00 3.996746097761e+00 5.000000000000e-03
4.505802380654e+00 4.777277927211e-01 5.000000000000e-03
2.729143433449e+00 2.619120950308e+00 5.000000000000e-03
3.053510479512e+00 3.126950957488e+00 5.000000000000e-03
2.331822785034e+00 5.092946397313e+00 5.000000000000e-03
3.625894881501e+00 5.095966190999e+00 5.000000000000e-03
3.599029947797e+00 1.418829201645e+00 5.000000000000e-03
3.960220039020e-01 2.116529167835e+00 5.000000000000e-03
3.123135411639e+00 6.157284966892e+00 5.000000000000e-03
3.708994646075e+00 4.636626204844e+00 5.000000000000e-03
4.906739275532e+00 3.430767518746e+00 5.000000000000e-03
5.690417198696e+00 8.030639202371e-01 5.000000000000e-03
1.726138824380e+00 5.259725244064e+00 5.000000000000e-03
5.058207708191e+00 2.180041880180e+00 5.000000000000e-03
4.782659183383e+00 6.015863952841e+00 5.000000000000e-03
2.966935590348e+00 2.247657161474e+00 5.000000000000e-03
3.752099822554e-01 2.167055441082e+00 5.000000000000e-03
2.634077316909e+00 3.039817209792e+00 5.000000000000e-03
4.166768458598e+00 1.780476557722e+00 5.000000000000e-03
2.767991134364e+00 7.849763597812e-01 5.000000000000e-03
3.001520971925e-01 6.150857173716e+00 5.000000000000e-03
2.260277036275e+00 5.877506114601e+00 5.000000000000e-03
8.782354921242e-01 4.886594524405e+00 5.000000000000e-03
5.265383321031e-01 4.042021227093e+00 5.000000000000e-03
4.087665350088e+00 8.096257018266e-01 5.000000000000e-03
6.152029047181e+00 4.078501851434e+00 5.000000000000e-03
5.424943883628e+00 4.325001893416e+00 5.000000000000e-03
3.575235932096e+00 8.637346825387e-01 5.000000000000e-03
5.715585134677e+00 1.537237998254e+00 5.000000000000e-03
5.262132356191e+00 2.268019959419e+00 5.000000000000e-03
6.229175534025e+00 3.780822177300e+00 5.000000000000e-03
1.600419073693e+00 5.934429655119e+00 5.000000000000e-03
2.913950516157e+00 4.827968427210e+00 5.000000000000e-03
3.401051477795e+00 9.953903785833e-01 5.000000000000e-03
4.637416405253e-01 2.178581801542e-01 5.000000000000e-03
1.918253696138e+00 2.691156920550e+00 5.000000000000e-03
1.867866932161e-01 6.207078237896e+00 5.000000000000e-03
3.558013361853e+00 5.539272782768e+00 5.000000000000e-03
2.762740940148e-02 2.603818083520e+00 5.000000000000e-03
1.529151384423e+00 4.883471234935e+00 5.000000000000e-03
4.564375802741e+00 1.329018507366e+00 5.000000000000e-03
1.427385466717e+00 5.542679405897e+00 5.000000000000e-03
3.022658286480e+00 2.358464986119e+00 5.000000000000e-03
3.605962659928e+00 3.700875352903e+00 5.000000000000e-03
3.560673279203e+00 2.956307403875e+00 5.000000000000e-03
4.765780963495e+00 5.116012180647e+00 5.000000000000e-03
4.345606048138e+00 1.184440426793e+00 5.000000000000e-03
1.209972618004e+00 4.355737459544e-01 5.000000000000e-03
2.998642601209e+00 2.783287939019e+00 5.000000000000e-03
5.313287597735e+00 2.134467090420e+00 5.000000000000e-03
2.618043540410e+00 4.629810706661e-01 5.000000000000e-03
3.234790291869e+00 4.806018100982e+00 5.000000000000e-03
5.547570689156e+00 3.506449739263e+00 5.000000000000e-03
5.861736498249e+00 6.282568186488e+00 5.000000000000e-03
4.312527346725e+00 2.760928015811e-01 5.000000000000e-03
5.077172379505e+00 3.926576932914e+00 5.000000000000e-03
6.087428749935e+00 2.446827618912e+00 5.000000000000e-03
1.150347053949e+00 5.171025769154e+00 5.000000000000e-03
4.038049813235e+00 4.710158939992e+00 5.000000000000e-03
2.424480504101e+00 4.719975506918e+00 5.000000000000e-03
5.555116426952e+00 2.932061788889e+00 5.000000000000e-03
5.903911454874e+00 3.373770568962e+00 5.000000000000e-03
3.501439230737e+00 5.189804348891e+00 5.000000000000e-03
2.487040771568e+00 3.394478201706e+00 5.000000000000e-03
4.501157050185e+00 5.190989665481e+00 5.000000000000e-03
1.417742543981e+00 5.089079331518e+00 5.000000000000e-03
2.170636756438e+00 5.850724517644e+00 5.000000000000e-03
2.316987225627e+00 4.640886956782e+00 5.000000000000e-03
4.459160959853e+00 1.786940364565e+00 5.000000000000e-03
3.083735530912e+00 5.998178354896e+00 5.000000000000e-03
9.751561389494e-01 6.093196734505e+00 5.000000000000e-03
2.455973115521e+00 1.598565358656e+00 -5.000000000000e-03
2.635730002933e+00 1.450726625329e+00 -5.000000000000e-03
2.171787336350e+00 1.937366459967e+00 -5.000000000000e-03
8.487016415266e-01 6.249232099998e+00 -5.000000000000e-03
1.482428871495e+00 1.793055710618e-01 -5.000000000000e-03
5.864751748622e+00 5.938209586824e+00 -5.000000000000e-03
3.452299010441e+00 1.271273794915e+00 -5.000000000000e-03
5.149311451702e+00 5.050993217224e+00 -5.000000000000e-03
9.698776039455e-01 2.612729400633e+00 -5.000000000000e-03
3.548008679765e+00 3.170494814250e+00 -5.000000000000e-03
2.599464767171e+00 3.953227232176e-01 -5.000000000000e-03
2.639959812839e-01 3.244461621291e+00 -5.000000000000e-03
3.594513795351e+00 3.456721240944e+00 -5.000000000000e-03
3.236773183172e+00 4.333693506171e+00 -5.000000000000e-03
2.352665880193e+00 7.394027534621e-01 -5.000000000000e-03
1.860394400043e+00 1.807696500556e+00 -5.000000000000e-03
1.900811313238e+00 4.591110905142e+00 -5.000000000000e-03
2.496591811413e+00 2.605190720705e-01 -5.000000000000e-03
5.886869354148e+00 2.960373963309e+00 -5.000000000000e-03
7.017183046603e-01 5.994179320133e+00 -5.000000000000e-03
2.265709073051e+00 1.779688223381e-01 -5.000000000000e-03
2.424547848337e+00 5.812591674352e+00 -5.000000000000e-03
3.561811947083e+00 6.024581799830e-01 -5.000000000000e-03
1.513180298911e+00 3.019031025728e+00 -5.000000000000e-03
4.232606401954e+00 2.999185545343e+00 -5.000000000000e-03
3.696126984453e+00 1.636747365400e+00 -5.000000000000e-03
1.885093842778e+00 4.557366914051e-01 -5.000000000000e-03
4.235593763137e+00 4.778232080485e+00 -5.000000000000e-03
1.903505748001e+00 4.802183337116e-01 -5.000000000000e-03
3.021283038297e+00 3.330784905577e+00 -5.000000000000e-03
4.107602157138e+00 4.700538840751e+00 -5.000000000000e-03
3.487767898369e+00 2.197369664443e+00 -5.000000000000e-03
6.739140036798e-01 1.984281663434e+00 -5.000000000000e-03
4.853335942153e+00 1.970157713603e+00 -5.000000000000e-03
4.569049689975e+00 3.284375138761e+00 -5.000000000000e-03
4.472350416076e-01 4.747245942423e+00 -5.000000000000e-03
2.183806991571e+00 1.313882973277e+00 -5.000000000000e-03
1.448384143073e+00 3.515306123208e+00 -5.000000000000e-03
2.372606711607e+00 9.802970849723e-01 -5.000000000000e-03
5.792475299889e+00 9.859653197257e-01 -5.000000000000e-03
4.724389710107e+00 4.962197572989e+00 -5.000000000000e-03
6.048134181567e+00 4.467612525741e-01 -5.000000000000e-03
5.485061027934e+00 5.525773951575e+00 -5.000000000000e-03
5.015631842321e+00 4.418739598649e+00 -5.000000000000e-03
2.008105817521e+00 3.751552209582e+00 -5.000000000000e-03
1.731600841294e+00 5.688770660211e+00 -5.000000000000e-03
5.413625603079e-01 1.188195560655e+00 -5.000000000000e-03
5.520756560563e+00 6.047864286574e+00 -5.000000000000e-03
2.606484273050e+00 4.997753345291e+00 -5.000000000000e-03
4.170584768720e-01 5.682838059315e+00 -5.000000000000e-03
4.659065640925e+00 3.922126123518e+00 -5.000000000000e-03
2.658612148070e+00 1.319670397196e+00 -5.000000000000e-03
1.291459555932e-01 4.904454551536e-01 -5.000000000000e-03
3.177809612579e+00 2.921451640352e+00 -5.000000000000e-03
1.134021541302e+00 8.095898754575e-01 -5.000000000000e-03
9.868387766905e-01 5.271658239690e+00 -5.000000000000e-03
1.925808693654e-01 2.691918209354e+00 -5.000000000000e-03
4.152410799508e+00 4.947642018719e-01 -5.000000000000e-03
3.172490577570e-01 5.468125159991e+00 -5.000000000000e-03
5.313200019218e+00 4.460433940730e+00 -5.000000000000e-03
2.182581468188e-02 4.376001403192e+00 -5.000000000000e-03
5.512849316236e+00 1.994697164283e+00 -5.000000000000e-03
3.651911318757e+00 1.862613402754e+00 -5.000000000000e-03
2.153043673676e-01 6.263423994927e+00 -5.000000000000e-03
1.423407579168e+00 2.163520642215e+00 -5.000000000000e-03
2.475533434955e+00 2.829979427244e+00 -5.000000000000e-03
1.467269764180e+00 5.832854468987e+00 -5.000000000000e-03
3.586208299254e+00 5.232860519602e+00 -5.000000000000e-03
2.224156942780e+00 5.983507507064e+00 -5.000000000000e-03
5.088656905812e-02 5.591816013206e+00 -5.000000000000e-03
5.670375482983e+00 6.273950253129e+00 -5.000000000000e-03
3.927513616211e-01 4.558473161408e+00 -5.000000000000e-03
8.465723055275e-01 6.138074234457e+00 -5.000000000000e-03
5.282302206924e+00 2.427765223993e+00 -5.000000000000e-03
5.263453416473e+00 2.048193609998e+00 -5.000000000000e-03
1.933516825168e+00 1.625238529794e-02 -5.000000000000e-03
6.896130777955e-01 9.029478749474e-01 -5.000000000000e-03
1.167012540813e+00 4.536755669270e+00 -5.000000000000e-03
4.111296774387e+00 3.697545647431e+00 -5.000000000000e-03
2.051160156093e-02 3.244824623696e+00 -5.000000000000e-03
4.332265279943e+00 1.202831099905e+00 -5.000000000000e-03
1.680986440448e+00 1.085112462889e+00 -5.000000000000e-03
1.757278147315e+00 5.766829851661e+00 -5.000000000000e-03
4.711240858597e+00 3.412015777739e+00 -5.000000000000e-03
5.582347341486e+00 4.015144650640e+00 -5.000000000000e-03
5.665504129982e+00 2.132856016134e+00 -5.000000000000e-03
3.543781107084e+00 3.952779420038e+00 -5.000000000000e-03
4.494046650437e+00 2.393219960929e+00 -5.000000000000e-03
3.378103465869e+00 4.038258034540e+00 -5.000000000000e-03
1.926169411335e+00 3.283846366778e+00 -5.000000000000e-03
1.874103219965e+00 5.550064252427e+00 -5.000000000000e-03
4.273133785758e+00 5.823108042220e+00 -5.000000000000e-03
6.262524862192e+00 8.806479169071e-01 -5.000000000000e-03
1.450639180006e+00 4.672854858676e+00 -5.000000000000e-03
4.009831845484e+00 6.151350849345e+00 -5.000000000000e-03
1.557825979143e+00 9.310632148273e-01 -5.000000000000e-03
4.278232265458e+00 2.014205134592e+00 -5.000000000000e-03
2.778187792086e+00 4.549150072986e+00 -5.000000000000e-03
2.095407514182e+00 6.147861820356e+00 -5.000000000000e-03
1.744966804619e+00 4.782616630724e+00 -5.000000000000e-03
