3.414125954602e+00 6.248839410360e+00 5.000000000000e-03
1.688363896275e+00 8.353404265694e-01 5.000000000000e-03
4.882778961122e+00 5.972831247233e+00 5.000000000000e-03
6.093123623938e+00 5.587069852404e+00 5.000000000000e-03
2.833224408014e+00 4.480432078090e+00 5.000000000000e-03
2.385217178334e+00 4.487634152757e+00 5.000000000000e-03
1.734356814612e+00 9.223720133925e-01 5.000000000000e-03
9.240304312899e-01 6.261258982959e+00 5.000000000000e-03
5.790052512309e+00 2.628644615190e+00 5.000000000000e-03
4.178010420167e+00 3.957938106946e+00 5.000000000000e-03
1.537058990130e+00 3.556134506107e+00 5.000000000000e-03
4.607916591401e+00 4.120156446828e+00 5.000000000000e-03
3.977781082146e+00 2.834428300277e+00 5.000000000000e-03
3.612475118145e+00 4.929405217378e+00 5.000000000000e-03
3.515754021058e+00 3.156411803579e+00 5.000000000000e-03
1.443128602794e+00 5.551523664714e+00 5.000000000000e-03
1.749547391391e+00 5.338703386167e+00 5.000000000000e-03
2.431432136397e+00 6.254117483422e-01 5.000000000000e-03
2.825447685386e-01 5.587248892452e+00 5.000000000000e-03
1.541344945562e+00 6.113469076452e+00 5.000000000000e-03
4.888581418518e+00 4.596296456202e+00 5.000000000000e-03
1.286904780033e+00 4.814946041984e+00 5.000000000000e-03
2.633068394879e+00 4.770728572449e+00 5.000000000000e-03
6.190046955079e+00 3.606324386610e+00 5.000000000000e-03
2.586127231628e+00 2.069981243324e+00 5.000000000000e-03
5.388489720561e+00 5.239110099006e-01 5.000000000000e-03
6.245424844014e-01 1.805541665504e+00 5.000000000000e-03
3.981259015287e+00 2.362176633569e+00 5.000000000000e-03
4.075197538822e+00 7.621868141048e-01 5.000000000000e-03
3.759081065135e+00 4.141745899918e+00 5.000000000000e-03
2.733779572517e+00 4.567609359699e+00 5.000000000000e-03
2.592095404533e+00 4.469493288526e+00 5.000000000000e-03
1.686415897204e+00 4.067517796551e+00 5.000000000000e-03
2.976917166369e+00 3.470872131815e+00 5.000000000000e-03
5.771500648923e+00 1.661838111741e+00 5.000000000000e-03
5.318763881757e+00 2.067820192223e+00 5.000000000000e-03
6.074336511579e+00 3.390006205917e+00 5.000000000000e-03
5.016220358471e+00 4.627805963108e+00 5.000000000000e-03
4.365253742549e+00 4.063517084923e+00 5.000000000000e-03
6.108788853727e+00 4.991820477300e+00 5.000000000000e-03
5.640410441691e+00 5.108628821285e+00 5.000000000000e-03
3.283948120563e+00 1.717075443516e+00 5.000000000000e-03
2.213512621963e+00 4.636438329610e+00 5.000000000000e-03
3.881764434443e-01 1.989269606572e+00 5.000000000000e-03
3.242500198479e+00 3.673853516550e-01 5.000000000000e-03
4.169685235222e+00 7.105477093005e-01 5.000000000000e-03
2.308053882128e+00 4.426416089719e+00 5.000000000000e-03
6.155341000483e+00 5.114618396447e+00 5.000000000000e-03
6.247077922121e-01 5.914331482835e+00 5.000000000000e-03
2.414723154498e+00 1.456204920089e+00 5.000000000000e-03
1.265800546076e+00 3.028018855350e+00 5.000000000000e-03
2.203626357831e+00 1.221485350179e-01 5.000000000000e-03
6.195113761704e+00 5.985434319054e-01 5.000000000000e-03
1.798270055276e+00 2.979653074694e+00 5.000000000000e-03
3.413382096670e+00 5.202083701634e+00 5.000000000000e-03
4.753474120479e+00 2.086633013149e+00 5.000000000000e-03
4.588649124952e+00 4.193302788957e+00 5.000000000000e-03
2.099021777237e+00 4.467673885511e+00 5.000000000000e-03
2.713398940043e+00 3.109802402016e+00 5.000000000000e-03
2.878673988071e+00 1.947038994336e+00 5.000000000000e-03
5.752644945371e+00 5.859778485349e-01 5.000000000000e-03
2.430789407598e+00 4.306363095676e+00 5.000000000000e-03
4.681323641002e+00 5.365802280724e+00 5.000000000000e-03
9.256285774866e-01 3.726873359160e+00 5.000000000000e-03
1.991092494317e+00 1.202371398335e+00 5.000000000000e-03
2.914472972093e+00 6.177330574541e+00 5.000000000000e-03
6.088789396710e+00 3.064073760197e-02 5.000000000000e-03
4.276047978196e+00 1.826217027570e+00 5.000000000000e-03
5.439065686110e-01 1.422112828954e+00 5.000000000000e-03
5.147591659187e+00 5.155414733700e-01 5.000000000000e-03
2.560383930379e+00 6.075317809862e+00 5.000000000000e-03
2.635981494617e+00 4.186909208889e+00 5.000000000000e-03
5.262207761092e+00 1.008720073391e+00 5.000000000000e-03
2.918562163532e+00 1.178837295047e+00 5.000000000000e-03
5.021209644600e+00 5.214041844612e+00 5.000000000000e-03
4.777018941160e+00 6.064986781272e+00 5.000000000000e-03
5.635220469353e+00 3.874577485264e-01 5.000000000000e-03
1.459730704064e-01 3.876891561400e+00 5.000000000000e-03
2.059972738321e+00 2.170453125643e+00 5.000000000000e-03
9.867723616389e-01 5.770790264333e+00 5.000000000000e-03
5.431520403772e+00 1.339603592367e+00 5.000000000000e-03
3.530460372601e+00 7.675362588473e-01 5.000000000000e-03
5.109270193639e-01 1.143423107039e+00 5.000000000000e-03
1.582448693579e+00 1.203275764240e+00 5.000000000000e-03
4.792901051994e+00 3.115131331612e+00 5.000000000000e-03
1.308139672235e+00 1.046838506597e+00 5.000000000000e-03
4.656587224299e-02 5.231272293435e+00 5.000000000000e-03
4.215291990952e+00 4.024859022542e+00 5.000000000000e-03
5.628851856108e+00 1.380671399495e+00 5.000000000000e-03
3.021785083012e+00 2.823523952539e+00 5.000000000000e-03
2.240991951881e+00 2.942032365130e-01 5.000000000000e-03
9.955378529911e-01 1.922132900084e+00 5.000000000000e-03
2.333428841428e+00 5.709386321626e-01 5.000000000000e-03
3.520060924002e+00 5.266418623359e+00 5.000000000000e-03
6.468044194384e-01 3.220277059112e+00 5.000000000000e-03
5.805651833749e+00 3.852830712177e+00 5.000000000000e-03
1.414088304255e+00 3.585783184323e+00 5.000000000000e-03
1.055916293287e+00 2.458793834509e+00 5.000000000000e-03
3.824022125495e+00 2.212502819731e+00 5.000000000000e-03
6.260242347643e-01 1.939728728605e+00 5.000000000000e-03
5.505849480356e-01 3.049071956712e+00 -5.000000000000e-03
3.457367733288e+00 5.608865422929e+00 -5.000000000000e-03
5.488809121979e+00 3.575969616244e-01 -5.000000000000e-03
5.480188305731e+00 3.025553527072e+00 -5.000000000000e-03
4.091522692301e+00 2.598714454538e+00 -5.000000000000e-03
1.250539289343e+00 4.223685838254e+00 -5.000000000000e-03
1.030409885880e+00 7.345552105770e-03 -5.000000000000e-03
5.435543548938e+00 1.416175187378e-01 -5.000000000000e-03
1.918161084846e+00 8.130718938659e-01 -5.000000000000e-03
1.913229473361e+00 3.843411573635e+00 -5.000000000000e-03
4.824959697758e+00 2.528293411594e+00 -5.000000000000e-03
1.914776162374e+00 4.096106515975e+00 -5.000000000000e-03
1.347457184376e+00 5.139277894261e+00 -5.000000000000e-03
5.110816459092e-02 3.072883680957e+00 -5.000000000000e-03
5.000494647872e-01 3.177565370188e+00 -5.000000000000e-03
2.423778695083e+00 3.883546137134e+00 -5.000000000000e-03
1.644132370396e-01 2.559135400141e+00 -5.000000000000e-03
5.197667310396e+00 4.709967433525e-01 -5.000000000000e-03
8.534985995241e-01 3.243475520127e+00 -5.000000000000e-03
1.844952399163e+00 2.214050381343e+00 -5.000000000000e-03
2.821642810796e+00 5.208655443798e+00 -5.000000000000e-03
3.488330533990e+00 4.069833825827e+00 -5.000000000000e-03
5.627226967720e+00 3.106155609858e+00 -5.000000000000e-03
4.405341734712e+00 4.885372083648e-01 -5.000000000000e-03
3.199309091630e+00 3.288476886939e+00 -5.000000000000e-03
1.818501045498e+00 3.903597031210e+00 -5.000000000000e-03
5.549917790625e+00 3.054929919078e-01 -5.000000000000e-03
1.153546154373e+00 4.029410473869e+00 -5.000000000000e-03
3.266770370022e-01 4.737958285849e+00 -5.000000000000e-03
4.003534892047e+00 1.254093816387e+00 -5.000000000000e-03
5.167064677667e+00 1.637012452510e+00 -5.000000000000e-03
2.773852684750e+00 3.550268356553e+00 -5.000000000000e-03
4.130978710391e+00 4.202021367123e+00 -5.000000000000e-03
3.656217978506e+00 2.818422564991e+00 -5.000000000000e-03
6.117541455535e+00 4.035042295286e+00 -5.000000000000e-03
2.028786963904e+00 2.666703412779e-01 -5.000000000000e-03
4.509873388737e+00 3.748936513612e+00 -5.000000000000e-03
5.414225002828e+00 3.568374628475e+00 -5.000000000000e-03
4.052069622080e-01 4.094528835910e+00 -5.000000000000e-03
4.727549132062e+00 1.597028012438e+00 -5.000000000000e-03
2.853962529679e+00 5.207755481789e+00 -5.000000000000e-03
5.837094948233e+00 2.715994364302e+00 -5.000000000000e-03
5.950123389035e+00 4.120553262191e+00 -5.000000000000e-03
5.142823002916e+00 6.245428188406e+00 -5.000000000000e-03
2.460839208536e+00 4.034965566404e+00 -5.000000000000e-03
2.739073995645e+00 1.224684291620e+00 -5.000000000000e-03
1.824681526637e+00 2.087004734056e+00 -5.000000000000e-03
2.752842426050e+00 6.083645981695e+00 -5.000000000000e-03
4.861817055175e-01 3.825239067741e+00 -5.000000000000e-03
4.773446086694e+00 5.149993871420e-01 -5.000000000000e-03
5.966520349124e+00 1.400576330650e+00 -5.000000000000e-03
5.094776002515e-01 4.753103358331e+00 -5.000000000000e-03
4.022613029490e+00 5.966893964402e+00 -5.000000000000e-03
5.696617230408e+00 5.631012466669e+00 -5.000000000000e-03
5.303051317288e+00 3.455728184487e+00 -5.000000000000e-03
5.609089048650e+00 6.072607454547e+00 -5.000000000000e-03
6.050631962766e+00 4.480547288765e+00 -5.000000000000e-03
5.894452573760e+00 3.364422511911e+00 -5.000000000000e-03
2.732952551419e+00 4.894506434400e+00 -5.000000000000e-03
1.240409949748e+00 5.873512408044e+00 -5.000000000000e-03
3.608233899203e+00 8.537745967405e-01 -5.000000000000e-03
1.007951617399e+00 1.829478744954e+00 -5.000000000000e-03
1.571834749083e-02 1.307268764585e+00 -5.000000000000e-03
1.669771138081e+00 3.844868298221e+00 -5.000000000000e-03
1.977287538167e+00 3.120645015941e+00 -5.000000000000e-03
2.364478277669e-01 5.292954170405e+00 -5.000000000000e-03
2.333139021368e+00 3.404686083214e+00 -5.000000000000e-03
2.717240076026e+00 4.390014981396e+00 -5.000000000000e-03
2.685193794472e+00 3.632759763419e+00 -5.000000000000e-03
3.161977527841e+00 2.974134338322e+00 -5.000000000000e-03
2.038626500816e-01 2.780825586553e+00 -5.000000000000e-03
3.296110878377e+00 1.541649359241e-01 -5.000000000000e-03
3.164065379120e-01 4.690745195611e+00 -5.000000000000e-03
4.124428673119e+00 2.465577916205e+00 -5.000000000000e-03
3.418695886175e+00 3.998347117882e+00 -5.000000000000e-03
2.299372997878e-01 6.695316802045e-01 -5.000000000000e-03
3.217676943966e+00 4.750048661966e+00 -5.000000000000e-03
4.789165788191e+00 8.606766986946e-01 -5.000000000000e-03
5.998449835531e+00 1.334879494602e+00 -5.000000000000e-03
8.142315685343e-01 2.232196768981e+00 -5.000000000000e-03
4.357619494821e+00 2.469969027219e+00 -5.000000000000e-03
9.493322829200e-01 3.484220614782e+00 -5.000000000000e-03
3.755949288986e+00 4.532146564947e+00 -5.000000000000e-03
2.938497160923e+00 4.478236938015e+00 -5.000000000000e-03
1.863487323341e+00 1.929739548673e+00 -5.000000000000e-03
3.504096813172e+00 5.787726311299e+00 -5.000000000000e-03
6.481237697350e-01 5.167230932719e+00 -5.000000000000e-03
5.091783581822e+00 1.518781476368e+00 -5.000000000000e-03
3.391966891060e+00 6.158018984025e+00 -5.000000000000e-03
1.888442581054e-01 8.769279217850e-01 -5.000000000000e-03
4.088034755101e+00 1.681503550990e+00 -5.000000000000e-03
3.788569249640e+00 3.816668355482e+00 -5.000000000000e-03
2.151376123219e-01 5.096152169475e+00 -5.000000000000e-03
5.873816240443e+00 3.861338117632e+00 -5.000000000000e-03
4.105026186116e+00 2.981355720547e+00 -5.000000000000e-03
3.327870869518e+00 1.017866497234e+00 -5.000000000000e-03
2.193073422196e+00 3.543965407630e+00 -5.000000000000e-03
5.603638264148e+00 5.740685648875e-01 -5.000000000000e-03
1.761404985494e+00 3.322699654455e-01 -5.000000000000e-03
1.222365080257e+00 1.813447173872e+00 -5.000000000000e-03
