2.280481564446e+00 5.705945327529e+00 5.000000000000e-03
6.019692434594e+00 5.209091377401e+00 5.000000000000e-03
4.540324223020e+00 3.505777622661e+00 5.000000000000e-03
2.490174972271e+00 3.654726345440e+00 5.000000000000e-03
2.320224212415e+00 3.213080574587e+00 5.000000000000e-03
5.261760575118e+00 8.783679740620e-02 5.000000000000e-03
3.492917723203e+00 4.776624883566e-01 5.000000000000e-03
3.657129194958e+00 5.781975017666e+00 5.000000000000e-03
1.910145983396e+00 2.717128749368e+00 5.000000000000e-03
1.873338082041e-01 4.810055370651e+00 5.000000000000e-03
1.162274878105e+00 1.144127773613e+00 5.000000000000e-03
3.455607583754e+00 6.281026992477e+00 5.000000000000e-03
2.445645074240e+00 4.830778869220e+00 5.000000000000e-03
3.033608265590e+00 4.028425359195e+00 5.000000000000e-03
1.663336414114e+00 1.838757584871e+00 5.000000000000e-03
8.875165642552e-01 2.581854089936e-01 5.000000000000e-03
6.210935821000e+00 4.656737547162e+00 5.000000000000e-03
2.244967021393e+00 3.667995787546e+00 5.000000000000e-03
4.994813248185e+00 4.190174259319e+00 5.000000000000e-03
5.283865643367e+00 5.067871941109e+00 5.000000000000e-03
2.751146272810e+00 6.224380337294e+00 5.000000000000e-03
2.255209736699e+00 9.098464348235e-01 5.000000000000e-03
5.060932676106e+00 1.177285730882e+00 5.000000000000e-03
7.005101269135e-01 4.383983077472e+00 5.000000000000e-03
3.309675735041e-02 5.130152623993e+00 5.000000000000e-03
5.861831932313e+00 4.860656133023e+00 5.000000000000e-03
6.216664851203e+00 5.460040684275e+00 5.000000000000e-03
5.471686268138e+00 5.361121856768e+00 5.000000000000e-03
2.582421918353e+00 3.760578420924e+00 5.000000000000e-03
1.451560477592e+00 5.767088542270e+00 5.000000000000e-03
5.262158658731e+00 2.722352827782e+00 5.000000000000e-03
2.241887789483e+00 4.210221836872e+00 5.000000000000e-03
6.027801918957e+00 3.178764135473e+00 5.000000000000e-03
7.270600937633e-01 9.798946708827e-01 5.000000000000e-03
2.007029667819e+00 3.925962697115e+00 5.000000000000e-03
1.210680431285e-01 1.838519331096e+00 5.000000000000e-03
1.890462409598e+00 1.950352056374e+00 5.000000000000e-03
4.181563131089e+00 2.034408903301e+00 5.000000000000e-03
1.349220088068e+00 4.502254261431e+00 5.000000000000e-03
3.473444324593e+00 4.657261404603e+00 5.000000000000e-03
4.173939599938e+00 2.645213739090e+00 5.000000000000e-03
5.569515047003e+00 7.888680082040e-01 5.000000000000e-03
4.133090391463e+00 1.234727355118e+00 5.000000000000e-03
3.191689042913e+00 5.687953124708e+00 5.000000000000e-03
5.047341271422e+00 5.950932458443e+00 5.000000000000e-03
1.833034417427e+00 1.947067101045e+00 5.000000000000e-03
3.761056936642e+00 6.955692001833e-01 5.000000000000e-03
1.388378068665e-01 1.424761701417e+00 5.000000000000e-03
5.707357602139e+00 2.810892999295e+00 5.000000000000e-03
2.945605681445e+00 2.345750275894e+00 5.000000000000e-03
3.923150575781e+00 2.147288406325e+00 5.000000000000e-03
2.240111499487e+00 2.668221362783e+00 5.000000000000e-03
9.006150301262e-01 1.486308171914e+00 5.000000000000e-03
2.746213045089e+00 3.926993454124e+00 5.000000000000e-03
3.733723515887e+00 4.702110332152e+00 5.000000000000e-03
6.511059867996e-01 7.535980946055e-01 5.000000000000e-03
1.275892565316e+00 6.074395759778e+00 5.000000000000e-03
4.515662396123e+00 3.434989761813e-01 5.000000000000e-03
3.161014606503e+00 5.471642577407e+00 5.000000000000e-03
1.196790832833e+00 2.567450814770e+00 5.000000000000e-03
5.045879899420e+00 1.873304298884e+00 5.000000000000e-03
4.172326691069e+00 1.407322778149e+00 5.000000000000e-03
5.297680161594e+00 3.593409658505e+00 5.000000000000e-03
5.949341749621e+00 5.830420930812e+00 5.000000000000e-03
1.191937853193e+00 1.838072755762e+00 5.000000000000e-03
4.887199580613e+00 3.636428203928e+00 5.000000000000e-03
5.506983027942e+00 5.245275732731e+00 5.000000000000e-03
4.122931411587e+00 3.409210830333e+00 5.000000000000e-03
9.347397535753e-01 1.401490069461e+00 5.000000000000e-03
5.650403676403e+00 3.058187675838e+00 5.000000000000e-03
3.109649259057e+00 5.436358771951e-01 5.000000000000e-03
1.970110907461e+00 1.635165083739e+00 5.000000000000e-03
3.132418372126e+00 4.544958232351e+00 5.000000000000e-03
3.891688954790e+00 2.035574166254e+00 5.000000000000e-03
2.597809454642e+00 7.060962409749e-01 5.000000000000e-03
4.699157668592e+00 3.042119080091e+00 5.000000000000e-03
1.061355823739e+00 1.383744359791e+00 5.000000000000e-03
9.759135161907e-01 1.668947703354e+00 5.000000000000e-03
1.640042660818e+00 3.510819919323e+00 5.000000000000e-03
1.363553411186e+00 3.006318191581e+00 5.000000000000e-03
5.287710260312e+00 1.039398419714e+00 5.000000000000e-03
2.295140706686e-01 7.624573403647e-01 5.000000000000e-03
6.124223477465e+00 5.276033515155e+00 5.000000000000e-03
3.362983831421e-01 2.337030930148e+00 5.000000000000e-03
3.323301562550e+00 5.112568812172e+00 5.000000000000e-03
4.679095410449e+00 2.812666175788e+00 5.000000000000e-03
4.062314733737e+00 1.883861147403e+00 5.000000000000e-03
3.708835742458e+00 6.613241435448e-02 5.000000000000e-03
6.063695412253e+00 5.978070362408e+00 5.000000000000e-03
5.912247820472e+00 5.455438128456e+00 5.000000000000e-03
5.683551992491e+00 2.580352828871e+00 5.000000000000e-03
5.182198377913e+00 2.921586746257e+00 5.000000000000e-03
3.672574594068e+00 2.378305524183e+00 5.000000000000e-03
3.144165639895e+00 6.912091486638e-01 5.000000000000e-03
2.970582847219e+00 6.149926017356e+00 5.000000000000e-03
1.787139695507e+00 5.352231833937e+00 5.000000000000e-03
4.064552288239e+00 6.192914538444e+00 5.000000000000e-03
2.478727077963e+00 4.471359348898e+00 5.000000000000e-03
1.267559032401e+00 4.481709069471e+00 5.000000000000e-03
6.974424946096e-01 1.750535808037e+00 5.000000000000e-03
1.179372105347e+00 6.216108811558e+00 -5.000000000000e-03
4.828542965123e+00 1.164225830748e+00 -5.000000000000e-03
1.062529350730e+00 5.884895242621e+00 -5.000000000000e-03
3.311538171616e+00 5.337453285590e+00 -5.000000000000e-03
4.564761846044e-01 8.875496678944e-01 -5.000000000000e-03
4.205970188821e+00 2.279797348306e+00 -5.000000000000e-03
6.024185047982e+00 2.616636896348e+00 -5.000000000000e-03
6.057308320108e+00 4.261803747461e+00 -5.000000000000e-03
1.327660095809e+00 4.699626735292e+00 -5.000000000000e-03
4.847848082258e-01 1.833016716524e+00 -5.000000000000e-03
3.981710985818e+00 8.706506051202e-01 -5.000000000000e-03
1.307213529385e+00 5.145354514190e+00 -5.000000000000e-03
5.758459149155e+00 5.017986761197e-01 -5.000000000000e-03
5.805310669229e+00 3.254822250155e+00 -5.000000000000e-03
3.135175101163e+00 1.352293965570e+00 -5.000000000000e-03
3.503470297950e+00 3.679491786248e+00 -5.000000000000e-03
1.576897475455e+00 5.814372117053e+00 -5.000000000000e-03
6.137067864203e+00 3.849015505844e+00 -5.000000000000e-03
6.121237380585e+00 1.899101871210e+00 -5.000000000000e-03
1.045622135700e+00 5.591701646075e+00 -5.000000000000e-03
5.450652223743e+00 2.641186321594e+00 -5.000000000000e-03
3.565852246720e+00 1.546234060749e+00 -5.000000000000e-03
3.884871484997e+00 1.831375492409e+00 -5.000000000000e-03
2.991562061335e+00 4.752121905475e-01 -5.000000000000e-03
4.878859657664e+00 5.369911582024e-01 -5.000000000000e-03
3.193211033565e+00 5.229254714671e+00 -5.000000000000e-03
1.017145042728e+00 6.277863805889e+00 -5.000000000000e-03
4.419033475354e+00 1.016402145700e+00 -5.000000000000e-03
9.901720446322e-01 9.363569480382e-03 -5.000000000000e-03
2.813497295176e+00 1.724596973132e+00 -5.000000000000e-03
3.023805226050e+00 1.685123202566e+00 -5.000000000000e-03
4.314246851755e+00 4.303451882193e-02 -5.000000000000e-03
2.197911463242e+00 1.054390834644e+00 -5.000000000000e-03
4.061966771398e+00 4.522769740354e+00 -5.000000000000e-03
8.952479658221e-01 4.413130987325e+00 -5.000000000000e-03
3.435511757111e+00 5.349886133791e+00 -5.000000000000e-03
4.828883514274e-01 2.019650062263e+00 -5.000000000000e-03
2.746565988116e+00 1.116350581819e+00 -5.000000000000e-03
4.863267170194e+00 9.167051098115e-02 -5.000000000000e-03
3.106764794902e+00 2.241558216871e-01 -5.000000000000e-03
3.735068656735e+00 4.143502278048e-01 -5.000000000000e-03
3.412041853609e+00 2.138042876154e+00 -5.000000000000e-03
5.395354934171e+00 2.014409580093e+00 -5.000000000000e-03
6.075691735214e+00 5.446803921619e+00 -5.000000000000e-03
4.054031233841e+00 2.790550043334e+00 -5.000000000000e-03
2.027682156319e-01 1.472087389957e-01 -5.000000000000e-03
8.749085031252e-01 5.843170593113e+00 -5.000000000000e-03
3.526510235923e+00 2.321155916480e+00 -5.000000000000e-03
5.238855647454e+00 5.077574797031e+00 -5.000000000000e-03
5.663590448385e+00 4.535937331289e+00 -5.000000000000e-03
1.052210035735e+00 1.510894684207e+00 -5.000000000000e-03
5.753670892970e+00 4.854657140485e+00 -5.000000000000e-03
4.391290094204e+00 1.931766383279e+00 -5.000000000000e-03
5.620252782687e+00 4.489212390349e+00 -5.000000000000e-03
5.002339177992e+00 6.443925008053e-01 -5.000000000000e-03
1.103962429813e+00 2.205777251740e+00 -5.000000000000e-03
5.633070137427e+00 6.096032595762e-01 -5.000000000000e-03
2.095480941141e+00 3.022797678942e+00 -5.000000000000e-03
5.291469331970e+00 1.305316255384e+00 -5.000000000000e-03
1.074450188993e-01 1.142361861270e+00 -5.000000000000e-03
3.010718894442e+00 2.426870590294e+00 -5.000000000000e-03
5.383275407633e-01 5.418123310270e+00 -5.000000000000e-03
4.784879631511e+00 1.888102046276e+00 -5.000000000000e-03
5.239324171775e+00 5.847139626738e+00 -5.000000000000e-03
1.693636422667e+00 3.101781511047e+00 -5.000000000000e-03
6.491366976204e-01 2.857954852820e+00 -5.000000000000e-03
3.407847046484e+00 5.667967563639e+00 -5.000000000000e-03
4.150963070968e+00 3.919163717383e+00 -5.000000000000e-03
1.193198209115e+00 5.714871114423e+00 -5.000000000000e-03
4.080836040207e+00 2.247204476968e+00 -5.000000000000e-03
5.742131906527e+00 3.990950070742e+00 -5.000000000000e-03
1.795972022868e+00 1.140304391969e+00 -5.000000000000e-03
1.680963976619e+00 2.456417794131e+00 -5.000000000000e-03
5.748584830833e+00 4.602644718505e+00 -5.000000000000e-03
2.392874991399e+00 1.786920652894e+00 -5.000000000000e-03
1.053666564988e-01 3.483116466329e-01 -5.000000000000e-03
5.119806432746e+00 3.963515882304e+00 -5.000000000000e-03
5.433031358354e+00 2.713423760142e+00 -5.000000000000e-03
2.326355603192e+00 3.383805573089e+00 -5.000000000000e-03
4.213419157705e+00 2.016198780200e+00 -5.000000000000e-03
4.182721134867e+00 9.198631183788e-01 -5.000000000000e-03
6.051024662493e+00 1.581172354246e+00 -5.000000000000e-03
6.239710186545e+00 5.057820586010e-01 -5.000000000000e-03
5.514629248886e+00 1.621402323489e+00 -5.000000000000e-03
1.413948954196e+00 4.701173212734e+00 -5.000000000000e-03
3.301243056840e+00 5.632021346974e+00 -5.000000000000e-03
3.273618358652e+00 5.880126214458e+00 -5.000000000000e-03
1.481065856177e+00 1.501780317776e+00 -5.000000000000e-03
3.373200688362e+00 3.360049720213e+00 -5.000000000000e-03
5.030142062954e-01 3.835587587373e+00 -5.000000000000e-03
3.416002360013e-01 1.918939063452e+00 -5.000000000000e-03
2.329738485013e+00 2.234517391756e+00 -5.000000000000e-03
3.007901106495e+00 1.846417736560e+00 -5.000000000000e-03
2.266088814698e-01 6.029078476736e+00 -5.000000000000e-03
5.752362763286e+00 3.558907989271e+00 -5.000000000000e-03
3.737848630723e-01 3.500446458145e+00 -5.000000000000e-03
8.926871272646e-01 4.108413752764e+00 -5.000000000000e-03
1.850799135083e+00 5.245542015892e+00 -5.000000000000e-03
6.231357708321e+00 2.780628579344e+00 -5.000000000000e-03
2.544376170269e+00 2.050001155241e+00 -5.000000000000e-03
