5.532845257372e+00 5.163924340756e+00 5.000000000000e-03
1.108799608870e+00 2.176525903833e+00 5.000000000000e-03
3.037683489863e+00 4.434049365354e+00 5.000000000000e-03
3.645298721760e+00 2.780673168873e+00 5.000000000000e-03
5.402669756084e+00 4.108076051241e+00 5.000000000000e-03
8.535347382267e-01 3.457402886497e+00 5.000000000000e-03
1.500960973365e+00 1.914823710288e+00 5.000000000000e-03
4.048261064464e+00 2.381650235476e-02 5.000000000000e-03
1.136161994192e+00 3.366684862660e+00 5.000000000000e-03
4.262153284208e+00 7.491529652713e-01 5.000000000000e-03
2.296200374276e+00 3.152031818085e+00 5.000000000000e-03
5.863153321287e+00 3.892021048413e+00 5.000000000000e-03
4.054489891266e+00 3.574615284090e+00 5.000000000000e-03
4.403440511623e+00 1.072596896539e+00 5.000000000000e-03
4.674902338271e+00 1.038872089847e+00 5.000000000000e-03
3.426722718535e+00 2.879263947405e+00 5.000000000000e-03
5.501378387716e-01 1.170561540387e+00 5.000000000000e-03
2.770312183102e+00 6.065272689701e-01 5.000000000000e-03
3.330890486712e+00 7.772513672154e-02 5.000000000000e-03
6.244335632654e+00 4.277088248629e-01 5.000000000000e-03
1.337977879417e+00 4.909712915999e+00 5.000000000000e-03
5.448162933402e+00 4.198910944378e+00 5.000000000000e-03
5.889969150279e+00 3.078519155392e+00 5.000000000000e-03
3.146608829649e+00 8.971297935190e-01 5.000000000000e-03
4.098718328584e+00 4.820876433524e+00 5.000000000000e-03
1.461849742785e+00 1.933276188031e+00 5.000000000000e-03
4.639930917259e+00 5.639618158620e+00 5.000000000000e-03
1.323039882127e-01 3.249758709951e+00 5.000000000000e-03
4.301336429050e+00 4.439023781159e+00 5.000000000000e-03
5.874653527273e+00 3.633881491797e+00 5.000000000000e-03
1.454715933271e-01 5.246701737636e+00 5.000000000000e-03
5.154052922840e+00 6.185254963398e+00 5.000000000000e-03
3.884890540120e+00 5.673772775338e+00 5.000000000000e-03
1.577729442394e-01 1.592433632256e+00 5.000000000000e-03
3.094762430922e+00 1.700716354663e-01 5.000000000000e-03
2.884097211738e+00 5.246142968783e+00 5.000000000000e-03
2.761211296411e+00 4.557781990549e+00 5.000000000000e-03
4.217281403045e+00 5.371681754931e+00 5.000000000000e-03
7.258446752712e-01 3.468615269935e-01 5.000000000000e-03
1.578949963032e+00 2.644518354177e-01 5.000000000000e-03
6.065347464645e+00 4.776741146557e+00 5.000000000000e-03
1.564051822909e+00 4.568334355935e+00 5.000000000000e-03
6.002640161730e+00 1.908103945205e+00 5.000000000000e-03
7.908258671011e-01 2.948353143855e-01 5.000000000000e-03
2.009223959328e+00 5.619840810809e+00 5.000000000000e-03
3.191436804169e+00 4.621482779407e+00 5.000000000000e-03
5.914005121826e+00 3.266442995069e+00 5.000000000000e-03
4.782434261985e+00 4.906097227604e+00 5.000000000000e-03
2.458981981543e+00 4.895384761087e+00 5.000000000000e-03
3.007695133796e+00 1.691170797226e+00 5.000000000000e-03
1.796166471306e+00 1.468991858503e+00 5.000000000000e-03
4.598875890902e+00 1.004806814825e+00 5.000000000000e-03
2.606059690703e-01 4.277765645856e+00 5.000000000000e-03
8.649069869431e-01 4.650722965807e+00 5.000000000000e-03
5.321565380364e+00 4.679854276478e+00 5.000000000000e-03
2.226324448561e+00 6.242202737355e+00 5.000000000000e-03
2.462824595558e+00 6.038038803294e+00 5.000000000000e-03
1.434900610685e+00 2.861819506663e+00 5.000000000000e-03
3.787162731468e+00 7.991694706855e-01 5.000000000000e-03
2.666330717391e+00 7.064526633815e-01 5.000000000000e-03
3.477595664915e+00 6.203842114429e+00 5.000000000000e-03
9.014897650412e-01 5.737029653092e+00 5.000000000000e-03
2.527632520668e+00 1.948038631961e+00 5.000000000000e-03
5.791756677551e+00 4.497984546048e+00 5.000000000000e-03
1.477700973506e+00 9.270650351138e-01 5.000000000000e-03
3.289911853006e-01 6.100721702419e+00 5.000000000000e-03
2.005209792993e+00 4.450067066404e+00 5.000000000000e-03
5.417954011788e+00 3.975031541541e+00 5.000000000000e-03
1.261746410976e+00 5.084865685451e-01 5.000000000000e-03
5.323094338515e+00 4.181405662981e+00 5.000000000000e-03
3.619656296283e-01 2.095468094145e+00 5.000000000000e-03
3.889692985657e+00 6.245995588196e+00 5.000000000000e-03
4.698490986439e+00 1.273556314871e+00 5.000000000000e-03
6.216668179643e+00 2.269406066525e+00 5.000000000000e-03
3.160190439223e+00 1.247530817531e+00 5.000000000000e-03
5.151220585825e+00 5.114271471710e+00 5.000000000000e-03
5.576685905837e+00 9.613466469302e-01 5.000000000000e-03
6.095142884063e+00 4.564768297236e+00 5.000000000000e-03
4.910767180015e+00 4.406418433436e+00 5.000000000000e-03
5.424758095876e+00 5.654396032526e+00 5.000000000000e-03
1.960412754244e+00 2.526779778286e-01 5.000000000000e-03
1.203012552312e+00 5.457904937845e+00 5.000000000000e-03
4.055613448040e+00 5.584090633475e+00 5.000000000000e-03
5.312696640159e+00 4.287890044284e+00 5.000000000000e-03
4.905036179228e+00 2.109800949294e+00 5.000000000000e-03
2.728496646124e+00 4.872627428160e+00 5.000000000000e-03
2.647000100266e+00 4.454739612837e+00 5.000000000000e-03
1.014442984346e+00 3.648020465131e+00 5.000000000000e-03
5.949590768950e+00 3.368441533387e+00 5.000000000000e-03
1.184601355357e+00 2.618388746611e+00 5.000000000000e-03
9.413104022297e-01 3.571545456372e+00 5.000000000000e-03
5.604160062514e-01 2.767810926125e+00 5.000000000000e-03
2.417138516212e+00 1.445046800169e+00 5.000000000000e-03
1.728665868891e+00 4.023767705801e+00 5.000000000000e-03
4.897528852397e+00 2.539783003117e+00 5.000000000000e-03
5.964643682646e+00 3.492678992089e+00 5.000000000000e-03
1.026103981105e+00 9.651745053539e-01 5.000000000000e-03
4.441678317462e+00 2.824774471982e+00 5.000000000000e-03
4.540698208248e+00 6.218551854791e+00 5.000000000000e-03
5.645831081234e+00 1.458001051581e+00 5.000000000000e-03
2.187893065589e+00 2.418131910238e-01 -5.000000000000e-03
1.243126596000e+00 3.613012355440e+00 -5.000000000000e-03
2.612368196371e+00 3.919561893617e-01 -5.000000000000e-03
6.161894612628e+00 9.074478688512e-01 -5.000000000000e-03
5.776279250655e+00 3.136277891202e+00 -5.000000000000e-03
2.011439306208e+00 5.168948407764e+00 -5.000000000000e-03
4.064357499142e-01 5.027399255806e+00 -5.000000000000e-03
4.708198642210e+00 5.298450383198e+00 -5.000000000000e-03
2.129815651932e+00 4.716329465794e-01 -5.000000000000e-03
5.375680125002e+00 5.672027603484e+00 -5.000000000000e-03
6.252069671488e+00 4.439268157151e+00 -5.000000000000e-03
4.644369394433e+00 5.876536798480e+00 -5.000000000000e-03
4.806913901509e+00 5.814859431652e+00 -5.000000000000e-03
6.151504824198e+00 8.292510857259e-02 -5.000000000000e-03
1.958004520674e-01 6.051229474025e+00 -5.000000000000e-03
1.503489734532e+00 1.063664982130e+00 -5.000000000000e-03
1.030941256454e+00 5.432877219882e+00 -5.000000000000e-03
2.674426204841e+00 1.196274624260e+00 -5.000000000000e-03
2.429007267163e+00 4.366932828732e+00 -5.000000000000e-03
6.073106851711e-01 5.752394265572e+00 -5.000000000000e-03
1.551973798984e-01 5.106519114494e+00 -5.000000000000e-03
5.693198561821e+00 1.848781625018e+00 -5.000000000000e-03
1.302381091509e+00 2.452232214279e+00 -5.000000000000e-03
3.269154025750e+00 2.339305189713e+00 -5.000000000000e-03
2.431486507443e+00 1.182644750938e+00 -5.000000000000e-03
5.236258930971e-01 4.791941049139e+00 -5.000000000000e-03
2.994158582285e+00 5.532071747987e+00 -5.000000000000e-03
6.265265183344e-01 7.428880648588e-01 -5.000000000000e-03
5.483580236562e+00 5.899670105795e-01 -5.000000000000e-03
2.817313804227e+00 4.801021114412e+00 -5.000000000000e-03
2.693895496213e+00 1.836747924106e+00 -5.000000000000e-03
5.813659197680e+00 4.765561798221e+00 -5.000000000000e-03
3.383265056769e+00 9.461660663244e-01 -5.000000000000e-03
5.793191890668e+00 2.125482738766e+00 -5.000000000000e-03
2.391781802657e+00 1.871011006459e-01 -5.000000000000e-03
5.009763825606e+00 6.928206583003e-01 -5.000000000000e-03
6.018969047869e+00 6.274918282214e+00 -5.000000000000e-03
5.869305947596e+00 4.857217408303e+00 -5.000000000000e-03
2.140563394543e+00 2.780555142278e+00 -5.000000000000e-03
5.257315749403e-01 6.245441930081e+00 -5.000000000000e-03
1.294402131510e-01 5.124501428936e+00 -5.000000000000e-03
3.088440039295e+00 8.488711567482e-02 -5.000000000000e-03
2.202145107032e+00 6.250616837888e+00 -5.000000000000e-03
4.265070899527e+00 6.173995743459e+00 -5.000000000000e-03
5.451776895861e+00 6.020315272550e-01 -5.000000000000e-03
5.294511358101e+00 1.999398869954e+00 -5.000000000000e-03
3.102208036634e+00 2.016394499205e+00 -5.000000000000e-03
4.131572188128e+00 2.724043062808e+00 -5.000000000000e-03
3.755270843936e+00 3.407548212835e+00 -5.000000000000e-03
1.065010057224e-01 1.143929727291e+00 -5.000000000000e-03
4.222436182746e-01 2.034872940278e+00 -5.000000000000e-03
2.202295094178e+00 1.623585277115e+00 -5.000000000000e-03
8.067340056567e-01 2.994941051420e+00 -5.000000000000e-03
5.186610241226e+00 3.034422536745e-01 -5.000000000000e-03
4.228043625654e+00 5.515107895258e+00 -5.000000000000e-03
5.706358518015e+00 2.478070286132e+00 -5.000000000000e-03
4.078108442121e+00 3.814491856226e+00 -5.000000000000e-03
3.070827562124e-01 2.504502230135e-01 -5.000000000000e-03
2.015155831994e+00 1.094181801072e-02 -5.000000000000e-03
2.298312267607e+00 3.586662427010e+00 -5.000000000000e-03
1.143499452936e+00 1.479617099525e+00 -5.000000000000e-03
3.821759304193e+00 2.455852751606e+00 -5.000000000000e-03
1.179106755059e+00 3.504560793366e+00 -5.000000000000e-03
1.727160205218e+00 1.569199321559e+00 -5.000000000000e-03
6.260210058090e+00 5.915195031065e+00 -5.000000000000e-03
4.293638009308e+00 4.072954095570e+00 -5.000000000000e-03
1.368989407416e+00 2.215143163079e+00 -5.000000000000e-03
2.753514127935e+00 1.555336880263e+00 -5.000000000000e-03
5.390005870699e+00 8.652173126825e-01 -5.000000000000e-03
4.174851501166e+00 6.663168726639e-01 -5.000000000000e-03
4.345997234074e+00 1.343080754295e+00 -5.000000000000e-03
1.491343787471e-01 4.046438714885e+00 -5.000000000000e-03
5.179482996360e+00 2.830973944453e+00 -5.000000000000e-03
5.353140283948e+00 1.977070924340e+00 -5.000000000000e-03
8.197283223650e-01 1.609140589217e+00 -5.000000000000e-03
3.950566343703e-01 1.234086645666e-01 -5.000000000000e-03
3.199115181278e+00 5.418306087630e-01 -5.000000000000e-03
6.582183736267e-01 5.608321974718e+00 -5.000000000000e-03
5.887720849095e+00 4.477712469786e+00 -5.000000000000e-03
3.339750030316e+00 4.812375840634e+00 -5.000000000000e-03
6.105020892689e+00 1.887841168555e+00 -5.000000000000e-03
3.583977522142e+00 8.378138658307e-01 -5.000000000000e-03
5.034207609647e+00 5.529984603236e-01 -5.000000000000e-03
1.680461334479e+00 4.537972641236e+00 -5.000000000000e-03
5.732998010695e-01 5.101770223480e+00 -5.000000000000e-03
1.423411120634e+00 3.532201161185e+00 -5.000000000000e-03
1.155388030459e+00 2.268202799243e+00 -5.000000000000e-03
4.361438595299e+00 4.853251271195e+00 -5.000000000000e-03
6.175763834112e+00 1.547497989900e+00 -5.000000000000e-03
4.894284016428e+00 3.414285511954e+00 -5.000000000000e-03
1.814819343359e+00 9.837387711014e-01 -5.000000000000e-03
3.308704346225e+00 2.187536070411e+00 -5.000000000000e-03
1.413932298673e+00 4.486545665877e+00 -5.000000000000e-03
3.086239333818e-01 3.617517098309e+00 -5.000000000000e-03
4.376061241589e+00 5.996804118249e+00 -5.000000000000e-03
1.618194177900e+00 1.282713919756e+00 -5.000000000000e-03
4.980840996908e-02 2.585358740540e+00 -5.000000000000e-03
1.402383898507e+00 2.556416087345e+00 -5.000000000000e-03
5.523949558165e+00 2.253377534250e+00 -5.000000000000e-03
3.542863835122e+00 5.524749849056e+00 -5.000000000000e-03
