4.460015676732e+00 2.071533474219e+00 5.000000000000e-03
4.176075396419e+00 3.109138161335e+00 5.000000000000e-03
8.411560746764e-01 5.977385986896e+00 5.000000000000e-03
3.188654874581e+00 2.218084011208e+00 5.000000000000e-03
4.055599760993e+00 5.618611621033e+00 5.000000000000e-03
4.276638613564e-01 4.756495468725e+00 5.000000000000e-03
7.811965333837e-01 5.486164234698e+00 5.000000000000e-03
5.779111734724e+00 1.213061833718e+00 5.000000000000e-03
1.424595282882e+00 4.651560337596e+00 5.000000000000e-03
1.307023735650e+00 4.055023597403e+00 5.000000000000e-03
2.169412511239e+00 4.482367929410e+00 5.000000000000e-03
3.492575463143e+00 1.904674830557e+00 5.000000000000e-03
5.142902315960e+00 3.162828861151e+00 5.000000000000e-03
1.955876598870e+00 5.750197066683e-01 5.000000000000e-03
5.898318319839e+00 1.712861628004e+00 5.000000000000e-03
5.912598612493e+00 6.018399601566e+00 5.000000000000e-03
2.669722089311e+00 1.003582110693e+00 5.000000000000e-03
5.171962381326e-01 1.032807401975e+00 5.000000000000e-03
1.944351104222e-02 5.303619081075e-01 5.000000000000e-03
5.357663721826e+00 3.393295430069e-01 5.000000000000e-03
3.459932119257e-01 2.568376615186e+00 5.000000000000e-03
8.486276381527e-01 2.628737548598e-01 5.000000000000e-03
6.057030679165e+00 4.949121422876e+00 5.000000000000e-03
5.591494327276e+00 2.404459609886e+00 5.000000000000e-03
2.438639443682e+00 9.754426167652e-01 5.000000000000e-03
5.986299895797e+00 3.325425719707e+00 5.000000000000e-03
3.964755183973e+00 3.865451471691e-01 5.000000000000e-03
5.658015319978e+00 4.799465503506e+00 5.000000000000e-03
1.333963809358e+00 5.559461311912e+00 5.000000000000e-03
4.371202928575e+00 3.508695284955e+00 5.000000000000e-03
3.522878263448e+00 1.374831331300e+00 5.000000000000e-03
3.659429601656e+00 3.213871650916e+00 5.000000000000e-03
3.439758347593e+00 4.230910023998e-01 5.000000000000e-03
2.696645422378e+00 4.887106213182e+00 5.000000000000e-03
7.705709756090e-01 1.556897971528e+00 5.000000000000e-03
4.479809332129e+00 1.131029724137e+00 5.000000000000e-03
1.940675323256e+00 4.772435641274e-01 5.000000000000e-03
3.819159114368e+00 3.280166048998e+00 5.000000000000e-03
4.286711611174e+00 1.507727346646e+00 5.000000000000e-03
3.206444206243e+00 2.987881605262e-01 5.000000000000e-03
6.241449441102e+00 3.000424167966e+00 5.000000000000e-03
6.715715093243e-01 3.400981440407e+00 5.000000000000e-03
9.002281917204e-01 5.223697278859e+00 5.000000000000e-03
6.189129011125e+00 4.532608646149e+00 5.000000000000e-03
3.943364190473e+00 2.478590522163e+00 5.000000000000e-03
2.629948329461e+00 1.370938182463e+00 5.000000000000e-03
3.553411940918e+00 3.466951438430e+00 5.000000000000e-03
4.777039122298e+00 4.825399733470e+00 5.000000000000e-03
6.583356052574e-01 2.654660973792e+00 5.000000000000e-03
2.745124140236e+00 2.350392596634e+00 5.000000000000e-03
1.827121485062e+00 1.958134879095e+00 5.000000000000e-03
6.108123319059e+00 3.675132826411e+00 5.000000000000e-03
4.818352446349e+00 3.595981521433e+00 5.000000000000e-03
3.388253163993e-01 1.309465542766e+00 5.000000000000e-03
2.607716716519e+00 3.601436190878e+00 5.000000000000e-03
9.729281771161e-01 5.808800142367e+00 5.000000000000e-03
2.879767533934e+00 3.670555266966e+00 5.000000000000e-03
6.025188561478e+00 3.713455720256e+00 5.000000000000e-03
4.277848869916e+00 3.139326833894e+00 5.000000000000e-03
4.950434244124e+00 4.526578997579e+00 5.000000000000e-03
1.365575348757e+00 1.639562446927e+00 5.000000000000e-03
1.569913417768e+00 3.822207735666e+00 5.000000000000e-03
5.096258847084e-01 4.131110048928e+00 5.000000000000e-03
4.802446073621e+00 1.481143573975e+00 5.000000000000e-03
1.249777629593e+00 5.692251863216e-02 5.000000000000e-03
1.846196329802e+00 4.584761947173e+00 5.000000000000e-03
4.269062183134e+00 1.581173280204e+00 5.000000000000e-03
1.880919352699e+00 3.209533773564e-01 5.000000000000e-03
6.267633076582e+00 6.159647218754e+00 5.000000000000e-03
4.239831396901e+00 4.466669977994e+00 5.000000000000e-03
1.581083667567e+00 7.682409794150e-01 5.000000000000e-03
1.240909153203e+00 3.980260846969e+00 5.000000000000e-03
2.225337170143e+00 1.859362720378e+00 5.000000000000e-03
5.642122611205e+00 3.986012388203e+00 5.000000000000e-03
2.892272649974e+00 1.299207785840e-01 5.000000000000e-03
2.935635002182e+00 5.497128084169e-01 5.000000000000e-03
9.209917860500e-01 3.835365486891e+00 5.000000000000e-03
1.323510811070e-01 4.766697149691e+00 5.000000000000e-03
5.765467887700e+00 1.730767121207e+00 5.000000000000e-03
5.567447217994e+00 5.283151940154e+00 5.000000000000e-03
3.757805572041e+00 5.928816666232e+00 5.000000000000e-03
3.672369019235e+00 1.993630917319e+00 5.000000000000e-03
1.871742582089e+00 4.489572353801e-01 5.000000000000e-03
1.212005861554e+00 1.272259313738e+00 5.000000000000e-03
5.995682293258e+00 3.150451689950e+00 5.000000000000e-03
3.617424740758e+00 4.577667009991e-01 5.000000000000e-03
4.844694206770e+00 6.016328759214e+00 5.000000000000e-03
5.452252988366e+00 5.914810726675e+00 5.000000000000e-03
1.055607022761e+00 5.870919576729e+00 5.000000000000e-03
2.041037590755e+00 1.767588538805e+00 5.000000000000e-03
3.738102787625e+00 5.614277782917e+00 5.000000000000e-03
5.064692347413e-01 3.643472871934e+00 5.000000000000e-03
5.846759012747e+00 4.364874266250e+00 5.000000000000e-03
4.316838476571e+00 1.307441322173e+00 5.000000000000e-03
4.932318371663e-01 5.189531724222e+00 5.000000000000e-03
3.380094313422e+00 1.863096404209e+00 5.000000000000e-03
2.550290669856e+00 5.313528192368e+00 5.000000000000e-03
5.503448296161e+00 6.150138865026e+00 5.000000000000e-03
9.285981981374e-01 1.050283644437e+00 5.000000000000e-03
8.604663218557e-01 6.071613605573e+00 5.000000000000e-03
1.589512004890e+00 4.702177444452e+00 -5.000000000000e-03
9.036332304916e-01 3.062497759927e+00 -5.000000000000e-03
2.386861680728e+00 3.959350138874e+00 -5.000000000000e-03
5.046347887109e+00 6.064155119615e+00 -5.000000000000e-03
2.809605371789e+00 5.867849355624e+00 -5.000000000000e-03
2.470256951236e+00 1.460018693634e+00 -5.000000000000e-03
3.911718569677e+00 4.650638366024e-01 -5.000000000000e-03
5.378410222713e+00 1.871706324768e+00 -5.000000000000e-03
2.022575214363e+00 3.419792410587e-01 -5.000000000000e-03
2.682864365110e+00 1.530288432650e-01 -5.000000000000e-03
2.348056813072e-01 1.620044178243e+00 -5.000000000000e-03
2.531731495967e+00 4.214478202942e+00 -5.000000000000e-03
2.422911859404e+00 8.954345284941e-01 -5.000000000000e-03
4.913466895608e+00 3.648070454353e+00 -5.000000000000e-03
3.313947190009e+00 8.611990141309e-01 -5.000000000000e-03
5.356301704375e+00 1.522692947095e+00 -5.000000000000e-03
5.655175824429e+00 3.004390801632e+00 -5.000000000000e-03
2.429250072326e+00 5.836645438446e+00 -5.000000000000e-03
4.169310107534e+00 5.646925036428e+00 -5.000000000000e-03
1.106347722636e+00 6.027548256845e+00 -5.000000000000e-03
6.211904346803e+00 6.280733374575e+00 -5.000000000000e-03
4.132258973072e+00 4.261126782074e+00 -5.000000000000e-03
3.826731832813e+00 5.998134839544e+00 -5.000000000000e-03
2.824869982607e+00 6.119577448720e+00 -5.000000000000e-03
2.519814417385e-01 4.037369657566e+00 -5.000000000000e-03
2.386584288195e+00 2.741839809919e+00 -5.000000000000e-03
3.520443415039e+00 4.598366559090e+00 -5.000000000000e-03
5.347143378560e+00 2.603627747821e+00 -5.000000000000e-03
3.515874316213e+00 4.568092073868e+00 -5.000000000000e-03
4.648253594322e+00 2.351950800478e+00 -5.000000000000e-03
7.030860670079e-02 1.065193360723e+00 -5.000000000000e-03
4.820674085226e+00 2.667996127262e+00 -5.000000000000e-03
2.015392385781e+00 5.041548709172e+00 -5.000000000000e-03
2.037718863097e-01 2.930130796814e+00 -5.000000000000e-03
1.092664720426e+00 3.204421540728e+00 -5.000000000000e-03
2.380203503758e+00 2.062789951285e+00 -5.000000000000e-03
1.348138501946e+00 2.186054687864e-01 -5.000000000000e-03
4.672065422484e+00 7.990242233287e-01 -5.000000000000e-03
1.177165478452e+00 7.903197412546e-01 -5.000000000000e-03
7.072274370848e-01 3.632955594396e+00 -5.000000000000e-03
3.957192568359e+00 3.517902031182e-01 -5.000000000000e-03
5.162285442883e+00 5.481875183411e+00 -5.000000000000e-03
1.229437253575e+00 2.849768651906e+00 -5.000000000000e-03
5.565696017048e+00 3.728470025503e+00 -5.000000000000e-03
8.788266115590e-01 4.609498363459e+00 -5.000000000000e-03
4.273145569886e+00 7.970331015260e-01 -5.000000000000e-03
6.137203078204e+00 4.511609976297e+00 -5.000000000000e-03
1.943531281692e+00 1.878930600789e-01 -5.000000000000e-03
5.839041393841e+00 6.975403737401e-01 -5.000000000000e-03
4.087084261124e+00 4.222685791907e+00 -5.000000000000e-03
3.042785930483e+00 5.860325524175e+00 -5.000000000000e-03
4.622056986872e+00 1.056288181463e+00 -5.000000000000e-03
1.828546219972e+00 1.812076002687e+00 -5.000000000000e-03
4.043372398289e+00 3.208508118948e+00 -5.000000000000e-03
6.106205271680e+00 1.600464270536e+00 -5.000000000000e-03
3.733774924942e+00 1.423746594108e+00 -5.000000000000e-03
2.061351206704e+00 1.498225772131e+00 -5.000000000000e-03
8.335125321151e-01 3.468033579110e+00 -5.000000000000e-03
4.239014993183e+00 3.774553152917e+00 -5.000000000000e-03
5.664686594545e+00 2.339620438459e+00 -5.000000000000e-03
1.285952649526e+00 8.492140314061e-01 -5.000000000000e-03
4.947763147915e+00 4.349248731377e+00 -5.000000000000e-03
5.128446831636e+00 6.329516695240e-01 -5.000000000000e-03
4.876558396901e+00 5.078934686017e+00 -5.000000000000e-03
4.322823577018e+00 4.044672287401e+00 -5.000000000000e-03
5.770874788139e-01 4.474955452206e-02 -5.000000000000e-03
3.791385153944e+00 3.469098822439e+00 -5.000000000000e-03
5.221824052493e+00 5.045379579325e+00 -5.000000000000e-03
1.160563096795e+00 3.409129605089e+00 -5.000000000000e-03
1.105383767419e+00 4.353172957493e+00 -5.000000000000e-03
6.277919771198e+00 6.282847798757e+00 -5.000000000000e-03
6.057266991211e+00 1.625925204020e-02 -5.000000000000e-03
4.434445151251e-01 2.387337315834e+00 -5.000000000000e-03
5.348946142952e+00 4.204342506829e+00 -5.000000000000e-03
4.021847354753e+00 3.765572130955e+00 -5.000000000000e-03
2.801486705695e+00 3.260092848265e+00 -5.000000000000e-03
1.511778067072e+00 3.028843742675e+00 -5.000000000000e-03
5.784425680836e+00 3.330487818359e+00 -5.000000000000e-03
4.737613857946e+00 2.253446942436e+00 -5.000000000000e-03
2.509793227799e+00 6.182549218182e+00 -5.000000000000e-03
2.999834449646e+00 4.247709075421e+00 -5.000000000000e-03
2.090017440297e+00 5.298230706802e+00 -5.000000000000e-03
4.914314094348e+00 2.357541954827e+00 -5.000000000000e-03
5.967509031741e+00 1.586031877973e-01 -5.000000000000e-03
2.689542106678e+00 5.931031850240e+00 -5.000000000000e-03
3.700147422817e+00 5.220307144870e+00 -5.000000000000e-03
4.387490911061e+00 2.723578341435e+00 -5.000000000000e-03
2.633882928436e+00 2.706517851843e+00 -5.000000000000e-03
1.547091320193e+00 2.490943241213e+00 -5.000000000000e-03
2.372048702512e+00 5.959273245225e+00 -5.000000000000e-03
4.208590894090e+00 4.520847773887e-01 -5.000000000000e-03
4.773630719736e+00 3.853422103108e+00 -5.000000000000e-03
1.592963143100e+00 5.099650309520e+00 -5.000000000000e-03
4.253052555528e+00 9.400184151436e-01 -5.000000000000e-03
3.959802941141e-01 5.824822639435e+00 -5.000000000000e-03
2.141054333413e+00 3.611469161565e-01 -5.000000000000e-03
5.034516762212e+00 2.593331475758e+00 -5.000000000000e-03
2.572493182262e-01 2.136094332593e+00 -5.000000000000e-03
3.057808979938e+00 5.218238219656e+00 -5.000000000000e-03
1.411271878054e+00 6.177057032373e+00 -5.000000000000e-03
