9.445279693602e-01 4.038930809395e+00 5.000000000000e-03
4.101125924721e+00 3.522059150290e+00 5.000000000000e-03
3.503994253799e+00 5.962252020530e+00 5.000000000000e-03
2.709563729874e+00 2.112929450441e+00 5.000000000000e-03
1.595809699150e+00 1.723156292944e+00 5.000000000000e-03
2.329533843856e+00 3.471660711007e+00 5.000000000000e-03
4.105072055240e+00 8.990082745040e-01 5.000000000000e-03
1.788788286539e-01 2.043661051150e+00 5.000000000000e-03
4.960287195657e-01 4.741814250212e+00 5.000000000000e-03
4.307174433108e+00 3.604471360570e+00 5.000000000000e-03
1.386071833465e+00 5.726274896023e+00 5.000000000000e-03
1.586163832681e+00 1.134483123054e-01 5.000000000000e-03
2.582435634870e+00 7.290508732847e-01 5.000000000000e-03
2.772925072953e+00 5.867227220195e+00 5.000000000000e-03
3.010957213523e+00 1.259121395927e+00 5.000000000000e-03
2.443220205193e+00 1.750253658454e+00 5.000000000000e-03
4.570954801083e+00 1.885753570006e+00 5.000000000000e-03
4.416821392109e+00 3.362331123334e+00 5.000000000000e-03
2.315492681350e-01 8.267323466108e-01 5.000000000000e-03
1.322885181177e+00 2.267098944778e+00 5.000000000000e-03
4.319569825327e+00 3.823051480029e+00 5.000000000000e-03
5.841698140755e-02 3.019451352785e+00 5.000000000000e-03
1.709550910036e+00 2.349077365465e+00 5.000000000000e-03
3.637236987590e+00 1.928208129320e+00 5.000000000000e-03
6.910880928608e-01 2.744524046255e+00 5.000000000000e-03
5.653368965015e-02 3.595278740903e+00 5.000000000000e-03
4.345396543009e+00 3.128962857214e+00 5.000000000000e-03
9.605419386395e-01 4.784949363062e+00 5.000000000000e-03
5.101700944200e+00 4.786782319610e+00 5.000000000000e-03
5.120879444741e-01 1.739694565875e+00 5.000000000000e-03
7.091095735466e-01 2.689167099100e+00 5.000000000000e-03
5.958564912868e+00 5.742429204211e-02 5.000000000000e-03
3.458890640967e+00 1.203654450293e+00 5.000000000000e-03
7.738657387193e-01 5.511296108776e+00 5.000000000000e-03
5.109228999319e+00 6.067494121264e+00 5.000000000000e-03
1.933593880177e+00 1.480138666528e+00 5.000000000000e-03
2.499641336536e+00 6.089069959230e+00 5.000000000000e-03
8.957152657572e-02 3.688770209307e+00 5.000000000000e-03
2.767546860009e+00 3.309326594447e+00 5.000000000000e-03
2.762248129170e+00 5.728536120124e+00 5.000000000000e-03
2.718888057537e+00 8.889417060805e-01 5.000000000000e-03
3.524909523864e+00 5.859833886641e+00 5.000000000000e-03
2.779575918502e+00 4.441721062943e+00 5.000000000000e-03
5.184519137819e-01 2.407803586430e+00 5.000000000000e-03
1.129243248958e-01 1.955731445322e+00 5.000000000000e-03
9.389664688613e-01 2.814449570367e+00 5.000000000000e-03
3.727206837510e+00 2.144651818099e+00 5.000000000000e-03
1.743948652975e+00 1.535955329281e+00 5.000000000000e-03
4.875597429321e+00 5.998545523784e+00 5.000000000000e-03
4.102917366912e+00 1.398283134176e+00 5.000000000000e-03
5.494416953562e+00 5.699766946925e+00 5.000000000000e-03
1.936987773319e+00 3.852360365945e+00 5.000000000000e-03
5.552126947268e+00 4.676027030230e+00 5.000000000000e-03
4.229428762361e+00 9.376047675731e-01 5.000000000000e-03
1.953170341513e+00 2.790571735722e+00 5.000000000000e-03
5.316555795257e+00 1.391390570702e+00 5.000000000000e-03
5.201483050639e+00 5.534141219065e+00 5.000000000000e-03
5.520255948265e+00 5.439844042293e+00 5.000000000000e-03
6.218354487378e+00 6.244807127968e+00 5.000000000000e-03
2.830261143260e+00 1.945737236414e+00 5.000000000000e-03
4.121983398217e+00 4.813437447417e+00 5.000000000000e-03
4.390326135166e+00 1.260745559382e+00 5.000000000000e-03
5.547495065427e+00 2.856983088269e+00 5.000000000000e-03
5.215798878085e+00 5.915373044356e+00 5.000000000000e-03
2.109310571703e+00 4.391245241665e+00 5.000000000000e-03
5.125945815718e-01 6.051206458450e+00 5.000000000000e-03
2.287434210103e+00 1.130536347067e+00 5.000000000000e-03
4.817793055273e+00 4.856070536369e+00 5.000000000000e-03
1.894137994080e+00 1.444649082130e+00 5.000000000000e-03
9.578534969925e-01 5.291563545451e+00 5.000000000000e-03
2.727367680028e+00 1.009760160855e+00 5.000000000000e-03
4.721784376452e+00 2.750352881181e+00 5.000000000000e-03
5.123309529793e+00 4.705086756480e+00 5.000000000000e-03
1.217105186697e+00 3.736406245199e+00 5.000000000000e-03
2.654193618693e+00 3.059976345891e+00 5.000000000000e-03
5.194496958778e+00 3.032029469976e+00 5.000000000000e-03
1.531856480873e+00 5.222210731521e+00 5.000000000000e-03
2.105834435535e+00 6.032191828385e+00 5.000000000000e-03
3.807642282497e+00 1.391956314165e+00 5.000000000000e-03
2.171878718233e+00 3.353946360812e+00 5.000000000000e-03
4.037581347504e+00 1.376113612242e+00 5.000000000000e-03
5.052491766196e-01 3.302473683669e+00 5.000000000000e-03
9.833619979147e-01 5.644845146375e+00 5.000000000000e-03
3.221866019584e+00 4.622906416420e+00 5.000000000000e-03
3.294462846933e+00 5.649657118004e+00 5.000000000000e-03
4.600218749843e+00 1.486773091429e+00 5.000000000000e-03
3.917515121224e+00 4.992313197605e+00 5.000000000000e-03
3.717689469692e+00 4.005281452259e+00 5.000000000000e-03
2.518245752058e+00 5.885114464583e+00 5.000000000000e-03
5.341788255317e+00 7.728190166029e-01 5.000000000000e-03
4.032558445721e+00 7.306279186451e-01 5.000000000000e-03
5.981325674744e-01 1.830785460163e+00 5.000000000000e-03
5.457635357951e+00 4.018021018004e+00 5.000000000000e-03
4.153381242475e-01 4.622058666225e+00 5.000000000000e-03
6.139384011304e+00 5.225419702801e+00 5.000000000000e-03
2.543537966647e+00 1.880812871651e+00 5.000000000000e-03
3.067874255580e+00 2.647670489774e+00 5.000000000000e-03
5.299232639304e+00 2.172759879138e+00 5.000000000000e-03
6.139008571998e+00 3.393523380284e+00 5.000000000000e-03
1.271848813136e-01 4.454757810948e+00 5.000000000000e-03
3.096378941011e-01 5.059816740078e+00 -5.000000000000e-03
6.723949767436e-01 5.563573696239e+00 -5.000000000000e-03
3.671132806415e+00 1.282094438472e+00 -5.000000000000e-03
2.823310462974e+00 3.830773520624e+00 -5.000000000000e-03
1.369964427470e-01 7.751159415525e-01 -5.000000000000e-03
6.265782108452e+00 6.248936897288e+00 -5.000000000000e-03
2.426321608579e+00 6.082270824405e+00 -5.000000000000e-03
8.494936285382e-01 1.388411404806e+00 -5.000000000000e-03
5.362489781101e+00 8.226125012591e-01 -5.000000000000e-03
5.656075979718e+00 4.796747825559e-01 -5.000000000000e-03
4.660338201211e+00 3.636046146811e+00 -5.000000000000e-03
5.604708572866e+00 1.666177917280e+00 -5.000000000000e-03
3.148693376976e+00 7.331933558043e-01 -5.000000000000e-03
1.160201110981e+00 2.058942968556e+00 -5.000000000000e-03
4.901228845927e+00 4.291969557307e+00 -5.000000000000e-03
3.207304854858e+00 5.402792519814e+00 -5.000000000000e-03
8.991318504769e-02 1.855889125515e+00 -5.000000000000e-03
4.456823391392e+00 5.043159038737e+00 -5.000000000000e-03
6.132607010792e+00 2.538084215733e+00 -5.000000000000e-03
4.727750973189e+00 2.534539786476e+00 -5.000000000000e-03
4.815452046766e+00 5.850696266563e+00 -5.000000000000e-03
4.595143102448e+00 5.710343435996e+00 -5.000000000000e-03
5.524212429986e+00 2.892291620957e+00 -5.000000000000e-03
2.285654411220e+00 3.640802107016e+00 -5.000000000000e-03
4.780588253232e+00 4.843042887640e-01 -5.000000000000e-03
2.980458890182e+00 3.921698955076e+00 -5.000000000000e-03
3.455904677426e+00 5.596617544812e-01 -5.000000000000e-03
4.429403316572e+00 1.373715445052e-01 -5.000000000000e-03
3.917688792778e+00 5.657790273940e+00 -5.000000000000e-03
6.110856106858e+00 1.700685429726e+00 -5.000000000000e-03
1.397814013409e+00 3.561918699640e+00 -5.000000000000e-03
6.646029792229e-01 5.128987339006e+00 -5.000000000000e-03
1.572690524740e+00 5.735127096599e+00 -5.000000000000e-03
1.095605624723e+00 3.455519923207e-01 -5.000000000000e-03
2.804428993824e+00 2.048271454139e+00 -5.000000000000e-03
7.960323322461e-01 4.008854019788e-01 -5.000000000000e-03
1.482550974213e+00 5.593581942437e+00 -5.000000000000e-03
4.652645640286e+00 9.193605941368e-01 -5.000000000000e-03
2.107949900025e+00 1.951334694811e+00 -5.000000000000e-03
1.662523048508e+00 3.882405835048e+00 -5.000000000000e-03
2.911360868746e+00 4.744892752075e+00 -5.000000000000e-03
6.165958587763e+00 2.955124459670e+00 -5.000000000000e-03
1.012641732850e+00 5.336305912515e+00 -5.000000000000e-03
2.571771669040e+00 4.925332653504e+00 -5.000000000000e-03
1.122011614299e+00 4.633432615375e+00 -5.000000000000e-03
1.778684080019e+00 4.817282378056e+00 -5.000000000000e-03
5.097857678774e+00 1.544887495937e+00 -5.000000000000e-03
3.110319018864e+00 2.006910602900e+00 -5.000000000000e-03
4.616019056349e+00 5.651565204533e+00 -5.000000000000e-03
2.426701996483e+00 6.627021420478e-02 -5.000000000000e-03
1.321473427478e+00 5.086382440441e+00 -5.000000000000e-03
3.644991990802e+00 3.120526900322e+00 -5.000000000000e-03
3.478837097339e+00 3.229051205934e+00 -5.000000000000e-03
7.049586390219e-02 6.265151691578e+00 -5.000000000000e-03
3.373968875490e+00 1.181844097872e-02 -5.000000000000e-03
2.682840322049e-01 1.998212031151e+00 -5.000000000000e-03
2.938201116588e+00 3.862769985404e+00 -5.000000000000e-03
5.592933092267e+00 3.631255293856e+00 -5.000000000000e-03
1.552042780356e+00 4.458418634650e+00 -5.000000000000e-03
1.227511627952e+00 4.337460657450e+00 -5.000000000000e-03
4.083484760501e+00 5.155223640836e+00 -5.000000000000e-03
3.065529154514e+00 1.414296566440e+00 -5.000000000000e-03
5.859373420576e+00 4.254182125390e+00 -5.000000000000e-03
3.750739692025e+00 5.326483198943e+00 -5.000000000000e-03
1.805838915793e+00 4.931723496759e+00 -5.000000000000e-03
3.760715338644e+00 9.641827454888e-01 -5.000000000000e-03
3.108028005589e+00 8.952298543215e-01 -5.000000000000e-03
2.979834204271e+00 1.356061570237e+00 -5.000000000000e-03
4.168049935243e+00 4.419364287345e+00 -5.000000000000e-03
4.510169964923e+00 2.607908641639e+00 -5.000000000000e-03
2.045188501149e+00 5.569495956211e+00 -5.000000000000e-03
4.766834237179e+00 5.883792396516e+00 -5.000000000000e-03
2.019829611876e+00 2.774809917670e+00 -5.000000000000e-03
1.284348227491e+00 4.135754716405e-01 -5.000000000000e-03
2.848149431174e-01 1.559227420227e+00 -5.000000000000e-03
3.758751501363e+00 3.785570038459e+00 -5.000000000000e-03
5.649134374299e+00 2.271396499545e+00 -5.000000000000e-03
4.813980848558e+00 3.741737427069e+00 -5.000000000000e-03
8.576550643867e-01 5.180577379017e+00 -5.000000000000e-03
3.576704039987e+00 5.821222802852e+00 -5.000000000000e-03
5.245522463748e+00 4.226971054491e+00 -5.000000000000e-03
2.919048888418e-01 4.524942361905e+00 -5.000000000000e-03
3.153816438142e+00 1.884133728201e+00 -5.000000000000e-03
8.638653328370e-01 5.520609709851e+00 -5.000000000000e-03
3.205290367364e+00 4.765303288533e+00 -5.000000000000e-03
1.235967113400e+00 7.158629441030e-01 -5.000000000000e-03
4.377756768949e-01 3.720452452344e+00 -5.000000000000e-03
3.084265716814e+00 1.579063065510e-01 -5.000000000000e-03
5.464690110111e+00 1.103549601697e+00 -5.000000000000e-03
1.455745970288e+00 3.344795865956e+00 -5.000000000000e-03
3.457084529449e+00 5.231130997255e-01 -5.000000000000e-03
5.016913687150e+00 1.434407754279e+00 -5.000000000000e-03
2.412352312103e+00 4.702801755671e+00 -5.000000000000e-03
6.077449141400e+00 1.638414549560e+00 -5.000000000000e-03
8.689654898543e-01 1.297616575269e+00 -5.000000000000e-03
9.122398235881e-01 4.027840697492e-01 -5.000000000000e-03
3.065656480182e+00 3.940178397059e-01 -5.000000000000e-03
3.358519671263e+00 3.404441991815e+00 -5.000000000000e-03
2.476175459161e+00 2.649607091871e+00 -5.000000000000e-03
4.921301256035e+00 5.136948419457e+00 -5.000000000000e-03
