1.890749559442e+00 1.970672819610e+00 5.000000000000e-03
4.159935253418e+00 5.387971856934e+00 5.000000000000e-03
2.025706836982e+00 5.142846737407e+00 5.000000000000e-03
2.198596392546e+00 3.861534515745e+00 5.000000000000e-03
2.031419852787e+00 2.705351294573e+00 5.000000000000e-03
5.925144585273e+00 3.083841740362e+00 5.000000000000e-03
2.934247975984e+00 4.663459556219e+00 5.000000000000e-03
1.168856192984e+00 1.529043946110e+00 5.000000000000e-03
4.343074192048e+00 3.008271498876e+00 5.000000000000e-03
4.471597257549e+00 5.887811231239e+00 5.000000000000e-03
5.062207286134e+00 3.268808094323e+00 5.000000000000e-03
2.507022301022e+00 3.996404939418e+00 5.000000000000e-03
3.093491135984e-01 3.561664260232e+00 5.000000000000e-03
7.443082773865e-01 2.216726596483e+00 5.000000000000e-03
5.408002763985e+00 4.794557105520e+00 5.000000000000e-03
2.688219216302e+00 2.721874192945e+00 5.000000000000e-03
9.912664550844e-01 5.823278820103e+00 5.000000000000e-03
2.862994047825e+00 1.138845441463e+00 5.000000000000e-03
5.428707230367e+00 2.185283460730e+00 5.000000000000e-03
5.818826074848e-01 9.445046309155e-02 5.000000000000e-03
5.870977126999e+00 4.031222361846e-01 5.000000000000e-03
5.601678862124e-01 5.376791210487e+00 5.000000000000e-03
1.649321980953e+00 3.720717850713e+00 5.000000000000e-03
1.817291729347e+00 2.337181500998e+00 5.000000000000e-03
2.606967660475e+00 1.201164766319e+00 5.000000000000e-03
4.410683516242e+00 4.741323056378e+00 5.000000000000e-03
6.039308257530e-01 4.907601853025e-01 5.000000000000e-03
5.632760342913e-01 4.406555461642e+00 5.000000000000e-03
5.155861825582e+00 2.472759274873e+00 5.000000000000e-03
2.840007592514e+00 4.359273542269e-01 5.000000000000e-03
5.564386435845e+00 5.791141969333e+00 5.000000000000e-03
4.223168538904e+00 7.561552130741e-01 5.000000000000e-03
2.320188195605e+00 2.919610981076e+00 5.000000000000e-03
4.794803133896e+00 4.613143184496e+00 5.000000000000e-03
1.735615922350e+00 5.893562034269e+00 5.000000000000e-03
5.643217208548e+00 2.628448954896e+00 5.000000000000e-03
4.193580270597e+00 9.006363627846e-01 5.000000000000e-03
1.661918726513e-02 3.661394106364e+00 5.000000000000e-03
7.752928699779e-01 2.666299917080e-01 5.000000000000e-03
3.438812666481e+00 3.782684317584e+00 5.000000000000e-03
2.526822462568e+00 8.324375492083e-01 5.000000000000e-03
1.179159794480e+00 5.403241939637e+00 5.000000000000e-03
2.293101321226e-01 1.302292340643e+00 5.000000000000e-03
3.547734455655e+00 5.808000519520e-01 5.000000000000e-03
6.039160478808e+00 5.920108228238e+00 5.000000000000e-03
2.073430400752e+00 2.508287899092e+00 5.000000000000e-03
2.411294676953e+00 2.506239976636e+00 5.000000000000e-03
6.032410161260e+00 6.172995687060e+00 5.000000000000e-03
3.978972331084e+00 3.421087874466e+00 5.000000000000e-03
2.427860239844e+00 2.155554738489e+00 5.000000000000e-03
4.266037495727e+00 2.444806350643e+00 5.000000000000e-03
1.011718859174e+00 3.222890484040e+00 5.000000000000e-03
5.745969798883e+00 7.582042932499e-01 5.000000000000e-03
2.496911901914e+00 5.131830525572e+00 5.000000000000e-03
2.352732470249e+00 9.131185844426e-01 5.000000000000e-03
1.451461483818e+00 5.772418810603e+00 5.000000000000e-03
5.012693312194e+00 2.637556730680e+00 5.000000000000e-03
3.691002507412e+00 2.223198143887e+00 5.000000000000e-03
3.755979612925e+00 6.803652268475e-01 5.000000000000e-03
3.346962361670e+00 4.071034285600e+00 5.000000000000e-03
5.834238512502e+00 1.483245244153e+00 5.000000000000e-03
6.667624593202e-01 3.781353451460e+00 5.000000000000e-03
2.641790113147e-01 5.313067554268e+00 5.000000000000e-03
3.075010263167e+00 3.799641680532e-01 5.000000000000e-03
2.718436730992e+00 5.227516032153e+00 5.000000000000e-03
1.197608742893e+00 3.008347121904e-01 5.000000000000e-03
1.717120738575e+00 2.586165245590e+00 5.000000000000e-03
2.573925040309e+00 3.933435597969e+00 5.000000000000e-03
2.711993415057e+00 3.095642948800e+00 5.000000000000e-03
2.646052635948e+00 3.411918407773e+00 5.000000000000e-03
9.763469346685e-01 1.657830186012e+00 5.000000000000e-03
4.907758893894e+00 5.720749059711e+00 5.000000000000e-03
2.272815041126e+00 3.805537503544e+00 5.000000000000e-03
3.614759526626e+00 1.059744069291e+00 5.000000000000e-03
3.952028115514e+00 3.484123598146e-01 5.000000000000e-03
3.725700724901e+00 2.179919056236e+00 5.000000000000e-03
5.973445477089e+00 3.995491580035e+00 5.000000000000e-03
2.504142258272e-01 2.814625387476e+00 5.000000000000e-03
4.616855188817e-01 2.038963276044e-01 5.000000000000e-03
2.319382710691e+00 2.968371140364e+00 5.000000000000e-03
5.367062526180e+00 5.281518468420e+00 5.000000000000e-03
6.135015448480e+00 5.638521036650e+00 5.000000000000e-03
6.009106305485e+00 3.795089143011e+00 5.000000000000e-03
5.031947794008e+00 1.233761047476e+00 5.000000000000e-03
2.986706076313e+00 5.769574880420e+00 5.000000000000e-03
7.983982370896e-01 2.736661202337e+00 5.000000000000e-03
4.133881933248e+00 3.930424492141e+00 5.000000000000e-03
1.465406922915e+00 2.298267377775e-01 5.000000000000e-03
1.926715143979e+00 1.826307822042e+00 5.000000000000e-03
1.936339693552e+00 4.097244927939e+00 5.000000000000e-03
1.355850630097e+00 3.393416693308e+00 5.000000000000e-03
2.726641386999e+00 2.951630075709e+00 5.000000000000e-03
2.040958536772e+00 4.397830833517e+00 5.000000000000e-03
1.115587860314e+00 3.643106376519e-01 5.000000000000e-03
3.350565637349e+00 4.273980424572e+00 5.000000000000e-03
1.595599370901e+00 3.285076332260e+00 5.000000000000e-03
5.640566701070e+00 2.883434374004e+00 5.000000000000e-03
5.347055390100e+00 1.104248047066e-01 5.000000000000e-03
3.841228101526e+00 1.302430318392e+00 5.000000000000e-03
5.825926577887e+00 2.791990121184e+00 5.000000000000e-03
3.149987891709e+00 2.947509679050e+00 -5.000000000000e-03
4.327431766697e+00 3.525875887844e+00 -5.000000000000e-03
5.446660307657e+00 5.232841912300e+00 -5.000000000000e-03
4.778152930840e+00 2.002354996479e+00 -5.000000000000e-03
6.071279720567e+00 4.998800794546e+00 -5.000000000000e-03
2.776770146624e+00 4.627583867626e+00 -5.000000000000e-03
5.223038272750e+00 1.904927909294e+00 -5.000000000000e-03
5.689384633599e+00 1.744892505853e+00 -5.000000000000e-03
1.372969521691e+00 1.040458319318e+00 -5.000000000000e-03
2.840639465130e+00 1.060741704433e+00 -5.000000000000e-03
1.102070127344e-02 5.770476997869e+00 -5.000000000000e-03
2.559691519440e+00 5.113072035773e+00 -5.000000000000e-03
5.336805057869e+00 4.656874942378e+00 -5.000000000000e-03
4.349845372215e+00 2.560100830328e+00 -5.000000000000e-03
1.942361158684e+00 1.098346904259e-01 -5.000000000000e-03
2.742589039328e+00 3.833999383553e+00 -5.000000000000e-03
2.134426086632e+00 1.866416757160e+00 -5.000000000000e-03
3.236083718438e+00 1.810160072247e+00 -5.000000000000e-03
2.821042584544e+00 4.311107011295e+00 -5.000000000000e-03
1.948131438664e+00 5.852886114596e+00 -5.000000000000e-03
2.252002367691e-01 1.180100007161e+00 -5.000000000000e-03
4.592763536143e+00 1.352975080625e+00 -5.000000000000e-03
4.845237434382e+00 5.480549272621e+00 -5.000000000000e-03
2.035181097992e+00 2.133070542084e+00 -5.000000000000e-03
4.989747630974e+00 1.232740625571e+00 -5.000000000000e-03
4.881175968662e+00 4.768884342075e+00 -5.000000000000e-03
5.763630985154e+00 5.696233726933e+00 -5.000000000000e-03
3.827604843273e+00 4.730844799175e+00 -5.000000000000e-03
5.735543300685e+00 5.708152104921e+00 -5.000000000000e-03
5.256622032183e+00 3.219061220344e+00 -5.000000000000e-03
2.352731825039e+00 5.651400713781e+00 -5.000000000000e-03
2.536549228727e+00 3.040860587667e+00 -5.000000000000e-03
3.478404811751e+00 1.289354430130e+00 -5.000000000000e-03
1.927749897969e-01 6.066737917595e+00 -5.000000000000e-03
3.514627332026e-02 2.673212476194e+00 -5.000000000000e-03
4.931928354250e+00 5.986449712311e-01 -5.000000000000e-03
4.458101216132e+00 6.216584383051e-01 -5.000000000000e-03
2.132609745649e-01 4.008657474427e+00 -5.000000000000e-03
3.463988731743e+00 5.558475373802e+00 -5.000000000000e-03
5.145123366357e+00 1.920570766401e-01 -5.000000000000e-03
1.119924732031e+00 2.814189954694e+00 -5.000000000000e-03
2.165219200512e-01 5.212705215363e+00 -5.000000000000e-03
3.096410704591e+00 4.731546697078e+00 -5.000000000000e-03
4.542947737996e+00 4.030376882319e+00 -5.000000000000e-03
5.490377421587e-02 4.544566433403e+00 -5.000000000000e-03
1.149105099431e-01 9.800832311628e-01 -5.000000000000e-03
6.540744708054e-01 4.877851323495e+00 -5.000000000000e-03
5.364076935189e-01 1.077032797175e+00 -5.000000000000e-03
4.338427630609e+00 3.283175220460e+00 -5.000000000000e-03
5.873892407843e+00 2.723818545208e+00 -5.000000000000e-03
2.601090657822e+00 5.835942653216e+00 -5.000000000000e-03
4.396607160729e+00 1.356488987236e+00 -5.000000000000e-03
2.210139379541e+00 4.811188002610e+00 -5.000000000000e-03
1.217220789483e-01 3.376454988350e+00 -5.000000000000e-03
4.935712760200e+00 3.672707568491e+00 -5.000000000000e-03
1.578494403620e+00 4.881106561061e+00 -5.000000000000e-03
8.055438815452e-01 2.139931690434e+00 -5.000000000000e-03
4.130826714350e+00 5.541584399481e-01 -5.000000000000e-03
1.299133228021e+00 3.515212317569e+00 -5.000000000000e-03
2.980517080892e-01 3.867502628335e+00 -5.000000000000e-03
4.032732628473e+00 4.911700399724e+00 -5.000000000000e-03
9.962250453975e-01 4.625359177547e+00 -5.000000000000e-03
5.051942636800e+00 6.294808438302e-01 -5.000000000000e-03
3.678006498682e+00 1.844853230742e+00 -5.000000000000e-03
4.456803645287e+00 3.632553209952e+00 -5.000000000000e-03
4.377967352625e+00 2.402598535635e+00 -5.000000000000e-03
1.934803389105e+00 2.020293709902e+00 -5.000000000000e-03
2.981439731355e+00 1.901083712471e+00 -5.000000000000e-03
3.332203709807e+00 1.018082590445e-01 -5.000000000000e-03
8.476574962856e-01 5.427858071173e+00 -5.000000000000e-03
5.840569062157e+00 4.715387899475e+00 -5.000000000000e-03
2.807668573734e+00 1.766554590068e+00 -5.000000000000e-03
5.112867087897e+00 6.096925546093e+00 -5.000000000000e-03
3.341439514540e+00 2.505978446986e+00 -5.000000000000e-03
3.318021683502e+00 4.729938629176e+00 -5.000000000000e-03
2.527128296180e+00 9.824744492699e-01 -5.000000000000e-03
1.623910020915e-02 5.587983744872e+00 -5.000000000000e-03
1.709827653822e+00 4.671050348180e+00 -5.000000000000e-03
3.037629250252e+00 5.970801508789e-02 -5.000000000000e-03
3.198681302914e-01 5.878558442762e+00 -5.000000000000e-03
3.342785309632e+00 2.740519605689e+00 -5.000000000000e-03
4.600200002217e+00 5.138640610069e+00 -5.000000000000e-03
2.474606868804e+00 3.900169688154e+00 -5.000000000000e-03
5.721491469906e+00 3.170224855012e+00 -5.000000000000e-03
3.733089084765e+00 4.235951085148e+00 -5.000000000000e-03
5.600649402009e+00 1.205869700903e+00 -5.000000000000e-03
1.010735939276e+00 4.127488591667e+00 -5.000000000000e-03
4.413898763343e+00 3.695347053135e+00 -5.000000000000e-03
3.847456970108e+00 3.287968543641e+00 -5.000000000000e-03
3.158076688414e+00 1.086559696615e+00 -5.000000000000e-03
3.886680577869e+00 6.139492731477e-01 -5.000000000000e-03
4.949859859596e+00 8.917856729272e-01 -5.000000000000e-03
3.068091766559e+00 5.865521282593e+00 -5.000000000000e-03
2.778357855511e+00 1.934622297409e+00 -5.000000000000e-03
5.047648882109e+00 4.844099896434e-01 -5.000000000000e-03
2.869087315673e+00 2.192279955630e+00 -5.000000000000e-03
2.297334096482e+00 2.263242948833e-01 -5.000000000000e-03
4.475429083236e-01 7.130836689210e-01 -5.000000000000e-03
4.544906469749e-01 2.094476325612e+00 -5.000000000000e-03
6.516409011872e-01 5.567411443075e+00 -5.000000000000e-03
