4.768916848844e-01 8.625333669360e-01 5.000000000000e-03
2.474978518344e+00 2.507752949677e+00 5.000000000000e-03
4.096271329226e+00 5.857817293249e+00 5.000000000000e-03
1.092914315687e+00 3.424420183361e+00 5.000000000000e-03
2.522411671707e+00 5.427242475523e+00 5.000000000000e-03
5.641035435909e+00 4.422878626042e+00 5.000000000000e-03
6.727589443809e-01 2.564740134584e+00 5.000000000000e-03
1.365673238949e+00 2.775197057407e-01 5.000000000000e-03
5.812412410963e+00 6.183125253101e+00 5.000000000000e-03
3.755485999616e+00 1.089230969318e+00 5.000000000000e-03
2.497233539743e+00 5.616605981156e+00 5.000000000000e-03
6.145513432296e-01 6.125410590721e+00 5.000000000000e-03
3.145655632932e-02 3.163459658415e+00 5.000000000000e-03
2.758153025855e+00 5.196055301334e+00 5.000000000000e-03
4.218885787657e+00 3.809090146334e-01 5.000000000000e-03
3.135881946230e+00 9.162873632767e-01 5.000000000000e-03
3.524911661625e+00 1.064962685731e+00 5.000000000000e-03
2.618198789693e+00 7.597229519118e-01 5.000000000000e-03
5.604721481467e+00 1.315276452849e+00 5.000000000000e-03
4.373388687769e+00 9.947655005130e-01 5.000000000000e-03
2.471463929006e+00 1.656891530767e+00 5.000000000000e-03
4.967186715628e+00 3.072018993450e+00 5.000000000000e-03
6.048716797872e+00 2.715623609074e+00 5.000000000000e-03
4.057511919397e+00 2.875131727338e+00 5.000000000000e-03
2.867664787383e+00 1.222929375727e+00 5.000000000000e-03
5.569847566167e+00 2.435511720385e+00 5.000000000000e-03
2.592080388901e+00 1.628909838138e+00 5.000000000000e-03
3.842727320128e+00 3.523876791680e+00 5.000000000000e-03
5.924344102796e+00 4.072841263633e+00 5.000000000000e-03
2.627239095543e+00 4.874146157123e+00 5.000000000000e-03
3.016708107908e+00 6.120136190523e-01 5.000000000000e-03
4.134202532106e+00 1.447518632654e+00 5.000000000000e-03
4.482612602234e+00 5.453345519932e+00 5.000000000000e-03
3.971321341513e+00 1.792167073451e+00 5.000000000000e-03
4.433745335194e+00 4.492033047656e+00 5.000000000000e-03
5.050547428808e+00 8.197081894532e-01 5.000000000000e-03
1.770274445723e+00 6.282034773307e+00 5.000000000000e-03
5.511943765181e+00 2.501297348577e+00 5.000000000000e-03
5.754591405275e+00 4.570809046943e+00 5.000000000000e-03
3.742212723858e+00 3.684446755335e+00 5.000000000000e-03
2.939673400347e+00 4.657049791335e+00 5.000000000000e-03
2.118549718205e+00 9.625966524833e-01 5.000000000000e-03
6.648524150013e-01 3.969220698955e+00 5.000000000000e-03
2.580881007502e+00 5.926065939365e+00 5.000000000000e-03
3.041176261133e+00 5.988824627833e+00 5.000000000000e-03
3.904180579080e+00 4.784173794248e-01 5.000000000000e-03
2.910312496120e+00 4.590273100810e+00 5.000000000000e-03
5.225642573085e+00 9.191884579292e-01 5.000000000000e-03
6.111446012226e+00 4.845816948352e+00 5.000000000000e-03
1.815567821704e+00 9.800449275551e-01 5.000000000000e-03
4.048546666690e+00 4.388812549753e+00 5.000000000000e-03
2.132059286516e+00 6.336155533523e-02 5.000000000000e-03
4.214389439663e+00 3.941720066406e+00 5.000000000000e-03
4.757503673989e+00 3.385734260217e+00 5.000000000000e-03
4.246846289678e+00 4.642072536688e+00 5.000000000000e-03
3.803826141841e+00 7.198429235022e-01 5.000000000000e-03
3.892888286449e+00 5.084519497108e+00 5.000000000000e-03
4.626499024242e+00 3.917306319842e+00 5.000000000000e-03
2.664599953414e-01 4.458623713549e+00 5.000000000000e-03
1.756707912894e+00 5.912935168268e+00 5.000000000000e-03
3.374963703501e+00 3.813846346387e+00 5.000000000000e-03
6.205270228817e+00 3.274486399356e+00 5.000000000000e-03
2.267682179767e+00 1.565473070315e+00 5.000000000000e-03
5.087173615143e+00 2.452105581039e+00 5.000000000000e-03
5.788106192009e+00 9.496965485220e-01 5.000000000000e-03
8.615186336186e-01 2.358927696012e+00 5.000000000000e-03
3.086384666152e+00 2.519096363736e+00 5.000000000000e-03
1.985407769448e+00 2.252570366007e+00 5.000000000000e-03
5.096411171062e+00 7.905115335085e-01 5.000000000000e-03
8.059870257769e-01 3.357311836628e+00 5.000000000000e-03
2.641640608839e+00 4.060236415889e+00 5.000000000000e-03
5.937402764341e+00 2.614047062776e+00 5.000000000000e-03
5.877951017703e+00 4.137909956612e+00 5.000000000000e-03
5.055198720782e-02 1.884862188047e+00 5.000000000000e-03
5.956129629404e+00 1.058443379008e+00 5.000000000000e-03
5.215678210614e+00 4.598611595687e+00 5.000000000000e-03
1.642008050592e+00 5.692112543845e+00 5.000000000000e-03
2.391449309411e+00 3.309532320189e+00 5.000000000000e-03
9.571715531858e-01 2.278723878478e+00 5.000000000000e-03
5.367444933606e+00 5.112117458953e+00 5.000000000000e-03
2.125762014674e+00 6.248826895762e+00 5.000000000000e-03
3.802396278429e+00 4.865186657451e+00 5.000000000000e-03
5.319266851702e+00 1.526077195244e+00 5.000000000000e-03
6.077272541085e+00 1.350582720520e+00 5.000000000000e-03
4.823537474880e+00 8.862688227905e-01 5.000000000000e-03
2.105063494118e+00 1.212661541576e+00 5.000000000000e-03
3.804069921837e+00 2.993541633252e+00 5.000000000000e-03
2.416759158692e+00 2.065715670956e+00 5.000000000000e-03
2.929192579029e+00 5.183692727495e+00 5.000000000000e-03
4.952230040602e+00 6.022054278148e+00 5.000000000000e-03
7.429843095808e-01 2.470341011732e+00 5.000000000000e-03
4.606320301540e+00 1.704981518041e+00 5.000000000000e-03
9.510952857934e-02 3.961099365332e+00 5.000000000000e-03
2.528538923810e+00 4.468123213057e+00 5.000000000000e-03
4.253468897496e+00 1.789647843641e+00 5.000000000000e-03
2.755338718582e+00 1.350868434607e+00 5.000000000000e-03
1.534978397412e+00 4.526562500288e+00 5.000000000000e-03
4.083262969933e-01 3.329135542280e+00 5.000000000000e-03
4.754548993319e+00 3.689951333544e+00 5.000000000000e-03
3.621057749495e+00 2.105661493535e+00 5.000000000000e-03
8.097961971062e-01 2.599988850987e+00 -5.000000000000e-03
4.392686688512e+00 5.659787071888e+00 -5.000000000000e-03
9.517397136184e-01 2.750369672547e+00 -5.000000000000e-03
5.393902915111e-01 2.880738932445e-01 -5.000000000000e-03
6.068377660485e+00 2.115638046844e+00 -5.000000000000e-03
4.785043543406e+00 3.824401868793e-01 -5.000000000000e-03
7.631914840440e-01 1.070236027333e+00 -5.000000000000e-03
1.870814283762e+00 3.788697648851e+00 -5.000000000000e-03
3.475605194133e+00 6.073829965927e+00 -5.000000000000e-03
4.019267529151e-01 3.870287641140e+00 -5.000000000000e-03
1.296108344660e-01 3.673687104560e+00 -5.000000000000e-03
3.991026497342e+00 5.028736291678e+00 -5.000000000000e-03
4.119629201169e+00 2.586265247875e+00 -5.000000000000e-03
2.546457468843e+00 5.785939750122e+00 -5.000000000000e-03
5.465864375360e+00 3.692674217803e+00 -5.000000000000e-03
3.198046671927e+00 5.879844420305e+00 -5.000000000000e-03
2.436941463786e+00 5.173648080498e+00 -5.000000000000e-03
2.773322045058e+00 5.848032678357e+00 -5.000000000000e-03
4.935499398827e+00 1.733598143836e+00 -5.000000000000e-03
6.107816154668e-01 4.268698949387e+00 -5.000000000000e-03
5.343715003919e+00 2.920028996410e+00 -5.000000000000e-03
5.336367312711e+00 2.777275686239e+00 -5.000000000000e-03
3.723249131153e+00 2.854163354077e+00 -5.000000000000e-03
1.499207447452e+00 8.253798839079e-01 -5.000000000000e-03
4.195668016648e-01 1.633014735691e+00 -5.000000000000e-03
4.340085474829e-01 3.304064412561e-01 -5.000000000000e-03
1.782523508992e+00 6.143913424326e+00 -5.000000000000e-03
5.672875360816e+00 6.184392540047e+00 -5.000000000000e-03
2.900585018779e+00 3.154083321057e+00 -5.000000000000e-03
2.898090197647e+00 6.585596557859e-02 -5.000000000000e-03
4.656773593028e+00 5.683422232233e+00 -5.000000000000e-03
5.706888232910e+00 1.839863651826e+00 -5.000000000000e-03
2.035252035765e+00 5.771462650543e+00 -5.000000000000e-03
2.607433088048e+00 4.111956541678e+00 -5.000000000000e-03
5.978612104475e+00 2.816885298037e+00 -5.000000000000e-03
2.257271918488e+00 3.979121171250e-02 -5.000000000000e-03
3.039656669065e+00 5.631348718659e+00 -5.000000000000e-03
2.965000384688e+00 1.370471078982e+00 -5.000000000000e-03
4.744206885405e+00 6.039451061603e+00 -5.000000000000e-03
5.470079350909e+00 4.412989816506e+00 -5.000000000000e-03
3.924085879917e-01 5.545570406996e+00 -5.000000000000e-03
4.887952026639e+00 6.179582771010e+00 -5.000000000000e-03
1.621010237573e+00 2.041269776114e+00 -5.000000000000e-03
6.881880303165e-01 5.576746282052e+00 -5.000000000000e-03
3.936987228370e+00 2.044738856009e+00 -5.000000000000e-03
1.376569406320e+00 5.766522422397e+00 -5.000000000000e-03
1.536199657678e+00 6.084106150747e-01 -5.000000000000e-03
3.519718118794e+00 6.122593276345e+00 -5.000000000000e-03
5.305355898398e+00 2.718099090991e+00 -5.000000000000e-03
3.496750303420e+00 3.521349109458e+00 -5.000000000000e-03
3.039029692954e-01 1.901864634812e+00 -5.000000000000e-03
3.596863528850e+00 6.982107567668e-01 -5.000000000000e-03
1.405310380527e+00 3.091235273646e+00 -5.000000000000e-03
2.221041915676e+00 9.734439483597e-01 -5.000000000000e-03
4.194334063660e+00 6.042081093423e+00 -5.000000000000e-03
1.385733659029e+00 4.076135169769e-01 -5.000000000000e-03
6.083604873329e-01 3.161678677315e-01 -5.000000000000e-03
6.264801524606e+00 3.543332946811e+00 -5.000000000000e-03
5.978682707966e+00 1.896705873216e+00 -5.000000000000e-03
1.174525523828e+00 6.032900754662e+00 -5.000000000000e-03
5.615740941945e+00 9.120040574079e-01 -5.000000000000e-03
2.893479125524e+00 1.495146796953e+00 -5.000000000000e-03
3.871862159364e+00 3.654120387710e+00 -5.000000000000e-03
3.388276080914e+00 5.201717031769e+00 -5.000000000000e-03
1.289291650785e+00 5.823385646448e+00 -5.000000000000e-03
5.441076312669e+00 6.240293877978e+00 -5.000000000000e-03
4.480365522067e+00 2.585695751244e+00 -5.000000000000e-03
1.633006112662e+00 5.120138515569e+00 -5.000000000000e-03
1.653535489142e+00 4.459022497905e+00 -5.000000000000e-03
2.160739767157e+00 1.321729171458e+00 -5.000000000000e-03
3.752854084387e+00 3.521649039838e+00 -5.000000000000e-03
5.345905153414e+00 2.981530786986e+00 -5.000000000000e-03
4.746014453839e+00 5.370022185300e+00 -5.000000000000e-03
1.956388679903e+00 3.962044128571e+00 -5.000000000000e-03
2.414453716873e+00 3.801930019048e+00 -5.000000000000e-03
2.321009197974e+00 2.374776138405e+00 -5.000000000000e-03
2.066847538976e+00 4.703360296938e+00 -5.000000000000e-03
1.514780082829e+00 1.601553510016e+00 -5.000000000000e-03
3.821611829043e+00 3.938640403770e+00 -5.000000000000e-03
1.868903853157e+00 6.282839789410e-01 -5.000000000000e-03
4.668094366826e+00 3.523927674723e+00 -5.000000000000e-03
6.116525210456e+00 1.513318363092e+00 -5.000000000000e-03
3.632970288549e+00 5.861443393955e+00 -5.000000000000e-03
5.745798237724e+00 1.212446171538e+00 -5.000000000000e-03
1.569634930364e+00 2.305308022854e+00 -5.000000000000e-03
2.234029636018e+00 5.740009566878e+00 -5.000000000000e-03
3.673620301097e+00 3.144863781731e+00 -5.000000000000e-03
4.729601858283e+00 2.476871042246e+00 -5.000000000000e-03
1.112434720614e-01 2.941562312667e+00 -5.000000000000e-03
4.433174602328e+00 5.558988799581e+00 -5.000000000000e-03
1.818518631363e+00 6.128857029591e+00 -5.000000000000e-03
5.838993444504e+00 3.301086150643e+00 -5.000000000000e-03
6.868814504647e-01 5.281485914172e+00 -5.000000000000e-03
2.906613233846e+00 6.279307071254e+00 -5.000000000000e-03
1.952797141393e+00 3.768804435694e+00 -5.000000000000e-03
1.701746457693e+00 4.132291238260e+00 -5.000000000000e-03
4.346790348529e+00 2.721444205793e+00 -5.000000000000e-03
2.933241263860e+00 6.479430624490e-01 -5.000000000000e-03
9.135233553686e-01 3.451915397633e+00 -5.000000000000e-03
5.989090930599e+00 3.866897733965e+00 -5.000000000000e-03
