1.292494515014e+00 4.941564586986e-01 5.000000000000e-03
1.814575006854e+00 4.867729768583e+00 5.000000000000e-03
3.420083737563e+00 2.009732467857e+00 5.000000000000e-03
3.228817205831e+00 5.877277539099e+00 5.000000000000e-03
5.709265803850e+00 7.944939491912e-01 5.000000000000e-03
5.541789177057e-01 7.897680082359e-01 5.000000000000e-03
5.953792368606e+00 5.697864979717e+00 5.000000000000e-03
5.468097610801e+00 3.371542799775e+00 5.000000000000e-03
1.164692332410e+00 5.629669513759e+00 5.000000000000e-03
5.190368984092e+00 1.363226680630e+00 5.000000000000e-03
2.506052121895e+00 3.887474770048e+00 5.000000000000e-03
2.724631430758e+00 1.645270368143e+00 5.000000000000e-03
1.531628033552e-01 2.680567750524e+00 5.000000000000e-03
5.435719602391e+00 5.543140432707e+00 5.000000000000e-03
3.581239643916e+00 1.266762089818e+00 5.000000000000e-03
3.282086488584e+00 2.868098770361e+00 5.000000000000e-03
5.728535493242e+00 3.729452246839e+00 5.000000000000e-03
7.932160913622e-01 1.887128629179e+00 5.000000000000e-03
3.353795941984e+00 1.374407979215e+00 5.000000000000e-03
6.042623119968e+00 4.796927346207e+00 5.000000000000e-03
1.630525654725e-02 4.186911175991e+00 5.000000000000e-03
2.548783278566e+00 3.581529949262e+00 5.000000000000e-03
3.405990656992e-01 4.649579680447e+00 5.000000000000e-03
8.500714058926e-02 4.017900364991e+00 5.000000000000e-03
1.458870397454e+00 5.939495129544e+00 5.000000000000e-03
2.295959450794e+00 4.319146101420e+00 5.000000000000e-03
4.902742774863e+00 6.098488309592e+00 5.000000000000e-03
3.619866958186e+00 2.338900300638e+00 5.000000000000e-03
1.588802013925e+00 1.668287121603e+00 5.000000000000e-03
4.769980740853e+00 4.541948867934e+00 5.000000000000e-03
2.855824237637e+00 4.027708518623e+00 5.000000000000e-03
5.940564365713e+00 5.965479282826e+00 5.000000000000e-03
2.698512605008e-01 2.188026378872e+00 5.000000000000e-03
3.502435502828e+00 2.735785329560e+00 5.000000000000e-03
4.598696090837e+00 1.331236763381e+00 5.000000000000e-03
5.726962929085e+00 9.698213760346e-01 5.000000000000e-03
1.814968114711e+00 2.877038284177e+00 5.000000000000e-03
2.183312875025e+00 9.215847236108e-01 5.000000000000e-03
6.130570208421e+00 4.075399523288e+00 5.000000000000e-03
4.031664128022e+00 3.217444631684e-01 5.000000000000e-03
5.689977165861e+00 3.160456443368e+00 5.000000000000e-03
1.819830130889e+00 7.591655409802e-01 5.000000000000e-03
6.267376290615e+00 6.179581492017e+00 5.000000000000e-03
1.567145784401e+00 3.512227129620e+00 5.000000000000e-03
2.085248172652e+00 8.811513107864e-01 5.000000000000e-03
2.717474753124e+00 3.898739456051e+00 5.000000000000e-03
1.784559519410e+00 4.615536165419e-01 5.000000000000e-03
4.781759997106e+00 1.961062392910e+00 5.000000000000e-03
4.043429505186e+00 3.642353381222e+00 5.000000000000e-03
8.669093658307e-01 6.628137170632e-01 5.000000000000e-03
4.212650407643e+00 2.198494148293e+00 5.000000000000e-03
4.345785895359e+00 4.140084704269e-01 5.000000000000e-03
3.594809509339e+00 9.720102642527e-01 5.000000000000e-03
4.394936925965e+00 5.814213081646e-01 5.000000000000e-03
2.061843719330e+00 5.026002941991e+00 5.000000000000e-03
1.487828524467e+00 4.787944000068e+00 5.000000000000e-03
1.446932495930e+00 1.004469990112e+00 5.000000000000e-03
1.860783011609e+00 1.010718287139e+00 5.000000000000e-03
5.062510197441e+00 1.371783058226e+00 5.000000000000e-03
8.453971773394e-01 7.383000110532e-01 5.000000000000e-03
6.083300879200e-01 2.732182312156e+00 5.000000000000e-03
1.295112086271e+00 2.967536311518e+00 5.000000000000e-03
1.724040113931e+00 6.178653280302e+00 5.000000000000e-03
6.084805082183e+00 7.932340640707e-02 5.000000000000e-03
4.830648234695e-01 1.945130967192e+00 5.000000000000e-03
1.706673346657e+00 8.236896911566e-01 5.000000000000e-03
2.725612760104e+00 2.707779070503e+00 5.000000000000e-03
2.232320999528e+00 1.551941541907e+00 5.000000000000e-03
1.897600617040e+00 5.180330977750e+00 5.000000000000e-03
3.613800904302e+00 3.272731008855e+00 5.000000000000e-03
5.292477386641e+00 1.199397435451e+00 5.000000000000e-03
3.875395976603e+00 1.212505264075e+00 5.000000000000e-03
4.789123594720e+00 1.349355019094e+00 5.000000000000e-03
5.272101485879e+00 2.724793777116e+00 5.000000000000e-03
2.910844610668e-01 4.513811346176e+00 5.000000000000e-03
2.397292213890e+00 5.933837271948e+00 5.000000000000e-03
8.264320761190e-01 5.107665820494e+00 5.000000000000e-03
1.436993687448e+00 2.970841877131e+00 5.000000000000e-03
1.211824933895e+00 3.942618891338e+00 5.000000000000e-03
5.270313130716e+00 1.755699694935e+00 5.000000000000e-03
3.406436992850e+00 7.322563927195e-01 5.000000000000e-03
5.921477964193e+00 5.614174364424e+00 5.000000000000e-03
1.912317683021e+00 2.968248074983e+00 5.000000000000e-03
4.853233955176e+00 1.768298235373e+00 5.000000000000e-03
2.052481395439e+00 3.680998610349e+00 5.000000000000e-03
4.275957542498e+00 8.711723784103e-01 5.000000000000e-03
5.016736457976e+00 2.467097458388e+00 5.000000000000e-03
5.045574593320e+00 3.345238738460e-02 5.000000000000e-03
1.455417726875e+00 3.123298656130e+00 5.000000000000e-03
3.418872401533e+00 5.795218593534e-01 5.000000000000e-03
4.335187354368e+00 2.664667510294e+00 5.000000000000e-03
1.658941921538e+00 5.063923804757e+00 5.000000000000e-03
2.160905575034e+00 1.799410014776e+00 5.000000000000e-03
3.178964275471e+00 1.226756251481e+00 5.000000000000e-03
5.208549239466e-02 3.510514726575e-01 5.000000000000e-03
2.156130014118e+00 1.682830286429e+00 5.000000000000e-03
4.654425161539e+00 6.188901978341e+00 5.000000000000e-03
1.884570490401e+00 2.675910276082e+00 5.000000000000e-03
2.375086994742e+00 1.387557078051e+00 5.000000000000e-03
1.513503565767e-01 8.310541962708e-01 5.000000000000e-03
2.937495942944e+00 5.139780066885e+00 -5.000000000000e-03
6.095921560560e+00 1.254085587546e+00 -5.000000000000e-03
3.369891407125e+00 3.930916490318e+00 -5.000000000000e-03
4.847341546312e+00 8.079813439299e-01 -5.000000000000e-03
1.147836205434e+00 3.652296365891e+00 -5.000000000000e-03
1.385269522444e+00 6.158135990082e+00 -5.000000000000e-03
2.531027824988e+00 5.017715660232e-02 -5.000000000000e-03
1.424556554128e+00 3.160997636904e+00 -5.000000000000e-03
6.280656796945e+00 1.624076885894e-01 -5.000000000000e-03
5.864960757878e+00 5.389641937643e+00 -5.000000000000e-03
7.948518071891e-01 2.444174485197e+00 -5.000000000000e-03
5.100257847955e+00 3.624252017767e+00 -5.000000000000e-03
6.737629250247e-01 7.062116508106e-01 -5.000000000000e-03
1.516091274820e-01 5.332422599539e+00 -5.000000000000e-03
5.071498598145e+00 4.427870915663e+00 -5.000000000000e-03
5.280455482894e+00 1.290155151330e+00 -5.000000000000e-03
3.883729303552e+00 6.076724643055e+00 -5.000000000000e-03
2.883892871877e+00 4.180922506089e+00 -5.000000000000e-03
1.789923049274e+00 3.457719906231e+00 -5.000000000000e-03
5.682748124359e+00 6.178587977877e+00 -5.000000000000e-03
4.409847378838e+00 5.400807283529e+00 -5.000000000000e-03
4.163150159782e+00 2.299038200296e+00 -5.000000000000e-03
5.456114976598e+00 2.038585183340e+00 -5.000000000000e-03
9.114077049660e-01 4.504265589494e+00 -5.000000000000e-03
3.124273205091e+00 2.421225551942e+00 -5.000000000000e-03
2.421427382308e+00 2.565910940797e+00 -5.000000000000e-03
5.799539631181e+00 3.764469022444e+00 -5.000000000000e-03
4.331907231947e-01 5.822947016152e+00 -5.000000000000e-03
3.080506459830e+00 5.027354444860e+00 -5.000000000000e-03
5.030767003859e+00 5.281886411214e+00 -5.000000000000e-03
1.279077207955e+00 9.617767495014e-01 -5.000000000000e-03
3.044712770517e+00 4.257249736195e+00 -5.000000000000e-03
3.205340351590e+00 4.147656163593e+00 -5.000000000000e-03
4.872866801639e+00 1.177693717473e-01 -5.000000000000e-03
1.798393266764e+00 1.245469598996e+00 -5.000000000000e-03
3.014133363522e+00 2.966731025115e+00 -5.000000000000e-03
1.481160306698e+00 2.269303379975e+00 -5.000000000000e-03
5.321064234178e+00 3.459359783526e+00 -5.000000000000e-03
4.523227904404e+00 3.577581812931e+00 -5.000000000000e-03
3.300576727741e+00 1.200266058130e+00 -5.000000000000e-03
4.429853662865e+00 5.425967095613e+00 -5.000000000000e-03
3.666305800862e+00 5.798198570818e+00 -5.000000000000e-03
1.957270131839e+00 1.780109332664e+00 -5.000000000000e-03
4.114619679582e-01 4.906504697902e+00 -5.000000000000e-03
5.090484916581e-02 1.549851457660e+00 -5.000000000000e-03
2.693099391481e+00 3.829342434551e+00 -5.000000000000e-03
7.306110663953e-01 8.641098934504e-01 -5.000000000000e-03
5.264988935746e-02 5.858545717621e+00 -5.000000000000e-03
5.470777929772e+00 3.110425363455e+00 -5.000000000000e-03
6.243825045755e+00 5.856345324647e+00 -5.000000000000e-03
1.329400885742e+00 4.935953660008e+00 -5.000000000000e-03
5.942755705604e+00 3.161306932715e+00 -5.000000000000e-03
1.571620435679e+00 3.417248338904e+00 -5.000000000000e-03
1.057270689938e+00 9.307102406034e-01 -5.000000000000e-03
3.471538229075e+00 1.302784600759e+00 -5.000000000000e-03
1.710381028679e+00 4.704322565111e+00 -5.000000000000e-03
2.560818242699e+00 1.032744245238e+00 -5.000000000000e-03
6.152708773556e-01 3.092746550107e+00 -5.000000000000e-03
6.950106301919e-01 6.126482162727e+00 -5.000000000000e-03
4.192195625633e+00 2.387673880169e+00 -5.000000000000e-03
2.983009359443e+00 3.958927354379e+00 -5.000000000000e-03
5.243245868059e+00 1.777046824594e-01 -5.000000000000e-03
5.446549161889e+00 3.369190821306e+00 -5.000000000000e-03
4.680157510301e+00 5.054363494544e+00 -5.000000000000e-03
1.479724775396e+00 1.413490236074e+00 -5.000000000000e-03
1.376308673067e+00 4.971456530849e+00 -5.000000000000e-03
1.012700067511e+00 2.734880052956e+00 -5.000000000000e-03
5.736119755105e+00 5.594018876730e+00 -5.000000000000e-03
4.417271078508e+00 5.524310048438e+00 -5.000000000000e-03
4.776156683106e+00 5.601115055550e+00 -5.000000000000e-03
1.582993098355e+00 4.460499263155e+00 -5.000000000000e-03
1.992953043773e+00 5.945231657713e+00 -5.000000000000e-03
1.820404385196e+00 3.419945053610e+00 -5.000000000000e-03
5.094286616469e+00 3.536379591837e+00 -5.000000000000e-03
8.342955011294e-02 3.972186251396e+00 -5.000000000000e-03
4.398766446214e+00 7.767254068404e-01 -5.000000000000e-03
5.103787357425e+00 7.154210498839e-01 -5.000000000000e-03
4.224167918648e+00 1.620474712405e+00 -5.000000000000e-03
2.047767983070e+00 1.962195576750e+00 -5.000000000000e-03
1.579463372964e-01 4.656210486791e+00 -5.000000000000e-03
5.864921909437e+00 1.891219334656e+00 -5.000000000000e-03
1.216099667661e+00 5.680508208011e+00 -5.000000000000e-03
6.029621997756e+00 1.571889709263e+00 -5.000000000000e-03
3.384283009358e+00 1.803426931637e+00 -5.000000000000e-03
3.003967798989e+00 2.295751576963e+00 -5.000000000000e-03
1.886561710259e+00 2.055817522679e+00 -5.000000000000e-03
5.111868853876e+00 3.268101590662e+00 -5.000000000000e-03
4.304901212507e+00 2.611084102881e+00 -5.000000000000e-03
1.388851639603e+00 4.800555490577e-01 -5.000000000000e-03
5.308410671814e+00 5.558020697335e+00 -5.000000000000e-03
4.927665487125e+00 3.513250386994e+00 -5.000000000000e-03
2.711795619262e+00 1.181968011100e+00 -5.000000000000e-03
5.474381651700e+00 2.254271183045e+00 -5.000000000000e-03
5.547976757766e+00 6.142531113211e+00 -5.000000000000e-03
5.441821740676e+00 6.722988330514e-01 -5.000000000000e-03
7.378984886853e-01 2.527308064702e+00 -5.000000000000e-03
5.227582149417e+00 6.627126380520e-01 -5.000000000000e-03
3.738960306722e+00 6.017115583248e+00 -5.000000000000e-03
2.496352273984e+00 5.681376923733e+00 -5.000000000000e-03
2.817568664913e+00 5.017884494645e+00 -5.000000000000e-03
