5.557770186343e+00 6.072674201141e+00 5.000000000000e-03
3.532230269343e+00 1.501823639640e+00 5.000000000000e-03
2.180688831216e-01 1.996326774270e-01 5.000000000000e-03
5.185517166340e+00 2.938499448425e+00 5.000000000000e-03
5.405961440726e+00 3.141302440830e+00 5.000000000000e-03
4.959916454240e+00 2.704424770192e+00 5.000000000000e-03
1.168013812768e+00 3.687601394739e+00 5.000000000000e-03
6.083044849839e+00 5.854146961151e+00 5.000000000000e-03
7.393081518010e-01 5.707130403362e-01 5.000000000000e-03
3.638875256376e+00 4.754629119610e+00 5.000000000000e-03
9.465424468152e-01 5.482784265184e+00 5.000000000000e-03
3.153948019286e+00 1.539110610483e+00 5.000000000000e-03
5.457928102854e+00 1.518260121891e+00 5.000000000000e-03
5.957126987295e+00 4.648080427267e+00 5.000000000000e-03
1.226326658166e+00 6.263989870257e+00 5.000000000000e-03
3.808384221401e+00 4.541600341405e+00 5.000000000000e-03
5.542005747291e+00 4.032615121685e+00 5.000000000000e-03
1.144894886677e+00 3.263732192811e+00 5.000000000000e-03
2.274616720720e+00 1.349049555996e+00 5.000000000000e-03
3.249941491310e+00 2.384341365545e+00 5.000000000000e-03
5.270535510833e-02 1.341170283596e+00 5.000000000000e-03
2.062217516079e+00 5.412685153124e-01 5.000000000000e-03
1.697093800291e+00 2.121533927570e+00 5.000000000000e-03
2.468383605231e+00 5.889952625884e+00 5.000000000000e-03
2.169735438632e-01 5.848337312678e+00 5.000000000000e-03
4.941881417100e+00 3.987121274777e+00 5.000000000000e-03
9.917297882395e-02 2.964734958414e+00 5.000000000000e-03
4.675731659917e+00 5.721978067153e+00 5.000000000000e-03
5.505549850798e-01 5.901165271285e+00 5.000000000000e-03
1.301680947299e+00 4.811693589742e+00 5.000000000000e-03
3.239545528534e+00 4.634094564457e-01 5.000000000000e-03
2.573196286788e+00 1.887992255647e+00 5.000000000000e-03
1.060332255018e+00 2.029499252252e+00 5.000000000000e-03
5.796764576068e+00 4.793682247985e+00 5.000000000000e-03
3.465722825598e+00 2.915662598773e+00 5.000000000000e-03
4.848789861933e+00 1.669456103362e+00 5.000000000000e-03
2.065325404257e+00 3.531047053673e+00 5.000000000000e-03
1.349381947698e+00 6.182785294635e+00 5.000000000000e-03
5.306195015718e-01 8.436732612136e-01 5.000000000000e-03
5.788968759476e+00 3.385925493032e+00 5.000000000000e-03
3.957062676501e+00 1.356456825531e+00 5.000000000000e-03
1.211947311562e+00 9.163217275167e-02 5.000000000000e-03
5.829703528545e+00 5.580064379887e+00 5.000000000000e-03
2.193942984382e+00 3.984183143458e+00 5.000000000000e-03
2.164116885606e+00 2.134644875211e+00 5.000000000000e-03
3.762395371548e+00 2.550360277965e+00 5.000000000000e-03
6.128298270274e+00 3.801857521957e+00 5.000000000000e-03
4.163796183388e-01 5.947763969147e+00 5.000000000000e-03
1.635201175382e+00 5.134563840018e-01 5.000000000000e-03
1.079170215252e+00 1.192620224389e+00 5.000000000000e-03
1.109621066687e+00 1.227179608385e+00 5.000000000000e-03
1.416761545313e+00 3.414655822741e+00 5.000000000000e-03
7.483889841852e-01 4.799559947516e+00 5.000000000000e-03
4.218802676776e+00 2.543027983204e+00 5.000000000000e-03
5.926970752140e+00 3.880931689154e+00 5.000000000000e-03
2.242605188965e-01 4.485350954395e+00 5.000000000000e-03
4.314018764837e+00 2.298336539854e+00 5.000000000000e-03
5.013868308369e+00 2.821601966305e+00 5.000000000000e-03
4.087400401173e+00 7.080423248760e-01 5.000000000000e-03
6.050213088186e+00 4.351413645119e+00 5.000000000000e-03
5.451538224996e+00 5.420651351467e+00 5.000000000000e-03
5.470954982134e+00 6.070459170557e+00 5.000000000000e-03
3.529780458040e+00 4.947809818049e+00 5.000000000000e-03
4.850999717368e+00 5.524200715143e+00 5.000000000000e-03
3.886211141010e+00 1.053320498362e+00 5.000000000000e-03
1.294495217276e+00 3.296572936680e+00 5.000000000000e-03
1.967163175674e-01 4.793137194562e-01 5.000000000000e-03
6.033864905149e+00 5.244914928751e+00 5.000000000000e-03
7.937252100174e-01 5.286466774257e+00 5.000000000000e-03
5.475586407138e+00 2.600122217526e+00 5.000000000000e-03
8.867884399167e-01 5.018200670674e+00 5.000000000000e-03
1.297016510979e+00 1.895077688240e+00 5.000000000000e-03
4.379682634565e+00 3.187391646424e+00 5.000000000000e-03
5.030657346719e+00 9.993840547089e-01 5.000000000000e-03
2.573759067671e+00 3.402776364390e+00 5.000000000000e-03
5.171244138596e-01 2.953707062832e+00 5.000000000000e-03
8.976705425424e-01 1.159775368597e+00 5.000000000000e-03
5.606307086579e+00 2.639729687676e+00 5.000000000000e-03
3.329648452925e+00 6.228498199311e+00 5.000000000000e-03
4.118561823281e-01 4.508496983932e+00 5.000000000000e-03
8.386620814145e-01 5.496983401409e+00 5.000000000000e-03
5.838472016528e+00 2.348470026331e+00 5.000000000000e-03
3.241787645432e+00 1.462273092154e+00 5.000000000000e-03
2.120199646652e+00 5.056869781381e+00 5.000000000000e-03
4.623835672560e+00 1.215842231640e+00 5.000000000000e-03
1.623940005906e+00 2.213825125929e+00 5.000000000000e-03
3.575197084200e+00 4.822616431653e+00 5.000000000000e-03
1.177166443587e+00 4.754433563132e+00 5.000000000000e-03
1.290218440106e-01 2.803220641107e+00 5.000000000000e-03
1.889657677008e+00 6.177318034073e+00 5.000000000000e-03
2.739741893050e+00 2.961195206526e+00 5.000000000000e-03
5.949653089139e+00 1.772475077088e+00 5.000000000000e-03
3.498675774332e-02 1.743188519711e+00 5.000000000000e-03
2.013151506763e+00 4.169957904614e+00 5.000000000000e-03
4.004480511829e+00 5.616013853027e+00 5.000000000000e-03
8.013149965375e-01 5.671719430438e+00 5.000000000000e-03
5.596092864837e+00 1.759913674358e+00 5.000000000000e-03
1.731577636916e+00 2.188689351127e+00 5.000000000000e-03
4.962546768172e+00 4.936553988655e+00 5.000000000000e-03
4.804632362606e+00 5.865786751238e+00 5.000000000000e-03
5.183097144091e+00 3.328474430553e+00 -5.000000000000e-03
1.429198163710e+00 2.814274035591e+00 -5.000000000000e-03
4.337039819827e+00 4.419599293461e+00 -5.000000000000e-03
6.087581061140e+00 3.780980328735e-01 -5.000000000000e-03
5.920466285876e+00 4.800199999492e+00 -5.000000000000e-03
5.191136196390e+00 1.432518970111e+00 -5.000000000000e-03
6.222882515690e+00 2.148955749679e+00 -5.000000000000e-03
5.319093263758e+00 3.942439520491e-01 -5.000000000000e-03
1.507420941255e+00 1.559114383784e+00 -5.000000000000e-03
3.291071736758e+00 3.574772107763e-02 -5.000000000000e-03
2.928517500561e+00 5.366517726012e-01 -5.000000000000e-03
3.965762077561e+00 5.555764194678e+00 -5.000000000000e-03
4.775913573210e+00 5.503525318341e+00 -5.000000000000e-03
1.089353043079e+00 4.359424952131e+00 -5.000000000000e-03
3.418446910558e-01 5.343681169373e+00 -5.000000000000e-03
3.574659796126e+00 6.575553286113e-01 -5.000000000000e-03
4.220225843763e+00 5.366976725178e-01 -5.000000000000e-03
3.544900201009e+00 3.054666667500e+00 -5.000000000000e-03
2.861392353157e-01 1.350636957625e+00 -5.000000000000e-03
6.816773408599e-01 1.211239453235e+00 -5.000000000000e-03
4.840873515914e+00 1.614305177060e+00 -5.000000000000e-03
2.887703706922e-02 3.351625305735e-02 -5.000000000000e-03
5.294658435373e+00 2.849249993898e-01 -5.000000000000e-03
5.234853496565e+00 4.394508879720e+00 -5.000000000000e-03
4.614898856028e+00 4.088889198906e+00 -5.000000000000e-03
1.751175376372e+00 5.390470921711e+00 -5.000000000000e-03
3.109541913852e+00 1.062123745812e+00 -5.000000000000e-03
3.173475005430e+00 2.165693248599e+00 -5.000000000000e-03
2.090770546311e+00 3.681273329090e+00 -5.000000000000e-03
2.076880342055e+00 1.220341308845e+00 -5.000000000000e-03
2.766112145649e+00 1.690229047510e+00 -5.000000000000e-03
3.873111039172e+00 9.347012644857e-01 -5.000000000000e-03
4.620133627839e+00 3.779222673658e+00 -5.000000000000e-03
5.723347832968e+00 3.777030044994e-01 -5.000000000000e-03
1.362681274942e+00 3.358269364028e+00 -5.000000000000e-03
4.448475391697e+00 4.644460790529e+00 -5.000000000000e-03
5.853507662283e+00 5.852655386823e+00 -5.000000000000e-03
1.501260654164e+00 4.967395134399e+00 -5.000000000000e-03
5.033421109964e+00 6.142213192668e-02 -5.000000000000e-03
1.030708109406e+00 2.187841865243e+00 -5.000000000000e-03
3.988423006191e+00 2.086653536479e+00 -5.000000000000e-03
4.398815467270e+00 3.849775668292e+00 -5.000000000000e-03
3.753894180069e+00 1.891534075107e-01 -5.000000000000e-03
1.628610454139e+00 4.056451192166e+00 -5.000000000000e-03
7.299319853647e-01 4.837104168548e+00 -5.000000000000e-03
1.952791541253e+00 3.765586260002e+00 -5.000000000000e-03
5.675176014424e+00 3.930174114088e+00 -5.000000000000e-03
3.472544761912e+00 2.761083158967e+00 -5.000000000000e-03
8.341687021927e-02 6.260318952635e+00 -5.000000000000e-03
5.429534727122e+00 2.224085458312e+00 -5.000000000000e-03
1.372878669977e+00 7.489246124759e-01 -5.000000000000e-03
6.140311732730e-01 2.055382957354e+00 -5.000000000000e-03
6.277231043941e+00 2.557187063044e+00 -5.000000000000e-03
4.012214127639e+00 5.443194285963e+00 -5.000000000000e-03
4.236245941663e+00 4.147025200316e+00 -5.000000000000e-03
4.240444611292e+00 5.203509293114e+00 -5.000000000000e-03
5.185103738185e+00 6.669653434885e-01 -5.000000000000e-03
4.084636309219e+00 5.942343914466e+00 -5.000000000000e-03
3.617387454012e+00 2.089002292996e+00 -5.000000000000e-03
5.491685990000e+00 1.871205626833e+00 -5.000000000000e-03
1.113473406649e+00 3.060327511296e+00 -5.000000000000e-03
6.281607132989e+00 5.166439868548e+00 -5.000000000000e-03
5.106502536142e+00 2.849347235921e+00 -5.000000000000e-03
1.926860218911e+00 5.505242187793e+00 -5.000000000000e-03
2.278387789660e+00 2.415929198854e+00 -5.000000000000e-03
3.063565360490e+00 3.282152940291e+00 -5.000000000000e-03
4.602998947184e+00 9.500104774883e-01 -5.000000000000e-03
5.776402114425e+00 4.060381211395e+00 -5.000000000000e-03
6.482916608728e-02 8.149957166174e-01 -5.000000000000e-03
6.146858752564e+00 2.160731348131e+00 -5.000000000000e-03
4.079469706134e+00 2.991407642402e+00 -5.000000000000e-03
5.129575638853e+00 8.838244182461e-01 -5.000000000000e-03
2.269222468351e+00 4.801882452417e+00 -5.000000000000e-03
3.515589367554e-01 4.422506147989e+00 -5.000000000000e-03
2.773491857103e+00 1.618742977779e+00 -5.000000000000e-03
4.186474091125e+00 4.471470501853e+00 -5.000000000000e-03
1.147292419662e+00 1.475594961012e+00 -5.000000000000e-03
2.661790680613e+00 3.474740717807e+00 -5.000000000000e-03
6.069583100966e+00 3.984674340792e+00 -5.000000000000e-03
2.555204334396e+00 1.349096664719e+00 -5.000000000000e-03
2.683310850737e+00 4.732690435582e+00 -5.000000000000e-03
3.501149250260e+00 5.692306269490e+00 -5.000000000000e-03
6.959942145910e-01 6.750998913680e-01 -5.000000000000e-03
5.663094880420e+00 4.634887610306e+00 -5.000000000000e-03
4.188270662188e+00 6.056383725196e+00 -5.000000000000e-03
1.905754316947e+00 2.115912908147e+00 -5.000000000000e-03
5.587468103701e+00 8.993537724290e-02 -5.000000000000e-03
3.997881099024e+00 3.310590167805e+00 -5.000000000000e-03
4.044579660634e+00 6.235144567883e+00 -5.000000000000e-03
3.037497111193e-01 6.067247215736e-01 -5.000000000000e-03
3.472219266969e+00 2.375005339712e+00 -5.000000000000e-03
3.139650940235e+00 7.153150133563e-01 -5.000000000000e-03
2.487434747342e-01 2.662932925363e+00 -5.000000000000e-03
2.577274969536e+00 1.158612999778e-02 -5.000000000000e-03
1.249742599549e+00 4.298835708564e+00 -5.000000000000e-03
2.395380523588e+00 2.182776977992e+00 -5.000000000000e-03
4.496776941329e+00 2.763368563664e+00 -5.000000000000e-03
9.921747482734e-01 1.419433377029e+00 -5.000000000000e-03
3.785825730102e+00 4.998151467954e+00 -5.000000000000e-03
3.598714062497e+00 4.654022157718e+00 -5.000000000000e-03
