5.672740688055e+00 4.992756948625e+00 5.000000000000e-03
1.576683010646e+00 4.157975471144e+00 5.000000000000e-03
6.194095540700e+00 3.715406598919e-01 5.000000000000e-03
1.753912931984e+00 3.833867422043e+00 5.000000000000e-03
4.476970581716e+00 1.617760550368e+00 5.000000000000e-03
3.467723641488e+00 4.727755608541e+00 5.000000000000e-03
4.814192900030e+00 4.863687601097e-01 5.000000000000e-03
3.038234316629e+00 4.249792619841e+00 5.000000000000e-03
6.137853703700e+00 2.856252646944e-01 5.000000000000e-03
3.694744365103e+00 3.146319472810e+00 5.000000000000e-03
2.029266260779e+00 2.622634580416e+00 5.000000000000e-03
9.193449716306e-01 6.203806688296e+00 5.000000000000e-03
3.266416841657e+00 2.226012932219e+00 5.000000000000e-03
4.745826454306e+00 4.328752714495e+00 5.000000000000e-03
5.576116759335e+00 4.783348594219e+00 5.000000000000e-03
5.209964309605e-01 3.687798098348e+00 5.000000000000e-03
2.402677130421e-01 5.094441696068e+00 5.000000000000e-03
5.635897074513e+00 6.070376219864e+00 5.000000000000e-03
6.011850931553e+00 2.453660415084e+00 5.000000000000e-03
1.399619200209e+00 1.141697221349e+00 5.000000000000e-03
4.964481807822e+00 5.958616507702e+00 5.000000000000e-03
5.235279008814e+00 5.704962558255e+00 5.000000000000e-03
5.871937582253e+00 5.608922746788e+00 5.000000000000e-03
3.305551380144e+00 1.658076884120e+00 5.000000000000e-03
2.189668001459e+00 6.015105600613e+00 5.000000000000e-03
5.456722554371e+00 5.519406542331e+00 5.000000000000e-03
4.604627052645e-01 2.052441158214e+00 5.000000000000e-03
1.984244537865e+00 9.748495594119e-01 5.000000000000e-03
2.974623990297e+00 3.187991880872e+00 5.000000000000e-03
4.357821388036e+00 4.844008173406e+00 5.000000000000e-03
3.348281176920e+00 5.076926560036e+00 5.000000000000e-03
5.857961010020e+00 1.987239272253e-01 5.000000000000e-03
3.546222732044e+00 4.636049678132e+00 5.000000000000e-03
5.364726237198e+00 1.019125820801e+00 5.000000000000e-03
4.326304551180e+00 4.553363101581e+00 5.000000000000e-03
4.931909110670e+00 3.951325133177e+00 5.000000000000e-03
6.980772358333e-03 1.192851144200e+00 5.000000000000e-03
2.340953323592e+00 1.453676026492e+00 5.000000000000e-03
1.998010023299e+00 1.229894904556e+00 5.000000000000e-03
2.666746744218e+00 5.101919995220e+00 5.000000000000e-03
1.631962582230e+00 4.259768545761e+00 5.000000000000e-03
1.366136647588e+00 4.108935925361e+00 5.000000000000e-03
4.404027931338e+00 3.071279535755e+00 5.000000000000e-03
2.483216937793e+00 1.806587794352e+00 5.000000000000e-03
1.604908794856e+00 2.811814011190e+00 5.000000000000e-03
2.047071258979e+00 4.799861082865e+00 5.000000000000e-03
4.795508507601e-01 2.726290331843e+00 5.000000000000e-03
5.562017925391e+00 5.736447235974e+00 5.000000000000e-03
2.820456138331e+00 4.215116250274e+00 5.000000000000e-03
5.750991286445e+00 4.084823292178e+00 5.000000000000e-03
1.777739084763e+00 4.176950238340e+00 5.000000000000e-03
3.019084348004e+00 4.622622813928e+00 5.000000000000e-03
5.449154341934e+00 5.254173138245e+00 5.000000000000e-03
2.996465573217e-01 2.887630144888e+00 5.000000000000e-03
5.590405498432e+00 1.037812210999e+00 5.000000000000e-03
1.402240818315e+00 2.588476917038e+00 5.000000000000e-03
2.090449993276e+00 1.246933759226e+00 5.000000000000e-03
6.005684605521e+00 2.077010412888e+00 5.000000000000e-03
5.680969077055e+00 1.231253717207e+00 5.000000000000e-03
3.093146419273e+00 2.619987877527e+00 5.000000000000e-03
4.226612913742e+00 1.007455310825e+00 5.000000000000e-03
8.205602976092e-01 2.159264649844e+00 5.000000000000e-03
4.552722825208e+00 1.201641543988e+00 5.000000000000e-03
3.351576550216e+00 5.373358084221e+00 5.000000000000e-03
3.478743733157e+00 2.626271444254e+00 5.000000000000e-03
5.365079155284e+00 6.217253040226e+00 5.000000000000e-03
8.250790415981e-01 1.110786324430e+00 5.000000000000e-03
1.295843491365e+00 2.939356598510e+00 5.000000000000e-03
6.040817830881e-01 1.990985546586e+00 5.000000000000e-03
1.003862129004e+00 1.559982007105e+00 5.000000000000e-03
3.907047176813e+00 5.256247392756e-01 5.000000000000e-03
1.119597882008e+00 7.131265798702e-01 5.000000000000e-03
3.837621430767e+00 1.553063401045e+00 5.000000000000e-03
2.205944630161e+00 8.595399816778e-01 5.000000000000e-03
5.243687571435e+00 1.858016185160e+00 5.000000000000e-03
1.345311165903e+00 2.130313953566e+00 5.000000000000e-03
1.847816709123e+00 5.187874145580e-01 5.000000000000e-03
2.859216419635e+00 5.953177870225e+00 5.000000000000e-03
1.701068931820e+00 3.058751302682e-02 5.000000000000e-03
1.197990770492e+00 7.406069558258e-01 5.000000000000e-03
2.973371276349e+00 2.356545846709e+00 5.000000000000e-03
4.449657459071e+00 2.362677715216e+00 5.000000000000e-03
5.196497506238e+00 4.468430222734e+00 5.000000000000e-03
1.337633928744e+00 1.308359205619e+00 5.000000000000e-03
3.765629009639e+00 3.065605374145e+00 5.000000000000e-03
4.845203209684e+00 3.683578716075e+00 5.000000000000e-03
3.822979156616e+00 4.220488489312e+00 5.000000000000e-03
2.010691926932e+00 1.282999417656e+00 5.000000000000e-03
5.741149537472e+00 1.248590914308e-01 5.000000000000e-03
5.462205627537e+00 4.003834867156e+00 5.000000000000e-03
5.565036108495e+00 6.071150209365e+00 5.000000000000e-03
3.362940372140e+00 4.528321864907e+00 5.000000000000e-03
3.695656042466e+00 4.910997391684e+00 5.000000000000e-03
2.640873548241e+00 2.259388242998e+00 5.000000000000e-03
5.802557144886e+00 7.623576964052e-01 5.000000000000e-03
3.646592393205e+00 4.996891274810e+00 5.000000000000e-03
2.980747389543e+00 6.200565987208e+00 5.000000000000e-03
2.048742722253e+00 3.901880515915e-01 5.000000000000e-03
3.702868339724e+00 5.901200838848e+00 5.000000000000e-03
5.994010513475e+00 2.014376091015e+00 5.000000000000e-03
4.166871855285e+00 2.945127805358e+00 -5.000000000000e-03
2.252899671411e+00 3.589645884931e-01 -5.000000000000e-03
1.677880441716e+00 5.411329348747e-01 -5.000000000000e-03
5.817259965510e+00 3.244329115433e+00 -5.000000000000e-03
5.635969591727e+00 2.106230395114e+00 -5.000000000000e-03
4.088382902774e+00 3.463715547074e-01 -5.000000000000e-03
5.863443375007e+00 1.989356111693e+00 -5.000000000000e-03
6.193266172719e+00 6.256563513564e+00 -5.000000000000e-03
2.329383287566e+00 2.796245366502e-01 -5.000000000000e-03
6.277156207557e+00 4.978066070495e-01 -5.000000000000e-03
3.736710965852e+00 2.355570477683e+00 -5.000000000000e-03
4.415400037905e+00 1.530554793691e-01 -5.000000000000e-03
1.800073764009e+00 3.079820701149e+00 -5.000000000000e-03
3.361348345267e+00 1.894547900224e+00 -5.000000000000e-03
5.329761445382e+00 7.950438035335e-01 -5.000000000000e-03
4.444832193382e+00 2.282815352217e+00 -5.000000000000e-03
1.799370529212e+00 2.794052929083e+00 -5.000000000000e-03
4.558213728341e+00 1.885855490628e+00 -5.000000000000e-03
6.754557648281e-01 6.277041440632e+00 -5.000000000000e-03
3.392651662887e+00 5.913423706495e+00 -5.000000000000e-03
4.889558900036e+00 1.178171500421e+00 -5.000000000000e-03
5.991073202633e+00 4.331756274240e+00 -5.000000000000e-03
1.091587825028e+00 3.067732861697e+00 -5.000000000000e-03
1.594389464740e-01 4.871560232029e+00 -5.000000000000e-03
5.311443081740e+00 3.598051407729e+00 -5.000000000000e-03
2.037474959433e+00 4.442880073552e+00 -5.000000000000e-03
1.763204688124e+00 5.620391591612e-01 -5.000000000000e-03
6.209256301659e+00 3.440394753774e+00 -5.000000000000e-03
5.389725694779e+00 7.824653660922e-01 -5.000000000000e-03
5.894509425019e+00 5.063153364597e+00 -5.000000000000e-03
3.793866088821e+00 8.403769592868e-01 -5.000000000000e-03
2.456665664239e+00 2.724900810851e+00 -5.000000000000e-03
3.918758856366e+00 8.647142320393e-01 -5.000000000000e-03
1.947256176171e+00 3.368260680243e+00 -5.000000000000e-03
1.779462967505e+00 9.542583553306e-01 -5.000000000000e-03
1.165689056645e+00 8.922190707131e-01 -5.000000000000e-03
2.969973062979e+00 2.917567468263e+00 -5.000000000000e-03
3.248418517691e+00 4.888396381327e+00 -5.000000000000e-03
5.851715597698e+00 1.731403441833e+00 -5.000000000000e-03
4.200776591916e+00 8.687265617916e-01 -5.000000000000e-03
4.903265628276e+00 1.207661014995e+00 -5.000000000000e-03
3.917988961959e+00 5.236603458197e+00 -5.000000000000e-03
2.400338348632e+00 6.188030307421e+00 -5.000000000000e-03
1.620623941004e+00 6.055405981755e+00 -5.000000000000e-03
1.360199096606e+00 1.535058692131e+00 -5.000000000000e-03
1.406786747232e+00 5.191638560490e+00 -5.000000000000e-03
4.790329273871e+00 4.578766620024e+00 -5.000000000000e-03
5.597021723919e+00 2.923815782346e+00 -5.000000000000e-03
4.930926187126e+00 5.682345081801e+00 -5.000000000000e-03
4.072025735352e+00 2.947353045819e+00 -5.000000000000e-03
4.340579568662e+00 5.689145224166e+00 -5.000000000000e-03
5.601805912256e+00 3.221226595481e+00 -5.000000000000e-03
5.017735900747e-02 2.374042298377e+00 -5.000000000000e-03
5.693010487903e+00 5.358531510305e+00 -5.000000000000e-03
1.091076263906e+00 2.142062987333e+00 -5.000000000000e-03
8.309129120796e-01 9.394651154676e-02 -5.000000000000e-03
2.254541633239e+00 2.393020575053e+00 -5.000000000000e-03
6.144734478772e+00 4.822541238621e+00 -5.000000000000e-03
4.713608783799e+00 5.054129752975e+00 -5.000000000000e-03
5.251054032267e+00 4.771794108863e-01 -5.000000000000e-03
5.869793665268e+00 3.347272028813e+00 -5.000000000000e-03
1.504382151172e-01 4.654479427355e+00 -5.000000000000e-03
5.675208706867e+00 1.828815399991e+00 -5.000000000000e-03
4.407909951580e+00 4.823074106183e+00 -5.000000000000e-03
6.953171027778e-01 3.477710883923e+00 -5.000000000000e-03
5.116952316118e+00 2.235144477050e+00 -5.000000000000e-03
1.912754219493e+00 5.404195267267e+00 -5.000000000000e-03
4.129505852785e+00 1.856227729500e-01 -5.000000000000e-03
1.777315928229e+00 5.321203385950e+00 -5.000000000000e-03
2.472912287919e+00 4.760851575834e+00 -5.000000000000e-03
5.101923633641e+00 5.799225907098e+00 -5.000000000000e-03
5.550191265378e+00 2.601604714078e+00 -5.000000000000e-03
3.866093581751e+00 3.634119870583e+00 -5.000000000000e-03
2.066414395565e+00 3.817037912491e+00 -5.000000000000e-03
6.039775390996e+00 5.249285513756e+00 -5.000000000000e-03
4.566438463304e+00 6.026590600841e+00 -5.000000000000e-03
3.784433343449e+00 7.327191778244e-01 -5.000000000000e-03
3.567757224641e+00 1.317100647692e+00 -5.000000000000e-03
3.274007394304e+00 5.047206565401e+00 -5.000000000000e-03
2.920834676570e+00 1.055743917831e+00 -5.000000000000e-03
3.099814133774e+00 1.921933503628e+00 -5.000000000000e-03
4.241507626845e+00 4.099218262178e+00 -5.000000000000e-03
5.415790597679e+00 5.675343851306e+00 -5.000000000000e-03
3.526062080679e-01 1.403828748441e+00 -5.000000000000e-03
1.410935020602e+00 6.127139629156e-01 -5.000000000000e-03
5.224140971443e+00 1.537210665081e-01 -5.000000000000e-03
2.305643466263e+00 5.157280241844e+00 -5.000000000000e-03
4.041914061613e+00 8.578000163403e-01 -5.000000000000e-03
3.987210771854e+00 2.451948484819e+00 -5.000000000000e-03
3.296532842751e+00 3.386436929310e+00 -5.000000000000e-03
5.213259168234e+00 1.996450251979e+00 -5.000000000000e-03
2.794517381677e+00 3.770579970560e+00 -5.000000000000e-03
4.084683505377e+00 3.604989146837e+00 -5.000000000000e-03
4.472738468734e+00 3.343186704291e+00 -5.000000000000e-03
4.988967773512e+00 3.285228108383e+00 -5.000000000000e-03
3.215972310532e+00 4.548901299172e+00 -5.000000000000e-03
4.796597787002e+00 6.251625061670e+00 -5.000000000000e-03
2.735515763597e+00 2.185472364167e+00 -5.000000000000e-03
3.581446208464e-01 4.318904382196e+00 -5.000000000000e-03
6.182318002732e+00 7.940729456367e-01 -5.000000000000e-03
