5.254387920175e+00 2.767047898068e+00 5.000000000000e-03
5.293442961972e+00 2.093179065726e+00 5.000000000000e-03
1.546245622902e+00 4.089527309922e+00 5.000000000000e-03
4.090287694998e+00 1.842479193755e+00 5.000000000000e-03
5.290626008109e-01 2.454291178093e+00 5.000000000000e-03
3.811390364697e+00 2.728578399722e+00 5.000000000000e-03
5.251219228303e+00 2.102743304842e+00 5.000000000000e-03
6.578726827468e-01 5.596160505468e+00 5.000000000000e-03
4.053243115834e+00 3.319399240813e+00 5.000000000000e-03
1.071756341953e+00 2.942989790560e+00 5.000000000000e-03
2.707505247731e+00 1.180906548008e+00 5.000000000000e-03
3.980770936408e+00 4.976645429179e+00 5.000000000000e-03
2.919609065219e+00 5.413046729287e+00 5.000000000000e-03
4.733751042101e+00 5.323617608974e+00 5.000000000000e-03
4.834201151264e+00 4.385640246484e+00 5.000000000000e-03
5.916455939598e+00 2.979766900237e+00 5.000000000000e-03
7.517343359652e-01 4.723629331828e+00 5.000000000000e-03
3.192228635008e+00 2.856240577936e+00 5.000000000000e-03
6.004003996262e+00 1.014374831329e-01 5.000000000000e-03
1.476734585179e+00 5.522267445317e+00 5.000000000000e-03
2.918068782882e+00 1.306232615477e+00 5.000000000000e-03
4.645038711559e-01 2.629910312802e+00 5.000000000000e-03
3.907695128873e+00 1.539227739837e+00 5.000000000000e-03
1.863164317445e+00 5.901584322687e+00 5.000000000000e-03
4.154323639517e+00 6.267506691190e+00 5.000000000000e-03
2.481013701588e-01 3.210970969028e+00 5.000000000000e-03
1.853534421184e+00 5.698038632879e+00 5.000000000000e-03
2.882878799102e+00 5.008782920628e+00 5.000000000000e-03
5.929914043060e+00 4.107740532608e+00 5.000000000000e-03
8.768416697847e-01 2.857952740112e+00 5.000000000000e-03
3.665564152638e+00 5.337962618654e+00 5.000000000000e-03
1.120687520929e+00 5.515301720531e-02 5.000000000000e-03
4.383379468369e-01 5.300563447730e+00 5.000000000000e-03
5.489728798982e+00 1.256667207506e+00 5.000000000000e-03
1.566878852072e+00 1.542525197867e+00 5.000000000000e-03
1.633801002456e+00 5.516872810153e+00 5.000000000000e-03
3.859712509684e-01 5.025415355192e+00 5.000000000000e-03
2.113314096190e+00 4.953569825662e+00 5.000000000000e-03
5.779754924233e+00 3.713466803029e+00 5.000000000000e-03
5.719841225747e+00 5.850500518694e+00 5.000000000000e-03
5.055100427537e+00 2.369905307739e+00 5.000000000000e-03
2.316523172446e+00 2.622062459977e+00 5.000000000000e-03
4.976681521929e+00 3.132202211335e+00 5.000000000000e-03
5.673735627985e+00 1.176415157886e+00 5.000000000000e-03
4.392779966204e+00 3.736902420567e+00 5.000000000000e-03
8.486848699338e-01 2.622910021146e+00 5.000000000000e-03
2.903093510779e+00 5.147282120499e+00 5.000000000000e-03
6.775834114373e-01 2.909543569354e+00 5.000000000000e-03
3.746725635669e+00 6.212590285768e+00 5.000000000000e-03
3.126076510037e+00 3.116306534405e+00 5.000000000000e-03
1.287592594439e-03 3.002035555693e+00 5.000000000000e-03
4.817818057382e+00 4.308992665314e+00 5.000000000000e-03
4.588866370351e+00 5.616079539208e+00 5.000000000000e-03
4.160318858432e+00 1.675060110001e+00 5.000000000000e-03
2.609141621224e+00 4.688652812222e+00 5.000000000000e-03
3.086038663950e+00 2.444320661950e+00 5.000000000000e-03
4.581693348028e+00 2.276586985482e-01 5.000000000000e-03
5.159843364343e-01 1.192170308682e+00 5.000000000000e-03
2.318424779635e+00 3.544934192064e+00 5.000000000000e-03
2.366602179426e+00 2.952453343445e+00 5.000000000000e-03
7.769540394403e-01 5.494950491092e+00 5.000000000000e-03
5.656636046374e+00 6.184994599605e+00 5.000000000000e-03
3.078266952395e+00 8.018553124270e-01 5.000000000000e-03
2.939199505475e+00 5.495019422292e+00 5.000000000000e-03
3.571131185392e+00 6.670659147776e-01 5.000000000000e-03
1.943115707939e-01 1.071756121181e+00 5.000000000000e-03
5.367207960459e+00 4.664580062380e+00 5.000000000000e-03
4.347127754254e-01 2.845258549286e+00 5.000000000000e-03
6.825627850240e-01 1.445466488631e+00 5.000000000000e-03
8.106107441954e-01 1.818444308560e+00 5.000000000000e-03
2.587176035216e+00 2.836742109840e+00 5.000000000000e-03
4.836185290005e+00 9.447568300526e-01 5.000000000000e-03
4.878987429086e+00 4.705383880318e+00 5.000000000000e-03
4.749010533060e+00 5.462313200903e+00 5.000000000000e-03
1.879230267413e+00 1.330999791007e+00 5.000000000000e-03
1.973787717467e+00 2.477303596132e+00 5.000000000000e-03
5.223185451922e+00 5.230273928566e+00 5.000000000000e-03
2.756576194780e+00 4.820014608748e+00 5.000000000000e-03
6.016980642404e-01 1.718829510656e+00 5.000000000000e-03
2.635660958107e+00 6.131884643310e+00 5.000000000000e-03
3.015852903956e+00 4.902342104379e-01 5.000000000000e-03
2.789748063934e+00 1.154116764448e+00 5.000000000000e-03
7.707053068308e-01 2.053529149887e+00 5.000000000000e-03
3.871708633626e-01 2.536011912817e+00 5.000000000000e-03
6.066119187629e+00 5.047199273192e+00 5.000000000000e-03
3.900968318953e+00 5.930505219748e+00 5.000000000000e-03
3.088551257794e+00 5.153464186539e-01 5.000000000000e-03
3.798620131662e+00 3.046140594309e+00 5.000000000000e-03
8.977293670513e-01 2.958701961605e+00 5.000000000000e-03
1.561945913857e+00 3.309340951756e+00 5.000000000000e-03
4.062963899054e+00 3.432992364083e+00 5.000000000000e-03
2.694518371771e+00 1.504862127830e-01 5.000000000000e-03
5.383972438525e+00 3.139847145611e-01 5.000000000000e-03
5.964853901477e-01 4.290018995348e+00 5.000000000000e-03
4.495279480037e+00 2.437848263608e+00 5.000000000000e-03
6.090500413230e+00 2.820936739475e+00 5.000000000000e-03
6.257900168827e+00 2.441960230716e+00 5.000000000000e-03
3.199443139220e+00 4.986169581674e+00 5.000000000000e-03
5.041144480423e+00 4.316146377782e+00 5.000000000000e-03
5.001827509644e-01 2.542370391083e+00 5.000000000000e-03
4.049426390303e+00 8.344945826420e-01 -5.000000000000e-03
5.636693489371e+00 3.000455108780e+00 -5.000000000000e-03
4.112485870990e+00 1.017114698443e+00 -5.000000000000e-03
4.713132204747e+00 5.395629654293e+00 -5.000000000000e-03
3.932957536891e+00 3.879334071018e+00 -5.000000000000e-03
3.032940304310e+00 2.463763287480e-01 -5.000000000000e-03
4.218263147779e+00 1.782393176916e+00 -5.000000000000e-03
2.134738378932e+00 5.029310513436e+00 -5.000000000000e-03
3.237944595089e+00 5.893407455783e-01 -5.000000000000e-03
1.081667100442e+00 5.316179001743e+00 -5.000000000000e-03
2.528061246484e+00 4.163794159371e+00 -5.000000000000e-03
2.088863750537e+00 6.199235101147e+00 -5.000000000000e-03
4.686994007240e-01 3.570750512938e+00 -5.000000000000e-03
1.236672746376e+00 5.265185981083e+00 -5.000000000000e-03
3.432574952484e+00 2.508481515606e+00 -5.000000000000e-03
4.607021981908e+00 1.007947329415e+00 -5.000000000000e-03
5.506624891260e+00 1.078835148366e+00 -5.000000000000e-03
2.835719149156e+00 5.519745077796e+00 -5.000000000000e-03
7.055099955387e-01 9.829613897895e-03 -5.000000000000e-03
1.033425438135e+00 5.406858755632e+00 -5.000000000000e-03
4.228608752505e+00 1.940663998597e+00 -5.000000000000e-03
3.690617058017e+00 4.906681612256e+00 -5.000000000000e-03
5.437688367443e+00 3.362890932152e+00 -5.000000000000e-03
2.941110209675e+00 1.757218915709e+00 -5.000000000000e-03
1.763288644712e+00 5.876084421185e+00 -5.000000000000e-03
5.216064905533e+00 1.877915530660e+00 -5.000000000000e-03
6.032982676971e-01 6.052731929566e+00 -5.000000000000e-03
6.051791706103e+00 1.551564637038e+00 -5.000000000000e-03
4.107301211972e-01 4.045332100222e+00 -5.000000000000e-03
7.923811246996e-01 2.864522423428e+00 -5.000000000000e-03
3.994863512488e+00 1.727862056551e+00 -5.000000000000e-03
4.214170739147e+00 5.419287294533e+00 -5.000000000000e-03
4.592959146180e+00 1.653615366251e+00 -5.000000000000e-03
5.447036940360e+00 2.895085701755e+00 -5.000000000000e-03
1.190944508395e+00 3.845280627852e+00 -5.000000000000e-03
1.143938016693e+00 4.064228850529e+00 -5.000000000000e-03
2.293239975723e+00 3.494730325307e+00 -5.000000000000e-03
4.254226241913e+00 5.485954216151e+00 -5.000000000000e-03
4.486666884303e+00 2.745851471307e+00 -5.000000000000e-03
9.145229110812e-01 3.604849436496e+00 -5.000000000000e-03
4.211914802112e+00 1.910935671072e+00 -5.000000000000e-03
9.015593416599e-01 5.150112760964e-01 -5.000000000000e-03
3.417186143156e+00 1.373058958418e+00 -5.000000000000e-03
1.731934232886e+00 3.309951589046e+00 -5.000000000000e-03
4.282784331792e-01 4.074142274548e+00 -5.000000000000e-03
5.868521736307e+00 5.381993837705e-01 -5.000000000000e-03
2.196719721822e+00 5.166832363612e+00 -5.000000000000e-03
2.206125376778e+00 3.792557731095e+00 -5.000000000000e-03
1.828586726926e+00 3.828501108990e+00 -5.000000000000e-03
5.782170428144e+00 5.841595891169e-01 -5.000000000000e-03
6.280797967160e+00 6.022581250935e+00 -5.000000000000e-03
2.437359095546e+00 2.420233676968e+00 -5.000000000000e-03
3.712408424297e+00 2.910431181692e+00 -5.000000000000e-03
2.032911628318e+00 2.882631086830e+00 -5.000000000000e-03
5.940910630897e+00 2.539274346798e+00 -5.000000000000e-03
5.734499568305e+00 5.967098480183e+00 -5.000000000000e-03
2.473544520319e+00 6.019808976747e+00 -5.000000000000e-03
6.699985882936e-01 2.331671505122e+00 -5.000000000000e-03
5.874912857787e+00 4.674503643511e+00 -5.000000000000e-03
7.340675830950e-01 2.534982547886e+00 -5.000000000000e-03
4.981767821105e-01 1.411168685900e+00 -5.000000000000e-03
2.180864679209e+00 2.447082962315e+00 -5.000000000000e-03
6.076589587098e+00 3.301005214037e+00 -5.000000000000e-03
2.261343090808e+00 2.201247485987e+00 -5.000000000000e-03
1.569542363264e+00 3.443697211443e+00 -5.000000000000e-03
2.196166421125e+00 6.499129321210e-01 -5.000000000000e-03
5.637881544821e+00 2.442069591864e+00 -5.000000000000e-03
2.316022568756e+00 1.948999677498e+00 -5.000000000000e-03
1.645054126335e+00 5.477855750850e+00 -5.000000000000e-03
5.437030277767e+00 1.546899235511e+00 -5.000000000000e-03
2.215638079120e+00 3.144243535972e+00 -5.000000000000e-03
4.907697005511e+00 3.486248421375e+00 -5.000000000000e-03
2.524122770075e+00 5.080843044116e+00 -5.000000000000e-03
5.918343676491e+00 5.027785223843e-01 -5.000000000000e-03
3.666467327127e-01 1.407947800017e+00 -5.000000000000e-03
1.623066551453e+00 6.171582824848e+00 -5.000000000000e-03
6.279871305453e+00 3.726560879592e-01 -5.000000000000e-03
1.675988089956e+00 9.928304635073e-02 -5.000000000000e-03
3.364524298723e+00 4.956405314021e+00 -5.000000000000e-03
2.790454047818e+00 1.478182817677e-02 -5.000000000000e-03
4.159312973952e+00 2.277049192481e+00 -5.000000000000e-03
2.858071211783e+00 1.196774272845e+00 -5.000000000000e-03
9.117348314049e-01 3.918210186722e+00 -5.000000000000e-03
2.614869384266e+00 1.599437034059e+00 -5.000000000000e-03
1.158187215440e+00 5.907275606343e-01 -5.000000000000e-03
1.306230008504e+00 3.311808761979e+00 -5.000000000000e-03
6.254375972673e+00 1.801453681936e+00 -5.000000000000e-03
1.442814469912e+00 4.062787467611e+00 -5.000000000000e-03
2.893464763054e+00 2.785079713956e+00 -5.000000000000e-03
3.707469158288e+00 5.206012740163e+00 -5.000000000000e-03
2.198525034726e+00 1.819527390222e+00 -5.000000000000e-03
5.678797647403e+00 1.732115947044e+00 -5.000000000000e-03
1.108184712349e+00 3.155218692612e+00 -5.000000000000e-03
3.490520301877e+00 3.685920360522e+00 -5.000000000000e-03
4.818033278889e+00 7.815386632567e-01 -5.000000000000e-03
3.981022248741e+00 5.334191278146e-01 -5.000000000000e-03
3.655312599935e+00 4.374948090631e+00 -5.000000000000e-03
1.126896286809e+00 1.538769737122e+00 -5.000000000000e-03
4.822967605452e+00 1.603729945423e+00 -5.000000000000e-03
6.104485873786e+00 1.438629845471e-01 -5.000000000000e-03
