1.247350859619e+00 3.938364049176e+00 5.000000000000e-03
2.411753960722e+00 6.158895984173e+00 5.000000000000e-03
7.513828797237e-01 3.607431261865e+00 5.000000000000e-03
7.252165444323e-01 7.847400418228e-01 5.000000000000e-03
5.253597643976e+00 3.792625646207e+00 5.000000000000e-03
5.397123736438e+00 4.077087094919e+00 5.000000000000e-03
3.955740919298e-01 3.126592588498e+00 5.000000000000e-03
1.548278401767e+00 1.033685401653e+00 5.000000000000e-03
3.178810749637e+00 3.061541843110e+00 5.000000000000e-03
5.797598799251e+00 2.620612767026e+00 5.000000000000e-03
8.972563798177e-01 4.593914088290e+00 5.000000000000e-03
1.555373005650e+00 5.853512552212e+00 5.000000000000e-03
3.918932265101e+00 5.011670997413e-01 5.000000000000e-03
3.563258742157e+00 5.377285694919e+00 5.000000000000e-03
3.143608049723e+00 3.231500414260e-01 5.000000000000e-03
3.483821588751e-02 1.391629891701e+00 5.000000000000e-03
1.043178051536e+00 8.890657898185e-01 5.000000000000e-03
5.729153731945e+00 5.590750480987e+00 5.000000000000e-03
5.287882830233e+00 2.236819397514e+00 5.000000000000e-03
2.635676730269e+00 2.259341903544e+00 5.000000000000e-03
2.578188354349e+00 5.214482470485e+00 5.000000000000e-03
3.028029127303e+00 4.524825475210e+00 5.000000000000e-03
5.515639039566e+00 5.262479457503e+00 5.000000000000e-03
5.036567355939e+00 4.590851721776e+00 5.000000000000e-03
1.328245901694e+00 1.506463255341e+00 5.000000000000e-03
2.962864646117e+00 1.144882737577e+00 5.000000000000e-03
2.854142502528e-01 4.284597437001e+00 5.000000000000e-03
4.381783748503e-03 4.992254794629e+00 5.000000000000e-03
5.091655903090e+00 3.444566316647e+00 5.000000000000e-03
4.004558529543e-01 5.420553823637e+00 5.000000000000e-03
1.952622517793e-01 1.377404851925e+00 5.000000000000e-03
4.968117685900e+00 5.118000458840e-01 5.000000000000e-03
2.094089044042e+00 5.699525251561e+00 5.000000000000e-03
3.485397888541e+00 3.361251636877e+00 5.000000000000e-03
4.888895639251e+00 4.882648489819e+00 5.000000000000e-03
2.944485545501e+00 5.630707218479e+00 5.000000000000e-03
4.437078675715e+00 4.560253669335e+00 5.000000000000e-03
2.617860546952e+00 5.477269405269e-01 5.000000000000e-03
1.409195036100e+00 5.262125529569e+00 5.000000000000e-03
3.854480107409e+00 5.774395070300e+00 5.000000000000e-03
3.174839755086e+00 2.527755807394e-01 5.000000000000e-03
2.771125330737e+00 3.732407334997e+00 5.000000000000e-03
2.217477751200e+00 1.521656873267e+00 5.000000000000e-03
2.866039308948e+00 3.622731084848e+00 5.000000000000e-03
1.893400770685e+00 1.523272007963e+00 5.000000000000e-03
2.464027536336e+00 1.363820186004e+00 5.000000000000e-03
5.540588144278e+00 5.851864041892e+00 5.000000000000e-03
8.522028639997e-01 4.879883325776e+00 5.000000000000e-03
2.456894012270e+00 1.542866518419e+00 5.000000000000e-03
8.145474081977e-01 1.705102692448e+00 5.000000000000e-03
7.874428299100e-01 1.759844977765e+00 5.000000000000e-03
3.248070176829e+00 2.739840980804e+00 5.000000000000e-03
1.628743840367e+00 9.609294301676e-01 5.000000000000e-03
3.430610261524e-01 2.668472572914e+00 5.000000000000e-03
3.708011730172e+00 2.218776538184e+00 5.000000000000e-03
1.244729517930e+00 1.285989849118e+00 5.000000000000e-03
3.424711086353e+00 2.629916312953e+00 5.000000000000e-03
3.099248836796e-01 5.444191582817e+00 5.000000000000e-03
1.662030795151e+00 5.304782455875e+00 5.000000000000e-03
2.437945171309e+00 1.195046766271e+00 5.000000000000e-03
1.345250660715e+00 2.208604116670e+00 5.000000000000e-03
1.760451504853e+00 7.711941554658e-02 5.000000000000e-03
9.392999359874e-03 4.113486027218e-01 5.000000000000e-03
1.852319415076e+00 2.015567583318e-01 5.000000000000e-03
6.065790526488e+00 4.803045768699e-01 5.000000000000e-03
3.691257472289e+00 3.480570992278e+00 5.000000000000e-03
2.780963885049e+00 2.823162489247e+00 5.000000000000e-03
4.099364957760e+00 5.659218053766e+00 5.000000000000e-03
7.046754210656e-01 5.387779781750e+00 5.000000000000e-03
3.226788585331e+00 5.878033118509e+00 5.000000000000e-03
2.790022541307e+00 6.187259168486e+00 5.000000000000e-03
2.095335892876e+00 2.217122516344e+00 5.000000000000e-03
1.328840047825e+00 5.391060851429e+00 5.000000000000e-03
3.644165677328e+00 9.047054494011e-01 5.000000000000e-03
2.844247996892e-01 2.803491517247e+00 5.000000000000e-03
2.508995085945e+00 4.299700905015e+00 5.000000000000e-03
5.746580508797e+00 1.986872323610e+00 5.000000000000e-03
4.638974721928e+00 1.010708442653e+00 5.000000000000e-03
1.168630424026e-01 5.588360984438e+00 5.000000000000e-03
2.555591882576e+00 4.676191046051e+00 5.000000000000e-03
3.782150877053e-01 4.981019586622e+00 5.000000000000e-03
3.697282814587e+00 6.205937934387e+00 5.000000000000e-03
1.379906466052e+00 5.011320121390e-01 5.000000000000e-03
2.097695506653e+00 1.796937602238e+00 5.000000000000e-03
3.469135503078e+00 4.524934434416e+00 5.000000000000e-03
2.828199405967e+00 2.493483263869e+00 5.000000000000e-03
6.250517223699e+00 4.749149322343e-01 5.000000000000e-03
2.928127777031e+00 3.916761149083e+00 5.000000000000e-03
5.002295275731e+00 1.291221474886e-01 5.000000000000e-03
5.816454150416e+00 3.647887549207e+00 5.000000000000e-03
4.278822736142e+00 4.355511615997e+00 5.000000000000e-03
2.240740872079e+00 3.983453132160e+00 5.000000000000e-03
2.826973747844e+00 1.282235512923e+00 5.000000000000e-03
1.923107434607e+00 4.481819998029e+00 5.000000000000e-03
5.129719721950e+00 4.849080952045e+00 5.000000000000e-03
2.760155937288e+00 3.134649472788e+00 5.000000000000e-03
2.388749056853e+00 2.705122215113e+00 5.000000000000e-03
2.749481823341e+00 2.540118799070e+00 5.000000000000e-03
4.437636118624e+00 3.901535304525e+00 5.000000000000e-03
2.367142238557e+00 1.980125176262e+00 5.000000000000e-03
5.848678187305e+00 1.194847130018e+00 -5.000000000000e-03
3.393829597235e+00 4.138686700392e+00 -5.000000000000e-03
4.839347503780e-01 5.686081798320e+00 -5.000000000000e-03
3.148899119851e+00 5.526309996079e+00 -5.000000000000e-03
2.893202018619e+00 3.003547722891e+00 -5.000000000000e-03
5.755729402303e+00 2.541192624386e+00 -5.000000000000e-03
3.100222259981e+00 2.339100383304e+00 -5.000000000000e-03
1.606390397248e+00 1.997411489907e+00 -5.000000000000e-03
1.755239735965e+00 4.296932578293e+00 -5.000000000000e-03
5.467820155691e+00 1.179509615858e+00 -5.000000000000e-03
2.741924034343e+00 5.291127330207e-01 -5.000000000000e-03
3.143814900393e+00 3.269404916425e+00 -5.000000000000e-03
4.710415317608e+00 4.814868078818e+00 -5.000000000000e-03
4.522761956868e+00 2.748244776794e+00 -5.000000000000e-03
1.458559190558e+00 2.429817672380e-01 -5.000000000000e-03
2.683600148863e+00 3.092311884213e+00 -5.000000000000e-03
4.301702678670e+00 3.767358024146e+00 -5.000000000000e-03
4.199867030969e+00 4.026263209623e+00 -5.000000000000e-03
4.842179727670e+00 4.043315096343e+00 -5.000000000000e-03
1.683244413941e+00 5.887932917954e+00 -5.000000000000e-03
5.106110403036e+00 5.006546618271e+00 -5.000000000000e-03
2.095343789619e+00 3.114339402687e+00 -5.000000000000e-03
1.536805840044e+00 1.942973608826e+00 -5.000000000000e-03
2.280782308219e+00 9.585254781384e-01 -5.000000000000e-03
2.698505161889e+00 2.373245222035e+00 -5.000000000000e-03
1.564732068021e-01 2.623265198992e+00 -5.000000000000e-03
1.119431161265e+00 4.632545157997e+00 -5.000000000000e-03
6.007378283749e+00 2.037486533974e+00 -5.000000000000e-03
2.033943912751e+00 3.498616971751e+00 -5.000000000000e-03
1.837696064161e+00 4.428630911480e+00 -5.000000000000e-03
3.041929676243e+00 2.346656072842e+00 -5.000000000000e-03
1.433514063835e+00 1.323731929259e-01 -5.000000000000e-03
4.841315510162e+00 5.499369784165e+00 -5.000000000000e-03
3.254255893721e+00 1.373136226324e+00 -5.000000000000e-03
1.722080216593e+00 5.457677539178e+00 -5.000000000000e-03
1.045047642975e+00 1.610725243023e-01 -5.000000000000e-03
3.647535699666e+00 4.465998130230e+00 -5.000000000000e-03
2.452586622368e+00 3.531918772387e+00 -5.000000000000e-03
3.555439125481e+00 5.472802244102e+00 -5.000000000000e-03
3.074368917163e+00 5.094899617457e+00 -5.000000000000e-03
5.267182269000e+00 2.705951877445e-01 -5.000000000000e-03
2.178056628028e+00 5.578420259460e-01 -5.000000000000e-03
1.425315867688e+00 3.143618653944e+00 -5.000000000000e-03
5.468703275157e+00 4.130041654183e+00 -5.000000000000e-03
4.191564930162e+00 4.286254457312e+00 -5.000000000000e-03
2.847205073070e+00 1.152807947511e+00 -5.000000000000e-03
3.244548555270e+00 2.697588942255e+00 -5.000000000000e-03
4.017486611875e+00 4.736115400536e+00 -5.000000000000e-03
2.178685082929e+00 3.133169162844e+00 -5.000000000000e-03
6.241830033322e+00 3.062345953973e+00 -5.000000000000e-03
1.704955792577e+00 3.235412226022e+00 -5.000000000000e-03
5.671536397711e-01 4.913953099816e+00 -5.000000000000e-03
4.994190608005e+00 9.078538191108e-03 -5.000000000000e-03
3.402071155356e+00 1.315442835043e+00 -5.000000000000e-03
1.553929069759e-01 5.650790549920e-02 -5.000000000000e-03
2.480199151009e+00 7.403241750585e-01 -5.000000000000e-03
1.888876209306e+00 5.535424296322e-01 -5.000000000000e-03
4.983721845526e+00 2.952394157670e+00 -5.000000000000e-03
2.253211723830e+00 4.228848870359e+00 -5.000000000000e-03
5.521885487451e+00 2.888046717269e-01 -5.000000000000e-03
4.801431069780e+00 3.320288255681e+00 -5.000000000000e-03
5.259961973114e+00 4.343252386461e+00 -5.000000000000e-03
5.394408266427e+00 5.072410090942e-01 -5.000000000000e-03
5.245537542187e+00 4.578787493229e+00 -5.000000000000e-03
6.166897112511e+00 2.316008020521e-01 -5.000000000000e-03
5.852978006835e+00 5.082678158592e-01 -5.000000000000e-03
1.293127272456e+00 4.572090364526e+00 -5.000000000000e-03
1.299628883692e+00 2.922122991804e+00 -5.000000000000e-03
3.054214167344e+00 3.817594359907e+00 -5.000000000000e-03
2.325488424341e+00 6.196911626021e+00 -5.000000000000e-03
5.177789263002e+00 2.462396486019e+00 -5.000000000000e-03
3.572720992813e+00 3.173610208209e+00 -5.000000000000e-03
4.808562952108e+00 3.429806383938e-01 -5.000000000000e-03
4.926097995580e+00 2.021747112383e+00 -5.000000000000e-03
3.018045810415e+00 2.172893401157e+00 -5.000000000000e-03
4.204530232756e+00 3.062744512778e+00 -5.000000000000e-03
5.360847054732e+00 1.971571674327e+00 -5.000000000000e-03
1.020372056714e+00 4.403039016835e+00 -5.000000000000e-03
5.263163500978e-01 5.882609409775e+00 -5.000000000000e-03
4.000723153212e+00 1.791210561181e-01 -5.000000000000e-03
5.849240522354e+00 5.637679578269e+00 -5.000000000000e-03
6.394239518262e-01 1.610297618498e+00 -5.000000000000e-03
1.800806833647e+00 4.225490869669e-01 -5.000000000000e-03
3.449736963598e+00 4.639483286455e+00 -5.000000000000e-03
6.160575383975e+00 3.706413435101e+00 -5.000000000000e-03
2.229199725416e+00 6.220737269121e+00 -5.000000000000e-03
5.586749809121e+00 3.281258772682e+00 -5.000000000000e-03
5.291136874789e+00 1.106947021344e+00 -5.000000000000e-03
4.183456855937e+00 2.073929128696e+00 -5.000000000000e-03
3.738283025947e+00 4.070971513836e+00 -5.000000000000e-03
8.133661818353e-01 2.260652313749e+00 -5.000000000000e-03
3.514713346527e+00 4.163268378000e+00 -5.000000000000e-03
5.297889359305e+00 5.089403357690e-01 -5.000000000000e-03
5.798450072571e+00 4.325907077221e+00 -5.000000000000e-03
5.412828372895e+00 3.002288947084e+00 -5.000000000000e-03
1.564435210772e+00 4.832536990432e+00 -5.000000000000e-03
3.064227642563e+00 1.912481319120e+00 -5.000000000000e-03
1.204842556686e+00 2.699604138582e+00 -5.000000000000e-03
4.014810185552e+00 2.199669252619e+00 -5.000000000000e-03
6.031808603099e+00 7.674985610708e-01 -5.000000000000e-03
