1.667948177600e+00 1.692118469749e+00 5.000000000000e-03
3.830494825125e-01 5.124109072294e+00 5.000000000000e-03
5.197319954300e+00 4.603400479933e+00 5.000000000000e-03
2.955083890495e+00 5.033478035591e+00 5.000000000000e-03
3.886119321120e+00 1.100322370235e-01 5.000000000000e-03
1.849779659680e+00 2.017188309356e+00 5.000000000000e-03
3.339682495885e+00 4.004574827970e+00 5.000000000000e-03
3.338961152738e+00 1.117182862629e+00 5.000000000000e-03
6.155602768362e+00 4.139047112914e-02 5.000000000000e-03
1.672702196655e-01 6.260467327270e+00 5.000000000000e-03
4.604345851148e+00 8.340995725635e-01 5.000000000000e-03
5.363030844004e+00 2.570542625045e+00 5.000000000000e-03
1.116975583496e+00 3.055536967722e+00 5.000000000000e-03
1.426492817100e+00 1.342652094981e+00 5.000000000000e-03
3.521225630374e+00 1.909598207948e-02 5.000000000000e-03
6.166400110098e+00 4.365086439315e+00 5.000000000000e-03
5.650002139541e+00 6.233460926595e+00 5.000000000000e-03
1.074492736153e-01 3.844904105384e+00 5.000000000000e-03
1.580095056658e+00 4.988931102084e+00 5.000000000000e-03
4.231189806396e+00 4.732099576373e+00 5.000000000000e-03
5.188993974094e+00 6.287892584013e-01 5.000000000000e-03
5.601120346774e+00 3.482663588616e+00 5.000000000000e-03
5.656791556993e+00 5.415381260631e+00 5.000000000000e-03
5.212668252149e-01 5.054843005340e+00 5.000000000000e-03
2.191118047310e+00 2.058723021787e+00 5.000000000000e-03
5.239340232953e+00 2.476253728450e+00 5.000000000000e-03
5.504864194326e-01 5.628702786291e+00 5.000000000000e-03
9.705953859883e-01 2.303476815119e+00 5.000000000000e-03
3.657941513099e+00 2.786765468475e+00 5.000000000000e-03
5.792110264480e+00 3.045866557857e+00 5.000000000000e-03
5.960245297047e+00 1.610447557358e+00 5.000000000000e-03
3.707919305873e+00 3.520019714405e-01 5.000000000000e-03
2.832434358456e+00 3.130214155529e+00 5.000000000000e-03
1.832679842404e-02 2.095368546312e+00 5.000000000000e-03
2.039337286293e+00 5.833637878841e+00 5.000000000000e-03
3.435274307251e+00 1.252392902796e+00 5.000000000000e-03
4.584626525732e+00 1.539167766300e+00 5.000000000000e-03
3.339810134939e+00 1.734232510498e+00 5.000000000000e-03
9.493162960671e-02 1.848334087718e-01 5.000000000000e-03
1.507961827369e+00 5.704604940319e+00 5.000000000000e-03
3.087473715974e+00 7.074453008114e-01 5.000000000000e-03
2.357081948189e+00 1.769386362929e+00 5.000000000000e-03
4.619492442349e+00 4.274542501961e+00 5.000000000000e-03
4.449709067646e+00 2.214802797149e+00 5.000000000000e-03
1.801727620704e+00 1.050447191491e+00 5.000000000000e-03
4.752519158604e+00 2.024282377675e+00 5.000000000000e-03
5.795295475143e+00 1.812529636123e+00 5.000000000000e-03
4.003081897104e+00 4.298241694436e-01 5.000000000000e-03
3.868342398138e-01 4.012402112525e+00 5.000000000000e-03
1.996340024085e+00 9.728288928844e-01 5.000000000000e-03
4.337540680064e+00 5.315082078036e+00 5.000000000000e-03
5.912137561098e-01 1.455128791386e+00 5.000000000000e-03
2.139837829639e+00 1.885205547086e+00 5.000000000000e-03
3.053106253769e+00 6.052467697980e+00 5.000000000000e-03
1.170833618252e+00 2.652037027576e-01 5.000000000000e-03
1.787508951664e+00 1.472737381966e+00 5.000000000000e-03
5.208486241122e+00 1.968847798081e+00 5.000000000000e-03
1.763942406770e+00 1.240619769598e+00 5.000000000000e-03
2.554804175306e+00 4.096149292264e+00 5.000000000000e-03
1.940723571563e+00 2.315804211097e+00 5.000000000000e-03
2.602777677394e+00 2.808219903467e+00 5.000000000000e-03
4.248967465957e+00 2.645727443699e+00 5.000000000000e-03
6.964776894219e-01 2.177746059327e+00 5.000000000000e-03
4.174582144090e+00 2.212738404138e+00 5.000000000000e-03
2.459441759127e+00 3.322531466046e+00 5.000000000000e-03
2.057108947220e+00 8.779099728272e-01 5.000000000000e-03
3.188823596493e+00 2.058332497806e+00 5.000000000000e-03
3.934796841931e+00 5.803494554615e+00 5.000000000000e-03
3.012513148164e+00 4.446148119110e+00 5.000000000000e-03
1.076131370135e+00 1.994714722550e+00 5.000000000000e-03
5.026971118254e+00 3.020667603390e+00 5.000000000000e-03
8.752956274046e-01 4.142154206295e+00 5.000000000000e-03
1.779688575653e+00 4.751753411939e+00 5.000000000000e-03
4.096924594490e+00 4.995292047366e+00 5.000000000000e-03
5.535040434911e+00 5.422535779659e+00 5.000000000000e-03
7.438451588056e-01 5.258360922529e+00 5.000000000000e-03
5.783708727933e+00 5.945888645325e+00 5.000000000000e-03
4.490676812172e+00 6.232577728307e+00 5.000000000000e-03
9.983221491874e-02 6.113143758354e+00 5.000000000000e-03
3.632098924155e+00 6.855941190525e-01 5.000000000000e-03
1.654710004831e+00 1.087757740965e+00 5.000000000000e-03
1.213998103349e+00 4.836105257656e+00 5.000000000000e-03
4.008959588304e+00 1.467281869343e+00 5.000000000000e-03
3.765909772609e+00 7.725208049123e-01 5.000000000000e-03
3.797621378542e+00 2.857342499628e+00 5.000000000000e-03
3.381296757947e+00 5.370151090046e+00 5.000000000000e-03
5.675450881578e+00 1.142814813006e+00 5.000000000000e-03
1.130008413717e+00 4.821796065618e+00 5.000000000000e-03
5.289815298256e+00 3.768719045120e+00 5.000000000000e-03
1.858662054273e+00 1.141000117274e+00 5.000000000000e-03
4.160218106948e+00 3.523966271357e+00 5.000000000000e-03
1.344732246287e+00 3.412811193495e+00 5.000000000000e-03
5.989056738888e+00 1.820088795388e+00 5.000000000000e-03
4.519696405706e+00 1.322047998776e-01 5.000000000000e-03
4.416825653258e+00 1.450883303367e+00 5.000000000000e-03
4.779161153646e+00 4.839471306926e+00 5.000000000000e-03
1.157559256648e+00 5.683854873775e+00 5.000000000000e-03
4.023115060917e+00 3.270102792406e+00 5.000000000000e-03
5.297695551868e-01 5.239200819978e+00 5.000000000000e-03
2.951446559711e+00 2.968228670566e+00 5.000000000000e-03
5.064339644284e+00 3.248286052571e+00 -5.000000000000e-03
1.186761856563e+00 2.601801484524e+00 -5.000000000000e-03
5.460108954857e+00 4.865440802295e+00 -5.000000000000e-03
7.136303376488e-01 4.653268177664e+00 -5.000000000000e-03
2.029842393318e+00 3.628343529491e+00 -5.000000000000e-03
1.695806399871e+00 2.839758694227e+00 -5.000000000000e-03
3.427657897930e+00 3.960179866912e+00 -5.000000000000e-03
5.024103925681e+00 2.868684051678e+00 -5.000000000000e-03
2.683808459531e+00 4.663556779143e+00 -5.000000000000e-03
1.838872616355e+00 4.639891656654e+00 -5.000000000000e-03
2.631248214695e+00 1.712948219025e+00 -5.000000000000e-03
5.489750726252e+00 4.237270548634e+00 -5.000000000000e-03
1.328579030419e+00 1.007484799889e+00 -5.000000000000e-03
5.749064206945e+00 4.228102731444e-01 -5.000000000000e-03
1.338720360159e+00 4.252713346559e+00 -5.000000000000e-03
2.011356360676e+00 1.946987373910e+00 -5.000000000000e-03
2.510758720385e+00 4.096196691043e+00 -5.000000000000e-03
5.146309430116e+00 4.227004709230e+00 -5.000000000000e-03
3.170778731414e+00 2.288238951575e+00 -5.000000000000e-03
4.004476335795e+00 2.327631988666e+00 -5.000000000000e-03
2.619418665686e+00 5.596916577397e+00 -5.000000000000e-03
4.410552841145e+00 5.432346659280e+00 -5.000000000000e-03
9.419628296998e-02 1.976404668237e+00 -5.000000000000e-03
5.411013538138e-01 8.979295604843e-01 -5.000000000000e-03
8.707522753226e-01 2.863303340347e+00 -5.000000000000e-03
4.859248057831e+00 1.157178896445e+00 -5.000000000000e-03
5.633785661339e+00 4.357807569018e+00 -5.000000000000e-03
2.210657103583e+00 6.052189477965e+00 -5.000000000000e-03
5.201457040438e+00 3.358182312831e+00 -5.000000000000e-03
9.747306833192e-01 4.382584256805e+00 -5.000000000000e-03
3.015954870983e+00 1.324181738981e+00 -5.000000000000e-03
2.612041554022e+00 3.978698129702e+00 -5.000000000000e-03
5.345842607771e+00 4.528233378622e+00 -5.000000000000e-03
7.190456284734e-01 4.761749914915e+00 -5.000000000000e-03
1.780065345742e+00 5.829117106671e+00 -5.000000000000e-03
5.346949346884e+00 1.163686737798e+00 -5.000000000000e-03
3.243366763375e+00 3.907247784422e+00 -5.000000000000e-03
5.128303422065e+00 5.625491247645e+00 -5.000000000000e-03
5.494056120828e+00 4.457268576033e+00 -5.000000000000e-03
2.083537873166e+00 1.374963090052e+00 -5.000000000000e-03
2.643117316963e+00 5.574187498306e+00 -5.000000000000e-03
5.552953021382e+00 5.208747760318e+00 -5.000000000000e-03
5.787111983532e+00 2.032846284679e+00 -5.000000000000e-03
5.061610353000e+00 5.521739977786e+00 -5.000000000000e-03
5.933219236619e-01 2.247501818296e+00 -5.000000000000e-03
4.781766514936e+00 2.001396536391e+00 -5.000000000000e-03
1.904399641623e+00 1.637712306173e+00 -5.000000000000e-03
2.311761811730e+00 5.850038321919e+00 -5.000000000000e-03
5.021516640336e+00 4.440608174186e-01 -5.000000000000e-03
2.563138116162e+00 5.203624047454e+00 -5.000000000000e-03
3.595339288161e-01 6.057792131129e+00 -5.000000000000e-03
1.394838367739e-02 4.467997808402e+00 -5.000000000000e-03
9.856094764137e-01 2.467638657595e+00 -5.000000000000e-03
5.055175634751e+00 2.183893762006e+00 -5.000000000000e-03
4.185425778074e-02 1.823232208845e-01 -5.000000000000e-03
1.669990512065e+00 2.138610428783e+00 -5.000000000000e-03
4.834024574616e+00 5.654452212319e-02 -5.000000000000e-03
3.695687349801e+00 2.574797584230e+00 -5.000000000000e-03
2.043360953849e+00 6.148602031483e+00 -5.000000000000e-03
4.336716383033e+00 5.409426535570e+00 -5.000000000000e-03
4.349815696969e-01 3.378370886941e+00 -5.000000000000e-03
5.108214826422e+00 5.334548815268e+00 -5.000000000000e-03
4.259029228035e+00 5.954717575941e-01 -5.000000000000e-03
1.396018452792e+00 5.337534919647e+00 -5.000000000000e-03
4.451770625536e+00 2.781015464172e+00 -5.000000000000e-03
6.146906432930e+00 6.238829948403e+00 -5.000000000000e-03
3.349419682240e+00 4.427450620478e+00 -5.000000000000e-03
4.283759128316e+00 1.544330076043e+00 -5.000000000000e-03
2.750002549995e+00 5.511190091872e+00 -5.000000000000e-03
4.592727010455e-01 6.189880185207e+00 -5.000000000000e-03
7.416984424583e-01 1.102238229617e+00 -5.000000000000e-03
2.576584136360e-01 5.989516377750e+00 -5.000000000000e-03
3.197045157868e+00 2.248947898479e+00 -5.000000000000e-03
3.941048284661e+00 4.693096940509e+00 -5.000000000000e-03
5.317059197929e+00 2.092799846141e+00 -5.000000000000e-03
2.337169854371e+00 4.174382244390e+00 -5.000000000000e-03
2.858177740468e+00 4.915709191972e+00 -5.000000000000e-03
5.349026447092e+00 9.319648904768e-02 -5.000000000000e-03
5.608102562978e+00 1.860630536881e+00 -5.000000000000e-03
3.039531734588e+00 3.059354521226e+00 -5.000000000000e-03
1.488787062776e+00 8.525163768580e-01 -5.000000000000e-03
1.043658117348e-01 9.406762702995e-01 -5.000000000000e-03
5.877206326217e+00 1.345291807688e+00 -5.000000000000e-03
5.031583653810e+00 5.151927000379e+00 -5.000000000000e-03
6.090281140636e+00 2.093139852772e+00 -5.000000000000e-03
5.501850274562e+00 3.229017887840e+00 -5.000000000000e-03
5.106654283443e+00 4.035264662096e+00 -5.000000000000e-03
4.561195919223e+00 2.242153037447e+00 -5.000000000000e-03
2.712068637514e+00 1.798244210107e+00 -5.000000000000e-03
2.408350795314e+00 6.845098652787e-02 -5.000000000000e-03
5.789675726638e+00 4.207254270193e+00 -5.000000000000e-03
3.507465452397e+00 1.805697367376e+00 -5.000000000000e-03
1.689404625231e+00 1.765608761980e+00 -5.000000000000e-03
4.500015705750e+00 3.466265368791e+00 -5.000000000000e-03
2.726630822091e+00 5.808510260523e+00 -5.000000000000e-03
6.070456831934e+00 4.269510324992e+00 -5.000000000000e-03
2.022436267380e+00 3.476944814703e+00 -5.000000000000e-03
2.576219897325e+00 4.291267408673e+00 -5.000000000000e-03
3.164502678411e+00 5.245701517308e+00 -5.000000000000e-03
5.097843539104e+00 3.493775261849e+00 -5.000000000000e-03
