5.982159500453e+00 3.801475381905e+00 5.000000000000e-03
1.507972087413e+00 2.660115886679e+00 5.000000000000e-03
3.220181793441e+00 2.002065615485e-01 5.000000000000e-03
1.642375051751e+00 2.860664375937e+00 5.000000000000e-03
1.237922710792e+00 2.189875193216e-01 5.000000000000e-03
6.093925460218e+00 3.692992510471e+00 5.000000000000e-03
3.704821081385e+00 4.492773947759e+00 5.000000000000e-03
5.014693266871e+00 1.618537907849e+00 5.000000000000e-03
2.999483226674e+00 1.706013991466e+00 5.000000000000e-03
2.901891225413e+00 5.710627943862e+00 5.000000000000e-03
5.426307213311e+00 2.442265497974e-01 5.000000000000e-03
5.902692520243e+00 7.266375851310e-01 5.000000000000e-03
1.486953114842e+00 3.962581370155e+00 5.000000000000e-03
3.813122421905e+00 1.050127157980e+00 5.000000000000e-03
2.474590698508e+00 5.325469518827e+00 5.000000000000e-03
1.098327483132e+00 3.294022648578e+00 5.000000000000e-03
1.567492194236e+00 1.063797640104e+00 5.000000000000e-03
4.208706020105e+00 5.314192292710e+00 5.000000000000e-03
4.951761510575e+00 3.520348039606e-01 5.000000000000e-03
4.578164171221e+00 9.098244340959e-01 5.000000000000e-03
5.919160735425e+00 1.617455068316e+00 5.000000000000e-03
8.061778661073e-01 6.226660346005e+00 5.000000000000e-03
3.162133084040e+00 1.958668441160e+00 5.000000000000e-03
4.701224466991e+00 1.199363474803e+00 5.000000000000e-03
5.935931684505e+00 3.170698797758e+00 5.000000000000e-03
3.690114911372e+00 4.532459912614e+00 5.000000000000e-03
6.043944415276e-01 6.082567062718e-04 5.000000000000e-03
4.820610233070e-01 1.779088777059e+00 5.000000000000e-03
2.778892171085e+00 3.832948144036e+00 5.000000000000e-03
1.895992221014e+00 3.986597795819e+00 5.000000000000e-03
8.826733318981e-01 1.480580886165e-01 5.000000000000e-03
5.883567437608e+00 1.476194943042e+00 5.000000000000e-03
2.751292636622e+00 2.891032296902e+00 5.000000000000e-03
5.279970732663e+00 6.193540552099e+00 5.000000000000e-03
3.412666194846e+00 2.702793726532e+00 5.000000000000e-03
3.006901182381e+00 5.145407446063e+00 5.000000000000e-03
4.781811157806e+00 5.069475372476e+00 5.000000000000e-03
1.801626798638e+00 1.739473935740e+00 5.000000000000e-03
5.259131226588e+00 4.177426425748e+00 5.000000000000e-03
3.168013860467e+00 1.153517525563e+00 5.000000000000e-03
3.971204194880e+00 8.276311804505e-01 5.000000000000e-03
4.342172526638e+00 1.629676295662e+00 5.000000000000e-03
5.404387298164e+00 5.396237932996e+00 5.000000000000e-03
3.543797923038e+00 4.396965837400e+00 5.000000000000e-03
4.867579882807e+00 3.702053500020e+00 5.000000000000e-03
6.041575389566e+00 3.263415509705e+00 5.000000000000e-03
4.726286035816e+00 4.361895867412e+00 5.000000000000e-03
5.254503483736e+00 3.687382208161e-01 5.000000000000e-03
5.616487939297e+00 3.759066937963e+00 5.000000000000e-03
5.545621378100e+00 4.343636433834e+00 5.000000000000e-03
2.510048679254e+00 1.520603043183e+00 5.000000000000e-03
2.426136816507e+00 5.257491274867e+00 5.000000000000e-03
4.921082419693e+00 6.068632181125e+00 5.000000000000e-03
5.884349973197e+00 1.919932045014e+00 5.000000000000e-03
3.504762163728e+00 1.862250806018e+00 5.000000000000e-03
3.337346833082e-01 5.519631610030e+00 5.000000000000e-03
5.165585922761e+00 4.174118923635e+00 5.000000000000e-03
4.065733452261e+00 2.636340537102e-01 5.000000000000e-03
3.668702640546e+00 6.007868918481e+00 5.000000000000e-03
6.012298185637e+00 4.427860458072e+00 5.000000000000e-03
2.526743757744e+00 3.057646574815e+00 5.000000000000e-03
5.359900569794e+00 1.752664916361e+00 5.000000000000e-03
3.335984116872e+00 1.214894957714e+00 5.000000000000e-03
2.190390541995e+00 5.232325434925e+00 5.000000000000e-03
7.651816648730e-01 2.961145243503e+00 5.000000000000e-03
2.212937609632e+00 5.515368004202e+00 5.000000000000e-03
6.773314444124e-01 4.073315229937e+00 5.000000000000e-03
5.345273898706e-01 6.225644760178e+00 5.000000000000e-03
4.147729963600e+00 2.060212842411e+00 5.000000000000e-03
6.891494201111e-01 1.714455084568e-01 5.000000000000e-03
1.188420633304e+00 4.550884412176e+00 5.000000000000e-03
3.703540370120e+00 6.250950307549e+00 5.000000000000e-03
3.836393675445e+00 6.060996782619e+00 5.000000000000e-03
3.021105392289e+00 6.153743656016e+00 5.000000000000e-03
1.076600647904e+00 3.147935386889e+00 5.000000000000e-03
1.784128865680e-01 5.075846264743e-01 5.000000000000e-03
2.973990201270e+00 4.612423227269e+00 5.000000000000e-03
6.611172632374e-01 4.522082800022e+00 5.000000000000e-03
1.070214075631e+00 6.246794997203e+00 5.000000000000e-03
3.657533864406e+00 4.242030130187e+00 5.000000000000e-03
2.689594887582e+00 2.758152132611e+00 5.000000000000e-03
4.540563646527e+00 5.633295513732e+00 5.000000000000e-03
1.740787326454e+00 6.015192495357e+00 5.000000000000e-03
5.980862484804e+00 6.474822173607e-01 5.000000000000e-03
3.029579781568e+00 5.624603285445e+00 5.000000000000e-03
5.230697785389e+00 5.791927292765e+00 5.000000000000e-03
7.237172219115e-01 1.030554727717e-01 5.000000000000e-03
4.472837754479e+00 3.389386131896e+00 5.000000000000e-03
4.931886482364e+00 4.595707592998e+00 5.000000000000e-03
3.075338015796e+00 3.298427115137e+00 5.000000000000e-03
3.020150621648e+00 1.588040097104e+00 5.000000000000e-03
2.855591976165e+00 2.506139949685e-01 5.000000000000e-03
3.329524614871e+00 4.311631236702e+00 5.000000000000e-03
5.583933037156e+00 5.259494327430e+00 5.000000000000e-03
1.917570899467e+00 3.699784026649e+00 5.000000000000e-03
4.887653253974e+00 4.523633796256e+00 5.000000000000e-03
3.859196760719e+00 7.335577624582e-01 5.000000000000e-03
2.441734426036e+00 4.073209581852e+00 5.000000000000e-03
3.352755880095e+00 3.308215719173e+00 5.000000000000e-03
2.047844506412e-01 3.521797191980e+00 5.000000000000e-03
2.026672015937e+00 2.444948428592e+00 -5.000000000000e-03
1.062957793444e+00 6.135010073430e+00 -5.000000000000e-03
2.053945584410e+00 3.540333282059e+00 -5.000000000000e-03
4.215455117777e+00 2.010709956038e+00 -5.000000000000e-03
4.429652405810e+00 1.069387255728e+00 -5.000000000000e-03
2.323365229137e+00 4.370977323175e+00 -5.000000000000e-03
1.684119275112e-01 1.768014731859e+00 -5.000000000000e-03
3.520265454192e+00 5.034536997895e+00 -5.000000000000e-03
7.454850538173e-01 2.678997323473e+00 -5.000000000000e-03
8.594854414752e-01 8.347852841366e-01 -5.000000000000e-03
1.623225545199e+00 9.598662449247e-01 -5.000000000000e-03
3.828428016467e+00 2.315842907095e+00 -5.000000000000e-03
1.329129177593e+00 5.822734545454e+00 -5.000000000000e-03
5.704551441823e-01 7.571709360623e-01 -5.000000000000e-03
4.438014039956e+00 3.503964300158e+00 -5.000000000000e-03
6.033281093544e-01 2.692729345558e+00 -5.000000000000e-03
5.294840265511e+00 2.703610794776e+00 -5.000000000000e-03
2.039191315441e+00 6.157179948879e+00 -5.000000000000e-03
3.722266464545e+00 4.955076544212e+00 -5.000000000000e-03
5.213550386141e+00 2.382688725511e+00 -5.000000000000e-03
3.292806294116e+00 5.746556081414e+00 -5.000000000000e-03
1.973240315274e+00 5.554795698381e+00 -5.000000000000e-03
1.704661379193e-01 3.672416574912e+00 -5.000000000000e-03
3.964222922337e+00 2.464915269162e+00 -5.000000000000e-03
4.339134035038e+00 5.034678116937e+00 -5.000000000000e-03
2.254556470136e-01 1.871245408788e+00 -5.000000000000e-03
4.303388903905e+00 5.874047583685e+00 -5.000000000000e-03
2.960972698536e+00 2.268107728192e+00 -5.000000000000e-03
2.807598673292e+00 5.988840783251e+00 -5.000000000000e-03
1.305218499024e+00 5.677977717741e+00 -5.000000000000e-03
3.721721468947e+00 2.015197465297e+00 -5.000000000000e-03
3.244590954913e+00 4.503655169151e+00 -5.000000000000e-03
4.456404328142e+00 4.016744081557e+00 -5.000000000000e-03
1.079441348281e+00 4.143225484500e+00 -5.000000000000e-03
2.761081866938e+00 3.490395753988e+00 -5.000000000000e-03
1.116024597998e+00 1.326639500665e+00 -5.000000000000e-03
3.918151905005e-01 2.865983649783e-01 -5.000000000000e-03
5.238767815675e-01 4.469533087955e+00 -5.000000000000e-03
9.017459076993e-02 5.585752530285e+00 -5.000000000000e-03
5.872300933200e+00 4.581067567259e+00 -5.000000000000e-03
3.266903622586e+00 5.729906726188e+00 -5.000000000000e-03
2.980373962454e+00 3.664468330411e+00 -5.000000000000e-03
4.835571521275e+00 3.197548823854e+00 -5.000000000000e-03
5.614169052215e+00 3.649285949478e-01 -5.000000000000e-03
2.811864537739e+00 6.022203834311e+00 -5.000000000000e-03
8.458524525615e-01 2.500731017789e+00 -5.000000000000e-03
1.679057920113e+00 3.658075516484e+00 -5.000000000000e-03
9.888149945147e-01 4.438435874481e+00 -5.000000000000e-03
4.390725696522e+00 2.948769512013e+00 -5.000000000000e-03
1.781928238251e+00 5.688180710617e+00 -5.000000000000e-03
5.975329775893e+00 2.526077807930e+00 -5.000000000000e-03
3.545642392138e+00 5.495563084031e+00 -5.000000000000e-03
6.064881929517e+00 1.100621053695e+00 -5.000000000000e-03
4.420659292518e+00 5.705455727315e-01 -5.000000000000e-03
2.500858139140e+00 1.787914555710e+00 -5.000000000000e-03
7.245757910477e-01 1.926988181301e+00 -5.000000000000e-03
3.819987183104e+00 4.354543483058e+00 -5.000000000000e-03
1.395067993777e+00 6.269553758641e+00 -5.000000000000e-03
2.132951568301e+00 4.038385779460e+00 -5.000000000000e-03
6.010326924532e+00 2.264509853446e+00 -5.000000000000e-03
5.829804552357e+00 4.391024425650e+00 -5.000000000000e-03
2.164092501270e+00 3.077832924728e+00 -5.000000000000e-03
7.963668786622e-01 3.907434844520e+00 -5.000000000000e-03
5.078033066886e+00 6.241337098075e+00 -5.000000000000e-03
3.980293396716e+00 5.147130603020e+00 -5.000000000000e-03
6.971314914736e-01 6.229538627755e+00 -5.000000000000e-03
2.616349499576e+00 9.498104731737e-01 -5.000000000000e-03
3.510948359375e+00 2.199195205155e+00 -5.000000000000e-03
3.459897224104e+00 4.886574686495e+00 -5.000000000000e-03
5.859629008149e+00 5.996876751611e-01 -5.000000000000e-03
5.927263434659e+00 5.714123013950e+00 -5.000000000000e-03
6.115527011050e-01 5.959427397766e-01 -5.000000000000e-03
5.800536972792e+00 4.826216716639e+00 -5.000000000000e-03
7.736868696077e-01 2.798596001624e+00 -5.000000000000e-03
3.359842722708e+00 1.675637004844e-02 -5.000000000000e-03
2.596474544670e+00 5.117716451856e+00 -5.000000000000e-03
5.675216295130e+00 1.521155668577e+00 -5.000000000000e-03
2.326123916331e+00 2.815738130255e+00 -5.000000000000e-03
5.364177205206e-01 1.802626144785e+00 -5.000000000000e-03
6.263314762671e-01 1.372695712394e+00 -5.000000000000e-03
2.125357557802e+00 1.355114629377e+00 -5.000000000000e-03
6.232008904328e+00 5.091567741765e+00 -5.000000000000e-03
2.487738110232e+00 4.330976487571e+00 -5.000000000000e-03
2.378171316536e+00 5.967874371175e+00 -5.000000000000e-03
4.742263198821e+00 5.729019605607e+00 -5.000000000000e-03
5.968002650304e+00 4.199665749634e+00 -5.000000000000e-03
1.263172336435e+00 2.845343939081e+00 -5.000000000000e-03
1.725096766490e+00 4.432780207076e+00 -5.000000000000e-03
6.117319165847e+00 9.255376971058e-01 -5.000000000000e-03
3.352932944733e+00 8.574924754602e-01 -5.000000000000e-03
1.943838404159e+00 8.247627506185e-01 -5.000000000000e-03
3.049014984393e+00 1.175744427649e+00 -5.000000000000e-03
2.993789469266e+00 3.094929768857e-01 -5.000000000000e-03
1.038810448731e+00 1.337306933603e+00 -5.000000000000e-03
3.398588952871e+00 4.452795454648e+00 -5.000000000000e-03
2.606378965167e+00 8.901960841619e-01 -5.000000000000e-03
4.684961560743e+00 2.644380951660e+00 -5.000000000000e-03
5.304585504426e+00 2.298978736999e+00 -5.000000000000e-03
2.972559990407e+00 6.093388313809e+00 -5.000000000000e-03
4.587042609631e+00 2.229914434990e+00 -5.000000000000e-03
