4.685223530651e+00 2.187130703925e+00 5.000000000000e-03
3.406257357813e+00 4.900709795061e+00 5.000000000000e-03
5.078402790082e+00 4.497095704952e+00 5.000000000000e-03
3.690796561706e+00 1.377827256035e+00 5.000000000000e-03
1.414516347239e+00 1.857840938069e-02 5.000000000000e-03
9.952374961282e-01 6.497938544927e-01 5.000000000000e-03
5.106170481858e+00 2.876340275331e+00 5.000000000000e-03
4.622250268402e-01 3.913328975527e+00 5.000000000000e-03
1.005654856933e+00 4.056402967030e+00 5.000000000000e-03
6.858987197656e-01 1.838227021233e+00 5.000000000000e-03
8.319357241409e-01 6.391107818504e-01 5.000000000000e-03
3.533953548920e+00 4.973124043188e+00 5.000000000000e-03
1.964894466111e+00 9.892005412486e-01 5.000000000000e-03
3.285834099935e+00 4.655712828846e+00 5.000000000000e-03
1.734238590109e+00 5.738236089230e+00 5.000000000000e-03
4.475767338219e-01 5.202007337865e+00 5.000000000000e-03
2.119700291066e+00 4.891256371694e+00 5.000000000000e-03
4.965641102996e+00 2.768386787225e+00 5.000000000000e-03
6.135146316314e+00 6.246021939190e+00 5.000000000000e-03
2.056167734812e+00 5.145551618805e+00 5.000000000000e-03
4.618902769254e+00 6.028801222704e+00 5.000000000000e-03
5.592615959374e+00 3.048317307628e+00 5.000000000000e-03
1.538892026225e-01 4.552694544147e+00 5.000000000000e-03
9.983202758234e-01 4.357967402047e+00 5.000000000000e-03
1.817154191077e+00 3.400953776372e+00 5.000000000000e-03
3.166648831543e+00 5.419588358786e-01 5.000000000000e-03
3.233724549510e+00 3.982352271455e+00 5.000000000000e-03
3.152533256739e+00 5.253056836781e+00 5.000000000000e-03
2.554873485906e+00 5.661192777697e+00 5.000000000000e-03
5.036018479413e+00 5.140300920292e+00 5.000000000000e-03
3.032229335632e+00 4.722118186816e+00 5.000000000000e-03
1.039852562362e+00 5.261797980082e+00 5.000000000000e-03
4.512710532587e+00 3.904788191434e+00 5.000000000000e-03
4.726121366134e+00 1.338540853848e+00 5.000000000000e-03
2.242094741388e+00 8.973573386875e-01 5.000000000000e-03
4.045626284208e+00 2.211193545137e+00 5.000000000000e-03
2.123033500217e+00 5.958511162716e+00 5.000000000000e-03
2.732460919095e+00 5.970147705877e+00 5.000000000000e-03
1.408511784305e+00 1.898879375749e+00 5.000000000000e-03
9.567724640005e-01 3.332857638272e-01 5.000000000000e-03
5.893323014001e+00 4.347361147667e+00 5.000000000000e-03
1.404045667005e+00 3.784366884848e+00 5.000000000000e-03
1.460735466255e+00 3.665306558979e+00 5.000000000000e-03
1.009655178835e+00 2.114562538993e+00 5.000000000000e-03
1.932453840782e+00 1.348120723047e+00 5.000000000000e-03
4.095709424789e+00 5.938205659268e+00 5.000000000000e-03
3.371364930123e+00 3.789477120294e+00 5.000000000000e-03
1.564770736051e+00 3.516841000758e+00 5.000000000000e-03
3.957040296380e-01 4.457655054948e+00 5.000000000000e-03
4.964750667273e-02 1.384660623284e+00 5.000000000000e-03
3.676723893567e-02 1.428864680245e+00 5.000000000000e-03
2.484411195016e+00 5.942439890472e+00 5.000000000000e-03
3.550248878633e+00 5.862791307026e+00 5.000000000000e-03
3.393007543981e+00 3.246867658286e-02 5.000000000000e-03
4.839534705718e-01 5.830348593609e+00 5.000000000000e-03
5.723206823140e+00 5.894163351750e+00 5.000000000000e-03
3.000913399301e+00 3.733147001273e+00 5.000000000000e-03
3.672407701876e+00 1.157118865958e+00 5.000000000000e-03
4.962742143110e+00 1.703068774452e+00 5.000000000000e-03
4.412844136564e+00 2.025704261563e+00 5.000000000000e-03
4.604044198946e+00 1.115702409289e-01 5.000000000000e-03
5.098561351461e+00 4.594466751440e+00 5.000000000000e-03
1.002058076208e-01 5.419759856048e+00 5.000000000000e-03
5.317550659712e+00 3.331099831846e+00 5.000000000000e-03
2.873823419103e+00 5.443600648119e+00 5.000000000000e-03
6.042634680635e-01 7.103124035946e-01 5.000000000000e-03
3.230671751610e+00 2.331243078286e+00 5.000000000000e-03
2.213971915516e+00 1.524805802837e+00 5.000000000000e-03
6.204145731894e+00 3.489637890615e+00 5.000000000000e-03
1.282887725474e+00 1.266132982470e+00 5.000000000000e-03
1.112795419646e+00 4.014250855527e+00 5.000000000000e-03
3.745530952135e+00 1.211281083970e+00 5.000000000000e-03
5.795613484778e+00 1.738562583455e+00 5.000000000000e-03
7.043820516244e-01 5.376472766240e+00 5.000000000000e-03
4.196222413971e+00 1.161592920996e+00 5.000000000000e-03
2.847364286529e-01 6.266838615442e+00 5.000000000000e-03
1.551752433490e+00 6.041397478571e+00 5.000000000000e-03
2.782778322995e+00 3.563043444160e+00 5.000000000000e-03
1.369879532486e+00 2.965476192402e+00 5.000000000000e-03
5.546774475824e-01 3.751200680192e+00 5.000000000000e-03
1.760328658728e+00 3.709098633486e+00 5.000000000000e-03
4.614672712340e+00 5.651374911645e+00 5.000000000000e-03
3.759831761480e+00 3.295977304138e+00 5.000000000000e-03
8.000539740293e-01 5.985382594188e+00 5.000000000000e-03
3.517730580359e+00 5.168025480269e+00 5.000000000000e-03
1.586746413562e+00 1.908829069927e+00 5.000000000000e-03
1.115922305704e+00 2.217665663091e+00 5.000000000000e-03
6.003594518238e+00 4.982170249220e+00 5.000000000000e-03
1.359508769054e-01 5.915745670771e+00 5.000000000000e-03
2.520560590239e+00 6.119585003379e+00 5.000000000000e-03
3.365447442009e+00 5.778079216650e+00 5.000000000000e-03
4.507444609756e+00 9.134969881097e-01 5.000000000000e-03
8.403289694753e-01 3.406790240688e+00 5.000000000000e-03
4.572846917506e+00 4.004238161380e+00 5.000000000000e-03
9.627938210158e-01 9.009405125589e-01 5.000000000000e-03
2.070127254303e+00 5.835993075872e+00 5.000000000000e-03
3.793666733038e+00 1.713929179432e+00 5.000000000000e-03
1.644256870029e+00 1.865402954472e+00 5.000000000000e-03
4.001775500973e+00 3.875258059385e+00 5.000000000000e-03
3.795183522441e+00 7.371172819473e-01 5.000000000000e-03
2.663098728127e+00 4.996038702394e+00 -5.000000000000e-03
4.908405250049e+00 3.645740239788e+00 -5.000000000000e-03
3.231641004841e+00 5.205006926547e+00 -5.000000000000e-03
2.117057021840e+00 3.955107086140e+00 -5.000000000000e-03
4.972646875142e+00 8.771887619823e-01 -5.000000000000e-03
2.668810793654e+00 1.110678633597e+00 -5.000000000000e-03
5.099202244236e-01 2.564980441867e+00 -5.000000000000e-03
4.145152631845e+00 3.788932659343e+00 -5.000000000000e-03
3.897709744612e+00 4.998508336612e+00 -5.000000000000e-03
4.460935419266e+00 4.766943994656e+00 -5.000000000000e-03
5.357496441399e+00 1.308346327534e+00 -5.000000000000e-03
2.345647505909e+00 6.264268667407e+00 -5.000000000000e-03
4.503083708560e+00 5.658659411669e+00 -5.000000000000e-03
2.167153769244e+00 2.598342208385e+00 -5.000000000000e-03
5.482170496181e+00 1.070773822906e+00 -5.000000000000e-03
1.605188813328e-01 4.546003907618e+00 -5.000000000000e-03
4.511991988119e+00 6.002223921053e+00 -5.000000000000e-03
1.676054656711e+00 6.752812932146e-02 -5.000000000000e-03
3.772801025419e+00 1.375678640651e+00 -5.000000000000e-03
3.088800516793e+00 5.359512304338e+00 -5.000000000000e-03
3.139030488425e+00 4.259936035855e+00 -5.000000000000e-03
2.657137026802e+00 4.238796297924e+00 -5.000000000000e-03
2.620435631166e+00 3.275141142453e+00 -5.000000000000e-03
1.017555245505e-01 2.504403531995e-01 -5.000000000000e-03
4.558662177263e+00 6.240577420749e+00 -5.000000000000e-03
1.711497338484e+00 6.275656369198e-01 -5.000000000000e-03
7.042952198075e-01 6.267238467625e+00 -5.000000000000e-03
3.402314708356e+00 2.150530981425e+00 -5.000000000000e-03
3.118343559759e+00 3.390525799515e+00 -5.000000000000e-03
5.569161937792e+00 5.543899977705e+00 -5.000000000000e-03
3.907666780782e+00 5.495851746088e+00 -5.000000000000e-03
3.613106658730e-02 3.205173683430e+00 -5.000000000000e-03
3.447687496169e+00 5.648587747191e+00 -5.000000000000e-03
4.424436059067e+00 3.881038858213e+00 -5.000000000000e-03
2.702880681340e+00 2.662341611343e+00 -5.000000000000e-03
4.687004076672e+00 6.200968660357e+00 -5.000000000000e-03
1.261279368921e+00 2.675646797247e+00 -5.000000000000e-03
2.621319022968e+00 2.187103682666e-01 -5.000000000000e-03
4.079667752566e+00 2.040907001110e+00 -5.000000000000e-03
2.320523328405e+00 9.235837520770e-01 -5.000000000000e-03
3.786924283736e+00 1.993881681693e+00 -5.000000000000e-03
4.775070298811e+00 5.660504568568e+00 -5.000000000000e-03
6.228430252730e+00 8.460186764656e-01 -5.000000000000e-03
6.158686995421e+00 1.455414584784e+00 -5.000000000000e-03
6.041348368961e+00 6.171675596413e+00 -5.000000000000e-03
4.677389106717e+00 8.318792787366e-01 -5.000000000000e-03
6.191767374343e+00 2.022685661776e+00 -5.000000000000e-03
1.949373546179e+00 1.267875136504e+00 -5.000000000000e-03
2.609665448664e+00 4.179707993002e+00 -5.000000000000e-03
5.585100730321e+00 2.393553068987e-01 -5.000000000000e-03
1.175787375239e+00 5.880485819319e+00 -5.000000000000e-03
4.342907870061e+00 3.610377824631e+00 -5.000000000000e-03
4.516473613814e+00 2.158346383675e+00 -5.000000000000e-03
4.358411542533e+00 4.560367405887e+00 -5.000000000000e-03
7.513793363480e-01 2.067631927449e+00 -5.000000000000e-03
8.600256720790e-01 7.637752741703e-01 -5.000000000000e-03
4.739865395314e+00 2.924992858372e+00 -5.000000000000e-03
2.956534003910e+00 4.035882035182e+00 -5.000000000000e-03
2.828014055332e+00 7.940371548423e-01 -5.000000000000e-03
3.872475057235e+00 6.138899215298e+00 -5.000000000000e-03
3.700533802220e+00 1.046654231197e+00 -5.000000000000e-03
9.894450008395e-01 3.873649948559e+00 -5.000000000000e-03
2.236490181996e+00 1.605427908613e-01 -5.000000000000e-03
3.545270477770e+00 1.707756425835e+00 -5.000000000000e-03
3.178538986008e+00 7.511638646980e-01 -5.000000000000e-03
1.122227051399e+00 1.920925672614e+00 -5.000000000000e-03
4.596678976778e+00 5.791262229030e+00 -5.000000000000e-03
6.000944436345e+00 6.216313563193e+00 -5.000000000000e-03
4.520594697601e-01 5.323537907301e+00 -5.000000000000e-03
4.387054757649e-01 2.601915855209e+00 -5.000000000000e-03
3.258012814265e+00 1.394044678148e+00 -5.000000000000e-03
6.020261138148e+00 6.727030844889e-02 -5.000000000000e-03
1.781354787446e+00 5.717509482666e+00 -5.000000000000e-03
4.910401409266e+00 5.934346504521e+00 -5.000000000000e-03
4.371292139453e+00 2.573420593978e+00 -5.000000000000e-03
8.630521560881e-01 2.422688088492e+00 -5.000000000000e-03
3.224595475035e+00 5.719537702425e+00 -5.000000000000e-03
2.071500286441e+00 2.322438299837e+00 -5.000000000000e-03
1.112817985406e+00 4.842852193656e+00 -5.000000000000e-03
6.101949404500e+00 4.091423211972e+00 -5.000000000000e-03
6.706445566518e-01 3.093238827626e+00 -5.000000000000e-03
3.349296195212e+00 1.324514648864e+00 -5.000000000000e-03
4.669923198756e+00 4.841587402007e+00 -5.000000000000e-03
5.134155931597e+00 2.079101123843e+00 -5.000000000000e-03
3.311019833794e+00 2.764741174271e+00 -5.000000000000e-03
5.801600658207e+00 2.216426741707e+00 -5.000000000000e-03
1.636968452313e+00 5.598583195934e+00 -5.000000000000e-03
4.486641333552e+00 2.266316136567e-01 -5.000000000000e-03
5.326713283249e+00 9.741138568543e-01 -5.000000000000e-03
8.200511583856e-01 3.658459823502e+00 -5.000000000000e-03
3.104697382185e+00 3.102398086635e+00 -5.000000000000e-03
5.273162903752e+00 5.440727837576e-01 -5.000000000000e-03
2.939899023710e+00 2.672123740756e+00 -5.000000000000e-03
5.684577594379e+00 2.806380716291e+00 -5.000000000000e-03
5.033932532119e+00 5.016694962456e+00 -5.000000000000e-03
1.554683139724e+00 4.301974005499e-01 -5.000000000000e-03
5.126248227801e+00 2.487678635047e+00 -5.000000000000e-03
9.565806903975e-01 5.178315104414e+00 -5.000000000000e-03
8.391173373316e-01 6.015182593984e+00 -5.000000000000e-03
5.514133346853e+00 6.092080016282e-01 -5.000000000000e-03
