3.835225403588e+00 4.468520293058e+00 5.000000000000e-03
2.582551557522e+00 3.905079428724e+00 5.000000000000e-03
4.471368317157e-01 8.486673390081e-01 5.000000000000e-03
3.281313876956e+00 5.661998157490e+00 5.000000000000e-03
1.649392877361e+00 3.797314643279e+00 5.000000000000e-03
4.075645356925e+00 3.544027444556e+00 5.000000000000e-03
2.682448616612e+00 5.453672005922e+00 5.000000000000e-03
1.078666760014e+00 6.150516317752e+00 5.000000000000e-03
4.023463466030e+00 1.988934194093e+00 5.000000000000e-03
6.087881590419e+00 4.129634241469e+00 5.000000000000e-03
6.230774927811e+00 2.774578121047e+00 5.000000000000e-03
5.758391170061e+00 5.358245497017e+00 5.000000000000e-03
5.089893664025e-01 2.248298223112e+00 5.000000000000e-03
6.180234101766e+00 3.703618998953e+00 5.000000000000e-03
4.890375713109e+00 4.554919076202e+00 5.000000000000e-03
1.167994430635e+00 3.670537143379e+00 5.000000000000e-03
2.891250577146e+00 5.546860234223e-01 5.000000000000e-03
2.073629448808e+00 1.208573404901e+00 5.000000000000e-03
4.373226021539e+00 3.292524261361e+00 5.000000000000e-03
3.613629501514e+00 2.840242581111e-01 5.000000000000e-03
1.304369936193e+00 5.692775909115e+00 5.000000000000e-03
4.837332943305e-01 3.723519652458e+00 5.000000000000e-03
3.827189838869e+00 3.561090256375e+00 5.000000000000e-03
2.811854057836e-01 2.994804747145e+00 5.000000000000e-03
9.913528696329e-01 1.256497283252e+00 5.000000000000e-03
4.699794947516e+00 4.901371177788e+00 5.000000000000e-03
4.089869268287e+00 1.609522676227e+00 5.000000000000e-03
7.293457523887e-01 3.446843279118e+00 5.000000000000e-03
2.184594832517e+00 2.402989905890e+00 5.000000000000e-03
2.825950737383e+00 5.606791239198e+00 5.000000000000e-03
1.974027951621e+00 2.962130501990e+00 5.000000000000e-03
1.914463168397e+00 3.042602280490e+00 5.000000000000e-03
2.098711374533e+00 1.345540193912e+00 5.000000000000e-03
7.944205488954e-01 4.403494159451e+00 5.000000000000e-03
4.990155634727e+00 1.504085254616e+00 5.000000000000e-03
5.286947379362e+00 1.427428548379e+00 5.000000000000e-03
4.566368259089e-01 2.829788719988e+00 5.000000000000e-03
4.208457271631e+00 4.470485892991e+00 5.000000000000e-03
6.159493841919e+00 4.331557817934e+00 5.000000000000e-03
2.587179676835e+00 2.964161870426e-01 5.000000000000e-03
1.362836714628e+00 5.451599546356e+00 5.000000000000e-03
6.683270929671e-01 3.963810568655e+00 5.000000000000e-03
3.513395398171e+00 3.312493969781e+00 5.000000000000e-03
4.683738162156e-01 9.423303501545e-01 5.000000000000e-03
1.674781253174e+00 1.533722379922e+00 5.000000000000e-03
2.281266994149e+00 2.352591025459e+00 5.000000000000e-03
4.312073474063e+00 2.933967735266e+00 5.000000000000e-03
2.480915841226e+00 3.540136525425e-01 5.000000000000e-03
3.084067333348e+00 1.456518832965e-01 5.000000000000e-03
2.678391179028e-01 1.253467614873e+00 5.000000000000e-03
5.321134394718e+00 1.108289417537e+00 5.000000000000e-03
3.390302324985e+00 1.482175956984e+00 5.000000000000e-03
3.862895995797e+00 7.521033134570e-01 5.000000000000e-03
5.916540331959e+00 2.621575463532e+00 5.000000000000e-03
3.993323159156e+00 3.350982438641e+00 5.000000000000e-03
1.837091361541e+00 3.433275731386e+00 5.000000000000e-03
5.816725445672e+00 5.294412067391e+00 5.000000000000e-03
3.910895661816e+00 3.799777238192e+00 5.000000000000e-03
3.151014571275e+00 4.219611324184e+00 5.000000000000e-03
8.566338460179e-01 7.535917591180e-01 5.000000000000e-03
4.566833596328e+00 5.444042078886e+00 5.000000000000e-03
5.194028630620e+00 4.621269157317e+00 5.000000000000e-03
3.828275855557e+00 5.395737909194e+00 5.000000000000e-03
5.477327538736e-01 3.790599730981e+00 5.000000000000e-03
5.898349071896e-01 5.783198636133e+00 5.000000000000e-03
5.703803423732e+00 5.806897664213e+00 5.000000000000e-03
4.640458447412e+00 5.056506579686e+00 5.000000000000e-03
4.610997880368e+00 1.539277978714e+00 5.000000000000e-03
2.746158162136e+00 5.956024365798e+00 5.000000000000e-03
5.356193725788e+00 6.123281120037e+00 5.000000000000e-03
2.482907511483e+00 1.896011018645e+00 5.000000000000e-03
3.847776857264e+00 3.352947704110e+00 5.000000000000e-03
5.693414801325e+00 3.462374967421e-02 5.000000000000e-03
6.947097261226e-01 1.475629114306e+00 5.000000000000e-03
4.502566952073e+00 6.234397797571e+00 5.000000000000e-03
4.706747168457e+00 2.172403662807e+00 5.000000000000e-03
5.357024725923e+00 5.197817947441e+00 5.000000000000e-03
3.963697470694e+00 2.448764304369e+00 5.000000000000e-03
8.811040073396e-01 3.464739759036e-01 5.000000000000e-03
2.264092606755e+00 5.918585252659e+00 5.000000000000e-03
3.289762829573e+00 6.884639671948e-01 5.000000000000e-03
3.602840593314e-01 6.231535096855e+00 5.000000000000e-03
1.932716185838e+00 5.687774352196e+00 5.000000000000e-03
7.763507515904e-01 6.210097703638e+00 5.000000000000e-03
2.562243567472e+00 4.426558793184e+00 5.000000000000e-03
5.889380261396e+00 2.840454086171e-01 5.000000000000e-03
2.268513518474e+00 2.012539224698e-01 5.000000000000e-03
6.157124731837e+00 4.111535942789e+00 5.000000000000e-03
5.604512056572e+00 1.491467207573e+00 5.000000000000e-03
6.049317664968e+00 4.749285519106e+00 5.000000000000e-03
3.499848933651e+00 1.407707343376e+00 5.000000000000e-03
1.237304950516e+00 2.222395818584e+00 5.000000000000e-03
1.986396959384e+00 1.100090785112e+00 5.000000000000e-03
3.700462349152e+00 3.488235999878e+00 5.000000000000e-03
3.664949056155e+00 3.401504647684e+00 5.000000000000e-03
1.043382206859e+00 5.379914754582e+00 5.000000000000e-03
6.054530531440e-02 2.707687467406e+00 5.000000000000e-03
1.437646915347e+00 2.790677635580e-01 5.000000000000e-03
4.715910221633e-01 3.061237418846e+00 5.000000000000e-03
6.967765388121e-02 7.824904350411e-01 5.000000000000e-03
5.653614999774e+00 2.157661853044e+00 -5.000000000000e-03
5.639225601043e+00 5.652061954989e+00 -5.000000000000e-03
4.892806208989e+00 5.600884175862e+00 -5.000000000000e-03
6.525657697736e-01 5.126089627159e+00 -5.000000000000e-03
5.228803490362e+00 4.261523646056e+00 -5.000000000000e-03
3.265229514496e-01 3.377319212719e+00 -5.000000000000e-03
5.956981856333e+00 3.665539769717e-01 -5.000000000000e-03
4.085067983804e+00 5.270864793153e+00 -5.000000000000e-03
3.823463001014e-01 5.607193239120e+00 -5.000000000000e-03
1.586299609019e+00 3.042463992090e+00 -5.000000000000e-03
1.997382082936e+00 3.712716778688e+00 -5.000000000000e-03
5.722205480470e+00 3.483016503229e+00 -5.000000000000e-03
6.310418868699e-01 4.595645929265e+00 -5.000000000000e-03
3.304182845960e-01 1.916415347223e+00 -5.000000000000e-03
4.733843101202e+00 2.659690371157e+00 -5.000000000000e-03
5.813122893629e+00 3.491297148128e+00 -5.000000000000e-03
5.391957115374e+00 2.097612425464e+00 -5.000000000000e-03
5.400378945085e+00 5.599069781033e+00 -5.000000000000e-03
3.961033951757e+00 1.759738876147e+00 -5.000000000000e-03
6.016307024955e+00 1.305649378870e+00 -5.000000000000e-03
2.816691449962e+00 2.891046468353e+00 -5.000000000000e-03
3.499692350394e+00 3.397141444009e+00 -5.000000000000e-03
1.272458575999e+00 5.131459144113e+00 -5.000000000000e-03
3.994855173107e+00 8.465265604742e-01 -5.000000000000e-03
1.214261225596e+00 4.178998466193e+00 -5.000000000000e-03
6.788262245828e-01 4.131502150856e+00 -5.000000000000e-03
4.971376986629e+00 5.556280002887e+00 -5.000000000000e-03
4.002173728121e+00 2.127068235152e+00 -5.000000000000e-03
3.063704723810e+00 3.737359702044e+00 -5.000000000000e-03
1.253858358261e+00 1.760615289594e+00 -5.000000000000e-03
4.507325985247e+00 1.146981099902e+00 -5.000000000000e-03
1.786736654026e+00 4.133867922606e+00 -5.000000000000e-03
3.664653142428e+00 3.761221814557e+00 -5.000000000000e-03
6.566888854488e-02 3.431475444103e+00 -5.000000000000e-03
4.058187331272e+00 2.551876426045e+00 -5.000000000000e-03
3.286230337495e+00 1.056525655801e+00 -5.000000000000e-03
4.639155934333e+00 6.127812617737e+00 -5.000000000000e-03
2.929101188846e+00 5.709041331641e+00 -5.000000000000e-03
1.231577719331e+00 4.909665399551e+00 -5.000000000000e-03
3.946094017708e+00 1.055283857854e+00 -5.000000000000e-03
2.812726497399e+00 2.922905422134e+00 -5.000000000000e-03
6.959447786169e-01 5.007555772101e+00 -5.000000000000e-03
3.411285285374e+00 4.735324747569e+00 -5.000000000000e-03
4.441985369907e+00 8.794600907378e-01 -5.000000000000e-03
2.181157069190e+00 1.530979980164e+00 -5.000000000000e-03
2.214380991974e+00 8.925296596070e-01 -5.000000000000e-03
6.437316905070e-02 2.019322340596e-01 -5.000000000000e-03
3.662303594314e+00 4.602749913482e+00 -5.000000000000e-03
1.986511588587e-01 5.302490637754e+00 -5.000000000000e-03
4.771468276908e+00 4.303875424866e-01 -5.000000000000e-03
5.848918626364e+00 8.978065682350e-01 -5.000000000000e-03
3.802206619900e+00 2.446980053728e+00 -5.000000000000e-03
3.912635793661e+00 5.863176976386e+00 -5.000000000000e-03
3.073798398489e+00 9.279516641225e-01 -5.000000000000e-03
2.485144646894e+00 3.901929200403e+00 -5.000000000000e-03
5.938977558118e+00 5.140797412092e+00 -5.000000000000e-03
2.615496219090e+00 3.479243727830e+00 -5.000000000000e-03
6.077533380792e+00 1.890157432477e+00 -5.000000000000e-03
1.006337770689e+00 3.820385367793e+00 -5.000000000000e-03
2.802832419603e+00 4.319323385720e-01 -5.000000000000e-03
6.790240105712e-01 6.883442633007e-01 -5.000000000000e-03
1.078616544501e+00 2.010461815710e+00 -5.000000000000e-03
3.315127168633e-01 6.368714226340e-01 -5.000000000000e-03
1.586315607479e+00 3.359907565040e+00 -5.000000000000e-03
5.077242280960e-02 3.852762979093e+00 -5.000000000000e-03
2.656067806163e+00 2.918469353652e+00 -5.000000000000e-03
1.770452532645e+00 4.307247600387e+00 -5.000000000000e-03
1.443145289856e+00 2.872775146870e+00 -5.000000000000e-03
2.002758264261e+00 4.151210343833e+00 -5.000000000000e-03
6.214915488230e-01 3.776923049325e+00 -5.000000000000e-03
5.750523138185e-01 2.833207717816e+00 -5.000000000000e-03
3.492873527378e+00 2.156698302594e+00 -5.000000000000e-03
3.094599570012e+00 3.774344166954e+00 -5.000000000000e-03
4.916552667526e+00 4.217853860515e+00 -5.000000000000e-03
5.690763262733e+00 3.673981335673e+00 -5.000000000000e-03
2.458148384838e+00 4.634481521786e+00 -5.000000000000e-03
3.963542300492e+00 6.094517335395e+00 -5.000000000000e-03
2.044821176234e+00 2.593104825220e+00 -5.000000000000e-03
5.920262382922e+00 8.921801579555e-01 -5.000000000000e-03
4.934891740512e+00 2.722487037837e+00 -5.000000000000e-03
5.048524058835e+00 4.127210961658e+00 -5.000000000000e-03
4.985341937623e+00 2.351005654349e+00 -5.000000000000e-03
5.120639893616e+00 3.567220205157e+00 -5.000000000000e-03
2.405479706986e+00 3.637765945308e+00 -5.000000000000e-03
2.926671681822e-02 6.489123470073e-02 -5.000000000000e-03
4.133866773917e+00 4.364850782855e+00 -5.000000000000e-03
2.963333086656e+00 3.932849080066e+00 -5.000000000000e-03
4.575168652715e+00 1.266459590761e+00 -5.000000000000e-03
8.726556987718e-01 3.239742563839e-01 -5.000000000000e-03
2.717601654167e+00 4.714224338641e+00 -5.000000000000e-03
4.035755056510e-01 8.667949768392e-01 -5.000000000000e-03
5.051775216448e-01 2.349251283677e+00 -5.000000000000e-03
2.988484437348e+00 2.798966152363e+00 -5.000000000000e-03
1.505127555391e+00 5.811674362178e+00 -5.000000000000e-03
1.774956789841e+00 4.806668799945e+00 -5.000000000000e-03
1.245424606700e+00 2.540895155753e+00 -5.000000000000e-03
1.651621168584e+00 4.229680284760e+00 -5.000000000000e-03
4.002534579911e+00 5.558711681757e+00 -5.000000000000e-03
2.684722332747e+00 1.522142618606e+00 -5.000000000000e-03
1.070885534960e+00 1.531983305694e-01 -5.000000000000e-03
