4.617381530941e+00 4.512589545915e+00 5.000000000000e-03
5.545214017887e+00 1.116758625628e+00 5.000000000000e-03
5.794546804291e+00 6.156546084118e+00 5.000000000000e-03
2.912689489002e+00 6.229511118253e+00 5.000000000000e-03
4.523328717012e+00 1.592271738452e+00 5.000000000000e-03
2.201218146039e-01 6.221562817927e-01 5.000000000000e-03
6.015891158572e+00 5.765409201628e+00 5.000000000000e-03
2.983763874126e+00 4.329273102999e-02 5.000000000000e-03
7.965473993147e-01 4.313204446846e+00 5.000000000000e-03
3.540930742481e+00 5.568320136105e+00 5.000000000000e-03
5.994937611629e+00 8.342923503226e-02 5.000000000000e-03
1.471435132122e-01 1.175726838265e+00 5.000000000000e-03
6.017598719497e+00 2.145567052449e+00 5.000000000000e-03
6.161336500306e+00 5.369907850066e-01 5.000000000000e-03
3.861300141113e+00 3.508168678907e-01 5.000000000000e-03
2.533114089753e+00 6.137038856277e+00 5.000000000000e-03
5.510560130488e+00 2.849078857382e-01 5.000000000000e-03
5.462740811114e+00 2.368973099315e+00 5.000000000000e-03
4.827944050137e+00 4.973126846304e+00 5.000000000000e-03
3.031650591152e+00 4.748650448055e+00 5.000000000000e-03
4.292932527829e+00 4.250191373076e+00 5.000000000000e-03
6.045064437070e+00 5.535382064607e+00 5.000000000000e-03
4.377394772973e+00 9.478138514997e-01 5.000000000000e-03
2.450503163862e-01 4.300653241826e-01 5.000000000000e-03
6.002951429576e+00 6.280704922587e+00 5.000000000000e-03
2.658949403470e+00 4.409073818900e+00 5.000000000000e-03
2.830711528142e+00 3.182930537925e+00 5.000000000000e-03
6.263491329189e+00 4.782077142833e+00 5.000000000000e-03
3.487138617745e+00 2.548600201973e+00 5.000000000000e-03
5.553131242339e+00 2.034256343016e+00 5.000000000000e-03
1.707376384156e+00 9.404775330010e-01 5.000000000000e-03
4.562020851531e+00 4.205036835810e+00 5.000000000000e-03
1.444354901816e+00 1.253853631049e+00 5.000000000000e-03
3.195030167393e+00 3.053008141958e+00 5.000000000000e-03
3.752924462885e+00 2.061374694945e-01 5.000000000000e-03
1.542805908335e+00 2.120409252833e+00 5.000000000000e-03
4.442067807647e+00 5.499991810294e+00 5.000000000000e-03
4.465571452288e+00 4.909127880902e+00 5.000000000000e-03
5.337554247523e+00 4.139401109857e+00 5.000000000000e-03
4.912035945239e+00 6.410452915912e-01 5.000000000000e-03
3.591844174405e+00 3.662041491850e+00 5.000000000000e-03
4.720734497398e+00 1.818294721948e+00 5.000000000000e-03
6.502697556081e-01 1.816810476301e+00 5.000000000000e-03
2.436165560513e+00 5.599287500009e+00 5.000000000000e-03
2.961914564451e-01 2.386264528486e+00 5.000000000000e-03
5.429538335634e+00 1.694019402260e+00 5.000000000000e-03
2.778638050583e+00 3.656499529476e+00 5.000000000000e-03
5.009572721041e+00 5.005827163599e+00 5.000000000000e-03
4.270061396883e+00 1.939394742841e+00 5.000000000000e-03
4.488084484475e+00 1.983032171731e+00 5.000000000000e-03
3.184042215601e+00 4.037822299566e-01 5.000000000000e-03
5.536194382821e+00 9.703457809417e-01 5.000000000000e-03
4.612028446559e+00 3.364715403760e-01 5.000000000000e-03
1.729411952766e-01 5.629265027762e+00 5.000000000000e-03
5.530015880827e+00 1.890753496627e+00 5.000000000000e-03
7.454476201128e-01 5.872317898174e+00 5.000000000000e-03
1.059677099807e+00 2.350738251831e+00 5.000000000000e-03
5.771116157082e+00 2.597887482198e+00 5.000000000000e-03
3.343672065395e+00 1.995134508647e+00 5.000000000000e-03
5.271037136397e+00 6.394805824911e-01 5.000000000000e-03
4.810227522611e+00 4.713593879030e+00 5.000000000000e-03
4.199347048578e+00 1.138785174219e+00 5.000000000000e-03
5.476579199078e+00 2.487843028720e+00 5.000000000000e-03
5.481252915310e+00 5.646676432035e+00 5.000000000000e-03
4.516985508229e+00 3.304508619938e+00 5.000000000000e-03
1.580483083729e+00 9.935003517084e-01 5.000000000000e-03
3.983011217389e+00 1.018682847031e+00 5.000000000000e-03
5.881104821348e+00 4.850251777069e+00 5.000000000000e-03
4.883866934717e+00 8.413477188533e-01 5.000000000000e-03
6.718381607938e-01 2.413344916171e-01 5.000000000000e-03
6.198957651562e+00 3.542097545582e+00 5.000000000000e-03
3.916161096967e+00 6.135813002521e+00 5.000000000000e-03
3.178434872875e+00 4.897540685697e-01 5.000000000000e-03
4.191464419891e+00 5.128170533020e+00 5.000000000000e-03
3.183197279332e+00 4.804257873034e+00 5.000000000000e-03
4.734142658044e+00 3.733181193087e+00 5.000000000000e-03
2.157811518881e+00 3.431351091291e+00 5.000000000000e-03
4.481496378808e+00 5.121372357507e+00 5.000000000000e-03
3.040149374481e+00 3.374988229281e+00 5.000000000000e-03
2.133670528384e-01 5.552532072798e+00 5.000000000000e-03
5.556544923070e+00 3.933371036740e+00 5.000000000000e-03
3.369541845638e+00 5.790978262953e-01 5.000000000000e-03
5.151245044023e-01 2.277032165588e+00 5.000000000000e-03
2.053111299054e+00 4.009656712745e+00 5.000000000000e-03
1.319530866243e+00 2.904652191622e+00 5.000000000000e-03
6.804632096308e-01 4.003878231767e+00 5.000000000000e-03
1.779650918934e+00 5.964240208999e+00 5.000000000000e-03
1.162064369627e+00 3.896104792817e+00 5.000000000000e-03
6.985357973886e-01 2.220441214376e+00 5.000000000000e-03
4.851645943436e+00 5.283547876170e+00 5.000000000000e-03
3.029713640627e+00 5.224703480414e+00 5.000000000000e-03
4.601146600935e+00 6.408078282787e-01 5.000000000000e-03
5.596691581843e-01 2.173785572797e+00 5.000000000000e-03
1.338789944815e+00 5.437467304151e+00 5.000000000000e-03
5.773658715639e+00 5.618462230355e+00 5.000000000000e-03
1.393985101813e+00 1.738756789852e+00 5.000000000000e-03
4.715423690449e+00 5.243275099401e+00 5.000000000000e-03
3.227477622470e+00 3.655248126279e+00 5.000000000000e-03
2.036800126481e+00 3.216000288959e+00 5.000000000000e-03
2.221207618021e+00 4.500093748491e+00 5.000000000000e-03
3.224023140004e+00 7.294133251523e-01 -5.000000000000e-03
4.333533833407e+00 4.126948121467e+00 -5.000000000000e-03
4.296811369328e-02 6.052113560558e+00 -5.000000000000e-03
4.032507105561e+00 3.208817888257e+00 -5.000000000000e-03
2.489175372937e+00 3.141440492323e+00 -5.000000000000e-03
4.197755938462e+00 5.018792747534e+00 -5.000000000000e-03
2.113538979132e+00 4.777655108557e+00 -5.000000000000e-03
2.058963135126e+00 2.723313785069e+00 -5.000000000000e-03
8.833232748424e-01 2.057451403174e+00 -5.000000000000e-03
3.611394603874e+00 4.077727948637e+00 -5.000000000000e-03
2.359900144632e+00 3.717484415619e+00 -5.000000000000e-03
3.752480519719e+00 5.309651343432e+00 -5.000000000000e-03
1.712350105461e+00 1.714389065057e+00 -5.000000000000e-03
5.164489591881e+00 6.206152415322e+00 -5.000000000000e-03
1.620030876271e+00 3.533498119541e+00 -5.000000000000e-03
3.633426253329e+00 1.416306587710e-01 -5.000000000000e-03
3.898665292003e+00 3.357216037905e+00 -5.000000000000e-03
4.523457711949e-01 4.262827300479e+00 -5.000000000000e-03
4.373502588157e+00 4.627002714821e+00 -5.000000000000e-03
5.088098349129e-01 5.322564563395e+00 -5.000000000000e-03
3.958066335791e-01 5.328016482790e+00 -5.000000000000e-03
5.601154327118e+00 3.458552542775e+00 -5.000000000000e-03
6.865481286784e-01 4.193293159531e+00 -5.000000000000e-03
2.393681952968e+00 4.912169115348e+00 -5.000000000000e-03
4.637125203061e+00 3.607735184093e+00 -5.000000000000e-03
5.034249144809e+00 4.318506008502e+00 -5.000000000000e-03
2.541669788481e+00 3.544996623670e+00 -5.000000000000e-03
3.079719396243e+00 1.224154026755e+00 -5.000000000000e-03
4.537256783321e+00 5.902248948783e+00 -5.000000000000e-03
5.888640804510e+00 4.402773022404e-01 -5.000000000000e-03
1.838525702632e+00 2.683378531186e+00 -5.000000000000e-03
2.249924786859e-01 1.813561492733e+00 -5.000000000000e-03
2.569683680743e+00 6.048330776121e+00 -5.000000000000e-03
5.901212842612e-01 2.885745775976e+00 -5.000000000000e-03
2.617460028516e+00 2.576417539349e+00 -5.000000000000e-03
5.144684425880e+00 2.243330343905e+00 -5.000000000000e-03
2.029338056950e+00 2.383883765295e+00 -5.000000000000e-03
3.477815933736e+00 4.532803946376e+00 -5.000000000000e-03
6.795438508883e-01 5.552051960229e-02 -5.000000000000e-03
5.845522082046e+00 4.673293039391e+00 -5.000000000000e-03
3.783297710086e+00 1.219815576826e+00 -5.000000000000e-03
3.851194431153e+00 3.024388275466e+00 -5.000000000000e-03
4.818272386074e+00 3.684368076339e+00 -5.000000000000e-03
3.806434853638e-01 6.187209587310e+00 -5.000000000000e-03
4.292974719442e+00 5.524702579080e-01 -5.000000000000e-03
3.107036234238e-01 1.936694321334e+00 -5.000000000000e-03
5.892676110981e+00 3.277781414870e-01 -5.000000000000e-03
1.128706679727e+00 1.856477893236e+00 -5.000000000000e-03
5.664865390552e+00 3.425878161914e+00 -5.000000000000e-03
3.982726028594e+00 1.159597088916e+00 -5.000000000000e-03
5.147808945011e+00 3.240311345727e-01 -5.000000000000e-03
2.118354176611e-01 5.193442561210e+00 -5.000000000000e-03
4.004269285472e+00 1.074289727587e+00 -5.000000000000e-03
1.526981549653e+00 1.447075928995e+00 -5.000000000000e-03
4.182618531724e+00 4.658633971379e+00 -5.000000000000e-03
2.311253984792e+00 2.503706423953e-01 -5.000000000000e-03
2.059186832814e+00 6.106470313962e+00 -5.000000000000e-03
4.395685297883e+00 5.095186088431e+00 -5.000000000000e-03
4.527219411992e+00 5.828619581990e+00 -5.000000000000e-03
9.197710113956e-01 2.603485118653e+00 -5.000000000000e-03
6.123634744224e+00 1.892576522121e+00 -5.000000000000e-03
4.345092529391e+00 5.539287725691e+00 -5.000000000000e-03
4.010363986067e+00 2.516449860918e+00 -5.000000000000e-03
3.007593616551e-01 1.297722752720e+00 -5.000000000000e-03
3.323723796248e+00 2.361704672158e-01 -5.000000000000e-03
3.478398619664e+00 3.377151298410e+00 -5.000000000000e-03
2.484459974345e+00 5.802336521556e+00 -5.000000000000e-03
9.932493717597e-01 5.587308112603e-01 -5.000000000000e-03
2.618833978766e+00 5.370799151063e+00 -5.000000000000e-03
4.554213085747e+00 1.075157798941e+00 -5.000000000000e-03
2.784670247962e+00 4.662412569880e+00 -5.000000000000e-03
3.451407081770e+00 4.477552674734e+00 -5.000000000000e-03
4.440146448070e+00 2.817119692568e+00 -5.000000000000e-03
3.728655048511e+00 3.486442547884e+00 -5.000000000000e-03
3.329866277284e+00 2.332247094610e+00 -5.000000000000e-03
2.633758854701e+00 2.474101192952e+00 -5.000000000000e-03
2.141002156961e+00 2.655782241772e+00 -5.000000000000e-03
1.520880651733e+00 5.558272407149e+00 -5.000000000000e-03
6.210315359235e+00 2.829233238038e+00 -5.000000000000e-03
3.851049897499e+00 1.068485520112e+00 -5.000000000000e-03
5.833792205784e+00 5.334711451348e+00 -5.000000000000e-03
5.934376729692e+00 1.085875320349e+00 -5.000000000000e-03
1.227520783948e+00 4.268567165538e+00 -5.000000000000e-03
5.888825210473e+00 1.018112189205e+00 -5.000000000000e-03
3.514296207822e+00 1.531468159352e+00 -5.000000000000e-03
3.172371069592e+00 3.585277337918e+00 -5.000000000000e-03
4.195684910161e+00 1.064325685967e+00 -5.000000000000e-03
1.037857902447e+00 2.747294761281e+00 -5.000000000000e-03
4.324454125262e-01 2.760797173955e+00 -5.000000000000e-03
2.775104399869e+00 1.984042524623e+00 -5.000000000000e-03
1.949989146133e+00 5.572851929116e+00 -5.000000000000e-03
3.815190809977e+00 2.262790053601e+00 -5.000000000000e-03
1.151266373530e+00 5.849231266583e+00 -5.000000000000e-03
1.666215533936e+00 3.695598819202e+00 -5.000000000000e-03
2.472112393953e+00 4.109364353061e+00 -5.000000000000e-03
4.978666785534e+00 5.540229154491e+00 -5.000000000000e-03
3.118947165990e+00 2.546658296709e+00 -5.000000000000e-03
2.382478474429e-01 4.655933803959e+00 -5.000000000000e-03
5.247274210411e+00 2.627708648570e+00 -5.000000000000e-03
5.403202246370e+00 5.035869736990e+00 -5.000000000000e-03
