2.813652330241e+00 4.099922916985e+00 5.000000000000e-03
4.297070546049e+00 5.499958682502e+00 5.000000000000e-03
2.236418030695e+00 7.640039139041e-02 5.000000000000e-03
7.173616301603e-01 2.862119732335e+00 5.000000000000e-03
3.718479424834e+00 4.277381195968e+00 5.000000000000e-03
5.873515960007e+00 1.609304480465e+00 5.000000000000e-03
1.790119725142e+00 4.990025600918e+00 5.000000000000e-03
1.674398840218e+00 2.027496327325e+00 5.000000000000e-03
3.752526755497e+00 3.356688079142e+00 5.000000000000e-03
4.489307839047e+00 5.164086430160e-01 5.000000000000e-03
4.604212210755e+00 2.389749101846e+00 5.000000000000e-03
1.983609862578e+00 4.584611883197e+00 5.000000000000e-03
8.562568796873e-01 1.927114957612e+00 5.000000000000e-03
3.333388965379e+00 2.958881439898e+00 5.000000000000e-03
5.849624925539e+00 5.039870162533e+00 5.000000000000e-03
2.108605302270e+00 3.772986424470e+00 5.000000000000e-03
1.561903752959e+00 4.338442276863e+00 5.000000000000e-03
1.641023490797e+00 2.426634351154e+00 5.000000000000e-03
2.121782974844e-01 1.717227019561e+00 5.000000000000e-03
1.447818620296e+00 6.256482136056e+00 5.000000000000e-03
4.872357492323e+00 6.008778571482e+00 5.000000000000e-03
1.000334306551e+00 5.495001192601e+00 5.000000000000e-03
1.505344599276e+00 3.224220311346e+00 5.000000000000e-03
2.703389407213e+00 4.644772265299e+00 5.000000000000e-03
2.647008493460e+00 2.432472617817e+00 5.000000000000e-03
4.418630731926e+00 4.563613346407e+00 5.000000000000e-03
8.954837796142e-01 5.178556045072e+00 5.000000000000e-03
5.895082191948e+00 3.837844661911e+00 5.000000000000e-03
6.064956095510e+00 1.747389492253e+00 5.000000000000e-03
4.357558593861e+00 1.313947415247e+00 5.000000000000e-03
1.542527112142e+00 5.025381600606e+00 5.000000000000e-03
5.214577443725e+00 1.851380072838e+00 5.000000000000e-03
1.924734397048e+00 3.941278965827e+00 5.000000000000e-03
3.951452024057e+00 4.580265897679e+00 5.000000000000e-03
2.070305336405e+00 1.572605891265e+00 5.000000000000e-03
5.540890258721e+00 1.877616126513e+00 5.000000000000e-03
3.633139510985e+00 2.063045323872e+00 5.000000000000e-03
4.568350109139e+00 3.093939766476e+00 5.000000000000e-03
1.428311884529e+00 5.942980936059e+00 5.000000000000e-03
2.595734283947e+00 5.472673909239e+00 5.000000000000e-03
3.502613622809e+00 4.161017411114e-01 5.000000000000e-03
1.320183518808e+00 4.384235653079e+00 5.000000000000e-03
7.745946929564e-01 5.962593004657e+00 5.000000000000e-03
3.968279887310e+00 1.622517586857e+00 5.000000000000e-03
5.854039714744e+00 2.492251286671e-01 5.000000000000e-03
3.435261528932e+00 4.196576103865e+00 5.000000000000e-03
2.158239829271e+00 4.785628670889e+00 5.000000000000e-03
1.777286168724e+00 5.870751060596e+00 5.000000000000e-03
5.135678538631e+00 4.344754894961e+00 5.000000000000e-03
3.677242371786e+00 4.992860794412e+00 5.000000000000e-03
3.420381869447e+00 3.186128998272e+00 5.000000000000e-03
1.716123203426e-01 1.834913623193e+00 5.000000000000e-03
4.929953144155e+00 5.646610242081e+00 5.000000000000e-03
1.623528344317e+00 5.179165259822e-01 5.000000000000e-03
2.640236023662e+00 1.492291876747e+00 5.000000000000e-03
1.363614830242e+00 5.119402903298e-01 5.000000000000e-03
4.651970224120e-01 1.521327174715e+00 5.000000000000e-03
3.461112972466e+00 2.767883629770e+00 5.000000000000e-03
3.258750795597e+00 2.054214264350e+00 5.000000000000e-03
1.879070224553e+00 4.858599554729e+00 5.000000000000e-03
5.806578580970e+00 5.919923263248e-01 5.000000000000e-03
5.670067181695e+00 3.225215609460e+00 5.000000000000e-03
2.505275764578e-01 3.180302369557e+00 5.000000000000e-03
4.517130248122e+00 1.591825718345e+00 5.000000000000e-03
3.465172474517e+00 6.522950880209e-01 5.000000000000e-03
7.100156862815e-01 5.197621920960e+00 5.000000000000e-03
2.727002748248e+00 3.933087994445e+00 5.000000000000e-03
7.099790303793e-01 3.782535991182e+00 5.000000000000e-03
2.211145759186e+00 3.949341877651e+00 5.000000000000e-03
1.124408581284e+00 3.534749471602e+00 5.000000000000e-03
1.605630249362e+00 1.456770534400e+00 5.000000000000e-03
5.498856663470e+00 5.701726529404e+00 5.000000000000e-03
6.583208517525e-01 2.932255285099e+00 5.000000000000e-03
3.729984534084e+00 7.579386913177e-01 5.000000000000e-03
3.753574542510e+00 1.273416324561e+00 5.000000000000e-03
3.425756256583e+00 2.809472604864e+00 5.000000000000e-03
5.035081246577e+00 3.108666605034e+00 5.000000000000e-03
1.121945397698e+00 1.418635465441e+00 5.000000000000e-03
1.568129003039e+00 6.128771374739e+00 5.000000000000e-03
1.959816281273e+00 3.906976732375e+00 5.000000000000e-03
6.045436443446e+00 5.910153173045e+00 5.000000000000e-03
7.919151872665e-01 5.526741307362e+00 5.000000000000e-03
4.512499468184e+00 2.919441559293e+00 5.000000000000e-03
3.166916022618e+00 1.369240276568e+00 5.000000000000e-03
2.369214904509e+00 7.430319745705e-01 5.000000000000e-03
1.523305235163e+00 2.738492600343e+00 5.000000000000e-03
4.853107921169e+00 4.197488073408e+00 5.000000000000e-03
1.110617319670e+00 4.710631667555e-01 5.000000000000e-03
2.549174868424e+00 4.024103870718e+00 5.000000000000e-03
1.010383831498e+00 3.181793847733e+00 5.000000000000e-03
1.380300676776e+00 2.557383646852e+00 5.000000000000e-03
2.895086388734e+00 4.836353915246e+00 5.000000000000e-03
6.342800888093e-01 2.553728314769e+00 5.000000000000e-03
8.480760940534e-01 5.030358166611e+00 5.000000000000e-03
2.298293971075e+00 4.719697595821e+00 5.000000000000e-03
2.244367048894e+00 3.405769207932e+00 5.000000000000e-03
5.499725053979e+00 1.258067948983e+00 5.000000000000e-03
5.340285410587e+00 5.414389412708e+00 5.000000000000e-03
3.958175676691e+00 1.248394959007e+00 5.000000000000e-03
5.549227592187e+00 3.548500997566e+00 5.000000000000e-03
2.769550626488e+00 5.251456033547e+00 -5.000000000000e-03
4.280088440562e+00 3.389375700352e+00 -5.000000000000e-03
6.226210907127e+00 5.565847547573e+00 -5.000000000000e-03
4.183082996543e-01 1.162090620049e+00 -5.000000000000e-03
6.082896703004e+00 4.329628695054e+00 -5.000000000000e-03
1.461606157882e+00 3.934234874430e+00 -5.000000000000e-03
1.112326401050e-01 7.559177242046e-01 -5.000000000000e-03
5.834685535063e+00 6.775362765885e-01 -5.000000000000e-03
1.862787165148e+00 1.979417287711e+00 -5.000000000000e-03
3.315512434288e+00 1.093557633760e+00 -5.000000000000e-03
5.939772635218e+00 5.343113146040e-01 -5.000000000000e-03
2.773993828886e+00 6.084286305633e+00 -5.000000000000e-03
5.614646017227e+00 4.520423715834e+00 -5.000000000000e-03
4.344831089026e+00 2.341034936135e+00 -5.000000000000e-03
2.751442876696e+00 1.048667179207e+00 -5.000000000000e-03
1.697459379007e+00 3.918551635910e+00 -5.000000000000e-03
3.342121776090e+00 4.184270144669e+00 -5.000000000000e-03
2.994421622014e+00 3.466948426947e+00 -5.000000000000e-03
1.032073066526e+00 4.088184087280e+00 -5.000000000000e-03
2.644839566499e+00 1.456252034294e+00 -5.000000000000e-03
5.473748044765e-01 5.009162612871e+00 -5.000000000000e-03
3.735864290485e+00 2.270117281159e+00 -5.000000000000e-03
5.712170296884e+00 5.475416597881e+00 -5.000000000000e-03
3.258339338190e+00 4.732005918961e+00 -5.000000000000e-03
5.031122693999e+00 1.656331986862e+00 -5.000000000000e-03
4.042690279006e+00 5.100705650033e+00 -5.000000000000e-03
1.325857825928e+00 5.508571983425e+00 -5.000000000000e-03
3.514080031744e+00 5.395333937660e+00 -5.000000000000e-03
1.354885642313e+00 5.518354264088e+00 -5.000000000000e-03
4.924271836566e+00 2.456874314462e+00 -5.000000000000e-03
2.103090089896e+00 8.299223204704e-01 -5.000000000000e-03
2.410828690714e+00 4.741458947956e+00 -5.000000000000e-03
1.656049566382e+00 2.486301336336e+00 -5.000000000000e-03
1.132534006665e+00 4.560804121867e+00 -5.000000000000e-03
8.296437781518e-01 1.521841342085e+00 -5.000000000000e-03
4.968618760695e+00 3.161502111752e-01 -5.000000000000e-03
5.449194936051e+00 9.211511497466e-01 -5.000000000000e-03
4.952410658703e+00 3.572447963570e+00 -5.000000000000e-03
3.570259892878e+00 5.962390260154e+00 -5.000000000000e-03
4.340813030005e+00 6.140709126352e+00 -5.000000000000e-03
2.011073163722e+00 3.121249540432e+00 -5.000000000000e-03
3.351627914858e-01 2.801930262027e+00 -5.000000000000e-03
3.587743707797e+00 6.449149563355e-01 -5.000000000000e-03
4.491558709062e+00 3.648790605192e+00 -5.000000000000e-03
5.286117511449e+00 3.558323087032e+00 -5.000000000000e-03
3.794185293379e-01 5.776145830008e+00 -5.000000000000e-03
2.225763654778e-01 3.781693653916e+00 -5.000000000000e-03
1.050022737591e-01 5.842899867848e+00 -5.000000000000e-03
4.397893117737e+00 4.183010345136e+00 -5.000000000000e-03
5.825212755968e+00 3.692998771762e+00 -5.000000000000e-03
1.671872225785e+00 6.971928004735e-01 -5.000000000000e-03
3.025878750970e+00 3.184656463640e+00 -5.000000000000e-03
1.675988826317e+00 4.890294499709e+00 -5.000000000000e-03
1.588243981793e-01 1.898047249781e+00 -5.000000000000e-03
3.919305620292e+00 4.067056334562e+00 -5.000000000000e-03
4.723729244365e-01 3.492582471864e+00 -5.000000000000e-03
3.396425555565e+00 3.396131964101e+00 -5.000000000000e-03
5.336328237302e+00 1.682590033302e+00 -5.000000000000e-03
5.318650104425e-01 1.950632583432e+00 -5.000000000000e-03
5.369860691680e+00 4.218592328139e+00 -5.000000000000e-03
3.781129289530e+00 4.625200724611e+00 -5.000000000000e-03
6.241395527874e+00 3.921156137705e+00 -5.000000000000e-03
4.968177818548e+00 5.518918594625e-01 -5.000000000000e-03
3.741611690389e+00 2.941644923714e+00 -5.000000000000e-03
4.180744158624e+00 3.343016066171e+00 -5.000000000000e-03
4.198131885554e+00 2.664802518022e+00 -5.000000000000e-03
3.240613021149e+00 3.163388028508e+00 -5.000000000000e-03
3.472305265351e+00 3.759718158552e+00 -5.000000000000e-03
4.442977262387e+00 1.156964219164e+00 -5.000000000000e-03
7.100491217020e-01 4.229038371880e+00 -5.000000000000e-03
6.087021654257e+00 4.969005099458e+00 -5.000000000000e-03
2.904721828160e+00 3.247225111088e+00 -5.000000000000e-03
4.517804338510e+00 6.227238518701e+00 -5.000000000000e-03
3.366490427458e+00 3.805968816230e+00 -5.000000000000e-03
2.530063508088e+00 6.057523319328e+00 -5.000000000000e-03
2.639517370819e+00 8.246573092915e-01 -5.000000000000e-03
1.207244251926e+00 4.447091608727e+00 -5.000000000000e-03
6.249407028710e+00 3.052909557623e+00 -5.000000000000e-03
4.722130234898e+00 1.124637434290e+00 -5.000000000000e-03
1.798596639210e+00 5.680479071385e+00 -5.000000000000e-03
3.841230598996e+00 4.850756031093e+00 -5.000000000000e-03
4.757072173286e+00 5.166959610571e+00 -5.000000000000e-03
2.087099712206e+00 4.362176074335e+00 -5.000000000000e-03
5.178588011003e+00 1.525365917274e+00 -5.000000000000e-03
2.218321312587e+00 5.726530596601e+00 -5.000000000000e-03
4.942169302300e+00 6.223742429015e+00 -5.000000000000e-03
5.903157933362e+00 3.541440392119e+00 -5.000000000000e-03
4.371057760744e+00 3.447625937557e+00 -5.000000000000e-03
4.262080207765e+00 4.029748370249e+00 -5.000000000000e-03
3.516819061964e+00 1.112846294323e+00 -5.000000000000e-03
3.356746946844e+00 2.152015424949e+00 -5.000000000000e-03
5.077874066303e+00 2.989525178705e-01 -5.000000000000e-03
3.506459932727e+00 3.506901199576e-01 -5.000000000000e-03
3.250476767545e+00 2.958548662240e+00 -5.000000000000e-03
4.862716576115e+00 5.505165687518e-01 -5.000000000000e-03
2.534440116938e+00 1.571818921809e+00 -5.000000000000e-03
2.608647312827e+00 6.894139282583e-01 -5.000000000000e-03
6.154826084538e+00 6.223564691671e+00 -5.000000000000e-03
1.075701064020e+00 1.086926764567e+00 -5.000000000000e-03
1.506692740051e+00 4.946317607336e+00 -5.000000000000e-03
