4.040174743199e+00 1.718842046829e+00 5.000000000000e-03
5.152874429027e+00 4.217609019506e-01 5.000000000000e-03
2.334614467851e+00 4.000902543529e+00 5.000000000000e-03
2.821566999115e+00 1.002373118532e+00 5.000000000000e-03
4.841534362827e+00 3.673467641918e-01 5.000000000000e-03
3.498073678549e+00 5.850801254116e+00 5.000000000000e-03
5.530670027251e+00 4.217955775077e+00 5.000000000000e-03
5.067695474645e+00 4.800632054508e+00 5.000000000000e-03
4.088865179541e+00 4.295747165057e+00 5.000000000000e-03
3.607810702525e+00 4.599617282585e+00 5.000000000000e-03
2.930792837529e+00 3.259734936023e+00 5.000000000000e-03
5.016466038244e+00 5.082632206264e+00 5.000000000000e-03
5.647824853955e+00 1.957687486220e-01 5.000000000000e-03
1.014605740812e+00 2.595736086937e+00 5.000000000000e-03
3.632597281893e+00 2.594000692442e+00 5.000000000000e-03
2.978852934742e-01 5.314222006296e+00 5.000000000000e-03
1.438939635488e+00 4.305601479365e+00 5.000000000000e-03
3.252983400189e+00 2.787941008716e+00 5.000000000000e-03
5.070680262375e+00 1.194401786360e+00 5.000000000000e-03
4.397034431953e+00 3.874210588340e+00 5.000000000000e-03
2.899793353027e+00 3.188340605367e+00 5.000000000000e-03
2.795796915313e+00 1.379917048972e+00 5.000000000000e-03
5.720184195227e+00 5.346035093423e+00 5.000000000000e-03
2.637277067554e+00 2.460320544668e+00 5.000000000000e-03
3.077441240845e+00 4.871444340310e+00 5.000000000000e-03
4.792439208711e+00 2.666420479226e+00 5.000000000000e-03
2.873998883164e+00 2.641443861900e+00 5.000000000000e-03
2.623314608232e+00 2.030518833631e+00 5.000000000000e-03
1.233755237744e+00 2.596636951052e+00 5.000000000000e-03
6.157703324865e-01 4.196699583675e+00 5.000000000000e-03
2.509271369866e+00 5.194361873459e+00 5.000000000000e-03
1.914111512778e+00 2.967199385632e+00 5.000000000000e-03
5.600473441664e+00 3.122989317383e+00 5.000000000000e-03
9.708013886642e-01 4.417513041788e+00 5.000000000000e-03
2.238127117863e+00 2.954543051821e+00 5.000000000000e-03
3.169304562613e+00 6.458132336070e-01 5.000000000000e-03
2.988821114983e+00 3.173470185511e+00 5.000000000000e-03
5.248513901922e+00 2.342836953261e-01 5.000000000000e-03
7.428352614418e-01 5.506244960718e+00 5.000000000000e-03
4.173124659860e+00 6.151894616563e-01 5.000000000000e-03
1.538301639221e+00 3.978893221299e+00 5.000000000000e-03
9.160049305296e-01 4.830161358913e+00 5.000000000000e-03
5.012277480986e+00 3.566418294335e+00 5.000000000000e-03
7.423691637226e-01 1.911194435981e+00 5.000000000000e-03
2.554731736077e+00 3.016829336670e+00 5.000000000000e-03
5.593711895412e+00 5.452164116536e+00 5.000000000000e-03
4.607777067736e+00 3.364226588933e+00 5.000000000000e-03
2.495285854503e+00 3.287604360809e+00 5.000000000000e-03
4.171760502709e-01 3.181723222416e+00 5.000000000000e-03
3.955453078514e+00 3.674855939278e+00 5.000000000000e-03
3.466151494351e+00 2.701599707669e+00 5.000000000000e-03
6.085718160998e+00 3.243692389715e+00 5.000000000000e-03
7.491256799861e-01 3.425317862020e+00 5.000000000000e-03
5.805347196305e+00 3.954455417350e+00 5.000000000000e-03
4.949681440018e+00 5.496717982749e+00 5.000000000000e-03
6.551086199628e-01 1.342205124326e+00 5.000000000000e-03
3.999833101499e+00 5.370368281802e+00 5.000000000000e-03
2.699819457145e+00 2.920219648335e+00 5.000000000000e-03
3.701621627729e+00 3.375741012484e+00 5.000000000000e-03
3.591024252518e+00 5.442067699872e+00 5.000000000000e-03
5.867075503196e+00 2.490799465403e+00 5.000000000000e-03
5.926987353942e+00 2.493695787767e+00 5.000000000000e-03
3.686342335576e+00 5.089697503056e+00 5.000000000000e-03
3.691620675041e+00 6.239672712593e+00 5.000000000000e-03
4.946856507047e-01 2.686617844339e+00 5.000000000000e-03
3.525628887225e-02 4.892554734784e+00 5.000000000000e-03
1.331409277399e-01 5.420085292952e+00 5.000000000000e-03
3.253328735932e+00 2.013860196456e+00 5.000000000000e-03
3.154270635356e-01 4.173901244643e+00 5.000000000000e-03
9.082008249202e-01 8.821744491328e-01 5.000000000000e-03
3.847885291111e+00 3.445730503927e+00 5.000000000000e-03
1.608739768192e+00 2.575986168805e+00 5.000000000000e-03
1.527567176322e-01 5.219037509848e+00 5.000000000000e-03
5.197717913409e+00 2.082122495389e+00 5.000000000000e-03
5.485982380176e+00 1.705875277754e+00 5.000000000000e-03
2.973837267561e+00 4.808634414114e+00 5.000000000000e-03
6.235827574822e+00 4.482680370005e-01 5.000000000000e-03
3.142116214310e+00 2.630391796418e+00 5.000000000000e-03
3.278789046594e+00 4.051438439194e+00 5.000000000000e-03
3.373683945028e+00 2.822712296162e+00 5.000000000000e-03
5.729074744675e+00 1.772965915609e+00 5.000000000000e-03
4.908626248806e+00 1.624855827080e+00 5.000000000000e-03
2.801061384997e+00 2.602928589205e+00 5.000000000000e-03
5.598384695451e+00 7.387884791696e-01 5.000000000000e-03
4.066415649614e+00 3.787150412300e+00 5.000000000000e-03
2.819807850460e+00 4.049193272059e+00 5.000000000000e-03
5.290507677512e-01 8.155246296703e-01 5.000000000000e-03
3.329882075501e-01 1.115331269007e+00 5.000000000000e-03
4.040302933745e+00 1.269045693661e+00 5.000000000000e-03
2.383464636098e+00 3.908062802469e+00 5.000000000000e-03
1.470921517722e+00 3.514735766666e+00 5.000000000000e-03
3.000616497228e+00 2.743027462229e+00 5.000000000000e-03
2.609015008893e+00 3.735076676299e+00 5.000000000000e-03
6.002336151482e+00 2.694912568984e+00 5.000000000000e-03
1.846724131476e+00 5.941654890692e+00 5.000000000000e-03
4.738414313083e+00 4.561978248654e+00 5.000000000000e-03
2.625052776606e+00 2.107030814782e+00 5.000000000000e-03
5.567089317399e-01 1.781743545946e+00 5.000000000000e-03
2.763195658650e+00 3.156826694446e+00 5.000000000000e-03
1.658625748666e+00 2.260414967466e+00 5.000000000000e-03
3.677157961553e+00 3.263995797306e+00 -5.000000000000e-03
3.606005272438e+00 6.033450301803e+00 -5.000000000000e-03
2.451486476390e-01 1.019226677600e+00 -5.000000000000e-03
4.948829641926e+00 5.565570126833e+00 -5.000000000000e-03
2.157076110799e+00 3.353151414393e+00 -5.000000000000e-03
4.538029889492e+00 3.748078428409e+00 -5.000000000000e-03
2.603323127430e+00 4.158095038941e+00 -5.000000000000e-03
4.706816873830e+00 3.145111723075e+00 -5.000000000000e-03
2.416420621864e+00 5.058601302564e+00 -5.000000000000e-03
5.210534118661e+00 1.001330994430e+00 -5.000000000000e-03
4.738252724691e+00 5.419084317750e+00 -5.000000000000e-03
3.373277132412e+00 4.954050312934e+00 -5.000000000000e-03
2.793366676674e+00 5.026649181083e+00 -5.000000000000e-03
5.497208269669e+00 1.875559288876e+00 -5.000000000000e-03
5.267599772433e+00 3.879964174761e+00 -5.000000000000e-03
2.103191795248e+00 2.013916633504e+00 -5.000000000000e-03
2.037088880732e+00 3.266956992301e+00 -5.000000000000e-03
4.372690033740e-01 1.066618183185e+00 -5.000000000000e-03
5.231151762364e+00 3.499243814139e+00 -5.000000000000e-03
3.467428112671e+00 8.252665234752e-01 -5.000000000000e-03
2.166927862011e+00 5.138781503994e+00 -5.000000000000e-03
4.616159127923e+00 2.515997193554e+00 -5.000000000000e-03
7.583534798610e-01 3.839816336053e+00 -5.000000000000e-03
5.569309128258e+00 3.124328111832e+00 -5.000000000000e-03
3.215215846587e+00 3.764345547867e+00 -5.000000000000e-03
8.115280717550e-01 5.952813568421e+00 -5.000000000000e-03
3.582509738548e+00 2.120984531461e+00 -5.000000000000e-03
7.902696048497e-01 2.719655569490e+00 -5.000000000000e-03
4.377154441873e+00 2.945964760507e+00 -5.000000000000e-03
1.666115930262e+00 5.223213410768e+00 -5.000000000000e-03
2.949106411192e+00 4.275249076361e+00 -5.000000000000e-03
8.682829059799e-01 5.444701018551e+00 -5.000000000000e-03
2.071738714698e+00 3.436090116372e+00 -5.000000000000e-03
4.590166468476e-01 2.294180889307e+00 -5.000000000000e-03
4.422983578408e+00 2.826090885316e+00 -5.000000000000e-03
3.423284419971e+00 2.782947720272e+00 -5.000000000000e-03
1.781509739941e+00 4.952121639594e+00 -5.000000000000e-03
2.127824839757e+00 1.383993780670e+00 -5.000000000000e-03
1.896149003185e+00 3.250726175756e+00 -5.000000000000e-03
4.160465174123e+00 3.888508894537e+00 -5.000000000000e-03
2.184195624379e+00 5.093276116368e+00 -5.000000000000e-03
3.938406858860e+00 1.870399367887e+00 -5.000000000000e-03
4.603951282864e+00 1.357035655186e+00 -5.000000000000e-03
3.332860040905e-02 4.167439216525e+00 -5.000000000000e-03
4.225703735772e+00 4.355428004793e+00 -5.000000000000e-03
3.964163228776e+00 3.752875689673e+00 -5.000000000000e-03
5.241799526004e+00 2.838823160894e+00 -5.000000000000e-03
4.195421025979e+00 4.899884113513e+00 -5.000000000000e-03
3.130130524136e+00 2.631900616722e+00 -5.000000000000e-03
5.096346511611e+00 3.651214648092e+00 -5.000000000000e-03
3.130760545902e-01 1.576547469241e+00 -5.000000000000e-03
4.895276701411e+00 4.681150773234e+00 -5.000000000000e-03
1.923847116672e-01 3.493410848623e-01 -5.000000000000e-03
1.317598983848e+00 6.143468844673e+00 -5.000000000000e-03
1.348149150638e+00 1.219965272848e+00 -5.000000000000e-03
2.174436478151e-01 7.456292604587e-01 -5.000000000000e-03
2.871196323435e+00 5.332278619490e-01 -5.000000000000e-03
3.248681509242e+00 1.329783898119e+00 -5.000000000000e-03
5.263833557579e+00 5.124517961075e+00 -5.000000000000e-03
1.265425937483e-01 8.593921728526e-01 -5.000000000000e-03
3.024176170774e+00 5.287833238252e+00 -5.000000000000e-03
5.868379425501e+00 1.424179408711e+00 -5.000000000000e-03
3.882316771876e+00 3.962771216178e+00 -5.000000000000e-03
2.123532634565e+00 3.585927590121e+00 -5.000000000000e-03
3.352292026602e+00 1.983447981750e+00 -5.000000000000e-03
5.064334854161e+00 4.666652905567e+00 -5.000000000000e-03
4.739852801643e+00 5.348883238796e+00 -5.000000000000e-03
4.495394826435e+00 9.946137357914e-01 -5.000000000000e-03
4.517986996960e+00 3.262591505121e+00 -5.000000000000e-03
4.009570891794e-01 1.866759237536e+00 -5.000000000000e-03
2.159559031520e+00 1.169443503635e+00 -5.000000000000e-03
2.958966373010e+00 5.556637093233e+00 -5.000000000000e-03
1.503827209893e-01 5.235129830432e+00 -5.000000000000e-03
4.964682912192e-01 1.504234746180e+00 -5.000000000000e-03
2.443312230395e+00 1.958651803715e-01 -5.000000000000e-03
4.711135766466e+00 2.581756529919e-01 -5.000000000000e-03
2.022008536275e+00 2.430538072197e-01 -5.000000000000e-03
5.124115237645e+00 3.079181763637e+00 -5.000000000000e-03
5.104774788578e+00 2.235988250081e+00 -5.000000000000e-03
4.385001183772e+00 6.164466663640e-02 -5.000000000000e-03
1.968419462142e-01 4.900308766228e+00 -5.000000000000e-03
3.107076240266e+00 2.684627883632e+00 -5.000000000000e-03
6.437815405135e-01 3.167411996413e+00 -5.000000000000e-03
4.729543344688e+00 8.117874737712e-01 -5.000000000000e-03
1.464334814308e-01 4.540621028516e+00 -5.000000000000e-03
3.857189977271e+00 3.896785962505e+00 -5.000000000000e-03
3.825318438811e+00 3.032964123269e+00 -5.000000000000e-03
3.905766928197e+00 9.452545209321e-02 -5.000000000000e-03
1.376945043070e+00 4.779342602823e+00 -5.000000000000e-03
4.967042578582e+00 8.202206945012e-01 -5.000000000000e-03
2.701474147481e+00 1.649452867829e+00 -5.000000000000e-03
6.246674087399e+00 3.865676313099e+00 -5.000000000000e-03
5.974402971479e+00 3.210143318675e+00 -5.000000000000e-03
3.758406165475e+00 2.784576591105e+00 -5.000000000000e-03
4.484918939015e+00 1.405314222302e+00 -5.000000000000e-03
3.711098069811e+00 3.345261008262e+00 -5.000000000000e-03
5.946534423966e+00 5.116901982868e+00 -5.000000000000e-03
4.629589126706e+00 2.595496706539e+00 -5.000000000000e-03
2.144023819311e+00 5.552614063463e+00 -5.000000000000e-03
3.431878510510e+00 3.098380622602e+00 -5.000000000000e-03
