2.742968188766e+00 5.218870680014e+00 5.000000000000e-03
2.266389850034e+00 5.403625550820e+00 5.000000000000e-03
2.686970241194e+00 4.813561756233e+00 5.000000000000e-03
2.186492682077e+00 1.311027969680e+00 5.000000000000e-03
6.273015053997e+00 1.840306749948e+00 5.000000000000e-03
6.029837289785e+00 3.531339204954e+00 5.000000000000e-03
6.026106449969e+00 3.201780411854e-01 5.000000000000e-03
1.001484956059e+00 1.734414243888e+00 5.000000000000e-03
4.971968040383e+00 7.549298289130e-01 5.000000000000e-03
4.500070640959e+00 5.980730043798e+00 5.000000000000e-03
3.052178529382e+00 5.442147249515e+00 5.000000000000e-03
2.331097993724e+00 4.829635937281e-01 5.000000000000e-03
2.941795256297e+00 3.226202202057e+00 5.000000000000e-03
3.068485645296e+00 1.703858179304e+00 5.000000000000e-03
3.507644135310e+00 9.059762302054e-01 5.000000000000e-03
4.545067094494e-01 4.660703083162e+00 5.000000000000e-03
2.087676835306e+00 5.218786931245e-01 5.000000000000e-03
3.777022573399e-01 1.653281791926e+00 5.000000000000e-03
3.888245135898e+00 2.521281698908e+00 5.000000000000e-03
5.733924041499e+00 7.885227694327e-01 5.000000000000e-03
4.329720403205e+00 1.605220247356e+00 5.000000000000e-03
3.530791177692e+00 1.885484414013e+00 5.000000000000e-03
9.777010986972e-01 5.873229607867e+00 5.000000000000e-03
2.047242443616e+00 4.617972032013e+00 5.000000000000e-03
1.801933244497e+00 1.404475510239e+00 5.000000000000e-03
3.508934239049e+00 8.243042922250e-01 5.000000000000e-03
9.365331922898e-01 2.945621243355e+00 5.000000000000e-03
1.559935011369e+00 4.352401113273e+00 5.000000000000e-03
4.290250203105e-01 1.602808409629e+00 5.000000000000e-03
4.853392189666e-02 3.808894943438e+00 5.000000000000e-03
5.984767223356e+00 4.384900156782e+00 5.000000000000e-03
8.712015468695e-01 1.805735227611e+00 5.000000000000e-03
1.300089669467e+00 4.450352434279e+00 5.000000000000e-03
3.532988235059e+00 5.984270360209e+00 5.000000000000e-03
1.822155459291e+00 4.414192880902e+00 5.000000000000e-03
4.691101224489e+00 3.270016530422e+00 5.000000000000e-03
5.599625759156e+00 2.730340128005e+00 5.000000000000e-03
1.157022796845e+00 1.260508679797e+00 5.000000000000e-03
3.026774275087e+00 3.020496554774e-01 5.000000000000e-03
5.708628047985e+00 5.009011060903e-01 5.000000000000e-03
5.809875529054e+00 4.777633833082e+00 5.000000000000e-03
3.435937868858e+00 5.432866244772e+00 5.000000000000e-03
8.873775755523e-01 1.510899453909e+00 5.000000000000e-03
3.392041293881e+00 5.303260032738e+00 5.000000000000e-03
1.208236482807e+00 7.264120625232e-01 5.000000000000e-03
1.174612416098e+00 1.380450711345e+00 5.000000000000e-03
5.686670607029e+00 3.614829478273e+00 5.000000000000e-03
1.968646324996e+00 5.700937713085e+00 5.000000000000e-03
9.074824127597e-01 3.531261325616e+00 5.000000000000e-03
4.021525839586e-02 5.662999503616e+00 5.000000000000e-03
9.868265807231e-02 5.659337489150e+00 5.000000000000e-03
3.963209338573e+00 4.318938531757e+00 5.000000000000e-03
1.139236306753e+00 6.619029471483e-01 5.000000000000e-03
1.320587534017e-01 3.358634743207e-01 5.000000000000e-03
5.152184387180e+00 4.542101122479e+00 5.000000000000e-03
1.560544434169e+00 5.584940298574e-01 5.000000000000e-03
2.048416719311e+00 3.529745369442e+00 5.000000000000e-03
2.552366449037e-02 3.716288621708e+00 5.000000000000e-03
5.941516313258e-01 6.030908875065e+00 5.000000000000e-03
9.025966814770e-01 1.221823122083e+00 5.000000000000e-03
1.916440039605e+00 6.230526357054e+00 5.000000000000e-03
2.114574330084e+00 5.399868632242e+00 5.000000000000e-03
3.300469580973e-01 5.342053667172e+00 5.000000000000e-03
4.516285531673e+00 1.384805536423e+00 5.000000000000e-03
4.291838612957e+00 4.063389014323e-01 5.000000000000e-03
4.154572016804e+00 9.336697666531e-01 5.000000000000e-03
1.526664291131e-01 1.659098785782e+00 5.000000000000e-03
4.084550409401e+00 2.054052773052e+00 5.000000000000e-03
7.067620052195e-01 4.764303774796e+00 5.000000000000e-03
2.844630176760e+00 1.645354531938e+00 5.000000000000e-03
3.444444375702e+00 1.447459028332e+00 5.000000000000e-03
6.159770528319e-01 2.540429333265e+00 5.000000000000e-03
3.024603511049e+00 1.473065277573e-01 5.000000000000e-03
1.732583773470e+00 1.815156063373e+00 5.000000000000e-03
2.546234029774e-01 6.168360950393e+00 5.000000000000e-03
4.008636809414e+00 3.917211548092e+00 5.000000000000e-03
5.676850696138e+00 5.302165431049e+00 5.000000000000e-03
2.578660450748e+00 2.764972762370e+00 5.000000000000e-03
1.284346779474e-01 3.558039618867e+00 5.000000000000e-03
3.247043319240e+00 4.645506087331e+00 5.000000000000e-03
3.380451722037e-01 5.077957465141e+00 5.000000000000e-03
2.829379904605e+00 1.115641617882e+00 5.000000000000e-03
9.621768729854e-01 1.154179783495e+00 5.000000000000e-03
4.454777318321e+00 1.234806806453e+00 5.000000000000e-03
4.047970616730e+00 6.090234054713e+00 5.000000000000e-03
3.972503735945e+00 4.733576180228e+00 5.000000000000e-03
2.623007459778e-01 5.380666126345e+00 5.000000000000e-03
4.068194383594e+00 5.425324069278e-02 5.000000000000e-03
5.942789156918e+00 6.171383993500e+00 5.000000000000e-03
6.135772032701e+00 2.193483990514e+00 5.000000000000e-03
5.222065208211e+00 2.836070903544e+00 5.000000000000e-03
4.514558790585e+00 3.805266131791e+00 5.000000000000e-03
8.033847053289e-01 1.992030140436e+00 5.000000000000e-03
3.733185153118e+00 3.528380192878e+00 5.000000000000e-03
6.208850891872e+00 3.506441861905e+00 5.000000000000e-03
4.302953881417e+00 4.084137695779e+00 5.000000000000e-03
7.223309918990e-02 3.319013718560e-01 5.000000000000e-03
4.685512843780e+00 4.860159737151e+00 5.000000000000e-03
5.503596271791e+00 5.596641581855e+00 5.000000000000e-03
8.240611104606e-01 2.961892612565e+00 5.000000000000e-03
5.475653880508e+00 4.484322750540e+00 -5.000000000000e-03
4.737241951991e+00 1.000401687796e+00 -5.000000000000e-03
5.912248960679e+00 3.318255338825e+00 -5.000000000000e-03
5.144079184624e+00 4.171519552370e-01 -5.000000000000e-03
4.763387018126e+00 3.249316695622e+00 -5.000000000000e-03
5.811418906497e+00 5.315166816487e+00 -5.000000000000e-03
2.034517529965e+00 3.183563698967e+00 -5.000000000000e-03
1.790169804733e+00 2.586511371770e-01 -5.000000000000e-03
2.847805249573e+00 5.659833700030e+00 -5.000000000000e-03
4.433802530674e+00 6.076040359245e+00 -5.000000000000e-03
2.495821460979e+00 5.549119710460e-01 -5.000000000000e-03
3.349867104100e+00 5.776723794943e+00 -5.000000000000e-03
1.248455482303e+00 4.460985355986e+00 -5.000000000000e-03
4.035925743597e+00 4.461123881381e+00 -5.000000000000e-03
1.329732622151e+00 5.722903806480e+00 -5.000000000000e-03
6.223450532027e-01 9.113922508328e-01 -5.000000000000e-03
4.378347160078e+00 4.874279530952e+00 -5.000000000000e-03
5.758664566896e+00 2.517760486049e+00 -5.000000000000e-03
5.521335317164e+00 2.937873310416e+00 -5.000000000000e-03
1.287012135490e+00 5.820973241353e+00 -5.000000000000e-03
4.075270470000e+00 6.114969196579e+00 -5.000000000000e-03
4.229209118151e-01 1.066244733392e+00 -5.000000000000e-03
1.787446352570e+00 1.730638429159e-01 -5.000000000000e-03
1.115912985114e+00 3.166024762565e+00 -5.000000000000e-03
3.754368673179e+00 3.029167432241e+00 -5.000000000000e-03
6.238691064442e+00 6.889343501355e-01 -5.000000000000e-03
3.170995767786e+00 4.942493064778e+00 -5.000000000000e-03
5.332123403551e+00 6.193324735975e+00 -5.000000000000e-03
2.330971478769e+00 3.773520332907e+00 -5.000000000000e-03
2.619904030413e+00 3.201030217217e+00 -5.000000000000e-03
5.468341750982e+00 5.470608642095e+00 -5.000000000000e-03
7.905267180738e-01 6.164957431662e+00 -5.000000000000e-03
5.464665535428e+00 3.619487148041e+00 -5.000000000000e-03
2.605495226173e+00 4.198867845161e+00 -5.000000000000e-03
2.684541437856e-01 5.757323467760e+00 -5.000000000000e-03
2.395029522689e+00 1.140084342677e+00 -5.000000000000e-03
4.604228175194e+00 1.183874381479e+00 -5.000000000000e-03
4.274319895069e+00 3.264355185490e+00 -5.000000000000e-03
4.889670478250e+00 7.895647605147e-01 -5.000000000000e-03
4.447911936336e+00 1.200824640158e+00 -5.000000000000e-03
4.738464296234e+00 6.177179859518e+00 -5.000000000000e-03
5.813473607208e-01 5.754471432019e-01 -5.000000000000e-03
2.870660132020e+00 3.656142413291e+00 -5.000000000000e-03
1.178282355253e+00 4.266998017979e+00 -5.000000000000e-03
5.036362648112e+00 3.082276427747e+00 -5.000000000000e-03
4.342534942440e+00 6.189276261757e+00 -5.000000000000e-03
1.913803873147e+00 3.339194312441e+00 -5.000000000000e-03
4.734220637387e+00 3.004035576771e+00 -5.000000000000e-03
4.958814576691e-01 1.099597126915e+00 -5.000000000000e-03
8.871427426767e-01 1.763162096031e+00 -5.000000000000e-03
7.020133836358e-01 1.166791120758e+00 -5.000000000000e-03
2.610025662505e+00 5.153646988778e+00 -5.000000000000e-03
5.042978120380e+00 1.973529756332e+00 -5.000000000000e-03
2.012941713173e+00 4.011123457758e+00 -5.000000000000e-03
6.099401588529e-01 5.434978285875e+00 -5.000000000000e-03
4.395276119302e+00 1.240713130891e+00 -5.000000000000e-03
1.146377412628e+00 2.811583544605e+00 -5.000000000000e-03
5.427164233552e+00 1.707192698292e+00 -5.000000000000e-03
4.676027863179e+00 3.877235284305e+00 -5.000000000000e-03
4.753250861890e+00 5.607329688556e-01 -5.000000000000e-03
5.503824224859e+00 1.009872965013e+00 -5.000000000000e-03
1.587606580933e+00 4.130169369380e+00 -5.000000000000e-03
5.817786403793e+00 3.049719558586e-01 -5.000000000000e-03
6.216005725085e-01 2.633986623147e+00 -5.000000000000e-03
1.759197689567e-01 4.564098685672e+00 -5.000000000000e-03
3.556748863949e-01 1.709547956777e+00 -5.000000000000e-03
3.565376373438e+00 1.521973512713e-01 -5.000000000000e-03
1.877361239480e-01 6.136539721331e+00 -5.000000000000e-03
3.745852445760e+00 1.969768761307e+00 -5.000000000000e-03
3.554325276734e+00 6.248757950237e+00 -5.000000000000e-03
3.355215832793e+00 3.143531154607e+00 -5.000000000000e-03
3.971899461940e+00 5.731076447857e+00 -5.000000000000e-03
5.649749747895e+00 4.932459537788e+00 -5.000000000000e-03
3.230495428990e+00 2.827240269395e+00 -5.000000000000e-03
2.028828360164e+00 3.285322769209e+00 -5.000000000000e-03
4.916594127503e+00 3.284181860756e+00 -5.000000000000e-03
6.136405562941e+00 6.192403380718e+00 -5.000000000000e-03
3.320611106509e+00 1.254548624775e-01 -5.000000000000e-03
6.054509360856e+00 2.230368328554e+00 -5.000000000000e-03
3.444715281015e+00 3.288112530055e+00 -5.000000000000e-03
4.569251905902e+00 3.642494347335e-01 -5.000000000000e-03
1.909589377306e+00 1.251692933668e+00 -5.000000000000e-03
1.412413955471e+00 3.654300176311e+00 -5.000000000000e-03
5.905742242405e+00 4.386762592251e+00 -5.000000000000e-03
3.525337322673e-01 3.831008360034e+00 -5.000000000000e-03
2.086623170260e+00 5.968619811115e+00 -5.000000000000e-03
5.928924178557e+00 1.129946617353e+00 -5.000000000000e-03
5.420277853570e+00 1.560933070345e-01 -5.000000000000e-03
5.229049826010e+00 4.483748071569e+00 -5.000000000000e-03
4.130202061873e+00 6.227356732031e-01 -5.000000000000e-03
5.900931597119e+00 5.891010265380e+00 -5.000000000000e-03
4.469616224856e+00 4.534934009122e+00 -5.000000000000e-03
4.678671966409e+00 6.158816938478e-01 -5.000000000000e-03
7.007938257883e-01 4.481340072462e+00 -5.000000000000e-03
5.549312649023e+00 2.027961204794e+00 -5.000000000000e-03
2.935558981540e+00 5.117450714389e+00 -5.000000000000e-03
2.729801284725e+00 3.893301975688e+00 -5.000000000000e-03
1.941359411388e-01 1.736598823294e+00 -5.000000000000e-03
4.751212493805e+00 4.642616471009e+00 -5.000000000000e-03
5.243251737833e+00 7.508572067792e-01 -5.000000000000e-03
