3.830968455096e+00 1.785894582871e+00 5.000000000000e-03
2.154908200785e+00 3.535744551993e+00 5.000000000000e-03
1.521747372768e+00 7.133431316403e-01 5.000000000000e-03
2.917131962020e+00 7.749002024942e-01 5.000000000000e-03
2.025138881140e+00 5.801245416555e+00 5.000000000000e-03
1.128065090084e+00 1.431061219588e+00 5.000000000000e-03
5.818792959686e+00 4.285134927777e+00 5.000000000000e-03
3.001966788885e-01 1.327118206777e+00 5.000000000000e-03
5.152126924769e-01 4.530119590452e+00 5.000000000000e-03
8.305135489155e-01 2.107270661653e+00 5.000000000000e-03
6.004657188161e-01 2.991587174449e+00 5.000000000000e-03
2.725715936066e+00 3.287086023168e+00 5.000000000000e-03
2.634227964311e-01 1.942141666372e+00 5.000000000000e-03
2.811025634416e+00 4.722853538182e+00 5.000000000000e-03
3.895555174681e+00 1.159345533704e+00 5.000000000000e-03
1.221169090859e+00 2.135579643299e+00 5.000000000000e-03
1.031036185350e+00 4.524679662388e+00 5.000000000000e-03
2.635836910302e+00 3.568619395363e+00 5.000000000000e-03
6.071616230084e+00 1.854978268124e+00 5.000000000000e-03
2.983860779075e+00 1.119365939277e-01 5.000000000000e-03
2.559775699873e+00 2.893157796392e+00 5.000000000000e-03
1.734877953847e+00 3.527794619777e+00 5.000000000000e-03
4.056637071958e+00 3.323010871584e+00 5.000000000000e-03
7.153874760526e-01 5.278281507328e+00 5.000000000000e-03
6.636117828159e-01 5.162250234246e+00 5.000000000000e-03
4.833854339773e+00 5.380266627266e+00 5.000000000000e-03
2.116532723077e+00 2.911470317015e+00 5.000000000000e-03
1.601176359028e+00 4.222090430579e+00 5.000000000000e-03
5.285505616993e+00 4.521582972646e+00 5.000000000000e-03
5.285651030765e+00 1.491438127817e-01 5.000000000000e-03
2.619916225324e+00 5.212293834108e+00 5.000000000000e-03
2.577033381692e+00 1.554706552511e-01 5.000000000000e-03
4.115601104498e+00 2.873327711908e+00 5.000000000000e-03
4.890907563203e+00 5.602663461050e+00 5.000000000000e-03
2.461830504678e+00 3.550174049348e+00 5.000000000000e-03
3.733596819413e+00 3.745626315635e-01 5.000000000000e-03
2.142731513919e+00 4.485554521299e+00 5.000000000000e-03
4.500046506579e+00 3.060509282580e+00 5.000000000000e-03
2.785198547709e+00 4.235086500693e+00 5.000000000000e-03
1.053489323453e+00 1.195389465076e+00 5.000000000000e-03
5.991180037728e+00 2.632633057790e+00 5.000000000000e-03
7.592257248993e-01 5.148399254868e+00 5.000000000000e-03
1.294490789891e+00 4.953638679185e+00 5.000000000000e-03
5.764785038825e+00 5.334784767350e+00 5.000000000000e-03
6.309216929322e-01 2.885798371973e+00 5.000000000000e-03
5.150059990234e+00 6.240912093505e+00 5.000000000000e-03
1.854755888538e+00 2.835132755279e+00 5.000000000000e-03
6.097746415662e+00 4.956066860329e+00 5.000000000000e-03
6.167533004539e+00 8.884425673297e-01 5.000000000000e-03
9.291086703974e-01 4.836051848959e+00 5.000000000000e-03
8.838013322732e-01 4.840184151070e+00 5.000000000000e-03
1.970253716954e+00 4.046389749379e+00 5.000000000000e-03
4.847496948624e+00 3.346136398100e+00 5.000000000000e-03
2.177841944509e+00 2.460204966355e+00 5.000000000000e-03
2.544850147064e+00 5.908576688328e+00 5.000000000000e-03
5.521905722785e+00 4.778533616851e+00 5.000000000000e-03
2.165417103567e+00 1.496487177231e+00 5.000000000000e-03
2.793875530011e+00 8.922464448712e-01 5.000000000000e-03
1.042003796292e+00 5.074082569501e-02 5.000000000000e-03
5.305610331545e+00 2.026843832984e+00 5.000000000000e-03
8.974985886469e-01 2.753558803458e+00 5.000000000000e-03
9.559427259240e-01 2.722971566549e+00 5.000000000000e-03
6.812260336432e-01 4.333840263358e-01 5.000000000000e-03
3.853908959601e+00 2.900197433108e+00 5.000000000000e-03
2.887054530065e+00 4.481024755838e+00 5.000000000000e-03
3.370676037886e+00 1.281520993234e-01 5.000000000000e-03
3.086670273927e+00 1.812008733014e+00 5.000000000000e-03
2.979988659712e+00 4.835034288847e+00 5.000000000000e-03
4.005901798213e+00 3.605165382862e+00 5.000000000000e-03
3.918121293535e+00 5.863068065910e+00 5.000000000000e-03
9.861995898888e-01 5.157150018198e+00 5.000000000000e-03
3.205749278540e+00 2.162219420683e+00 5.000000000000e-03
5.404720616048e+00 1.524845613955e+00 5.000000000000e-03
2.873035474287e+00 5.197317296428e+00 5.000000000000e-03
5.146511293549e+00 5.233083463044e+00 5.000000000000e-03
1.184878075883e+00 6.929016752184e-01 5.000000000000e-03
3.580197361942e+00 5.174595696870e+00 5.000000000000e-03
4.545053955472e+00 5.135253240235e+00 5.000000000000e-03
4.536814207810e+00 2.737383129332e+00 5.000000000000e-03
2.168910821288e-01 7.933579133797e-01 5.000000000000e-03
5.799232504228e+00 4.770440323843e+00 5.000000000000e-03
5.644244054298e+00 3.041775231831e+00 5.000000000000e-03
1.374970483219e+00 3.189346788047e+00 5.000000000000e-03
3.273659162188e+00 4.549331410332e+00 5.000000000000e-03
1.506107007994e+00 3.825850567041e+00 5.000000000000e-03
3.283439456106e+00 4.634607813050e+00 5.000000000000e-03
1.189899600233e+00 5.332979397463e+00 5.000000000000e-03
9.732072976011e-01 1.381782020825e-01 5.000000000000e-03
1.535577928998e+00 1.208820324910e+00 5.000000000000e-03
2.376164121856e+00 4.479090278284e+00 5.000000000000e-03
6.238953359055e+00 7.624721395511e-01 5.000000000000e-03
5.458362355478e+00 5.622052694329e+00 5.000000000000e-03
3.512812653867e+00 1.710167351878e+00 5.000000000000e-03
5.975248736791e+00 8.791963179945e-01 5.000000000000e-03
1.017033308375e+00 1.566340377220e+00 5.000000000000e-03
1.955356134953e+00 4.199163502236e+00 5.000000000000e-03
3.227807779352e+00 1.534948404472e+00 5.000000000000e-03
2.035404222722e-01 5.653438535229e+00 5.000000000000e-03
1.572722298819e+00 3.024753239854e+00 5.000000000000e-03
5.966357500700e+00 5.748269800504e+00 5.000000000000e-03
5.911264844224e+00 4.681927669023e+00 -5.000000000000e-03
2.477657505379e+00 2.410629762195e+00 -5.000000000000e-03
2.441343039126e-01 4.701448850316e+00 -5.000000000000e-03
2.293956122017e+00 7.817729104480e-01 -5.000000000000e-03
6.025217689324e+00 1.874240714633e+00 -5.000000000000e-03
5.023240080588e+00 5.958424802663e+00 -5.000000000000e-03
8.686301744498e-01 6.039564963433e+00 -5.000000000000e-03
3.162250524314e+00 2.092643556507e+00 -5.000000000000e-03
1.247921770544e+00 4.358770765734e+00 -5.000000000000e-03
5.828645422304e+00 1.759693245255e-01 -5.000000000000e-03
2.221369172567e-01 6.089255112063e+00 -5.000000000000e-03
5.118575309147e+00 3.818908013441e+00 -5.000000000000e-03
5.725283431157e+00 2.389037165022e+00 -5.000000000000e-03
5.832747537863e+00 3.338275877888e+00 -5.000000000000e-03
5.576645464494e+00 8.681116655040e-01 -5.000000000000e-03
3.772325449543e+00 3.443597885381e-01 -5.000000000000e-03
6.005180320097e+00 6.233026713700e+00 -5.000000000000e-03
4.245871877113e+00 4.160968707779e+00 -5.000000000000e-03
3.024947229525e+00 1.000380542134e+00 -5.000000000000e-03
2.372632410811e+00 1.579148785937e+00 -5.000000000000e-03
7.891807714287e-01 4.482378946167e+00 -5.000000000000e-03
2.625025415958e+00 5.221303652989e+00 -5.000000000000e-03
2.472941174355e+00 4.511734811916e-01 -5.000000000000e-03
5.668734976591e+00 3.024024507057e+00 -5.000000000000e-03
1.215790517616e+00 2.019495081378e+00 -5.000000000000e-03
2.054947790277e+00 6.139882472471e+00 -5.000000000000e-03
4.865893199289e-01 1.865363160493e+00 -5.000000000000e-03
3.405559152297e+00 4.083237772277e+00 -5.000000000000e-03
2.583026417902e+00 1.119563495498e+00 -5.000000000000e-03
5.648523597474e+00 3.568969252029e+00 -5.000000000000e-03
1.954371597707e+00 3.735908907417e+00 -5.000000000000e-03
3.517271474865e+00 1.622982354483e+00 -5.000000000000e-03
3.930213438257e+00 1.341833801622e+00 -5.000000000000e-03
5.387700254487e+00 4.560060757957e+00 -5.000000000000e-03
3.129049995546e+00 6.261891427327e-01 -5.000000000000e-03
2.196769220693e-01 3.539239943989e+00 -5.000000000000e-03
4.936500619689e+00 2.687103534833e+00 -5.000000000000e-03
2.703792212499e+00 2.639913953877e+00 -5.000000000000e-03
3.768777283794e+00 3.508833428037e+00 -5.000000000000e-03
4.767810699622e+00 4.088350051128e+00 -5.000000000000e-03
2.075044686432e+00 6.051846687743e-01 -5.000000000000e-03
5.502359453307e+00 1.937026393456e+00 -5.000000000000e-03
5.184945052492e+00 1.638789337161e+00 -5.000000000000e-03
3.097943711129e-01 6.057765743477e+00 -5.000000000000e-03
5.594177457277e+00 4.487919679140e+00 -5.000000000000e-03
3.976540385541e+00 4.414180588032e+00 -5.000000000000e-03
1.276042029078e+00 4.652050427461e+00 -5.000000000000e-03
4.116400123895e-01 2.010428804295e+00 -5.000000000000e-03
7.225839468166e-01 4.486940869657e+00 -5.000000000000e-03
5.587312317442e+00 2.712055840191e+00 -5.000000000000e-03
2.458444276490e+00 5.524564992337e+00 -5.000000000000e-03
1.650089734809e+00 3.396980420938e+00 -5.000000000000e-03
1.563572451991e+00 3.287584443664e+00 -5.000000000000e-03
5.133074478038e+00 4.785376637832e+00 -5.000000000000e-03
2.244569811413e+00 4.925019871374e+00 -5.000000000000e-03
1.534557663957e+00 1.970288666292e+00 -5.000000000000e-03
3.193334651010e+00 2.981800147114e+00 -5.000000000000e-03
2.161011332535e+00 3.942050754764e+00 -5.000000000000e-03
4.488819615811e+00 5.746059625909e+00 -5.000000000000e-03
1.920347071795e+00 3.848162879536e+00 -5.000000000000e-03
9.881443828506e-01 4.180782007720e-02 -5.000000000000e-03
5.872010927864e+00 6.056566701189e+00 -5.000000000000e-03
5.019693020756e+00 4.887582158279e+00 -5.000000000000e-03
3.758963772545e+00 1.209587958043e+00 -5.000000000000e-03
5.116139215698e+00 6.390028721639e-01 -5.000000000000e-03
3.946086829645e+00 5.748013521565e-02 -5.000000000000e-03
6.116365709547e+00 6.151583052341e+00 -5.000000000000e-03
5.639679750018e+00 4.523679464381e+00 -5.000000000000e-03
2.091842655722e+00 1.289895696870e-01 -5.000000000000e-03
8.031035824684e-01 5.988456303818e+00 -5.000000000000e-03
1.946390431125e+00 1.231295552735e+00 -5.000000000000e-03
5.489771055167e+00 6.018530312386e+00 -5.000000000000e-03
3.086039172319e+00 4.693789780559e+00 -5.000000000000e-03
1.469568565957e+00 7.461153130916e-01 -5.000000000000e-03
2.660883425614e+00 2.028378159868e+00 -5.000000000000e-03
4.297151009983e+00 1.957643807782e+00 -5.000000000000e-03
2.169085445833e+00 3.766395121907e+00 -5.000000000000e-03
3.766633750337e+00 3.880291558504e+00 -5.000000000000e-03
5.503915502664e+00 5.197742519031e+00 -5.000000000000e-03
6.237857460705e+00 1.668411750365e+00 -5.000000000000e-03
4.426783028649e+00 2.664326276266e+00 -5.000000000000e-03
3.493716017409e+00 2.883917771620e-01 -5.000000000000e-03
4.323176490816e-01 3.669623676409e+00 -5.000000000000e-03
3.951599846935e+00 7.483176979224e-01 -5.000000000000e-03
1.335565854523e+00 3.040822652093e+00 -5.000000000000e-03
5.894156821493e+00 2.842032204060e+00 -5.000000000000e-03
2.810087802390e+00 4.387013379632e-01 -5.000000000000e-03
5.404953686898e+00 6.132923110301e+00 -5.000000000000e-03
5.673933032839e+00 9.993318919705e-01 -5.000000000000e-03
6.170945594157e+00 8.323326944949e-01 -5.000000000000e-03
3.477983484656e+00 7.854673529594e-01 -5.000000000000e-03
2.662772400760e-01 3.226387035149e+00 -5.000000000000e-03
4.618530832566e+00 5.262703595676e+00 -5.000000000000e-03
3.091547148823e+00 2.125531196568e+00 -5.000000000000e-03
4.938682087550e+00 4.042924217845e+00 -5.000000000000e-03
2.731467384002e+00 5.923615675337e+00 -5.000000000000e-03
5.484170887488e+00 1.709957535954e+00 -5.000000000000e-03
1.062079542576e+00 6.185448074134e+00 -5.000000000000e-03
3.182949707908e+00 5.057093706266e+00 -5.000000000000e-03
6.049971582142e+00 9.252416102252e-01 -5.000000000000e-03
