3.933227407976e+00 1.759088705709e+00 5.000000000000e-03
4.997661160203e+00 2.208970948244e-01 5.000000000000e-03
2.154006866009e+00 3.870621814389e+00 5.000000000000e-03
2.965724577919e+00 1.000052850980e+00 5.000000000000e-03
4.927482845070e+00 8.017758343990e-03 5.000000000000e-03
3.365406003044e+00 5.794507499319e+00 5.000000000000e-03
5.586184541667e+00 4.058847046042e+00 5.000000000000e-03
5.254751011551e+00 4.673980356815e+00 5.000000000000e-03
4.095773958547e+00 4.536266702491e+00 5.000000000000e-03
3.585032849566e+00 4.656615432854e+00 5.000000000000e-03
2.543498402857e+00 3.397655465725e+00 5.000000000000e-03
4.995490835496e+00 5.016959943817e+00 5.000000000000e-03
5.633014384613e+00 2.538821997805e-01 5.000000000000e-03
1.107500552181e+00 2.333426789681e+00 5.000000000000e-03
3.521563418957e+00 3.160785998148e+00 5.000000000000e-03
2.530761867278e-01 5.466904214188e+00 5.000000000000e-03
1.193192088973e+00 4.362617637122e+00 5.000000000000e-03
3.334195782068e+00 3.099190579607e+00 5.000000000000e-03
5.181980733014e+00 1.076776067818e+00 5.000000000000e-03
4.530103102403e+00 3.970629804288e+00 5.000000000000e-03
2.603261935447e+00 3.339903275900e+00 5.000000000000e-03
2.885699325143e+00 1.397021077684e+00 5.000000000000e-03
5.757951924330e+00 5.402443365611e+00 5.000000000000e-03
2.939592311555e+00 2.538539640362e+00 5.000000000000e-03
2.749599256757e+00 4.710193883489e+00 5.000000000000e-03
4.688253514072e+00 2.441801028013e+00 5.000000000000e-03
3.052321993938e+00 3.029213240674e+00 5.000000000000e-03
3.025095543296e+00 2.176315168621e+00 5.000000000000e-03
1.253303044399e+00 2.494830975635e+00 5.000000000000e-03
5.941241202836e-01 4.093838323210e+00 5.000000000000e-03
2.423215920625e+00 5.033604832652e+00 5.000000000000e-03
1.668604419813e+00 2.907239759772e+00 5.000000000000e-03
5.506412046411e+00 2.039025320902e+00 5.000000000000e-03
8.224574885542e-01 4.403366292938e+00 5.000000000000e-03
2.256632709503e+00 2.719661301409e+00 5.000000000000e-03
3.251534488357e+00 6.453453742454e-01 5.000000000000e-03
2.666224818989e+00 3.384178460793e+00 5.000000000000e-03
5.271495616036e+00 1.702691120941e-01 5.000000000000e-03
6.640155522491e-01 5.804298945533e+00 5.000000000000e-03
4.169964072232e+00 6.602086912671e-01 5.000000000000e-03
1.423667073752e+00 3.995443219804e+00 5.000000000000e-03
7.453672697226e-01 4.923594591171e+00 5.000000000000e-03
5.002922155201e+00 3.704864730708e+00 5.000000000000e-03
8.540780703002e-01 1.770963680777e+00 5.000000000000e-03
2.711671521213e+00 2.821655027055e+00 5.000000000000e-03
5.668381868842e+00 5.255372223696e+00 5.000000000000e-03
4.948146777645e+00 3.193227775981e+00 5.000000000000e-03
2.271890190875e+00 2.919642667912e+00 5.000000000000e-03
3.925365221550e-01 3.117861990003e+00 5.000000000000e-03
3.575039008101e+00 3.778405013447e+00 5.000000000000e-03
3.266309150954e+00 3.270887288791e+00 5.000000000000e-03
6.047659112026e+00 2.899273267067e+00 5.000000000000e-03
7.485952321374e-01 3.321744487217e+00 5.000000000000e-03
5.865135298975e+00 3.891765141176e+00 5.000000000000e-03
4.697080113243e+00 5.171514231654e+00 5.000000000000e-03
7.189610604241e-01 1.152826177434e+00 5.000000000000e-03
3.954575422863e+00 5.481234672860e+00 5.000000000000e-03
2.801367210508e+00 3.019611347247e+00 5.000000000000e-03
4.349786344022e+00 3.815805771655e+00 5.000000000000e-03
3.517219248788e+00 5.328899700672e+00 5.000000000000e-03
5.954043966553e+00 2.372372356100e+00 5.000000000000e-03
6.011499500302e+00 2.392936051460e+00 5.000000000000e-03
3.708604337159e+00 5.103940852169e+00 5.000000000000e-03
3.660641369382e+00 6.268787898944e+00 5.000000000000e-03
5.764480189297e-01 2.650703295584e+00 5.000000000000e-03
8.813892684387e-02 4.957647133584e+00 5.000000000000e-03
1.250033950145e-01 5.339547613061e+00 5.000000000000e-03
3.524559506240e+00 2.680990823501e+00 5.000000000000e-03
2.831695143063e-01 3.906277514863e+00 5.000000000000e-03
9.974096914668e-01 9.031263757640e-01 5.000000000000e-03
3.966375259751e+00 3.596719108514e+00 5.000000000000e-03
1.664453341961e+00 2.512288890879e+00 5.000000000000e-03
1.045971606094e-01 4.147259888474e+00 5.000000000000e-03
5.025349736179e+00 1.905134532909e+00 5.000000000000e-03
5.386907328570e+00 1.613562868345e+00 5.000000000000e-03
2.833582522338e+00 4.798572898823e+00 5.000000000000e-03
6.145711378991e+00 6.558172725820e-01 5.000000000000e-03
2.416193779621e+00 8.140722318310e-01 5.000000000000e-03
3.232902842710e+00 4.189818893581e+00 5.000000000000e-03
3.105490687007e+00 3.566495126309e+00 5.000000000000e-03
5.827671046209e+00 1.751795907206e+00 5.000000000000e-03
4.944542746007e+00 1.437083990376e+00 5.000000000000e-03
3.012332460859e+00 2.962631033255e+00 5.000000000000e-03
5.479617386738e+00 6.880485379231e-01 5.000000000000e-03
3.806045008332e+00 3.920651863257e+00 5.000000000000e-03
2.424439194241e+00 4.126504834659e+00 5.000000000000e-03
5.137391171506e-01 6.477472427692e-01 5.000000000000e-03
5.851371565649e-01 1.048255319187e+00 5.000000000000e-03
4.097591821107e+00 1.381267438775e+00 5.000000000000e-03
2.048501698881e+00 3.866638774968e+00 5.000000000000e-03
1.466998193145e+00 3.533606158011e+00 5.000000000000e-03
2.896740980906e+00 3.270541042585e+00 5.000000000000e-03
2.382469209770e+00 3.741350593985e+00 5.000000000000e-03
5.791585334966e+00 2.466300135640e+00 5.000000000000e-03
1.871927644882e+00 5.983560122577e+00 5.000000000000e-03
4.724974664328e+00 4.616437869722e+00 5.000000000000e-03
2.966923751304e+00 2.132010701884e+00 5.000000000000e-03
6.997610550609e-01 1.468332160167e+00 5.000000000000e-03
2.682531958206e+00 3.087894824120e+00 5.000000000000e-03
1.932073401797e+00 2.266184270906e+00 5.000000000000e-03
3.800647253555e+00 3.506732568462e+00 -5.000000000000e-03
3.524418902589e+00 6.020538570130e+00 -5.000000000000e-03
2.839398678145e-01 7.857558056225e-01 -5.000000000000e-03
4.870754082907e+00 5.369303982478e+00 -5.000000000000e-03
1.748330375022e+00 3.169920122753e+00 -5.000000000000e-03
4.689164666073e+00 3.851890603721e+00 -5.000000000000e-03
2.172019746765e+00 4.165114700435e+00 -5.000000000000e-03
4.753622928429e+00 3.083777704802e+00 -5.000000000000e-03
2.167067514433e+00 4.863978935360e+00 -5.000000000000e-03
5.237670077338e+00 8.565546336423e-01 -5.000000000000e-03
4.652606654913e+00 5.236896741478e+00 -5.000000000000e-03
3.247860634227e+00 4.888722210487e+00 -5.000000000000e-03
2.548561152046e+00 4.871609168304e+00 -5.000000000000e-03
5.362102758732e+00 1.753685337319e+00 -5.000000000000e-03
5.418284970125e+00 3.681319781505e+00 -5.000000000000e-03
2.435939385004e+00 1.987076829090e+00 -5.000000000000e-03
1.863607431550e+00 3.367162068563e+00 -5.000000000000e-03
6.616741640687e-01 1.004997663937e+00 -5.000000000000e-03
5.262889783873e+00 3.372171263374e+00 -5.000000000000e-03
3.492899842790e+00 8.833552488415e-01 -5.000000000000e-03
2.044871532704e+00 5.116167764819e+00 -5.000000000000e-03
4.465304764514e+00 2.477704719660e+00 -5.000000000000e-03
7.377735705555e-01 3.749976875742e+00 -5.000000000000e-03
5.472268889971e+00 2.042342620336e+00 -5.000000000000e-03
3.092538833439e+00 3.993030760410e+00 -5.000000000000e-03
7.477877167264e-01 6.089320555000e+00 -5.000000000000e-03
3.688956916366e+00 2.396748512361e+00 -5.000000000000e-03
8.157768919052e-01 2.588818901276e+00 -5.000000000000e-03
4.449066996574e+00 3.021438570435e+00 -5.000000000000e-03
1.655608500744e+00 5.360504835884e+00 -5.000000000000e-03
2.703707890984e+00 4.334353317059e+00 -5.000000000000e-03
8.059491728433e-01 5.730608770126e+00 -5.000000000000e-03
1.904559945834e+00 3.175168142612e+00 -5.000000000000e-03
5.936064985137e-01 2.176830618813e+00 -5.000000000000e-03
4.367851988668e+00 3.116760960431e+00 -5.000000000000e-03
3.268579143560e+00 3.516171508062e+00 -5.000000000000e-03
1.516291939291e+00 5.086929729897e+00 -5.000000000000e-03
2.404024069283e+00 1.327997551561e+00 -5.000000000000e-03
1.955379424524e+00 3.256348134541e+00 -5.000000000000e-03
4.101917598107e+00 3.949438037782e+00 -5.000000000000e-03
2.009090795649e+00 5.083502497790e+00 -5.000000000000e-03
3.837989480388e+00 1.934594482041e+00 -5.000000000000e-03
4.597078028306e+00 1.260953596140e+00 -5.000000000000e-03
2.888324121082e-02 3.973255772604e+00 -5.000000000000e-03
4.201447064219e+00 4.568161874105e+00 -5.000000000000e-03
3.535419562897e+00 3.860259365156e+00 -5.000000000000e-03
5.076984156926e+00 2.640169054022e+00 -5.000000000000e-03
4.209296180800e+00 5.010388494777e+00 -5.000000000000e-03
2.407932204567e+00 8.192173439446e-01 -5.000000000000e-03
5.100915514303e+00 3.780217654079e+00 -5.000000000000e-03
4.287829343339e-01 1.507437150837e+00 -5.000000000000e-03
4.932573891441e+00 4.710526246812e+00 -5.000000000000e-03
1.193259551677e-01 4.567092458962e-01 -5.000000000000e-03
1.336760408804e+00 6.185736880728e+00 -5.000000000000e-03
1.499397008173e+00 1.284139589353e+00 -5.000000000000e-03
5.977213329015e-02 8.615551495258e-01 -5.000000000000e-03
2.996765597734e+00 4.412151913081e-01 -5.000000000000e-03
3.359857826922e+00 1.435484108629e+00 -5.000000000000e-03
5.286132245581e+00 5.046667829256e+00 -5.000000000000e-03
2.427681572348e-01 9.275796361943e-01 -5.000000000000e-03
2.825617151183e+00 5.181101081103e+00 -5.000000000000e-03
5.978202468381e+00 1.477705838004e+00 -5.000000000000e-03
3.813618371169e+00 4.050263049928e+00 -5.000000000000e-03
2.114245986564e+00 3.144449718638e+00 -5.000000000000e-03
3.605623813114e+00 2.655949476200e+00 -5.000000000000e-03
5.222951331988e+00 4.531855991500e+00 -5.000000000000e-03
4.644112910763e+00 5.295758165198e+00 -5.000000000000e-03
4.458403562883e+00 1.101137368151e+00 -5.000000000000e-03
4.893795123389e+00 3.113562294178e+00 -5.000000000000e-03
5.666837993539e-01 1.595524389305e+00 -5.000000000000e-03
2.242062338793e+00 1.182519279949e+00 -5.000000000000e-03
2.960700461877e+00 5.418070664572e+00 -5.000000000000e-03
6.046066502591e+00 5.099308830981e+00 -5.000000000000e-03
5.096236921171e-01 1.233952307961e+00 -5.000000000000e-03
2.472422074203e+00 1.522317569171e-01 -5.000000000000e-03
4.801558070251e+00 6.226301497589e+00 -5.000000000000e-03
2.075606497266e+00 3.037942407505e-01 -5.000000000000e-03
5.129137826093e+00 2.901116214379e+00 -5.000000000000e-03
4.910168077241e+00 2.050665771903e+00 -5.000000000000e-03
4.363211370891e+00 2.206710123701e-02 -5.000000000000e-03
2.398777424608e-01 4.988377734752e+00 -5.000000000000e-03
3.260398431421e+00 3.076783509242e+00 -5.000000000000e-03
6.929438447161e-01 3.116707836936e+00 -5.000000000000e-03
4.645795586638e+00 7.870354691652e-01 -5.000000000000e-03
1.345798310856e-01 4.426583958417e+00 -5.000000000000e-03
3.826997850840e+00 4.115948566586e+00 -5.000000000000e-03
3.770839067628e+00 3.323973326458e+00 -5.000000000000e-03
3.866263806472e+00 1.615211508226e-01 -5.000000000000e-03
1.121101983466e+00 4.982166449101e+00 -5.000000000000e-03
4.822474386712e+00 6.118787806757e-01 -5.000000000000e-03
2.933837365090e+00 1.686697785063e+00 -5.000000000000e-03
6.178933662979e+00 3.765193058729e+00 -5.000000000000e-03
5.914640359020e+00 2.842908575399e+00 -5.000000000000e-03
3.493475195461e+00 3.340485628441e+00 -5.000000000000e-03
4.684216656782e+00 1.372829068998e+00 -5.000000000000e-03
4.382223892498e+00 3.784356021716e+00 -5.000000000000e-03
9.208241390863e-02 4.140796239383e+00 -5.000000000000e-03
4.538148467324e+00 2.504492143115e+00 -5.000000000000e-03
2.197337483102e+00 5.532022006165e+00 -5.000000000000e-03
3.103709511528e+00 3.617213144833e+00 -5.000000000000e-03
