4.205609034784e+00 1.964604505511e+00 5.000000000000e-03
4.316983962081e+00 4.832893235113e+00 5.000000000000e-03
2.682264960876e+00 5.384357288369e+00 5.000000000000e-03
1.239570417659e+00 2.401924351424e+00 5.000000000000e-03
5.841917209888e+00 3.919183489570e+00 5.000000000000e-03
5.080818175202e+00 5.271630634552e+00 5.000000000000e-03
3.184723537330e+00 5.681283830427e+00 5.000000000000e-03
5.338455792306e+00 5.208870086118e+00 5.000000000000e-03
3.003932521492e+00 3.895095981578e+00 5.000000000000e-03
4.997147883338e+00 4.410649938689e+00 5.000000000000e-03
3.533461674942e+00 2.058989541580e+00 5.000000000000e-03
5.895190797206e+00 4.076651481380e+00 5.000000000000e-03
1.470815884125e+00 4.112374487626e+00 5.000000000000e-03
2.235192500159e+00 7.534576429631e-02 5.000000000000e-03
2.698558587218e+00 6.731423516222e-01 5.000000000000e-03
1.108634433529e+00 2.506208331542e+00 5.000000000000e-03
4.973394340521e+00 6.225304080886e+00 5.000000000000e-03
3.984580511615e+00 5.364858152361e+00 5.000000000000e-03
2.170744172561e-01 1.412996540481e+00 5.000000000000e-03
1.868318912419e+00 1.121525453094e+00 5.000000000000e-03
1.128588405655e+00 2.982560648408e+00 5.000000000000e-03
4.868309557002e+00 2.961530146230e-01 5.000000000000e-03
2.994507659530e+00 5.561266760906e+00 5.000000000000e-03
4.073920218139e+00 1.171970051135e+00 5.000000000000e-03
1.017640398787e+00 3.886275582417e+00 5.000000000000e-03
1.148561831637e+00 3.969896438972e+00 5.000000000000e-03
4.871358593442e+00 5.254531732290e+00 5.000000000000e-03
3.016174967697e+00 1.463930948659e+00 5.000000000000e-03
4.802653001576e-01 7.759049116263e-01 5.000000000000e-03
6.207177007114e+00 4.752150054947e+00 5.000000000000e-03
9.719241330901e-01 3.846404817535e+00 5.000000000000e-03
5.628623296561e+00 3.858205076060e-01 5.000000000000e-03
3.142428645693e+00 5.987973275923e+00 5.000000000000e-03
4.133815251810e+00 2.740293907498e+00 5.000000000000e-03
9.323400416647e-01 1.893448593621e+00 5.000000000000e-03
6.054897109415e+00 3.721820060364e+00 5.000000000000e-03
1.152902275332e+00 3.232650924190e+00 5.000000000000e-03
6.412452777243e-01 3.609146913198e+00 5.000000000000e-03
4.384939087585e+00 2.548498729798e+00 5.000000000000e-03
2.143786145542e+00 6.053253799587e+00 5.000000000000e-03
1.297958926140e+00 5.153947962749e+00 5.000000000000e-03
2.530651123567e+00 2.799956241219e+00 5.000000000000e-03
3.332944516472e+00 3.910720398764e+00 5.000000000000e-03
1.696062459492e+00 2.185626919870e+00 5.000000000000e-03
2.465586045795e+00 5.712651122285e+00 5.000000000000e-03
2.518980688491e+00 1.535135588920e+00 5.000000000000e-03
2.806109354118e+00 5.905489715415e+00 5.000000000000e-03
2.156712202099e-01 3.963974589213e+00 5.000000000000e-03
6.083048499443e+00 1.303722629588e+00 5.000000000000e-03
1.680871639668e+00 1.473749182098e+00 5.000000000000e-03
4.812748915450e-02 3.792553359318e-01 5.000000000000e-03
3.356428686979e+00 4.902507222265e+00 5.000000000000e-03
4.279652693694e-01 2.107884494004e+00 5.000000000000e-03
1.753783135366e+00 4.915324221030e+00 5.000000000000e-03
9.632967366286e-01 4.457241829180e+00 5.000000000000e-03
3.535782735480e+00 7.053622525578e-01 5.000000000000e-03
5.156905368038e+00 1.976019553571e+00 5.000000000000e-03
5.014457642992e-01 4.749199545169e-01 5.000000000000e-03
3.126729536954e+00 1.128267927474e+00 5.000000000000e-03
3.907856599465e+00 1.108521866134e+00 5.000000000000e-03
1.098083477366e+00 5.154507494347e+00 5.000000000000e-03
4.405637658437e+00 6.047894698982e+00 5.000000000000e-03
5.836053508957e-01 3.620427006506e+00 5.000000000000e-03
2.309894233417e-01 6.128839541650e+00 5.000000000000e-03
3.134993363104e+00 4.899404187230e+00 5.000000000000e-03
2.913681408389e-01 8.143081042722e-02 5.000000000000e-03
3.150519939965e+00 3.482832849817e+00 5.000000000000e-03
5.612266114135e+00 1.644741873394e-01 5.000000000000e-03
6.107447046529e+00 3.734885549832e+00 5.000000000000e-03
4.690889430774e+00 3.090369194832e+00 5.000000000000e-03
1.101458896059e+00 4.993385887119e+00 5.000000000000e-03
2.316598098491e+00 5.877933439685e+00 5.000000000000e-03
4.208879645709e-01 7.114228805077e-01 5.000000000000e-03
7.768582975926e-01 2.555291356963e+00 5.000000000000e-03
4.084628507771e+00 2.775772732419e+00 5.000000000000e-03
4.319758915586e+00 3.933025883243e+00 5.000000000000e-03
2.794314976748e+00 4.523198128106e+00 5.000000000000e-03
1.544516317205e+00 4.358358021144e+00 5.000000000000e-03
4.632767440598e+00 3.659346759156e+00 5.000000000000e-03
4.422907274242e+00 3.589038034916e+00 5.000000000000e-03
1.687425313687e+00 1.403280077590e+00 5.000000000000e-03
2.523975317245e+00 3.646156639827e-01 5.000000000000e-03
1.432551061518e-01 5.470243061139e+00 5.000000000000e-03
4.504545905988e+00 5.060521218319e-01 5.000000000000e-03
2.213845194763e+00 5.488123842379e+00 5.000000000000e-03
1.683381126019e+00 9.940695670464e-01 5.000000000000e-03
4.350862502092e+00 5.687958064010e-01 5.000000000000e-03
2.389954681864e+00 4.680052403826e+00 5.000000000000e-03
3.285570897193e+00 4.360191246844e+00 5.000000000000e-03
3.951108390810e-02 2.737479704174e+00 5.000000000000e-03
2.911891931037e+00 6.110976311606e+00 5.000000000000e-03
4.237192054699e+00 2.918137745300e+00 5.000000000000e-03
4.513690231193e+00 5.241268005164e+00 5.000000000000e-03
5.928715185210e+00 4.172200771180e+00 5.000000000000e-03
2.104997221478e+00 3.202099367270e+00 5.000000000000e-03
3.515932861784e+00 1.555765929597e-01 5.000000000000e-03
5.211540838124e+00 2.154703103814e+00 5.000000000000e-03
5.617447542190e+00 2.009861045892e+00 5.000000000000e-03
1.714208109128e+00 2.488112536830e+00 5.000000000000e-03
2.699172615144e+00 1.924782232878e+00 5.000000000000e-03
6.157213469195e+00 4.755636751468e+00 -5.000000000000e-03
1.291356916468e+00 2.979327351653e+00 -5.000000000000e-03
3.971548612878e+00 1.240654665424e+00 -5.000000000000e-03
4.747591910192e+00 4.089666664378e+00 -5.000000000000e-03
6.153537197257e+00 2.295078862412e+00 -5.000000000000e-03
4.151589351552e+00 3.910425101407e+00 -5.000000000000e-03
2.093976201989e+00 3.391829689575e+00 -5.000000000000e-03
4.727379372813e+00 1.820143719500e+00 -5.000000000000e-03
1.505241899951e+00 4.212064483453e+00 -5.000000000000e-03
8.541590816951e-02 2.588008780633e-01 -5.000000000000e-03
4.750942557732e+00 4.688652639388e+00 -5.000000000000e-03
5.395144590876e+00 2.022937770539e+00 -5.000000000000e-03
1.769711913665e+00 5.763185503084e+00 -5.000000000000e-03
6.241683842734e+00 4.850151533809e+00 -5.000000000000e-03
5.503564423267e+00 5.636690234555e+00 -5.000000000000e-03
3.617004309880e+00 2.835466454262e+00 -5.000000000000e-03
3.819874483650e+00 1.758935667538e+00 -5.000000000000e-03
5.486878562865e+00 1.934976093196e+00 -5.000000000000e-03
5.826599861805e+00 4.918596556860e+00 -5.000000000000e-03
3.343321561950e+00 4.557416483032e-01 -5.000000000000e-03
5.728307184242e+00 1.293100003106e+00 -5.000000000000e-03
4.243888158208e+00 6.162500703347e+00 -5.000000000000e-03
4.791708092561e+00 6.839704346686e-02 -5.000000000000e-03
3.504935633918e+00 4.583868544867e+00 -5.000000000000e-03
5.222075297041e-01 1.439082733859e+00 -5.000000000000e-03
4.484676591144e+00 4.418975203735e+00 -5.000000000000e-03
1.911099054225e+00 5.267441850961e+00 -5.000000000000e-03
2.259545670902e+00 5.547527889089e+00 -5.000000000000e-03
3.627276488584e+00 5.796828869743e+00 -5.000000000000e-03
4.092013467940e+00 2.736117740401e+00 -5.000000000000e-03
3.238395516928e+00 9.310993864025e-02 -5.000000000000e-03
4.451469012543e+00 6.081059456632e+00 -5.000000000000e-03
2.530214678808e+00 3.009602985252e+00 -5.000000000000e-03
9.947528350912e-02 4.023494457632e+00 -5.000000000000e-03
4.013738691545e+00 5.393519474885e+00 -5.000000000000e-03
5.871770559261e+00 2.987382700816e+00 -5.000000000000e-03
2.599185714741e+00 1.644773234400e+00 -5.000000000000e-03
7.178930829143e-01 2.143144429485e+00 -5.000000000000e-03
2.776203413808e+00 2.027610002451e-01 -5.000000000000e-03
2.196346235503e+00 3.998447707637e+00 -5.000000000000e-03
3.360031838360e+00 4.606239123369e+00 -5.000000000000e-03
9.509395065274e-01 4.706952873610e+00 -5.000000000000e-03
1.938886347818e+00 4.543502707474e+00 -5.000000000000e-03
3.076732739838e+00 4.948021103329e+00 -5.000000000000e-03
3.362229351632e+00 1.157657150563e+00 -5.000000000000e-03
2.173607653289e+00 4.375046086671e+00 -5.000000000000e-03
3.984977151051e+00 5.973454770833e+00 -5.000000000000e-03
3.893968074179e+00 1.229191217869e+00 -5.000000000000e-03
4.202117661928e+00 6.217290233473e+00 -5.000000000000e-03
2.680624401283e+00 5.042699919501e+00 -5.000000000000e-03
2.193090595261e+00 2.836443870919e+00 -5.000000000000e-03
4.873993802361e+00 4.105894709957e+00 -5.000000000000e-03
4.630301591398e+00 4.040218614418e+00 -5.000000000000e-03
5.677127330516e+00 6.249300956263e+00 -5.000000000000e-03
1.255746649364e+00 1.435530205731e+00 -5.000000000000e-03
5.350115905385e+00 1.977439690701e+00 -5.000000000000e-03
3.997040872130e+00 3.691511702090e+00 -5.000000000000e-03
4.663075670248e+00 3.872371085531e+00 -5.000000000000e-03
2.949283720116e+00 3.864247410164e+00 -5.000000000000e-03
3.378959815373e+00 2.661058762678e+00 -5.000000000000e-03
7.090115071416e-01 1.147431330995e-01 -5.000000000000e-03
1.225358234327e+00 3.802486845992e+00 -5.000000000000e-03
5.224210203125e+00 7.985145195620e-02 -5.000000000000e-03
5.363383406823e+00 1.287044289348e+00 -5.000000000000e-03
2.263816924499e+00 4.413835283097e+00 -5.000000000000e-03
1.840536685695e+00 4.758212748227e-01 -5.000000000000e-03
1.749081451561e+00 5.963560505445e+00 -5.000000000000e-03
5.734340540278e+00 2.004024943481e+00 -5.000000000000e-03
4.933753258034e+00 5.336903302901e-02 -5.000000000000e-03
3.761843641296e+00 4.980526506408e-01 -5.000000000000e-03
6.104221205346e-01 5.283435170616e+00 -5.000000000000e-03
5.700626590173e+00 1.241627106812e+00 -5.000000000000e-03
5.333623949209e+00 3.288560140292e+00 -5.000000000000e-03
5.908797079567e+00 2.880582963177e+00 -5.000000000000e-03
2.698196613406e-01 4.384843577645e+00 -5.000000000000e-03
2.960909148289e+00 3.609772852581e+00 -5.000000000000e-03
5.289070447527e+00 5.207717632030e+00 -5.000000000000e-03
4.537168347487e+00 4.274438381003e+00 -5.000000000000e-03
3.149125298521e+00 2.782591822279e+00 -5.000000000000e-03
2.987992669762e+00 3.882749177320e+00 -5.000000000000e-03
3.455733102214e+00 5.760988697049e+00 -5.000000000000e-03
2.532987400562e+00 2.825542087483e+00 -5.000000000000e-03
3.697727576820e+00 5.837736505566e+00 -5.000000000000e-03
3.507988477953e+00 2.877732112024e+00 -5.000000000000e-03
2.636720251383e-01 2.382131078973e+00 -5.000000000000e-03
3.730324832928e-01 1.585206559416e+00 -5.000000000000e-03
2.083765889939e+00 1.021840862808e+00 -5.000000000000e-03
1.534414831498e+00 5.985800698420e+00 -5.000000000000e-03
8.715922131361e-01 2.091274186892e+00 -5.000000000000e-03
3.217995432959e+00 6.131241925223e+00 -5.000000000000e-03
1.875017938473e+00 5.273628217898e+00 -5.000000000000e-03
3.994457651348e+00 6.244275076548e+00 -5.000000000000e-03
2.601886711419e+00 5.383563593481e+00 -5.000000000000e-03
5.166734314003e+00 2.179704870071e+00 -5.000000000000e-03
4.723165333292e+00 1.910585868331e+00 -5.000000000000e-03
5.762519538058e+00 3.133211488233e+00 -5.000000000000e-03
3.796694527812e+00 4.731558460433e+00 -5.000000000000e-03
4.139142081270e+00 5.294974661222e+00 -5.000000000000e-03
4.172323488834e+00 3.584647752248e+00 -5.000000000000e-03
5.457061076859e+00 2.218984605446e+00 -5.000000000000e-03
