2.034669441000e+00 4.909145854469e+00 5.000000000000e-03
4.229479787795e+00 5.201163619287e+00 5.000000000000e-03
2.889687994407e+00 3.664943434181e+00 5.000000000000e-03
2.764893891723e+00 2.387434001800e+00 5.000000000000e-03
5.116787755623e+00 6.201013732730e+00 5.000000000000e-03
4.297015655678e-01 4.556435475511e+00 5.000000000000e-03
1.126418659094e+00 4.905172784505e+00 5.000000000000e-03
5.080132201429e+00 2.742957190894e+00 5.000000000000e-03
2.131333497193e+00 5.186729642891e+00 5.000000000000e-03
3.244265639944e+00 3.551110663160e+00 5.000000000000e-03
5.217839277133e+00 8.173950960805e-01 5.000000000000e-03
5.797427906447e-01 2.260023030672e+00 5.000000000000e-03
3.377964111700e-01 3.870766160249e+00 5.000000000000e-03
5.477980795783e+00 1.753863314195e+00 5.000000000000e-03
5.592486604224e+00 4.725488757880e+00 5.000000000000e-03
7.487179250853e-01 3.155690897414e+00 5.000000000000e-03
1.899592628148e-01 5.135118304247e+00 5.000000000000e-03
5.158650058795e+00 5.399266463083e-02 5.000000000000e-03
5.044565183271e+00 8.266578789255e-01 5.000000000000e-03
4.491944300557e+00 1.687283022306e+00 5.000000000000e-03
4.563840052323e+00 3.942858135339e+00 5.000000000000e-03
2.733955788527e+00 3.012210082621e+00 5.000000000000e-03
1.591068395784e+00 4.444130162876e+00 5.000000000000e-03
5.226524172773e+00 5.054713327616e-01 5.000000000000e-03
2.873120268739e+00 6.104411076957e+00 5.000000000000e-03
5.546296866525e+00 2.936399896357e+00 5.000000000000e-03
5.199723780217e+00 4.501184424340e+00 5.000000000000e-03
4.152418799755e+00 9.400879111971e-01 5.000000000000e-03
3.217083587579e-01 5.659409801654e-01 5.000000000000e-03
4.799225534296e+00 4.922421674633e+00 5.000000000000e-03
1.994960744744e+00 5.352751342467e-01 5.000000000000e-03
3.900184469173e+00 5.333118718558e+00 5.000000000000e-03
4.757802876172e+00 2.763264005586e+00 5.000000000000e-03
5.437331366926e+00 4.005448012679e+00 5.000000000000e-03
2.871313358414e+00 1.495292543663e+00 5.000000000000e-03
4.403664155955e+00 1.972033944183e+00 5.000000000000e-03
5.091877567113e-01 8.717797491250e-01 5.000000000000e-03
3.477226390316e+00 1.529374945441e+00 5.000000000000e-03
1.125077781720e+00 1.382887851251e+00 5.000000000000e-03
8.608475155979e-01 4.560753485169e+00 5.000000000000e-03
6.099991068263e+00 1.274644826413e+00 5.000000000000e-03
2.023638610486e+00 1.888045939484e+00 5.000000000000e-03
7.442461573080e-01 3.653705778355e+00 5.000000000000e-03
5.374191158852e+00 2.508818154850e+00 5.000000000000e-03
5.599730555299e+00 4.126988326247e+00 5.000000000000e-03
4.257529876500e+00 3.185987917804e+00 5.000000000000e-03
2.583277068421e+00 5.373431971278e+00 5.000000000000e-03
2.120690410908e+00 1.911868249384e+00 5.000000000000e-03
3.582553135106e+00 5.803458336074e+00 5.000000000000e-03
3.483271855061e+00 1.307101007721e+00 5.000000000000e-03
2.099803282186e+00 2.090666170362e+00 5.000000000000e-03
5.514433871834e+00 4.713189834858e+00 5.000000000000e-03
2.482652634907e+00 1.019364075998e+00 5.000000000000e-03
1.093749759433e-01 3.642198256487e+00 5.000000000000e-03
1.899781381611e+00 4.398692328897e-01 5.000000000000e-03
4.317912076730e+00 1.549269513852e+00 5.000000000000e-03
4.907206666404e-01 2.472876104691e+00 5.000000000000e-03
5.701069192807e+00 6.235551873255e+00 5.000000000000e-03
3.294160907902e+00 1.710556135479e+00 5.000000000000e-03
2.855054162655e+00 2.419610358839e+00 5.000000000000e-03
6.605259549185e-01 3.614947581273e+00 5.000000000000e-03
5.850454074199e+00 2.036338026098e+00 5.000000000000e-03
4.001001210837e+00 2.217779178470e+00 5.000000000000e-03
1.629802074444e+00 5.817830627353e-02 5.000000000000e-03
2.351603922935e-01 7.643344673643e-01 5.000000000000e-03
4.934264328442e+00 2.798941622699e+00 5.000000000000e-03
5.619276876483e+00 5.031386711103e+00 5.000000000000e-03
2.351177185850e+00 2.121797012448e+00 5.000000000000e-03
4.510866334733e+00 5.477374812024e-01 5.000000000000e-03
3.419488647723e+00 4.228051888330e+00 5.000000000000e-03
5.609103424037e+00 5.133203112457e-01 5.000000000000e-03
3.513900215783e+00 5.795318242911e+00 5.000000000000e-03
5.215318028638e+00 6.380524305962e-01 5.000000000000e-03
1.628461709348e-01 4.404857192476e+00 5.000000000000e-03
2.510483409179e+00 5.724774653239e+00 5.000000000000e-03
6.194759838777e+00 6.099664101627e+00 5.000000000000e-03
5.707587362560e+00 5.329286913747e+00 5.000000000000e-03
1.906289244789e+00 5.868581556692e-01 5.000000000000e-03
3.270447548151e+00 3.749447199772e+00 5.000000000000e-03
1.610185273204e+00 3.414104844777e+00 5.000000000000e-03
3.895981270565e+00 2.126320248253e+00 5.000000000000e-03
6.030810301300e-01 7.784468552352e-01 5.000000000000e-03
3.915199149830e+00 2.611261747646e-01 5.000000000000e-03
5.051930894875e+00 8.603249036677e-02 5.000000000000e-03
4.575998283144e-01 1.580963535815e-01 5.000000000000e-03
2.972691859577e+00 2.264434314177e+00 5.000000000000e-03
4.053844951211e+00 3.988646313018e+00 5.000000000000e-03
2.837519085822e+00 5.547942005890e+00 5.000000000000e-03
4.681882126579e+00 4.393725575654e+00 5.000000000000e-03
1.246452843854e+00 4.707494610861e+00 5.000000000000e-03
2.241644403919e+00 5.228927947739e+00 5.000000000000e-03
3.147773606158e+00 4.746518667908e+00 5.000000000000e-03
3.935274961202e-01 2.861932346247e+00 5.000000000000e-03
3.603552054166e+00 4.156723670175e+00 5.000000000000e-03
2.589199708247e+00 2.731865566203e+00 5.000000000000e-03
5.637516557393e+00 3.421062731137e+00 5.000000000000e-03
5.358278667466e+00 3.476840681241e+00 5.000000000000e-03
2.787531692868e+00 1.338376798571e+00 5.000000000000e-03
6.438694093214e-01 3.598812313438e-01 5.000000000000e-03
5.116941871505e+00 4.007825693056e-02 5.000000000000e-03
3.153007762631e+00 2.238458814382e+00 -5.000000000000e-03
2.030556526343e+00 3.240059598442e+00 -5.000000000000e-03
7.137458490927e-01 4.113718168570e+00 -5.000000000000e-03
4.855608685791e+00 3.562957004206e+00 -5.000000000000e-03
5.661557096986e+00 3.807695595358e+00 -5.000000000000e-03
3.029913333799e+00 2.449035838690e+00 -5.000000000000e-03
2.168039746307e+00 4.340404040566e+00 -5.000000000000e-03
2.797767174767e+00 8.154598466651e-01 -5.000000000000e-03
1.737877843578e+00 3.976944373218e+00 -5.000000000000e-03
3.683914791354e+00 2.515416784475e+00 -5.000000000000e-03
8.429526480980e-01 3.271899661954e+00 -5.000000000000e-03
3.652271812938e+00 5.802666173555e+00 -5.000000000000e-03
1.863121710551e+00 3.929406684855e+00 -5.000000000000e-03
1.596434470355e+00 1.305267553915e+00 -5.000000000000e-03
3.738347057174e+00 2.746502616662e+00 -5.000000000000e-03
4.680140505744e+00 3.200132071763e+00 -5.000000000000e-03
3.545176386682e+00 4.067534584632e-02 -5.000000000000e-03
4.513867227191e+00 1.137481778870e+00 -5.000000000000e-03
1.040603381297e+00 3.464590128223e+00 -5.000000000000e-03
5.764621044345e+00 5.282176820112e+00 -5.000000000000e-03
2.619069427303e+00 3.297556521902e+00 -5.000000000000e-03
5.827183184463e+00 2.619567664351e-01 -5.000000000000e-03
4.096039240112e-01 2.472149002876e+00 -5.000000000000e-03
3.171948123301e+00 4.902322081014e+00 -5.000000000000e-03
4.113838184039e+00 2.572153301186e+00 -5.000000000000e-03
7.793886324726e-01 3.098120638949e+00 -5.000000000000e-03
2.367684990807e+00 2.086040904013e+00 -5.000000000000e-03
5.273798253166e+00 9.291719835651e-02 -5.000000000000e-03
3.003270542561e+00 3.040006166493e+00 -5.000000000000e-03
4.973111072623e+00 4.283890287305e+00 -5.000000000000e-03
3.692512830302e+00 5.458272102432e+00 -5.000000000000e-03
2.178491469842e+00 1.272260474887e+00 -5.000000000000e-03
4.416072232624e+00 4.106789962241e-01 -5.000000000000e-03
5.960061850388e-01 4.538587279358e+00 -5.000000000000e-03
4.633109040373e-01 3.262765793331e+00 -5.000000000000e-03
2.383040716649e+00 1.485296817677e+00 -5.000000000000e-03
2.004491487910e+00 1.106238671049e+00 -5.000000000000e-03
2.117351481560e+00 1.313152417026e+00 -5.000000000000e-03
3.370112966556e+00 9.888723640299e-01 -5.000000000000e-03
4.147418101950e-01 1.008251056006e+00 -5.000000000000e-03
2.590334549824e+00 3.280039745581e+00 -5.000000000000e-03
8.321233065786e-01 4.709448552491e+00 -5.000000000000e-03
3.672432023627e+00 3.812384459979e+00 -5.000000000000e-03
5.774304718876e+00 4.637592612172e-01 -5.000000000000e-03
2.970736457237e+00 3.030143090829e+00 -5.000000000000e-03
1.767262087393e+00 5.879538163788e+00 -5.000000000000e-03
5.218846612744e-01 4.417466570030e+00 -5.000000000000e-03
5.564028500722e+00 7.931098205478e-01 -5.000000000000e-03
1.063355854418e+00 4.368360450329e-01 -5.000000000000e-03
1.839160073746e+00 5.757578913289e+00 -5.000000000000e-03
1.318383702389e+00 3.220539356629e+00 -5.000000000000e-03
4.004636285238e+00 2.597040595000e+00 -5.000000000000e-03
3.936042262582e+00 5.844095672275e+00 -5.000000000000e-03
5.071805239335e+00 9.005640586204e-01 -5.000000000000e-03
2.534760579032e+00 4.751965428299e+00 -5.000000000000e-03
1.927060706631e+00 2.047093040138e+00 -5.000000000000e-03
4.382074118170e+00 2.294262541405e+00 -5.000000000000e-03
2.999892631792e+00 1.099590269303e+00 -5.000000000000e-03
5.323221834563e-01 2.861450575571e-01 -5.000000000000e-03
6.504463177675e-01 3.142787941891e+00 -5.000000000000e-03
1.064692520905e+00 4.600645286183e+00 -5.000000000000e-03
1.115193791608e+00 5.218841061457e-01 -5.000000000000e-03
1.283161123815e+00 1.151531614014e+00 -5.000000000000e-03
8.547699747791e-01 5.449050975880e-01 -5.000000000000e-03
6.510659666500e-01 6.951867017778e-01 -5.000000000000e-03
6.127410848969e+00 2.438705172869e+00 -5.000000000000e-03
3.685090728715e+00 5.964735877255e+00 -5.000000000000e-03
2.001108633511e+00 1.731185356050e+00 -5.000000000000e-03
3.012143370234e+00 1.594254800507e+00 -5.000000000000e-03
4.590220124183e+00 4.207412711952e-01 -5.000000000000e-03
4.334404348907e+00 2.642802799048e+00 -5.000000000000e-03
1.343699651576e+00 5.814734623801e+00 -5.000000000000e-03
6.143749022341e+00 4.894650860314e+00 -5.000000000000e-03
1.821181853010e+00 5.856319666072e+00 -5.000000000000e-03
2.515357390650e+00 5.337650634375e+00 -5.000000000000e-03
3.733427816443e+00 1.740645492252e-01 -5.000000000000e-03
2.356589269096e+00 8.391119586710e-02 -5.000000000000e-03
4.154552645370e+00 1.260145022918e+00 -5.000000000000e-03
2.961775287071e+00 1.474383489869e+00 -5.000000000000e-03
5.281586479103e+00 2.422155054308e+00 -5.000000000000e-03
6.290400608132e-01 3.994137891285e+00 -5.000000000000e-03
1.936268600451e+00 3.975570034143e+00 -5.000000000000e-03
1.760245875467e+00 1.630996212684e+00 -5.000000000000e-03
2.263431108903e+00 4.007216802110e+00 -5.000000000000e-03
3.736805602144e+00 3.684700335282e+00 -5.000000000000e-03
1.790449257471e+00 6.130560553253e+00 -5.000000000000e-03
4.332680154145e+00 5.654119795997e+00 -5.000000000000e-03
4.959313740593e+00 1.719348856791e+00 -5.000000000000e-03
2.548927893005e+00 5.972590399907e+00 -5.000000000000e-03
3.205500292593e-01 2.575839907604e+00 -5.000000000000e-03
1.894658518817e+00 4.431377555746e+00 -5.000000000000e-03
5.850060796141e+00 6.112736473926e+00 -5.000000000000e-03
4.689549536902e+00 5.908420309508e+00 -5.000000000000e-03
6.009944750283e+00 4.062798455426e+00 -5.000000000000e-03
5.782497385938e+00 5.929841348295e+00 -5.000000000000e-03
9.522182949544e-01 2.645127304383e+00 -5.000000000000e-03
2.633057667186e+00 3.725246813981e+00 -5.000000000000e-03
4.674560942568e+00 2.358686798287e+00 -5.000000000000e-03
3.138350004954e+00 2.682778377614e+00 -5.000000000000e-03
1.319297570129e+00 2.383908215325e-02 -5.000000000000e-03
