4.610893891282e+00 5.413164844314e+00 5.000000000000e-03
3.619367046103e+00 5.667145356619e-01 5.000000000000e-03
4.987852471778e+00 2.317910785794e+00 5.000000000000e-03
5.878803890026e+00 5.593801024215e+00 5.000000000000e-03
5.668117330134e+00 5.062443522342e+00 5.000000000000e-03
6.159639589922e+00 4.709839707187e+00 5.000000000000e-03
6.956853445158e-01 4.843576697030e+00 5.000000000000e-03
4.993188513961e+00 5.002892657045e+00 5.000000000000e-03
4.629509095526e+00 3.901283488749e+00 5.000000000000e-03
3.329033135020e+00 6.091671844781e+00 5.000000000000e-03
1.513702177568e+00 9.043411473092e-02 5.000000000000e-03
4.100298479027e+00 7.025983785453e-01 5.000000000000e-03
5.111255613305e-01 4.389979955750e+00 5.000000000000e-03
1.436612612110e+00 4.420638452108e+00 5.000000000000e-03
6.246374792442e+00 2.553465947947e-01 5.000000000000e-03
4.103925575398e+00 5.292261845379e+00 5.000000000000e-03
4.724880600529e+00 5.096969988122e+00 5.000000000000e-03
2.988711574627e+00 6.062727589146e+00 5.000000000000e-03
2.746562038019e+00 3.422723324765e+00 5.000000000000e-03
3.530453405563e+00 3.799181133613e+00 5.000000000000e-03
1.140642539095e+00 4.838735375536e+00 5.000000000000e-03
4.506977133229e-01 2.105054379041e+00 5.000000000000e-03
2.532808174426e+00 4.730901968221e+00 5.000000000000e-03
2.989789750543e+00 9.523773558845e-01 5.000000000000e-03
8.100148605503e-01 7.302891156607e-01 5.000000000000e-03
3.918613757368e+00 3.044171109124e+00 5.000000000000e-03
3.602090525327e+00 4.790756939697e+00 5.000000000000e-03
4.092145406789e+00 1.562129361223e-01 5.000000000000e-03
6.119916457791e+00 3.325841688927e+00 5.000000000000e-03
9.106040241569e-01 6.193362000368e+00 5.000000000000e-03
7.720484798733e-01 1.919664827331e+00 5.000000000000e-03
3.116555208048e+00 1.768459170129e+00 5.000000000000e-03
5.474165102035e+00 1.277491668352e+00 5.000000000000e-03
4.898052734462e+00 5.830698267833e+00 5.000000000000e-03
1.976148657579e+00 3.437016194099e+00 5.000000000000e-03
5.493204520888e+00 3.492818353120e+00 5.000000000000e-03
5.573082696294e+00 3.265040701472e+00 5.000000000000e-03
5.414141954796e+00 1.568832318824e+00 5.000000000000e-03
3.039915254155e-01 3.224222776850e+00 5.000000000000e-03
4.428409532086e+00 1.109042559218e+00 5.000000000000e-03
4.063397472674e-01 5.296361386722e+00 5.000000000000e-03
6.264035896659e+00 6.060763479884e+00 5.000000000000e-03
5.772255689847e+00 2.847010359696e+00 5.000000000000e-03
7.151339781342e-02 5.640276377205e-01 5.000000000000e-03
4.224895688288e+00 6.282787407401e+00 5.000000000000e-03
3.683544129745e+00 2.383564906450e-02 5.000000000000e-03
4.361884799377e+00 9.097571785992e-01 5.000000000000e-03
1.062071451067e+00 1.294858940723e-01 5.000000000000e-03
6.118641898906e+00 1.567428364726e-01 5.000000000000e-03
5.795056447923e+00 5.357845715824e+00 5.000000000000e-03
5.839651497222e+00 5.353197345765e+00 5.000000000000e-03
2.545538915425e+00 5.763811784717e+00 5.000000000000e-03
9.083098630654e-02 3.731544493685e+00 5.000000000000e-03
4.011718020803e+00 5.915393553023e-01 5.000000000000e-03
3.639412094846e+00 3.322826258920e+00 5.000000000000e-03
4.512408134567e+00 2.372043341516e+00 5.000000000000e-03
1.364521858276e+00 3.168143256084e+00 5.000000000000e-03
7.359764219734e-02 4.543112781594e+00 5.000000000000e-03
9.291959109535e-01 3.129964077895e-01 5.000000000000e-03
8.097710369137e-01 3.537722635288e+00 5.000000000000e-03
4.647071170535e+00 2.767086760864e+00 5.000000000000e-03
4.528204185250e+00 5.398951407878e+00 5.000000000000e-03
1.751305490234e+00 9.123051598347e-01 5.000000000000e-03
3.438529852650e+00 1.110222845166e+00 5.000000000000e-03
5.341853116099e-01 5.874637470603e+00 5.000000000000e-03
4.554649941889e+00 4.641850835749e+00 5.000000000000e-03
5.083678039100e+00 3.136517698305e+00 5.000000000000e-03
6.223380750613e-01 3.512618721610e+00 5.000000000000e-03
9.747979091127e-01 1.596271717421e+00 5.000000000000e-03
5.572550735497e+00 2.275427068505e+00 5.000000000000e-03
3.636051198318e-02 3.499296954597e-01 5.000000000000e-03
2.325035395209e+00 4.421934209340e+00 5.000000000000e-03
3.023774280858e+00 8.230144767823e-01 5.000000000000e-03
5.855442133642e+00 3.971742996595e+00 5.000000000000e-03
1.728353659610e+00 3.015797928466e-01 5.000000000000e-03
1.404662973989e+00 4.235710898903e+00 5.000000000000e-03
1.964131149241e+00 1.975213881734e-01 5.000000000000e-03
5.481016358340e+00 2.159713766793e+00 5.000000000000e-03
1.928034907817e+00 2.205835732785e+00 5.000000000000e-03
2.090416619396e+00 5.303872603731e+00 5.000000000000e-03
2.376700338068e+00 5.722069572545e+00 5.000000000000e-03
4.700186124834e+00 2.011004426717e+00 5.000000000000e-03
3.798888707684e+00 5.212318344561e-01 5.000000000000e-03
2.329147020989e+00 2.339062570488e+00 5.000000000000e-03
1.845685549348e+00 5.224285856857e+00 5.000000000000e-03
2.564374328876e+00 4.634492682031e+00 5.000000000000e-03
1.773925351588e+00 9.913066681881e-01 5.000000000000e-03
1.388512391563e-01 4.987167896942e-01 5.000000000000e-03
2.169794009984e+00 3.635828446772e+00 5.000000000000e-03
1.143065006457e+00 2.511544150045e+00 5.000000000000e-03
3.674345042311e+00 4.750936938533e+00 5.000000000000e-03
4.411526939566e+00 1.274532238430e+00 5.000000000000e-03
4.816758964474e+00 6.006693993259e+00 5.000000000000e-03
1.076427756923e+00 2.246054743032e-01 5.000000000000e-03
2.832197792933e+00 5.409029225464e+00 5.000000000000e-03
9.720970092299e-01 1.382570536496e-01 5.000000000000e-03
5.773585633736e+00 3.035745385064e+00 5.000000000000e-03
2.602747875471e+00 4.784529753484e+00 5.000000000000e-03
4.759359248016e+00 9.625030976011e-01 5.000000000000e-03
3.741886529481e+00 2.469235114015e+00 5.000000000000e-03
5.382281453632e+00 5.386878544192e+00 -5.000000000000e-03
3.182846619180e+00 5.904457932610e+00 -5.000000000000e-03
3.989817934371e+00 2.824225558667e+00 -5.000000000000e-03
3.842814762639e+00 2.734672124216e+00 -5.000000000000e-03
5.874900101677e+00 4.477375310542e+00 -5.000000000000e-03
3.052150806122e-01 4.335421360879e+00 -5.000000000000e-03
1.026999806440e+00 2.770148553730e+00 -5.000000000000e-03
5.389000995705e+00 3.838792173661e+00 -5.000000000000e-03
2.628390235515e+00 3.663784045029e+00 -5.000000000000e-03
4.079469247117e+00 4.860647052239e-01 -5.000000000000e-03
2.877961035899e+00 1.082962653974e+00 -5.000000000000e-03
1.846565403210e+00 3.456673138939e+00 -5.000000000000e-03
3.159412419303e+00 1.108909649631e+00 -5.000000000000e-03
6.216611689066e+00 4.175512910259e-01 -5.000000000000e-03
1.674719415795e+00 1.811145542187e+00 -5.000000000000e-03
5.934107067251e+00 4.225090609454e+00 -5.000000000000e-03
9.510857222412e-01 7.920000878842e-01 -5.000000000000e-03
2.013137450033e+00 3.758207612222e+00 -5.000000000000e-03
2.095394884382e+00 3.612481569229e+00 -5.000000000000e-03
2.045895693382e+00 5.872973166203e+00 -5.000000000000e-03
5.715572074182e+00 3.554050102915e+00 -5.000000000000e-03
4.875231333390e+00 4.870962617249e+00 -5.000000000000e-03
5.469203606522e+00 3.813501692901e+00 -5.000000000000e-03
3.316066142781e+00 2.340771086164e+00 -5.000000000000e-03
3.801640731819e+00 3.926338624921e+00 -5.000000000000e-03
5.983248671005e+00 6.069179619345e-01 -5.000000000000e-03
5.326276725486e+00 6.247285767573e+00 -5.000000000000e-03
2.513174469670e+00 1.252675911281e+00 -5.000000000000e-03
1.480764610823e+00 5.559776125831e+00 -5.000000000000e-03
2.970652025392e+00 5.322837934107e+00 -5.000000000000e-03
2.768678078699e+00 2.807576890491e+00 -5.000000000000e-03
5.050876611078e+00 3.132075876030e+00 -5.000000000000e-03
3.424260233028e+00 3.672841783202e+00 -5.000000000000e-03
4.641983042829e+00 2.996746440193e-01 -5.000000000000e-03
4.225823897772e+00 6.073233147711e+00 -5.000000000000e-03
5.380754149487e+00 2.786126179520e+00 -5.000000000000e-03
5.412580346322e+00 3.478358176523e+00 -5.000000000000e-03
5.533639836669e+00 1.717207146678e+00 -5.000000000000e-03
4.337894860546e+00 1.406783010463e-01 -5.000000000000e-03
4.409227832726e+00 1.328164812114e+00 -5.000000000000e-03
5.243276367037e+00 5.294085497058e+00 -5.000000000000e-03
4.034435667146e+00 2.602644358243e+00 -5.000000000000e-03
6.190411211688e+00 4.412865997630e+00 -5.000000000000e-03
1.601089786726e+00 5.097552092140e+00 -5.000000000000e-03
1.177481482550e+00 4.469155361506e+00 -5.000000000000e-03
3.632515809921e+00 5.785593348332e+00 -5.000000000000e-03
5.965448349356e+00 2.951251547307e+00 -5.000000000000e-03
4.642517980402e+00 4.441848071110e+00 -5.000000000000e-03
4.945539863445e+00 4.896131785448e+00 -5.000000000000e-03
4.775274334261e+00 6.083546303379e+00 -5.000000000000e-03
5.694297243694e+00 6.105577834939e+00 -5.000000000000e-03
3.580517804197e-01 2.471859987488e+00 -5.000000000000e-03
2.506062902358e+00 4.886640067314e+00 -5.000000000000e-03
4.886196379110e+00 3.106978337303e-01 -5.000000000000e-03
4.008558785265e+00 1.541424680371e+00 -5.000000000000e-03
3.410400275491e+00 1.484434279440e+00 -5.000000000000e-03
4.863854352607e+00 5.207092490428e+00 -5.000000000000e-03
3.385912961552e+00 7.801006047054e-02 -5.000000000000e-03
2.658945342784e+00 8.906039812203e-01 -5.000000000000e-03
5.558890978907e+00 4.718012545830e+00 -5.000000000000e-03
2.910104754451e+00 5.645927802877e+00 -5.000000000000e-03
2.523645685882e+00 5.688309187350e+00 -5.000000000000e-03
3.591440299745e+00 2.211241023850e+00 -5.000000000000e-03
5.642081917323e+00 5.253457796824e+00 -5.000000000000e-03
3.444575226944e+00 4.121308593717e+00 -5.000000000000e-03
3.744260465456e+00 4.683553378335e+00 -5.000000000000e-03
1.391200676550e+00 5.382845587926e+00 -5.000000000000e-03
4.126519404637e+00 2.039188192752e+00 -5.000000000000e-03
4.884928987916e+00 3.764847884924e+00 -5.000000000000e-03
3.926873691221e+00 1.664432155457e+00 -5.000000000000e-03
3.269794661406e+00 3.455835357336e+00 -5.000000000000e-03
5.140402615498e+00 3.286476390310e+00 -5.000000000000e-03
2.580301796988e+00 1.723886930305e+00 -5.000000000000e-03
1.824972714929e+00 5.008440331740e+00 -5.000000000000e-03
2.703486652606e+00 2.780485916061e+00 -5.000000000000e-03
4.254965411743e+00 2.009044657762e+00 -5.000000000000e-03
6.024832812733e+00 2.368777000764e+00 -5.000000000000e-03
1.147033983144e+00 9.135325699253e-01 -5.000000000000e-03
5.275705151340e+00 5.704990219781e+00 -5.000000000000e-03
2.644050924839e+00 1.083606785505e+00 -5.000000000000e-03
1.049178427944e+00 5.119081601801e-01 -5.000000000000e-03
4.332840845120e+00 5.834088789509e+00 -5.000000000000e-03
5.169481028859e+00 4.114920092992e+00 -5.000000000000e-03
4.623671666440e+00 4.172508921515e+00 -5.000000000000e-03
3.259637475214e+00 1.094428728220e-01 -5.000000000000e-03
2.765261614897e+00 4.711506731363e+00 -5.000000000000e-03
1.857947170927e+00 1.351994095463e+00 -5.000000000000e-03
4.199343255213e+00 2.865787615365e+00 -5.000000000000e-03
4.540336630014e+00 8.648327368734e-02 -5.000000000000e-03
4.436955783322e+00 3.942218287762e+00 -5.000000000000e-03
2.958380737337e+00 8.077671513743e-01 -5.000000000000e-03
6.155248366758e-01 2.178093989047e+00 -5.000000000000e-03
3.672327140885e+00 4.940340935662e+00 -5.000000000000e-03
1.817818462605e+00 3.099201319228e+00 -5.000000000000e-03
7.445267701912e-01 1.065817455421e+00 -5.000000000000e-03
3.269189734331e+00 4.726145343811e+00 -5.000000000000e-03
1.053110600077e+00 2.706447918777e+00 -5.000000000000e-03
1.283442302138e+00 5.692153271868e+00 -5.000000000000e-03
4.879931318538e+00 5.396857577952e+00 -5.000000000000e-03
6.747547996555e-01 2.046197285226e-01 -5.000000000000e-03
