3.890681507613e+00 1.117019753357e+00 5.000000000000e-03
3.579801502965e-01 6.143662271133e-01 5.000000000000e-03
3.205207285643e+00 5.971408734704e+00 5.000000000000e-03
2.581528196901e+00 3.331059413627e+00 5.000000000000e-03
2.475300003878e+00 6.885809640830e-01 5.000000000000e-03
5.093594385609e+00 5.099572215333e+00 5.000000000000e-03
4.813603134848e+00 2.346558653120e+00 5.000000000000e-03
4.884550280911e+00 1.341346890781e-01 5.000000000000e-03
1.966351331536e-01 3.296853999769e+00 5.000000000000e-03
2.811861622606e+00 4.288656041496e+00 5.000000000000e-03
5.958495228545e+00 7.241436345480e-01 5.000000000000e-03
4.068297667892e+00 1.432263478471e+00 5.000000000000e-03
3.174954609123e+00 5.529677054260e+00 5.000000000000e-03
4.600442004546e+00 5.249095606969e+00 5.000000000000e-03
3.626624553844e+00 4.787683965021e+00 5.000000000000e-03
2.674847786085e+00 2.814386368845e+00 5.000000000000e-03
3.611812106458e+00 5.608505401237e+00 5.000000000000e-03
1.789701532195e+00 2.931702274942e-01 5.000000000000e-03
1.903980225030e+00 5.935075521479e+00 5.000000000000e-03
1.270418143373e+00 1.252414310690e+00 5.000000000000e-03
6.249126391538e+00 5.997160048575e+00 5.000000000000e-03
1.694937999465e+00 5.710886542627e+00 5.000000000000e-03
5.693547280549e+00 8.406395238902e-02 5.000000000000e-03
3.097911071178e-01 2.639272390139e+00 5.000000000000e-03
4.675509748736e+00 5.019473683085e+00 5.000000000000e-03
3.095697289811e-01 6.099425005244e+00 5.000000000000e-03
1.336695553043e+00 5.869552753341e+00 5.000000000000e-03
1.471970226188e+00 2.545751594643e+00 5.000000000000e-03
6.232411264114e+00 1.324585159840e+00 5.000000000000e-03
5.229225919815e+00 5.909640433728e+00 5.000000000000e-03
8.506449850014e-01 2.720625531871e+00 5.000000000000e-03
5.447215728228e-01 4.321957524458e+00 5.000000000000e-03
7.793152582269e-01 3.979051778586e+00 5.000000000000e-03
6.814455418515e-01 2.626836480544e+00 5.000000000000e-03
4.594346906719e+00 2.544512517788e+00 5.000000000000e-03
5.624276419585e+00 1.400367579623e+00 5.000000000000e-03
7.324846270375e-01 4.677300442099e+00 5.000000000000e-03
4.766691396039e+00 4.443717021172e+00 5.000000000000e-03
4.723027243307e-01 2.138314745246e+00 5.000000000000e-03
3.808074474459e+00 6.063383018546e+00 5.000000000000e-03
1.872339255154e-01 3.733084738457e+00 5.000000000000e-03
4.109588286631e+00 4.719034099923e+00 5.000000000000e-03
4.626210303363e+00 1.151609441849e+00 5.000000000000e-03
3.499247096798e-01 3.299125665980e+00 5.000000000000e-03
6.396178592747e-01 3.612497650030e+00 5.000000000000e-03
3.233620504027e+00 2.071056004200e+00 5.000000000000e-03
4.220251264149e+00 1.028120077965e+00 5.000000000000e-03
4.969448549109e+00 2.611218417118e+00 5.000000000000e-03
8.673433342106e-01 4.237131940371e+00 5.000000000000e-03
2.972018890188e+00 1.780872455855e+00 5.000000000000e-03
2.143599980535e+00 1.821727733150e+00 5.000000000000e-03
4.940455695647e+00 1.838974306824e+00 5.000000000000e-03
4.515930312967e+00 6.027022237533e+00 5.000000000000e-03
4.547979148533e-01 5.753254676065e+00 5.000000000000e-03
3.680022030218e+00 3.004235259441e+00 5.000000000000e-03
5.703195190439e+00 5.512607110229e+00 5.000000000000e-03
3.495357472291e+00 4.903034751207e+00 5.000000000000e-03
2.006998160241e+00 1.103939650516e+00 5.000000000000e-03
4.951704173668e+00 2.914170173642e+00 5.000000000000e-03
1.169359779814e+00 1.208103465014e-01 5.000000000000e-03
9.361034006391e-01 4.764559446681e-01 5.000000000000e-03
5.708365119295e+00 3.991559357649e+00 5.000000000000e-03
1.627530787202e+00 5.109080419410e+00 5.000000000000e-03
2.690634667810e+00 2.096275083579e+00 5.000000000000e-03
6.183206726378e+00 6.666209179861e-01 5.000000000000e-03
6.133820784077e+00 4.891832693786e+00 5.000000000000e-03
1.931162380211e+00 4.446602104325e+00 5.000000000000e-03
2.039256649398e+00 4.435633053028e+00 5.000000000000e-03
1.153666198040e+00 6.074032147622e-01 5.000000000000e-03
2.396934658721e+00 2.497849937710e+00 5.000000000000e-03
2.238365216323e+00 1.022626973486e+00 5.000000000000e-03
5.798098794282e+00 4.635231275697e-01 5.000000000000e-03
1.748316252492e+00 1.659266563743e-01 5.000000000000e-03
4.728643657174e+00 6.030030706114e+00 5.000000000000e-03
1.952899533226e+00 1.008604264156e+00 5.000000000000e-03
4.863964661000e-01 4.488247897397e+00 5.000000000000e-03
5.439677221230e+00 7.193369657246e-01 5.000000000000e-03
8.960297662059e-01 6.068302261816e+00 5.000000000000e-03
1.247410001191e+00 2.413339085156e+00 5.000000000000e-03
2.772923582239e+00 5.457357567453e+00 5.000000000000e-03
6.176541779709e+00 4.216179036317e+00 5.000000000000e-03
3.240025689724e+00 5.613833297077e+00 5.000000000000e-03
9.803420914472e-01 4.093175158929e+00 5.000000000000e-03
6.073415459748e+00 5.408088989017e+00 5.000000000000e-03
1.283744218347e+00 3.471221930355e+00 5.000000000000e-03
3.288781445022e+00 3.392286538503e+00 5.000000000000e-03
6.008608830344e+00 4.246696379960e+00 5.000000000000e-03
4.514980840698e+00 1.181944540549e+00 5.000000000000e-03
2.934338599766e+00 5.962609563420e+00 5.000000000000e-03
1.812011579195e+00 4.672253428432e+00 5.000000000000e-03
5.646176810487e+00 6.555724233454e-01 5.000000000000e-03
2.244404516966e+00 1.020226491020e-01 5.000000000000e-03
6.093693503218e+00 4.966508637206e+00 5.000000000000e-03
5.064690883580e+00 6.009145771772e+00 5.000000000000e-03
5.703355501626e+00 5.424030154069e+00 5.000000000000e-03
2.124639828133e+00 5.006243474333e+00 5.000000000000e-03
2.756271612517e+00 5.265113819998e+00 5.000000000000e-03
2.588374929985e+00 1.531577883744e+00 5.000000000000e-03
4.644739655260e-01 3.672248693686e+00 5.000000000000e-03
1.512831442111e-04 2.093349572259e+00 5.000000000000e-03
2.441998205082e+00 4.480462351566e+00 -5.000000000000e-03
9.591308885992e-02 5.944504089873e+00 -5.000000000000e-03
2.406242286300e+00 1.243085555553e+00 -5.000000000000e-03
1.658253993935e+00 3.226893253877e+00 -5.000000000000e-03
5.333040321142e+00 4.840272694613e+00 -5.000000000000e-03
1.377666620316e+00 5.267963213217e+00 -5.000000000000e-03
3.823804660473e+00 1.154460166977e+00 -5.000000000000e-03
3.819650947848e+00 2.288288482734e+00 -5.000000000000e-03
2.867928701607e+00 2.834001217305e+00 -5.000000000000e-03
1.131300988885e+00 2.691950773270e+00 -5.000000000000e-03
2.679775043122e-01 4.389528541109e+00 -5.000000000000e-03
2.084859702518e+00 4.121477635080e+00 -5.000000000000e-03
4.956253146778e+00 2.316606541156e+00 -5.000000000000e-03
3.369923244229e-01 5.259046601125e+00 -5.000000000000e-03
5.742222996188e+00 1.716794083386e+00 -5.000000000000e-03
2.417331596785e+00 2.658309007489e+00 -5.000000000000e-03
3.992134358732e+00 2.477114745476e+00 -5.000000000000e-03
2.026843703146e+00 4.019170207189e+00 -5.000000000000e-03
2.548138842089e+00 2.949460231079e+00 -5.000000000000e-03
5.040363896239e+00 5.240129920653e+00 -5.000000000000e-03
2.032168746504e+00 5.172986117470e+00 -5.000000000000e-03
3.211678640419e+00 1.639957899069e-01 -5.000000000000e-03
5.344881112012e+00 6.272403762240e+00 -5.000000000000e-03
3.024519351228e+00 1.836733723266e+00 -5.000000000000e-03
2.387049524911e+00 2.286827092167e+00 -5.000000000000e-03
3.415408718116e+00 3.024543161665e+00 -5.000000000000e-03
5.371815028761e+00 4.047916706539e+00 -5.000000000000e-03
1.750479056159e-01 3.636911792908e+00 -5.000000000000e-03
2.544215238215e+00 1.938428253167e+00 -5.000000000000e-03
2.475837512197e+00 1.097103532572e+00 -5.000000000000e-03
5.243791315037e+00 4.959611982429e+00 -5.000000000000e-03
5.242697231875e+00 1.615203417079e+00 -5.000000000000e-03
2.250674929775e+00 1.043671954510e+00 -5.000000000000e-03
3.944042021671e+00 2.261870436711e+00 -5.000000000000e-03
4.459787660083e+00 3.218596411649e+00 -5.000000000000e-03
5.210778142204e+00 2.243550204099e+00 -5.000000000000e-03
1.172984398750e-01 1.739726293882e+00 -5.000000000000e-03
2.742961215527e+00 4.042698662763e+00 -5.000000000000e-03
5.574943504784e+00 3.777952833445e+00 -5.000000000000e-03
4.880538395467e-02 3.465172025902e+00 -5.000000000000e-03
2.058709889644e+00 5.133542675961e+00 -5.000000000000e-03
3.908323989170e+00 6.201902731043e+00 -5.000000000000e-03
5.336043994112e+00 4.172865603718e+00 -5.000000000000e-03
1.754758014526e+00 2.052499780735e+00 -5.000000000000e-03
5.860999041903e+00 3.833075224212e+00 -5.000000000000e-03
1.058870022804e+00 1.340379287106e-01 -5.000000000000e-03
1.260855873550e+00 2.511098627219e+00 -5.000000000000e-03
3.456774748479e+00 6.237112428111e+00 -5.000000000000e-03
2.365025589570e+00 5.199117783986e+00 -5.000000000000e-03
2.191808068974e+00 2.116552780375e+00 -5.000000000000e-03
5.921698576143e+00 2.069545535047e+00 -5.000000000000e-03
5.521627679745e+00 5.262257868585e+00 -5.000000000000e-03
5.261126233984e+00 4.415290311952e+00 -5.000000000000e-03
1.986026966642e+00 3.739800502839e+00 -5.000000000000e-03
5.010797851357e+00 4.216702854729e+00 -5.000000000000e-03
3.551990297349e+00 1.165023839284e+00 -5.000000000000e-03
3.543978900986e+00 6.064641292693e+00 -5.000000000000e-03
1.910051660955e+00 3.627738600680e+00 -5.000000000000e-03
3.380924682021e+00 1.480684808192e+00 -5.000000000000e-03
5.591987316805e+00 4.281924354453e+00 -5.000000000000e-03
1.945608463833e+00 4.543409679453e+00 -5.000000000000e-03
8.025178018075e-01 1.832278923354e+00 -5.000000000000e-03
5.389372821376e+00 5.351553002792e+00 -5.000000000000e-03
1.502001343116e+00 2.048907662502e+00 -5.000000000000e-03
1.992374094838e-01 4.848890783090e+00 -5.000000000000e-03
5.411463536408e+00 5.944523139059e+00 -5.000000000000e-03
5.054621463300e+00 4.165476487285e+00 -5.000000000000e-03
5.652466986760e+00 4.729279631347e+00 -5.000000000000e-03
2.975390687085e-01 5.401669668396e+00 -5.000000000000e-03
2.469703716911e+00 1.607979326454e+00 -5.000000000000e-03
5.880000749836e+00 2.012537800371e+00 -5.000000000000e-03
3.516732435768e+00 4.601718354311e+00 -5.000000000000e-03
6.123291321441e-01 4.258607395104e+00 -5.000000000000e-03
2.591993702505e+00 5.082916462977e-01 -5.000000000000e-03
4.362386880929e+00 4.204230928290e+00 -5.000000000000e-03
5.453594676378e+00 5.987644600804e+00 -5.000000000000e-03
1.782718371165e+00 1.046405832204e+00 -5.000000000000e-03
1.950675073441e+00 1.458082902017e+00 -5.000000000000e-03
5.841169395265e+00 4.872419666640e-01 -5.000000000000e-03
5.268641892839e-01 8.771662452835e-01 -5.000000000000e-03
3.201065020163e+00 1.366609781876e-02 -5.000000000000e-03
4.488737806943e+00 6.111350898877e+00 -5.000000000000e-03
1.608072922646e+00 3.642342541898e+00 -5.000000000000e-03
3.692552133976e+00 4.089846721476e-01 -5.000000000000e-03
4.012047520936e+00 8.382652450396e-01 -5.000000000000e-03
4.835473202302e+00 9.862203553972e-01 -5.000000000000e-03
1.533136231598e+00 7.855847145590e-01 -5.000000000000e-03
5.997644561274e+00 5.119891184938e+00 -5.000000000000e-03
7.271647881655e-01 6.241300741709e+00 -5.000000000000e-03
2.135347440391e+00 2.205501713170e+00 -5.000000000000e-03
4.912846046065e-01 4.868847596578e+00 -5.000000000000e-03
5.074649147382e+00 5.773008258497e+00 -5.000000000000e-03
5.687797952897e+00 4.645945614106e-02 -5.000000000000e-03
4.871632605748e+00 3.449075332151e+00 -5.000000000000e-03
2.552303498798e+00 2.266479019585e+00 -5.000000000000e-03
3.211725280720e+00 6.249365372958e+00 -5.000000000000e-03
1.184998469382e-01 3.971595325562e+00 -5.000000000000e-03
8.574623007571e-01 4.839924925186e+00 -5.000000000000e-03
1.544173071088e+00 2.377637437907e+00 -5.000000000000e-03
1.523511774267e+00 5.136277504923e+00 -5.000000000000e-03
