4.358869936713e+00 4.626203080516e+00 5.000000000000e-03
4.537434880730e-01 3.375048345018e+00 5.000000000000e-03
5.159695356204e+00 5.019861686037e+00 5.000000000000e-03
1.364420830358e+00 4.990105225635e+00 5.000000000000e-03
3.291838167061e+00 3.500136640887e+00 5.000000000000e-03
5.398449790977e+00 3.044316194101e+00 5.000000000000e-03
3.080195438326e+00 3.963782363675e+00 5.000000000000e-03
1.101386838356e+00 2.581630939040e+00 5.000000000000e-03
5.898115771740e+00 6.678830291059e-01 5.000000000000e-03
1.193535296236e+00 3.201201734250e+00 5.000000000000e-03
4.260934538862e-01 1.486158115975e+00 5.000000000000e-03
5.876516308508e+00 1.669642406881e+00 5.000000000000e-03
3.521619626494e+00 1.408931388769e+00 5.000000000000e-03
5.062920145602e+00 1.226599548071e+00 5.000000000000e-03
2.079867824226e+00 4.458761694614e+00 5.000000000000e-03
1.270195610200e+00 5.735798679195e+00 5.000000000000e-03
4.011651434918e+00 4.958415865323e+00 5.000000000000e-03
4.581214022604e+00 3.919956123316e+00 5.000000000000e-03
3.654036916270e+00 3.974700005891e+00 5.000000000000e-03
5.215345292094e-01 1.792379642581e-02 5.000000000000e-03
2.978452246096e+00 4.137805075872e+00 5.000000000000e-03
5.196508742442e-01 6.050737866012e+00 5.000000000000e-03
2.237626950652e+00 2.048578716899e+00 5.000000000000e-03
4.965292760837e+00 1.229410175525e+00 5.000000000000e-03
5.429583513653e+00 5.869900660758e+00 5.000000000000e-03
6.183792704471e+00 2.448619996623e+00 5.000000000000e-03
1.317934139005e-01 6.165101647390e+00 5.000000000000e-03
5.658655347244e+00 4.527263095427e+00 5.000000000000e-03
2.755006189078e+00 5.242595316991e+00 5.000000000000e-03
4.573491759428e+00 3.623986917277e+00 5.000000000000e-03
3.971271659428e+00 1.472173025883e+00 5.000000000000e-03
5.494987397334e-01 1.963388764726e+00 5.000000000000e-03
3.555776706601e+00 1.010444853607e+00 5.000000000000e-03
6.037018904342e+00 4.860282100299e+00 5.000000000000e-03
4.856456543525e+00 1.418696649894e+00 5.000000000000e-03
9.794412009974e-01 2.126222832057e+00 5.000000000000e-03
1.104686106678e+00 1.650382350258e+00 5.000000000000e-03
3.025814431635e+00 4.154154262469e+00 5.000000000000e-03
6.964130495247e-01 1.032751338533e+00 5.000000000000e-03
1.995123488043e+00 5.179842682494e-01 5.000000000000e-03
5.343867145426e+00 5.920139025869e+00 5.000000000000e-03
3.161592352693e-01 3.732258386879e-01 5.000000000000e-03
4.173598304410e+00 8.159567250363e-02 5.000000000000e-03
5.367430996688e+00 1.359379619998e-01 5.000000000000e-03
8.060591285906e-01 2.240444765590e+00 5.000000000000e-03
5.829084010934e+00 1.156718229949e+00 5.000000000000e-03
1.367693394829e+00 2.403309654429e+00 5.000000000000e-03
4.806515392258e+00 3.883683631720e+00 5.000000000000e-03
4.547828728101e+00 6.339242345196e-01 5.000000000000e-03
4.144405605112e+00 2.490596957387e+00 5.000000000000e-03
1.375661202137e+00 3.088280811892e+00 5.000000000000e-03
5.883716989221e+00 1.436300530399e+00 5.000000000000e-03
1.471274158828e+00 2.910656867272e+00 5.000000000000e-03
3.056110901915e+00 4.393393768674e+00 5.000000000000e-03
9.421520130701e-01 1.457541321120e+00 5.000000000000e-03
2.075597644384e+00 1.628616810864e+00 5.000000000000e-03
2.641356983282e+00 1.521154464835e+00 5.000000000000e-03
1.406862459186e+00 6.121780004102e+00 5.000000000000e-03
2.153925385578e+00 3.699960314050e+00 5.000000000000e-03
5.082859256498e+00 2.744091931220e+00 5.000000000000e-03
1.296917325044e+00 1.256658582188e+00 5.000000000000e-03
4.689602738908e+00 4.290750018295e+00 5.000000000000e-03
3.689784008137e+00 5.922434495109e+00 5.000000000000e-03
3.759614314223e+00 7.864132369838e-01 5.000000000000e-03
4.789687569853e+00 2.079315356933e+00 5.000000000000e-03
7.081992536917e-01 5.199211952799e+00 5.000000000000e-03
6.104170894167e+00 4.050451081396e+00 5.000000000000e-03
2.019755004879e+00 2.411902443646e+00 5.000000000000e-03
3.960423447064e+00 2.398161509971e+00 5.000000000000e-03
5.610379239709e+00 4.225247609239e+00 5.000000000000e-03
4.201665112158e-01 3.620848072536e+00 5.000000000000e-03
1.867720250109e+00 5.144078308997e+00 5.000000000000e-03
2.732304405230e+00 5.318359523030e+00 5.000000000000e-03
4.473959684539e+00 2.056820981712e+00 5.000000000000e-03
3.588516885317e+00 1.920686127202e+00 5.000000000000e-03
4.690356452351e+00 4.394806281246e+00 5.000000000000e-03
5.625962509515e+00 4.826008124874e+00 5.000000000000e-03
6.215997713452e+00 3.755289528207e+00 5.000000000000e-03
5.358414042739e+00 3.882332557506e+00 5.000000000000e-03
2.690359827071e+00 1.017847517250e+00 5.000000000000e-03
4.652815143802e+00 4.023418076375e+00 5.000000000000e-03
3.557201568359e+00 1.199956731747e+00 5.000000000000e-03
2.385293192520e+00 8.808207365470e-01 5.000000000000e-03
3.473117142391e+00 6.145184991809e+00 5.000000000000e-03
6.059390841742e+00 4.176272404746e+00 5.000000000000e-03
3.469330969512e+00 6.699993155395e-01 5.000000000000e-03
3.730223560822e+00 5.851225500992e+00 5.000000000000e-03
4.439679486518e+00 4.441508509066e+00 5.000000000000e-03
5.373675106024e+00 9.737663722687e-01 5.000000000000e-03
7.309878273941e-01 6.044870990993e+00 5.000000000000e-03
1.678029828623e+00 5.733601782731e+00 5.000000000000e-03
4.733772367398e+00 3.748721202056e+00 5.000000000000e-03
1.425790896203e+00 5.148390212447e+00 5.000000000000e-03
6.531383558452e-01 4.014534772503e+00 5.000000000000e-03
4.254748632223e+00 2.590441601146e+00 5.000000000000e-03
1.850093997772e+00 1.535689804425e+00 5.000000000000e-03
5.024654816374e+00 5.872954729226e+00 5.000000000000e-03
2.817534664162e-01 5.826202879013e+00 5.000000000000e-03
5.995886212727e+00 5.409076021721e+00 5.000000000000e-03
2.819242005810e+00 3.015996831152e+00 5.000000000000e-03
9.299958803877e-01 1.951054910936e-01 -5.000000000000e-03
3.966445555494e+00 4.972035516102e+00 -5.000000000000e-03
3.363328184463e+00 3.030326317112e-01 -5.000000000000e-03
2.085679463627e+00 2.086064355554e-02 -5.000000000000e-03
4.594786986033e+00 3.547314300158e+00 -5.000000000000e-03
6.137787970632e+00 2.236871698085e+00 -5.000000000000e-03
3.290191756162e+00 2.019460521606e+00 -5.000000000000e-03
1.570300189001e+00 1.572877436416e+00 -5.000000000000e-03
5.688187864236e+00 3.368315301028e+00 -5.000000000000e-03
6.199438333532e+00 5.021590458977e+00 -5.000000000000e-03
5.609964275923e+00 1.900124880132e+00 -5.000000000000e-03
1.112737812381e+00 6.097836475633e+00 -5.000000000000e-03
3.892665259992e+00 6.204867422115e+00 -5.000000000000e-03
1.414719387986e+00 6.763489483921e-01 -5.000000000000e-03
4.381958443492e+00 2.234708493376e-01 -5.000000000000e-03
3.422288523490e+00 5.866515740602e+00 -5.000000000000e-03
1.334445851036e+00 4.464168357856e-01 -5.000000000000e-03
1.702215535276e+00 1.367742319767e+00 -5.000000000000e-03
2.411589597086e+00 3.126556874160e+00 -5.000000000000e-03
5.156384180960e+00 4.939669968000e+00 -5.000000000000e-03
9.793420190132e-01 3.997269514569e+00 -5.000000000000e-03
8.067196839355e-01 3.149154461007e+00 -5.000000000000e-03
4.653098752731e+00 1.133245970379e-01 -5.000000000000e-03
4.378366201946e+00 3.271560589344e-01 -5.000000000000e-03
3.996000858547e+00 4.014505773214e+00 -5.000000000000e-03
5.509740816207e+00 3.055281254291e+00 -5.000000000000e-03
2.128072006436e+00 4.064502434105e+00 -5.000000000000e-03
5.831421040422e+00 1.661393768794e+00 -5.000000000000e-03
3.101398366832e+00 5.974720433195e-01 -5.000000000000e-03
4.109637274955e+00 5.787748072198e+00 -5.000000000000e-03
2.853052679345e+00 4.950733988953e+00 -5.000000000000e-03
4.183410452434e+00 2.642174341484e+00 -5.000000000000e-03
2.775461273121e+00 1.234082600372e+00 -5.000000000000e-03
2.903604924796e+00 3.383419354399e+00 -5.000000000000e-03
5.561321077716e-01 3.535633120453e+00 -5.000000000000e-03
2.122052270339e+00 2.834116787778e+00 -5.000000000000e-03
2.996730105709e+00 1.043600239818e-01 -5.000000000000e-03
2.686076885510e+00 2.175486013396e+00 -5.000000000000e-03
4.136819646317e+00 4.641111127532e+00 -5.000000000000e-03
3.984748035812e+00 2.919621642813e+00 -5.000000000000e-03
2.969349900281e+00 4.441193706117e+00 -5.000000000000e-03
5.578941083994e+00 1.732513555493e+00 -5.000000000000e-03
6.280204147688e+00 4.409521784830e+00 -5.000000000000e-03
4.860047175584e+00 1.859400558247e-01 -5.000000000000e-03
4.277196441030e+00 9.751240003885e-01 -5.000000000000e-03
3.096896981419e+00 6.274491046244e+00 -5.000000000000e-03
4.664140337039e+00 5.312744660233e-01 -5.000000000000e-03
6.029304036389e+00 1.847218569897e+00 -5.000000000000e-03
8.665737911034e-01 3.110760769882e+00 -5.000000000000e-03
1.162042288268e+00 5.891254841600e+00 -5.000000000000e-03
4.102074388322e+00 5.280746830152e+00 -5.000000000000e-03
2.750645643033e+00 2.687547072202e+00 -5.000000000000e-03
8.647939283402e-01 1.946040805014e+00 -5.000000000000e-03
5.714216634145e+00 4.043309173065e+00 -5.000000000000e-03
2.941941399535e+00 2.509226390872e+00 -5.000000000000e-03
5.068037019942e-01 4.562341912185e+00 -5.000000000000e-03
6.169768688117e+00 3.452895350615e+00 -5.000000000000e-03
6.009067528460e-01 3.386447255922e+00 -5.000000000000e-03
3.478798937234e+00 5.876742209469e+00 -5.000000000000e-03
2.507408158122e+00 4.043058901778e+00 -5.000000000000e-03
4.122193216801e+00 8.577247758876e-02 -5.000000000000e-03
3.681527075929e+00 4.158769390430e+00 -5.000000000000e-03
5.708898704568e+00 3.456655340754e+00 -5.000000000000e-03
2.136303754364e+00 3.608739756598e+00 -5.000000000000e-03
5.384267164363e+00 6.057729841644e+00 -5.000000000000e-03
2.720898481779e+00 4.093489355424e+00 -5.000000000000e-03
5.972374238713e+00 7.091433700398e-01 -5.000000000000e-03
4.381378843077e+00 1.135672071029e+00 -5.000000000000e-03
2.713491109775e+00 1.456045572485e+00 -5.000000000000e-03
5.039027374734e+00 3.169871997747e+00 -5.000000000000e-03
6.266329559403e+00 1.962088274512e+00 -5.000000000000e-03
2.702896637263e+00 2.105358045675e+00 -5.000000000000e-03
3.056616311004e-01 4.058435510955e+00 -5.000000000000e-03
3.054904522686e+00 7.397714412602e-01 -5.000000000000e-03
2.984031555108e+00 4.385529824551e+00 -5.000000000000e-03
1.136771804209e+00 2.803512962266e+00 -5.000000000000e-03
4.379458403455e-01 1.657713606219e+00 -5.000000000000e-03
3.181707518608e+00 3.168911735234e+00 -5.000000000000e-03
2.632063011454e+00 1.737775906529e+00 -5.000000000000e-03
1.106994545032e+00 5.077521894740e+00 -5.000000000000e-03
4.864999685353e+00 5.906582361621e+00 -5.000000000000e-03
4.679177288115e+00 4.752864915965e+00 -5.000000000000e-03
5.063863171687e+00 3.381350295000e+00 -5.000000000000e-03
4.658630249256e+00 4.672473649827e+00 -5.000000000000e-03
2.747433106635e+00 2.510059874658e+00 -5.000000000000e-03
5.595856032106e+00 1.313773115794e+00 -5.000000000000e-03
4.639143322733e+00 1.573040179131e+00 -5.000000000000e-03
2.886454434234e+00 3.824067490275e+00 -5.000000000000e-03
4.158899760451e+00 3.572411707460e-01 -5.000000000000e-03
3.807364925708e+00 3.694924572502e+00 -5.000000000000e-03
4.252475035109e+00 1.521603857101e+00 -5.000000000000e-03
1.275540822195e+00 3.463596186861e+00 -5.000000000000e-03
3.956221379036e+00 3.157102831844e+00 -5.000000000000e-03
6.016753126872e+00 3.389568656116e+00 -5.000000000000e-03
1.617164603764e+00 1.498122244311e+00 -5.000000000000e-03
3.121947776273e+00 3.011672650602e+00 -5.000000000000e-03
1.925330237674e+00 5.518328781591e+00 -5.000000000000e-03
9.911842023932e-01 4.665066227453e+00 -5.000000000000e-03
1.973732658570e+00 7.575016748305e-01 -5.000000000000e-03
2.320549424098e+00 3.559518015158e+00 -5.000000000000e-03
