4.827106198687e+00 3.227902025642e+00 5.000000000000e-03
9.208637685350e-02 3.939393808625e+00 5.000000000000e-03
5.426225910719e+00 4.129248048329e+00 5.000000000000e-03
5.560803200684e+00 2.187363321361e+00 5.000000000000e-03
1.254560531292e+00 5.634399559986e+00 5.000000000000e-03
1.477098728202e-01 5.944768860851e+00 5.000000000000e-03
5.193008714591e+00 2.961364595957e+00 5.000000000000e-03
5.615416597246e+00 4.238386947947e+00 5.000000000000e-03
3.296038832397e+00 1.287020307302e+00 5.000000000000e-03
5.556721403385e+00 5.526385507354e+00 5.000000000000e-03
3.951063058914e+00 3.016520828342e+00 5.000000000000e-03
1.409218975346e+00 2.126850397301e+00 5.000000000000e-03
4.479692730535e+00 1.787204205667e+00 5.000000000000e-03
5.644921467674e+00 5.646846166917e-01 5.000000000000e-03
2.970810044732e+00 5.283004567512e+00 5.000000000000e-03
1.708873721511e+00 1.864116329654e+00 5.000000000000e-03
5.729406790948e+00 2.805545285398e+00 5.000000000000e-03
2.373834951633e+00 8.340629907175e-01 5.000000000000e-03
5.248637978997e+00 3.660978905361e+00 5.000000000000e-03
4.100829501148e+00 2.582613928327e+00 5.000000000000e-03
5.281468392562e+00 5.359657353712e+00 5.000000000000e-03
2.750378936566e+00 2.527369754502e-01 5.000000000000e-03
4.259166054632e+00 3.617995290806e+00 5.000000000000e-03
1.383121143505e+00 3.553616143906e-01 5.000000000000e-03
2.850532437114e+00 3.276082707924e+00 5.000000000000e-03
1.256474102742e-01 5.307350610607e+00 5.000000000000e-03
1.195758554707e+00 2.087858545331e+00 5.000000000000e-03
8.713001473228e-01 3.082279366000e-01 5.000000000000e-03
2.773451028881e+00 4.842406192303e+00 5.000000000000e-03
4.905341906243e+00 5.624572492923e+00 5.000000000000e-03
5.915458704240e+00 2.822665542232e+00 5.000000000000e-03
2.931657804580e+00 3.763443631932e+00 5.000000000000e-03
3.210444531615e+00 3.736347751847e+00 5.000000000000e-03
3.470888855565e+00 8.151041806942e-02 5.000000000000e-03
5.809499792483e+00 3.298357983233e+00 5.000000000000e-03
4.481883151598e+00 2.112939060722e+00 5.000000000000e-03
2.628450237713e+00 3.355757447266e+00 5.000000000000e-03
4.797416190420e-01 1.013837873472e+00 5.000000000000e-03
6.012533389296e+00 5.056487994093e+00 5.000000000000e-03
3.970011231656e+00 2.545435454563e+00 5.000000000000e-03
5.952281779308e+00 5.159302887672e+00 5.000000000000e-03
3.668150967066e+00 4.656721812148e+00 5.000000000000e-03
3.248537020269e+00 5.409531251725e+00 5.000000000000e-03
1.571325243950e+00 4.228482331846e-01 5.000000000000e-03
2.601977037368e+00 6.047458774991e+00 5.000000000000e-03
1.584762062347e+00 2.276334591476e+00 5.000000000000e-03
4.181975434452e-01 5.092218999483e-01 5.000000000000e-03
6.026007952768e+00 3.481856569951e+00 5.000000000000e-03
2.948782669737e+00 5.052390612491e+00 5.000000000000e-03
2.192154006500e+00 5.800539264188e+00 5.000000000000e-03
2.450189718121e-01 5.066698556824e-01 5.000000000000e-03
1.321866841802e+00 3.992819765446e+00 5.000000000000e-03
4.864404402977e+00 4.499531022381e+00 5.000000000000e-03
1.081426925491e+00 2.567519084805e+00 5.000000000000e-03
1.975832688018e+00 4.709458423208e+00 5.000000000000e-03
1.589349812751e+00 5.046469128873e+00 5.000000000000e-03
5.028824676588e+00 1.219244046117e+00 5.000000000000e-03
1.793990367742e+00 4.652012967418e+00 5.000000000000e-03
2.226278571675e+00 4.063332063391e+00 5.000000000000e-03
1.213404772474e+00 3.425597429899e+00 5.000000000000e-03
2.832951679193e+00 3.850083901606e+00 5.000000000000e-03
3.153085141020e+00 2.356838938470e+00 5.000000000000e-03
3.789989313756e+00 3.581461722019e+00 5.000000000000e-03
3.258980862138e+00 5.475764003541e+00 5.000000000000e-03
6.719525272630e-01 3.064926536124e+00 5.000000000000e-03
1.760075584135e+00 3.881164233375e+00 5.000000000000e-03
3.042149043802e+00 1.921807391482e+00 5.000000000000e-03
1.146305150649e+00 4.660742276008e+00 5.000000000000e-03
6.069222250309e+00 4.367401628880e+00 5.000000000000e-03
3.526724886561e+00 1.826823279114e+00 5.000000000000e-03
3.551381825526e-01 2.184834037058e+00 5.000000000000e-03
4.890554050925e+00 4.392025842567e+00 5.000000000000e-03
4.317086509113e+00 7.440891533693e-02 5.000000000000e-03
4.124269636742e+00 4.812474647992e+00 5.000000000000e-03
5.519655435785e+00 3.048166093724e+00 5.000000000000e-03
3.185712948812e+00 2.982965405283e+00 5.000000000000e-03
4.916146574782e+00 1.167938716615e+00 5.000000000000e-03
2.754512429282e+00 6.751272219797e-01 5.000000000000e-03
6.062783206331e+00 1.725554090694e+00 5.000000000000e-03
6.136410592499e+00 2.540048574232e-01 5.000000000000e-03
4.910650708710e+00 2.287044381262e+00 5.000000000000e-03
2.010093804435e+00 6.164564829355e+00 5.000000000000e-03
2.251384997038e+00 1.170413646248e+00 5.000000000000e-03
3.749639947421e+00 1.484627022717e+00 5.000000000000e-03
1.636266592876e+00 3.686029885525e+00 5.000000000000e-03
3.953396075074e+00 2.135058105628e+00 5.000000000000e-03
2.192600710498e+00 6.220847112549e-01 5.000000000000e-03
2.812741899847e+00 4.410352661489e+00 5.000000000000e-03
1.954783668026e+00 4.482638494955e-01 5.000000000000e-03
5.766381071562e+00 4.549247613204e+00 5.000000000000e-03
3.719003105751e+00 5.306769409601e+00 5.000000000000e-03
1.790930578526e+00 5.493256991348e+00 5.000000000000e-03
7.195228801340e-01 1.093609329766e+00 5.000000000000e-03
4.291040249254e+00 3.855962245916e+00 5.000000000000e-03
3.083736632832e+00 4.914907473759e+00 5.000000000000e-03
5.225447937465e+00 3.607903363632e+00 5.000000000000e-03
2.761902627331e+00 4.619862136355e+00 5.000000000000e-03
1.120142388522e+00 1.043523549767e+00 5.000000000000e-03
6.130809910029e-01 5.949176973372e+00 5.000000000000e-03
1.305045888221e+00 4.849322001633e+00 5.000000000000e-03
1.845871998663e+00 2.786798902154e+00 -5.000000000000e-03
5.138517859808e+00 1.050678526085e+00 -5.000000000000e-03
2.599284732406e+00 7.171270244013e-01 -5.000000000000e-03
5.421896893155e+00 1.727808858578e+00 -5.000000000000e-03
1.537509755111e+00 4.008255968943e+00 -5.000000000000e-03
9.221569483891e-01 4.868683011095e+00 -5.000000000000e-03
2.062890126329e+00 2.703256315818e+00 -5.000000000000e-03
4.266373308565e+00 5.163790628547e+00 -5.000000000000e-03
3.351587244030e+00 5.132302690188e+00 -5.000000000000e-03
5.924711951004e+00 4.912320638352e+00 -5.000000000000e-03
1.287026081082e+00 2.374933218743e+00 -5.000000000000e-03
3.686755876614e+00 5.415493834469e-01 -5.000000000000e-03
2.768517969480e+00 3.675651743700e+00 -5.000000000000e-03
4.682270533977e+00 1.922212669026e+00 -5.000000000000e-03
2.374098373480e+00 1.856429412391e+00 -5.000000000000e-03
1.906414552983e+00 2.621255247930e+00 -5.000000000000e-03
5.243108918453e+00 7.823420976970e-01 -5.000000000000e-03
6.024280879229e+00 4.259230847825e+00 -5.000000000000e-03
2.606565793307e+00 7.923310352816e-01 -5.000000000000e-03
2.489540086507e-02 6.658260071250e-01 -5.000000000000e-03
2.316143426768e+00 4.399544039132e+00 -5.000000000000e-03
1.789045044226e+00 3.527538732933e+00 -5.000000000000e-03
1.733482100168e+00 2.128551681595e+00 -5.000000000000e-03
4.310531960669e+00 2.858371395639e+00 -5.000000000000e-03
4.186748632541e-02 3.120779366316e+00 -5.000000000000e-03
1.493067054252e+00 4.175616094308e+00 -5.000000000000e-03
5.305063688720e+00 5.938321683888e+00 -5.000000000000e-03
6.035395615855e+00 3.513443265555e+00 -5.000000000000e-03
2.079395771923e+00 2.284838444684e+00 -5.000000000000e-03
2.576128678852e+00 4.101477309940e+00 -5.000000000000e-03
4.212190132738e+00 7.397809053603e-01 -5.000000000000e-03
4.478714077407e+00 3.417066577858e+00 -5.000000000000e-03
5.763566620240e+00 5.126250882625e+00 -5.000000000000e-03
3.490987450276e+00 5.825116003220e+00 -5.000000000000e-03
2.602204420274e-01 3.299521470961e+00 -5.000000000000e-03
3.853727798113e+00 6.050903608022e+00 -5.000000000000e-03
1.914894289610e+00 3.566567203702e+00 -5.000000000000e-03
1.609128855138e+00 5.686255318757e+00 -5.000000000000e-03
4.913179362706e+00 2.122026014966e+00 -5.000000000000e-03
4.361842886703e-01 4.864000181641e+00 -5.000000000000e-03
2.320895855070e+00 4.431296920745e+00 -5.000000000000e-03
9.156361683210e-01 2.212579821188e+00 -5.000000000000e-03
3.273662111715e+00 4.208367410243e+00 -5.000000000000e-03
1.311708428718e+00 1.115016516596e+00 -5.000000000000e-03
4.574848242708e+00 1.669324805738e+00 -5.000000000000e-03
3.261070500585e+00 5.304637346842e+00 -5.000000000000e-03
1.425582917063e+00 4.501440113922e-01 -5.000000000000e-03
5.605228214195e+00 1.564901184907e+00 -5.000000000000e-03
4.718301592757e+00 3.451929024409e+00 -5.000000000000e-03
1.802294403291e-01 2.212978397758e+00 -5.000000000000e-03
8.236007805883e-01 1.247764570487e+00 -5.000000000000e-03
7.050944384680e-01 2.838735132810e+00 -5.000000000000e-03
1.235393935531e+00 1.136461768749e+00 -5.000000000000e-03
4.063914361486e+00 2.727503120050e+00 -5.000000000000e-03
2.269099425565e+00 4.563786539429e+00 -5.000000000000e-03
5.730068315368e+00 3.355363386440e-02 -5.000000000000e-03
3.739250088625e+00 2.517735129329e+00 -5.000000000000e-03
6.090813098612e+00 5.105463627820e+00 -5.000000000000e-03
2.070218667259e-01 2.112336033120e+00 -5.000000000000e-03
6.331789006704e-01 4.902950378453e+00 -5.000000000000e-03
4.419720326499e+00 3.285136211998e+00 -5.000000000000e-03
4.033287235874e+00 2.514688917105e-01 -5.000000000000e-03
9.501502816127e-01 5.856735100824e+00 -5.000000000000e-03
4.307640357170e+00 6.081682311910e+00 -5.000000000000e-03
4.287175954327e+00 2.036375257669e+00 -5.000000000000e-03
3.424510023360e+00 3.411569464111e+00 -5.000000000000e-03
4.569964002264e+00 5.063102493547e+00 -5.000000000000e-03
4.993002917621e+00 4.880000834240e+00 -5.000000000000e-03
8.132470442039e-01 2.997213137200e+00 -5.000000000000e-03
5.510618283455e+00 6.245814206836e+00 -5.000000000000e-03
8.782805473872e-01 1.271214206532e+00 -5.000000000000e-03
1.372003342322e+00 3.381522732104e+00 -5.000000000000e-03
3.857686660104e+00 5.706247270685e+00 -5.000000000000e-03
3.482032214479e+00 5.458279938154e+00 -5.000000000000e-03
1.840910454713e+00 5.810118580588e+00 -5.000000000000e-03
3.610196916330e+00 4.197521184580e+00 -5.000000000000e-03
2.206367603382e+00 9.589560281855e-01 -5.000000000000e-03
1.280282957776e+00 2.739945482192e+00 -5.000000000000e-03
1.611383619801e+00 2.618731421798e+00 -5.000000000000e-03
3.859418519680e+00 3.864891598771e-01 -5.000000000000e-03
1.559472575529e+00 1.105682408144e+00 -5.000000000000e-03
2.956229200984e+00 1.601541376760e+00 -5.000000000000e-03
4.767220499056e+00 4.925796653023e+00 -5.000000000000e-03
5.239032897092e+00 5.232236440757e+00 -5.000000000000e-03
4.934984441700e+00 6.221437809123e+00 -5.000000000000e-03
1.044151189885e+00 5.716488967691e-01 -5.000000000000e-03
5.476135915582e+00 4.938879008972e+00 -5.000000000000e-03
2.475376239229e+00 2.508883221237e+00 -5.000000000000e-03
4.460508341754e+00 3.412665861907e-02 -5.000000000000e-03
4.816955499918e+00 2.850750079839e+00 -5.000000000000e-03
2.578385337861e+00 9.798185686806e-01 -5.000000000000e-03
5.081244520442e+00 6.253430642017e+00 -5.000000000000e-03
2.444462615974e+00 1.590620035541e+00 -5.000000000000e-03
3.847876098413e+00 1.222937261362e+00 -5.000000000000e-03
5.114910705408e+00 3.934211552769e+00 -5.000000000000e-03
1.498834363856e+00 1.117682413431e+00 -5.000000000000e-03
3.855263149531e+00 7.746406191173e-01 -5.000000000000e-03
4.927471015644e+00 5.426462739737e+00 -5.000000000000e-03
3.829127093060e+00 4.373282371680e+00 -5.000000000000e-03
2.807865246354e+00 2.428375753978e+00 -5.000000000000e-03
