4.068494980472e+00 1.301328511161e+00 5.000000000000e-03
3.758543391980e+00 4.931807813945e+00 5.000000000000e-03
1.875049001148e+00 5.478328949998e+00 5.000000000000e-03
9.612444052781e-01 3.189566981323e+00 5.000000000000e-03
5.898063981186e+00 4.647472588316e+00 5.000000000000e-03
4.574767775024e+00 5.688724651763e+00 5.000000000000e-03
8.462639954003e-01 5.036711576760e+00 5.000000000000e-03
4.994123026585e+00 1.402819484086e+00 5.000000000000e-03
1.333629000182e+00 3.705726821483e+00 5.000000000000e-03
4.168196788668e+00 2.855975019854e-02 5.000000000000e-03
4.695066659284e+00 2.484437368783e+00 5.000000000000e-03
6.148615073518e+00 4.917603110006e+00 5.000000000000e-03
3.226505321674e+00 2.933339585220e+00 5.000000000000e-03
2.102010439107e+00 6.217896974731e+00 5.000000000000e-03
2.348091444610e+00 5.774222265240e+00 5.000000000000e-03
4.998253147229e-01 2.888389645694e+00 5.000000000000e-03
5.771934022800e+00 4.479021808877e-01 5.000000000000e-03
4.484055179971e+00 5.747870948017e+00 5.000000000000e-03
1.922044456851e+00 1.755316429776e+00 5.000000000000e-03
1.002598205713e+00 3.861168328063e-01 5.000000000000e-03
8.055379850869e-01 2.830929368284e+00 5.000000000000e-03
2.899169289528e+00 5.428226057245e+00 5.000000000000e-03
3.623124900760e+00 3.960430042126e+00 5.000000000000e-03
4.000067285594e+00 1.593533399785e+00 5.000000000000e-03
6.093107004266e-01 3.979065993832e+00 5.000000000000e-03
5.353970904665e-01 4.529823492382e+00 5.000000000000e-03
5.000834907551e+00 2.625176435798e-01 5.000000000000e-03
3.508161902492e+00 6.136439884825e-01 5.000000000000e-03
4.831606959580e-01 1.010738979442e+00 5.000000000000e-03
4.250386553916e-01 4.332870881644e-01 5.000000000000e-03
5.546598774171e-01 3.955581497850e+00 5.000000000000e-03
5.705137983045e+00 6.691706583221e-01 5.000000000000e-03
3.265667554554e+00 3.815165937226e+00 5.000000000000e-03
4.722385561283e+00 2.964500809200e+00 5.000000000000e-03
9.550063128251e-01 2.976761532938e+00 5.000000000000e-03
6.102878683967e+00 4.725608272526e+00 5.000000000000e-03
5.154919613859e-01 2.704369854555e+00 5.000000000000e-03
8.933852993292e-01 4.143720503931e+00 5.000000000000e-03
4.382017412353e+00 2.954518148599e+00 5.000000000000e-03
2.185117420732e+00 2.805306591687e-01 5.000000000000e-03
1.589152520014e+00 5.592508393438e+00 5.000000000000e-03
3.727703365203e+00 1.917534178675e+00 5.000000000000e-03
3.549399567751e+00 3.342601719774e+00 5.000000000000e-03
2.225937112399e+00 1.986047271282e+00 5.000000000000e-03
1.686748657467e+00 4.737635152299e-01 5.000000000000e-03
2.855263333810e+00 6.127138263679e-01 5.000000000000e-03
3.278150985918e+00 4.432074699527e+00 5.000000000000e-03
1.562511175744e+00 5.647622930484e+00 5.000000000000e-03
5.799648535516e+00 3.110865678202e+00 5.000000000000e-03
1.796809624065e+00 1.320210343517e+00 5.000000000000e-03
6.247377752372e+00 1.335497627871e+00 5.000000000000e-03
2.603122487124e+00 3.682622308136e+00 5.000000000000e-03
4.085732298024e-01 3.231755167784e+00 5.000000000000e-03
9.478431360149e-01 3.549364134938e+00 5.000000000000e-03
1.430367522134e+00 4.060788091355e+00 5.000000000000e-03
2.135774039520e+00 5.640142144768e+00 5.000000000000e-03
5.371352338629e+00 2.783957675135e+00 5.000000000000e-03
8.119605002935e-01 1.082729247061e+00 5.000000000000e-03
2.752831667449e+00 5.284776310862e+00 5.000000000000e-03
4.723927667121e+00 9.781929633445e-01 5.000000000000e-03
1.491098664280e+00 4.612806338416e+00 5.000000000000e-03
5.647994761674e+00 5.146409760596e+00 5.000000000000e-03
9.262979885081e-01 4.095817276570e+00 5.000000000000e-03
1.689552632508e-02 3.600634727945e-01 5.000000000000e-03
3.252958482283e+00 4.117908688868e+00 5.000000000000e-03
6.086906417252e+00 4.278984400854e-01 5.000000000000e-03
3.138123107654e+00 3.387661999080e+00 5.000000000000e-03
5.084342193152e+00 7.893729353366e-01 5.000000000000e-03
6.059714405392e+00 4.690900477469e+00 5.000000000000e-03
4.138811326056e+00 2.423034344454e+00 5.000000000000e-03
1.408670330311e+00 5.204427916813e+00 5.000000000000e-03
1.807671841197e+00 5.477216503318e-01 5.000000000000e-03
5.712595719638e-01 1.030733087270e+00 5.000000000000e-03
1.712851708367e-01 3.979538405211e+00 5.000000000000e-03
2.901786660834e+00 4.777371751447e+00 5.000000000000e-03
5.273382189441e+00 5.370810344239e+00 5.000000000000e-03
2.172735361035e+00 3.860814920464e+00 5.000000000000e-03
1.908440404941e+00 2.786681175307e+00 5.000000000000e-03
4.641055823343e+00 4.703609756225e+00 5.000000000000e-03
5.100508617233e+00 5.440922327034e+00 5.000000000000e-03
1.814599736322e+00 1.253682845506e+00 5.000000000000e-03
1.952643351579e+00 6.274189804554e+00 5.000000000000e-03
6.148215642452e+00 5.771633994049e+00 5.000000000000e-03
3.808519862863e+00 5.416778508774e-01 5.000000000000e-03
3.224415137964e+00 4.712918770825e+00 5.000000000000e-03
1.454996144396e+00 1.409007738909e+00 5.000000000000e-03
3.988564681457e+00 4.628072330096e-01 5.000000000000e-03
2.306484331018e+00 4.168609184095e+00 5.000000000000e-03
4.277785969359e+00 4.044951629065e+00 5.000000000000e-03
5.206005207844e+00 4.576982428459e+00 5.000000000000e-03
2.692997007450e+00 4.524838521387e+00 5.000000000000e-03
4.916296574052e+00 3.128673678361e+00 5.000000000000e-03
4.273667011809e+00 3.385294077734e-02 5.000000000000e-03
1.176726363334e-01 4.857467959997e+00 5.000000000000e-03
2.869331421092e+00 1.769688687405e+00 5.000000000000e-03
3.669586392798e+00 5.799172321129e+00 5.000000000000e-03
4.293642862785e-01 1.598023740311e+00 5.000000000000e-03
4.007648370113e+00 2.883480003115e+00 5.000000000000e-03
2.339878683239e+00 1.469930366373e+00 5.000000000000e-03
3.237529964042e+00 1.203909969206e+00 5.000000000000e-03
4.271070047254e-01 5.183110306654e+00 -5.000000000000e-03
6.956206790301e-01 2.396494891119e+00 -5.000000000000e-03
4.386711290665e+00 1.113642080285e+00 -5.000000000000e-03
4.502931850531e+00 4.389643451790e+00 -5.000000000000e-03
5.969229593630e+00 3.621589033663e+00 -5.000000000000e-03
4.869793715380e+00 3.907891419376e+00 -5.000000000000e-03
2.850084440076e+00 2.198642815354e+00 -5.000000000000e-03
5.259451840859e+00 1.499007881020e+00 -5.000000000000e-03
3.198815890558e+00 3.078458554952e+00 -5.000000000000e-03
5.778252688843e+00 6.556715520314e-01 -5.000000000000e-03
4.086721146861e+00 5.510195918549e-02 -5.000000000000e-03
4.829838924304e-01 1.674765910575e+00 -5.000000000000e-03
1.503762503320e+00 6.249302509045e+00 -5.000000000000e-03
4.202139513107e-01 4.860508871408e-01 -5.000000000000e-03
5.476801186229e+00 6.187313533656e+00 -5.000000000000e-03
3.980745797653e+00 2.773049081906e+00 -5.000000000000e-03
3.681507280083e+00 1.848461681779e+00 -5.000000000000e-03
5.683955004111e+00 2.804082805679e+00 -5.000000000000e-03
6.180853730310e-02 5.084952120428e+00 -5.000000000000e-03
2.110390148606e+00 5.424866751487e+00 -5.000000000000e-03
5.630614158800e+00 2.650887295057e+00 -5.000000000000e-03
3.422973792960e+00 5.997753250577e+00 -5.000000000000e-03
3.084615548451e+00 5.421474654634e+00 -5.000000000000e-03
3.987172938884e+00 3.826096764416e+00 -5.000000000000e-03
7.681647676078e-01 2.094993031561e+00 -5.000000000000e-03
4.079454161835e+00 4.548755176465e+00 -5.000000000000e-03
2.018202541920e+00 4.567926523550e+00 -5.000000000000e-03
3.579269102958e+00 4.677282144597e+00 -5.000000000000e-03
3.607889012223e+00 4.793487051996e+00 -5.000000000000e-03
8.483896752285e-01 4.998315662681e+00 -5.000000000000e-03
3.164422666109e+00 5.159961868862e+00 -5.000000000000e-03
1.125967419759e-01 4.937932495391e+00 -5.000000000000e-03
3.228104620500e+00 2.087281976352e+00 -5.000000000000e-03
1.143705199788e+00 4.618042352077e+00 -5.000000000000e-03
4.956063473150e+00 2.506284155376e-01 -5.000000000000e-03
5.082756070221e+00 4.256470695078e+00 -5.000000000000e-03
3.538852094291e+00 7.074546996117e-01 -5.000000000000e-03
5.685670866107e-01 3.409206847587e+00 -5.000000000000e-03
3.201809174288e+00 4.927953126076e+00 -5.000000000000e-03
2.127869987634e+00 3.170779712155e+00 -5.000000000000e-03
3.889170499861e+00 3.921710231184e+00 -5.000000000000e-03
1.245128571715e+00 5.638158108879e+00 -5.000000000000e-03
2.316174277076e+00 2.991019043028e+00 -5.000000000000e-03
2.787373540039e+00 4.293873115377e+00 -5.000000000000e-03
2.843329784988e+00 5.295803791157e+00 -5.000000000000e-03
1.639970478762e+00 3.294068033877e+00 -5.000000000000e-03
3.149729195792e+00 5.613955631756e+00 -5.000000000000e-03
3.851690680177e+00 1.079145928118e+00 -5.000000000000e-03
3.488827331709e+00 5.971766351616e+00 -5.000000000000e-03
2.440118692907e+00 4.841725166316e+00 -5.000000000000e-03
2.899293362066e+00 1.597383940481e+00 -5.000000000000e-03
4.438873765433e+00 4.580303483607e+00 -5.000000000000e-03
4.788842230114e+00 5.289818868964e+00 -5.000000000000e-03
5.081987333896e+00 6.167155317062e-01 -5.000000000000e-03
1.487910649796e+00 2.061443489312e+00 -5.000000000000e-03
5.365461402291e+00 2.536174168311e+00 -5.000000000000e-03
4.332104590770e+00 4.691490179609e+00 -5.000000000000e-03
5.093988091348e+00 5.541641401264e+00 -5.000000000000e-03
2.693159440499e+00 3.327895781162e+00 -5.000000000000e-03
3.722511271646e+00 2.637712000098e+00 -5.000000000000e-03
1.304231607964e-01 6.085879802040e+00 -5.000000000000e-03
1.074821154404e-01 4.428404766745e+00 -5.000000000000e-03
5.902618139678e+00 5.901119190973e-01 -5.000000000000e-03
6.254186217011e-02 2.014647308483e+00 -5.000000000000e-03
1.541182680411e+00 3.300558358228e+00 -5.000000000000e-03
1.239464097321e+00 5.868014446149e-01 -5.000000000000e-03
1.457614250777e+00 6.152965220969e-01 -5.000000000000e-03
5.342813306984e+00 2.059654442377e+00 -5.000000000000e-03
4.804247562752e+00 3.114779370816e-01 -5.000000000000e-03
3.647273287081e+00 5.874695349555e+00 -5.000000000000e-03
6.467611202811e-01 5.616041667114e+00 -5.000000000000e-03
5.600011233876e+00 2.691126523236e+00 -5.000000000000e-03
5.385245239841e+00 3.256061784829e+00 -5.000000000000e-03
5.288213249087e+00 4.242982127265e+00 -5.000000000000e-03
1.548081938967e+00 5.705600925744e+00 -5.000000000000e-03
2.739299371288e+00 3.546148260437e+00 -5.000000000000e-03
4.899153272880e+00 1.394766930052e+00 -5.000000000000e-03
4.800901486103e+00 5.395242599101e+00 -5.000000000000e-03
4.158135613232e+00 2.359124088272e+00 -5.000000000000e-03
5.695723786126e-01 4.066455214184e+00 -5.000000000000e-03
3.618856034872e+00 5.283994136111e+00 -5.000000000000e-03
3.775908959793e+00 2.959920466644e+00 -5.000000000000e-03
3.703061458830e+00 3.967020309548e+00 -5.000000000000e-03
3.666626735868e+00 2.747098572928e+00 -5.000000000000e-03
5.790213516465e+00 4.000981086763e+00 -5.000000000000e-03
1.913451440834e+00 1.920707886460e+00 -5.000000000000e-03
1.275516488498e+00 4.219139395177e-01 -5.000000000000e-03
1.487943652602e+00 3.774607709076e-01 -5.000000000000e-03
6.610906562171e-01 3.561861147933e+00 -5.000000000000e-03
3.776819126463e+00 4.253826256772e+00 -5.000000000000e-03
1.996778407653e+00 4.538191327779e+00 -5.000000000000e-03
3.166324472671e+00 5.815397165357e+00 -5.000000000000e-03
1.749237881835e+00 1.235811457301e-01 -5.000000000000e-03
4.099472769547e+00 2.801106335763e+00 -5.000000000000e-03
5.170981391845e+00 1.508124940137e+00 -5.000000000000e-03
4.959488461311e+00 4.256844684585e+00 -5.000000000000e-03
3.456934792175e+00 3.575148959065e+00 -5.000000000000e-03
3.619803776144e+00 7.583723393139e-02 -5.000000000000e-03
4.338280550186e+00 4.297762523896e+00 -5.000000000000e-03
5.643203535234e+00 2.264108506600e+00 -5.000000000000e-03
