5.452316060699e+00 2.772676999235e+00 5.000000000000e-03
3.344209678538e-01 4.059265903617e+00 5.000000000000e-03
4.952471314756e+00 4.014622173468e+00 5.000000000000e-03
6.571053344805e-02 2.904584401705e+00 5.000000000000e-03
6.879343188829e-01 5.731728368571e+00 5.000000000000e-03
3.012259676668e-01 5.284510439735e+00 5.000000000000e-03
6.281780493373e+00 2.651896021622e+00 5.000000000000e-03
4.283440134301e+00 4.258134991749e+00 5.000000000000e-03
4.564403399457e+00 1.704685574152e+00 5.000000000000e-03
4.442904393115e+00 4.865852860390e+00 5.000000000000e-03
5.185280260498e+00 3.516215969894e+00 5.000000000000e-03
9.970194276828e-01 1.913314167000e+00 5.000000000000e-03
4.276677954320e+00 2.225374532419e+00 5.000000000000e-03
5.363828431314e+00 5.251861298285e+00 5.000000000000e-03
2.088465703136e+00 5.826722593841e+00 5.000000000000e-03
1.722334522613e+00 2.911993751099e+00 5.000000000000e-03
5.825244766513e+00 3.678377900585e+00 5.000000000000e-03
1.520384111860e+00 1.926290400788e+00 5.000000000000e-03
4.986062751631e+00 2.562679028316e+00 5.000000000000e-03
4.058465292398e+00 2.186660936967e+00 5.000000000000e-03
5.089976439183e+00 4.589755848304e+00 5.000000000000e-03
1.079025348668e+00 5.179234766289e-01 5.000000000000e-03
4.588396350580e+00 3.842210656867e+00 5.000000000000e-03
6.114947732554e+00 6.155660906213e+00 5.000000000000e-03
3.316805311318e+00 1.848401161515e+00 5.000000000000e-03
7.200149525611e-01 5.374221174102e+00 5.000000000000e-03
1.282249348493e+00 2.337640785997e+00 5.000000000000e-03
8.966741665567e-02 1.144129179651e+00 5.000000000000e-03
3.224843558653e+00 5.654690516275e+00 5.000000000000e-03
4.210428974660e+00 5.827842833614e+00 5.000000000000e-03
5.817200633634e+00 3.862071855376e+00 5.000000000000e-03
3.039485623278e+00 3.739192637947e+00 5.000000000000e-03
3.483837905711e+00 3.179745272587e+00 5.000000000000e-03
4.714533649094e+00 1.204976870650e+00 5.000000000000e-03
5.899871694906e+00 3.334471362327e+00 5.000000000000e-03
5.839713635829e+00 1.623930666757e+00 5.000000000000e-03
3.373355779993e+00 2.173313339014e+00 5.000000000000e-03
8.638791860139e-01 1.694125254036e+00 5.000000000000e-03
5.649947313008e+00 4.885765767878e+00 5.000000000000e-03
3.991708383004e+00 2.328966228038e+00 5.000000000000e-03
5.394536176138e+00 4.205822537222e+00 5.000000000000e-03
3.604225712576e+00 5.934483307439e+00 5.000000000000e-03
2.932252650476e+00 1.071000279380e+00 5.000000000000e-03
6.871488794691e-01 3.824154448522e-01 5.000000000000e-03
1.613719682095e+00 5.090827102542e-01 5.000000000000e-03
1.330014834945e+00 2.945711476282e+00 5.000000000000e-03
6.181765114134e+00 5.738902243374e+00 5.000000000000e-03
3.746863501785e+00 5.258182713769e+00 5.000000000000e-03
2.355381334177e+00 7.327125059976e-02 5.000000000000e-03
2.073382872340e+00 5.640347861574e+00 5.000000000000e-03
6.182720800909e+00 5.541879152438e+00 5.000000000000e-03
2.176224633697e+00 4.870435311121e+00 5.000000000000e-03
3.666575439664e+00 3.833319233138e+00 5.000000000000e-03
1.335159464769e+00 2.654970568144e+00 5.000000000000e-03
2.732252481845e+00 5.489693682395e+00 5.000000000000e-03
1.869352665770e+00 4.436179583838e+00 5.000000000000e-03
5.404894737499e+00 1.359736263540e+00 5.000000000000e-03
2.924897284696e+00 5.401189567809e+00 5.000000000000e-03
2.742227622369e+00 4.987481147928e+00 5.000000000000e-03
2.761332072173e+00 3.413961604648e+00 5.000000000000e-03
2.959196114490e+00 3.802930769150e+00 5.000000000000e-03
3.857499113921e+00 1.061719327012e+00 5.000000000000e-03
4.356766109015e+00 3.202053265164e+00 5.000000000000e-03
2.972150547329e+00 1.146461998137e+00 5.000000000000e-03
2.245893423942e+00 3.765117871544e+00 5.000000000000e-03
3.443346546948e+00 2.866455555855e+00 5.000000000000e-03
4.221726331932e+00 1.194896092600e+00 5.000000000000e-03
2.398809225264e+00 4.925596541312e+00 5.000000000000e-03
5.583683040959e-01 4.579976311457e+00 5.000000000000e-03
4.249914491060e+00 1.627000697025e+00 5.000000000000e-03
6.743315199931e-01 3.382767415559e+00 5.000000000000e-03
3.627238950380e+00 3.938227989762e+00 5.000000000000e-03
3.837373285706e+00 4.421988771605e-01 5.000000000000e-03
2.668292013888e+00 2.164693215954e-01 5.000000000000e-03
6.198855592727e+00 3.733332472366e+00 5.000000000000e-03
3.269408578812e+00 2.383915532029e+00 5.000000000000e-03
5.470056293769e+00 1.471730803087e+00 5.000000000000e-03
6.173694153757e+00 4.217747466418e-01 5.000000000000e-03
6.779644902562e-03 1.614157067877e+00 5.000000000000e-03
6.053316975674e+00 5.064714251231e+00 5.000000000000e-03
5.763393423246e-01 2.461149862499e+00 5.000000000000e-03
1.568006607155e+00 5.829109583845e+00 5.000000000000e-03
1.294005643632e+00 9.686836224323e-01 5.000000000000e-03
5.077926197239e+00 2.131121509826e+00 5.000000000000e-03
2.461547531616e+00 4.321046736816e+00 5.000000000000e-03
4.750013534979e+00 1.893320696207e+00 5.000000000000e-03
3.063405225262e-01 4.118092002022e-01 5.000000000000e-03
3.523860887587e+00 5.588039474144e+00 5.000000000000e-03
3.917804829639e-01 7.916303380821e-01 5.000000000000e-03
3.986528711536e+00 4.103482825931e+00 5.000000000000e-03
2.079823135189e+00 1.822613731911e-01 5.000000000000e-03
1.458556728052e+00 5.409367696864e+00 5.000000000000e-03
9.325052715479e-01 2.616579393948e+00 5.000000000000e-03
4.362132333798e+00 3.544316273805e+00 5.000000000000e-03
2.228600038054e+00 6.011368143054e+00 5.000000000000e-03
5.032937658720e+00 2.597636763134e+00 5.000000000000e-03
3.246500370134e+00 5.524251055263e+00 5.000000000000e-03
1.060064197452e+00 1.330419038473e+00 5.000000000000e-03
5.698780798618e-01 6.228902990464e+00 5.000000000000e-03
2.138611886096e+00 4.232896483449e+00 5.000000000000e-03
2.319149598703e+00 2.538741016160e+00 -5.000000000000e-03
5.393057751315e+00 1.919291041995e+00 -5.000000000000e-03
8.425481024952e-01 8.489044211912e-01 -5.000000000000e-03
5.838183276980e+00 1.100522009963e+00 -5.000000000000e-03
2.914466176023e+00 5.250385188026e+00 -5.000000000000e-03
1.343740117241e+00 4.087761713677e+00 -5.000000000000e-03
2.116231108459e+00 2.060436233103e+00 -5.000000000000e-03
2.696162847541e+00 4.049080289668e-01 -5.000000000000e-03
1.817260593840e+00 6.056721731922e+00 -5.000000000000e-03
5.202183708807e+00 4.300978208265e+00 -5.000000000000e-03
1.309842137602e+00 2.513927798711e+00 -5.000000000000e-03
4.789193785761e+00 6.468295761429e-01 -5.000000000000e-03
2.932367566548e+00 3.949800038205e+00 -5.000000000000e-03
4.167088221283e+00 2.363223146591e+00 -5.000000000000e-03
1.603978314887e+00 2.181280215761e+00 -5.000000000000e-03
2.288528814788e+00 1.985153531968e+00 -5.000000000000e-03
5.162266880484e+00 5.784324714029e+00 -5.000000000000e-03
5.517233691780e-01 4.315348025325e+00 -5.000000000000e-03
8.335566044344e-01 7.775293978628e-01 -5.000000000000e-03
5.888053325247e+00 5.295119065151e+00 -5.000000000000e-03
3.056453419203e+00 4.858472054619e+00 -5.000000000000e-03
2.832254045158e+00 2.519134177440e+00 -5.000000000000e-03
2.659718632615e+00 2.827360574121e+00 -5.000000000000e-03
5.024616261350e+00 2.966185140804e+00 -5.000000000000e-03
1.979517358576e-01 4.085851802908e+00 -5.000000000000e-03
2.622347917099e+00 4.740902607777e+00 -5.000000000000e-03
4.149399635567e+00 6.124295524749e+00 -5.000000000000e-03
4.464890104273e+00 4.629409106542e+00 -5.000000000000e-03
2.363690722265e+00 3.232294468119e+00 -5.000000000000e-03
2.538298395595e+00 4.419629796600e+00 -5.000000000000e-03
3.901692535329e+00 6.260974162708e-01 -5.000000000000e-03
5.267088672046e+00 3.103900137247e+00 -5.000000000000e-03
5.971727825776e+00 4.936662022011e+00 -5.000000000000e-03
4.080736659431e+00 6.670822201045e-01 -5.000000000000e-03
7.211703595904e-01 3.968730543980e+00 -5.000000000000e-03
3.469412450625e+00 6.663209308942e-01 -5.000000000000e-03
2.990612028638e+00 2.488419824866e+00 -5.000000000000e-03
7.577018454363e-01 5.858548411111e+00 -5.000000000000e-03
4.547346409447e-01 2.274666604763e+00 -5.000000000000e-03
1.150498426751e+00 4.888139339395e+00 -5.000000000000e-03
3.081734824048e+00 4.839378279214e+00 -5.000000000000e-03
1.092102618393e+00 2.360603806824e+00 -5.000000000000e-03
3.318545232985e+00 5.822390263696e+00 -5.000000000000e-03
7.743165966664e-01 1.213506394649e+00 -5.000000000000e-03
5.657730635031e+00 1.598619841743e+00 -5.000000000000e-03
3.148055025072e+00 1.048996541977e+00 -5.000000000000e-03
5.296682667107e-01 1.676804171242e+00 -5.000000000000e-03
5.972463354736e+00 1.370706603299e+00 -5.000000000000e-03
4.957652987439e+00 3.118158678919e+00 -5.000000000000e-03
5.018573913677e-01 3.397501047061e+00 -5.000000000000e-03
8.035543664750e-01 2.157454734456e+00 -5.000000000000e-03
1.042195980109e+00 3.233463664822e+00 -5.000000000000e-03
8.448954553737e-01 1.223981991099e+00 -5.000000000000e-03
3.743331639795e+00 2.382944984842e+00 -5.000000000000e-03
3.064664325967e+00 5.004247082308e+00 -5.000000000000e-03
5.025422008854e+00 4.881209298848e+00 -5.000000000000e-03
4.554490235467e+00 1.867376347442e+00 -5.000000000000e-03
5.083958816599e+00 4.428855844746e+00 -5.000000000000e-03
5.463563807374e-01 3.302367061051e+00 -5.000000000000e-03
1.279661758235e+00 4.742893424738e+00 -5.000000000000e-03
4.705427789588e+00 2.758728748103e+00 -5.000000000000e-03
4.858677335082e+00 9.070385853237e-01 -5.000000000000e-03
9.213113577451e-01 6.135541347117e+00 -5.000000000000e-03
3.632636929204e+00 2.457634324237e-01 -5.000000000000e-03
5.614756686446e+00 2.025808078340e+00 -5.000000000000e-03
3.821871099624e+00 3.033091435860e+00 -5.000000000000e-03
3.715206699722e+00 5.307817567439e+00 -5.000000000000e-03
3.637597984708e+00 5.636980140393e+00 -5.000000000000e-03
2.524840091151e+00 3.546050369681e+00 -5.000000000000e-03
4.836758465474e+00 4.915426482207e+00 -5.000000000000e-03
8.009934521033e-01 2.098052610850e+00 -5.000000000000e-03
3.345964387014e+00 2.749060283205e+00 -5.000000000000e-03
3.233521784227e+00 1.136857096014e+00 -5.000000000000e-03
2.465500772334e+00 7.786752149515e-01 -5.000000000000e-03
1.756660497249e+00 5.451604932224e+00 -5.000000000000e-03
3.580552247340e+00 5.179710191644e+00 -5.000000000000e-03
6.154581167889e+00 5.730819932476e-01 -5.000000000000e-03
1.229734356190e+00 2.700442066836e+00 -5.000000000000e-03
2.443808886211e+00 2.845924480336e+00 -5.000000000000e-03
5.123614452277e+00 1.268578385747e+00 -5.000000000000e-03
8.574125347234e-01 1.500955044505e+00 -5.000000000000e-03
3.608806837180e+00 9.059572310670e-01 -5.000000000000e-03
3.903053942708e+00 5.522815408622e+00 -5.000000000000e-03
4.183805506096e+00 5.613132403773e+00 -5.000000000000e-03
4.519505855750e+00 5.574593086918e+00 -5.000000000000e-03
6.228851037137e+00 6.915862157876e-01 -5.000000000000e-03
3.612315822650e+00 4.501683188532e+00 -5.000000000000e-03
2.753995131793e+00 1.314668185393e+00 -5.000000000000e-03
4.436812248245e+00 9.287138383928e-02 -5.000000000000e-03
5.945715678128e+00 2.570778562182e+00 -5.000000000000e-03
1.683087529816e+00 1.763619554512e+00 -5.000000000000e-03
4.658569095316e+00 5.521888600295e+00 -5.000000000000e-03
1.970815424785e+00 2.213494665849e+00 -5.000000000000e-03
5.230417771995e+00 8.073189613593e-01 -5.000000000000e-03
4.762966369669e+00 3.079303487936e+00 -5.000000000000e-03
9.096159478435e-01 1.534053013950e+00 -5.000000000000e-03
4.609368665538e+00 7.876414372142e-01 -5.000000000000e-03
3.947731162215e+00 4.844694411415e+00 -5.000000000000e-03
3.227001866365e+00 3.892374642997e+00 -5.000000000000e-03
2.474107275710e+00 1.452059982456e+00 -5.000000000000e-03
