1.209103591298e+00 1.897398898983e+00 5.000000000000e-03
4.819354853006e+00 3.653633276620e+00 5.000000000000e-03
3.422211036284e+00 5.180178660146e+00 5.000000000000e-03
5.144254849566e-01 1.989662393001e+00 5.000000000000e-03
2.436902082632e+00 4.598613295313e+00 5.000000000000e-03
4.514909927739e+00 1.704645202123e-01 5.000000000000e-03
2.668613500211e+00 3.986679763425e-01 5.000000000000e-03
4.950927285347e+00 2.425458866659e+00 5.000000000000e-03
3.263314858143e-01 5.704872262051e+00 5.000000000000e-03
2.829391757385e+00 1.815856814212e+00 5.000000000000e-03
2.167950476959e+00 4.176743097371e+00 5.000000000000e-03
1.930300170274e+00 3.203842891878e+00 5.000000000000e-03
6.041464769980e+00 4.245216379673e+00 5.000000000000e-03
5.891093036094e+00 4.790824773492e+00 5.000000000000e-03
2.162787091529e+00 3.491209531086e+00 5.000000000000e-03
3.005920287629e+00 5.959354849498e+00 5.000000000000e-03
4.951429870585e+00 1.208916937551e+00 5.000000000000e-03
5.895886719536e+00 3.434715487970e+00 5.000000000000e-03
1.315903269064e-01 5.690164280093e+00 5.000000000000e-03
5.866065514891e+00 2.346558837611e+00 5.000000000000e-03
1.648217766314e+00 1.964152516270e+00 5.000000000000e-03
6.044240706688e+00 3.555890487531e+00 5.000000000000e-03
3.986426818028e+00 1.721352299200e+00 5.000000000000e-03
5.484010719933e+00 2.060354950733e+00 5.000000000000e-03
1.808318251236e+00 1.902996456656e+00 5.000000000000e-03
3.091636954345e+00 3.886942696642e+00 5.000000000000e-03
2.021298195709e+00 1.802520524559e+00 5.000000000000e-03
3.943730513914e+00 4.936342304408e+00 5.000000000000e-03
2.985001939040e+00 5.230732800747e+00 5.000000000000e-03
9.575060732710e-01 8.591889026943e-01 5.000000000000e-03
6.049890978729e-01 1.112421993897e+00 5.000000000000e-03
2.939848674286e+00 4.492367981795e+00 5.000000000000e-03
3.266739239941e+00 1.510922545655e+00 5.000000000000e-03
1.548530612237e+00 4.979296923320e+00 5.000000000000e-03
2.244509782516e+00 3.858245655277e+00 5.000000000000e-03
3.034230190527e+00 1.088488110841e+00 5.000000000000e-03
3.509963550214e+00 4.070973975831e+00 5.000000000000e-03
3.129852327604e+00 5.175840942474e+00 5.000000000000e-03
9.406395001419e-01 1.965948689011e+00 5.000000000000e-03
5.683227017957e+00 3.184559160678e-01 5.000000000000e-03
3.850166653821e+00 1.966668685206e+00 5.000000000000e-03
2.961913800000e+00 2.992028660976e+00 5.000000000000e-03
3.049165965647e+00 3.991451065937e+00 5.000000000000e-03
1.367435664762e+00 3.658275294788e+00 5.000000000000e-03
2.286343432617e+00 2.405359698189e+00 5.000000000000e-03
4.158905556719e+00 1.299493890829e+00 5.000000000000e-03
2.104535124872e-01 4.092643616392e+00 5.000000000000e-03
6.275572577563e+00 5.535136263049e+00 5.000000000000e-03
5.939388413557e+00 3.551059219219e-02 5.000000000000e-03
2.419196605667e+00 2.068093633238e+00 5.000000000000e-03
3.846632601440e+00 3.686937743970e+00 5.000000000000e-03
4.574795018294e-01 4.377769145833e-01 5.000000000000e-03
1.243819964170e+00 6.041561480791e+00 5.000000000000e-03
4.003201953164e+00 3.137226703267e+00 5.000000000000e-03
1.847156488739e+00 5.926629433596e-01 5.000000000000e-03
2.498000127864e+00 4.847468284194e+00 5.000000000000e-03
2.608902217465e+00 3.835857419661e+00 5.000000000000e-03
6.077989450255e+00 3.719765491581e+00 5.000000000000e-03
1.535175050861e+00 2.963049859216e+00 5.000000000000e-03
5.250449026406e+00 3.230819641376e+00 5.000000000000e-03
5.551360216022e+00 5.549329139241e+00 5.000000000000e-03
9.117325606062e-01 3.781729301320e+00 5.000000000000e-03
2.123691901105e+00 6.456105610394e-01 5.000000000000e-03
2.347997150285e+00 9.403104434556e-01 5.000000000000e-03
1.300785870981e+00 3.116309687150e+00 5.000000000000e-03
2.887061580139e+00 1.928884519024e+00 5.000000000000e-03
8.430529753957e-01 3.709847233260e+00 5.000000000000e-03
2.263340854447e+00 4.653910933605e-01 5.000000000000e-03
5.183076431255e+00 2.848030311164e+00 5.000000000000e-03
2.029073552192e+00 2.134447199303e+00 5.000000000000e-03
5.946708315080e+00 3.372619930642e+00 5.000000000000e-03
7.373430273627e-01 6.118149340639e+00 5.000000000000e-03
4.937997423415e+00 1.126366045951e-01 5.000000000000e-03
2.021472459802e+00 4.400776863783e+00 5.000000000000e-03
3.633727483293e+00 4.232803843709e+00 5.000000000000e-03
3.969413286473e+00 6.241434270753e+00 5.000000000000e-03
4.100625750953e+00 5.147272550910e+00 5.000000000000e-03
1.662974088371e+00 1.894017145564e+00 5.000000000000e-03
3.480485594811e+00 5.440088779017e+00 5.000000000000e-03
4.961702117087e-02 3.091536669951e+00 5.000000000000e-03
5.885392207014e+00 3.500498342539e+00 5.000000000000e-03
3.279743217888e+00 3.776249213414e+00 5.000000000000e-03
2.438621860540e+00 5.499435653180e+00 5.000000000000e-03
1.982033138689e+00 5.666687393200e+00 5.000000000000e-03
3.904725639077e+00 3.171788810347e+00 5.000000000000e-03
2.195821661957e+00 5.328568906422e+00 5.000000000000e-03
5.000454943201e+00 1.814901523272e+00 5.000000000000e-03
7.194434789762e-01 4.046589645534e+00 5.000000000000e-03
4.455726561798e+00 3.986596885270e+00 5.000000000000e-03
5.319132918671e+00 1.404862549111e+00 5.000000000000e-03
1.843786701579e+00 5.110314962259e+00 5.000000000000e-03
8.523392627169e-01 1.971280069504e-01 5.000000000000e-03
1.438016941555e-01 4.890093712275e+00 5.000000000000e-03
2.424823823814e+00 6.386223890357e-01 5.000000000000e-03
5.107584733871e+00 3.394797043536e-01 5.000000000000e-03
1.617073410677e+00 3.452655555454e+00 5.000000000000e-03
2.736361445754e+00 5.245577849764e+00 5.000000000000e-03
3.854038850897e+00 2.910015084539e-01 5.000000000000e-03
4.137839350332e+00 6.850602220768e-01 5.000000000000e-03
5.814824383607e-01 5.676869619997e-01 5.000000000000e-03
5.320164895349e+00 5.055884440369e-01 -5.000000000000e-03
7.057707864293e-03 3.239761823659e+00 -5.000000000000e-03
4.014782533102e+00 1.028320065978e+00 -5.000000000000e-03
2.375096919194e+00 3.979399976328e+00 -5.000000000000e-03
3.174349329109e+00 3.950120555428e+00 -5.000000000000e-03
4.020087845134e+00 5.709362129687e+00 -5.000000000000e-03
4.568694892933e+00 1.345602126480e-01 -5.000000000000e-03
5.854187646284e+00 1.908282622765e+00 -5.000000000000e-03
2.370832075381e+00 5.361827792970e+00 -5.000000000000e-03
5.857764057876e+00 3.676245228853e+00 -5.000000000000e-03
4.480037277588e+00 6.059204261689e+00 -5.000000000000e-03
3.490920528143e+00 5.650709239261e+00 -5.000000000000e-03
3.269946063381e+00 3.477589474302e+00 -5.000000000000e-03
9.534405090907e-01 5.328738864407e+00 -5.000000000000e-03
4.108201569702e+00 2.345444564627e+00 -5.000000000000e-03
1.256348724052e-01 2.347404922331e+00 -5.000000000000e-03
2.262917804750e+00 4.092889256809e+00 -5.000000000000e-03
1.623465236439e+00 2.327795654563e-01 -5.000000000000e-03
5.675258689750e+00 4.889662106108e+00 -5.000000000000e-03
3.397215650586e+00 4.065140087927e+00 -5.000000000000e-03
5.369033571002e+00 6.088347590082e+00 -5.000000000000e-03
3.265451610103e+00 2.893866135727e+00 -5.000000000000e-03
2.333795886818e-01 2.417146231223e+00 -5.000000000000e-03
5.628223117768e+00 3.219952342091e+00 -5.000000000000e-03
6.244885707214e+00 2.868444507948e+00 -5.000000000000e-03
3.447317281073e+00 6.072903282127e+00 -5.000000000000e-03
1.087556342644e+00 5.074977682004e+00 -5.000000000000e-03
1.920953615434e+00 1.411050963278e+00 -5.000000000000e-03
2.198444732226e+00 3.638912091210e+00 -5.000000000000e-03
3.569595512851e+00 4.654415697146e+00 -5.000000000000e-03
5.529949569876e+00 6.744263988563e-01 -5.000000000000e-03
3.167506317428e+00 4.644646753917e+00 -5.000000000000e-03
3.433975197383e+00 5.654522395040e+00 -5.000000000000e-03
5.114760877402e-01 4.342879332351e+00 -5.000000000000e-03
5.450360319994e+00 1.810918478480e+00 -5.000000000000e-03
5.861354132442e+00 6.259077900224e+00 -5.000000000000e-03
2.527727001513e+00 5.655683433510e+00 -5.000000000000e-03
4.663060114582e+00 1.469928115897e+00 -5.000000000000e-03
2.976404349050e+00 5.199863446286e+00 -5.000000000000e-03
5.009003874755e+00 5.919574418634e+00 -5.000000000000e-03
5.411684665382e+00 6.065877559863e+00 -5.000000000000e-03
5.472137340784e+00 1.739321515319e+00 -5.000000000000e-03
5.900539924380e+00 1.642476266551e+00 -5.000000000000e-03
4.028683634687e+00 7.368739304880e-01 -5.000000000000e-03
1.518355113142e+00 8.838524887034e-01 -5.000000000000e-03
2.247359094564e+00 2.783779258966e+00 -5.000000000000e-03
4.963468352052e-01 3.299122710679e+00 -5.000000000000e-03
2.443292464218e+00 5.420526399282e+00 -5.000000000000e-03
1.220877491194e+00 6.060305967121e+00 -5.000000000000e-03
3.893841709087e+00 2.963779173395e+00 -5.000000000000e-03
3.072313304668e+00 5.485001699726e+00 -5.000000000000e-03
1.418421442102e-01 1.928695119576e+00 -5.000000000000e-03
4.322267498020e+00 5.853592365484e+00 -5.000000000000e-03
5.053168696393e+00 3.862169695113e+00 -5.000000000000e-03
1.776383164689e+00 3.359565391746e+00 -5.000000000000e-03
6.051110704453e+00 4.839415956094e+00 -5.000000000000e-03
2.451516969133e+00 2.857478392130e+00 -5.000000000000e-03
3.259916522194e+00 4.201355807714e+00 -5.000000000000e-03
4.865879646472e+00 4.493459765334e+00 -5.000000000000e-03
5.237734163041e+00 5.191693915560e+00 -5.000000000000e-03
3.457923702734e+00 1.153824287524e+00 -5.000000000000e-03
3.013668306849e+00 2.438779507402e+00 -5.000000000000e-03
2.031142531347e+00 2.853655772472e+00 -5.000000000000e-03
5.433870507002e+00 2.014734675329e+00 -5.000000000000e-03
5.285767357308e+00 4.714871433200e+00 -5.000000000000e-03
5.056036313448e+00 3.477464578118e+00 -5.000000000000e-03
6.000159594151e+00 4.356169953892e+00 -5.000000000000e-03
8.938152108782e-01 4.800648669213e+00 -5.000000000000e-03
4.254493301551e+00 3.611607648252e+00 -5.000000000000e-03
1.490237439047e+00 3.308047937585e+00 -5.000000000000e-03
4.709369254996e+00 1.667152189875e+00 -5.000000000000e-03
3.620014077614e-01 5.834042287767e+00 -5.000000000000e-03
1.765153234494e+00 9.087840304892e-01 -5.000000000000e-03
3.415453749299e+00 2.886344982608e+00 -5.000000000000e-03
1.428613321687e+00 3.010914431053e+00 -5.000000000000e-03
5.548561177578e+00 3.665510724306e+00 -5.000000000000e-03
3.792936988977e+00 5.211366051307e+00 -5.000000000000e-03
7.529553019956e-01 2.614840917335e+00 -5.000000000000e-03
2.675084336111e+00 5.372547663477e+00 -5.000000000000e-03
4.043175914665e+00 2.503941185302e+00 -5.000000000000e-03
3.485542418793e+00 5.897830064409e+00 -5.000000000000e-03
5.499527236703e-01 1.627419701608e+00 -5.000000000000e-03
5.489423156158e+00 5.222016897202e+00 -5.000000000000e-03
5.569721554942e+00 1.867843792716e+00 -5.000000000000e-03
3.399980614801e+00 1.303417978817e+00 -5.000000000000e-03
5.698668962795e+00 1.493031471428e+00 -5.000000000000e-03
5.983165805621e+00 2.607694096437e+00 -5.000000000000e-03
1.595010079967e+00 1.817868488737e+00 -5.000000000000e-03
3.126046391770e+00 5.058962434380e+00 -5.000000000000e-03
9.322909309126e-01 3.318543923289e+00 -5.000000000000e-03
3.534681097087e-01 1.184021928746e+00 -5.000000000000e-03
4.319113409167e+00 3.772035875388e+00 -5.000000000000e-03
5.261644830826e+00 2.206873791445e+00 -5.000000000000e-03
1.271512464418e+00 1.509029741943e+00 -5.000000000000e-03
4.415561830425e+00 3.813152003963e+00 -5.000000000000e-03
3.445772920574e+00 5.742933209907e+00 -5.000000000000e-03
5.426330665931e+00 5.807813872808e-02 -5.000000000000e-03
3.164795200961e+00 3.519945109291e+00 -5.000000000000e-03
1.793466353112e+00 3.529599447309e+00 -5.000000000000e-03
4.189179466658e+00 2.533028914067e+00 -5.000000000000e-03
