1.750433696070e+00 4.177205291462e+00 5.000000000000e-03
3.710456366024e+00 5.699307530548e+00 5.000000000000e-03
2.366877432822e+00 3.448380218055e+00 5.000000000000e-03
5.544843573593e+00 1.528550609987e+00 5.000000000000e-03
3.136153343274e-01 1.875229773257e+00 5.000000000000e-03
3.226237481919e+00 3.041807037316e+00 5.000000000000e-03
1.137585635741e-01 1.044720665444e+00 5.000000000000e-03
2.081465511100e+00 8.907550320688e-02 5.000000000000e-03
4.961734627933e+00 3.210155396940e+00 5.000000000000e-03
4.223887249105e+00 3.623906909152e+00 5.000000000000e-03
2.964474824495e+00 7.019533385643e-01 5.000000000000e-03
4.050489057093e+00 4.717795304224e+00 5.000000000000e-03
4.915000039150e+00 2.072839262199e+00 5.000000000000e-03
1.477655793263e+00 4.318472366325e-01 5.000000000000e-03
3.892210394663e-01 4.829149447364e+00 5.000000000000e-03
9.865906849873e-01 5.518283375889e+00 5.000000000000e-03
9.104188835271e-01 1.361898330797e+00 5.000000000000e-03
1.586550677190e-01 3.130671007562e+00 5.000000000000e-03
3.042768929169e+00 3.323984846886e-01 5.000000000000e-03
4.827035242269e+00 5.561084154063e+00 5.000000000000e-03
2.096475477559e+00 4.012312242168e+00 5.000000000000e-03
1.076330671645e+00 4.206344694297e+00 5.000000000000e-03
4.867892497634e+00 2.371141617532e+00 5.000000000000e-03
2.395637860162e+00 3.972449824975e+00 5.000000000000e-03
1.428149574712e+00 6.254961451352e+00 5.000000000000e-03
5.567660513045e+00 6.067604224043e+00 5.000000000000e-03
6.263741509653e+00 3.892555514071e+00 5.000000000000e-03
5.086377970310e+00 1.506560168671e+00 5.000000000000e-03
3.585413573363e+00 3.964384946599e+00 5.000000000000e-03
4.582084134043e-01 2.041436870985e+00 5.000000000000e-03
5.444156266101e+00 2.143778817872e+00 5.000000000000e-03
2.000722765424e+00 6.238526966493e+00 5.000000000000e-03
2.350716989551e+00 2.634132496989e+00 5.000000000000e-03
9.974818452542e-01 6.171589021692e+00 5.000000000000e-03
1.085698196223e+00 1.815286288811e+00 5.000000000000e-03
4.514764528317e-01 5.768615440359e+00 5.000000000000e-03
2.262796729578e+00 2.397674245087e+00 5.000000000000e-03
2.424971724423e+00 2.485290752650e+00 5.000000000000e-03
1.548865898126e+00 5.837307673013e+00 5.000000000000e-03
1.255613713264e+00 1.630383116719e+00 5.000000000000e-03
3.534078191785e+00 2.806442496330e-01 5.000000000000e-03
4.590993756039e+00 2.460655347285e+00 5.000000000000e-03
1.328612814677e+00 5.687999177222e+00 5.000000000000e-03
8.413545332779e-01 2.796662020732e-01 5.000000000000e-03
1.579670786921e+00 2.074206249642e-01 5.000000000000e-03
5.083867233078e+00 5.701967311213e+00 5.000000000000e-03
3.794139830218e+00 3.498228597952e+00 5.000000000000e-03
4.958894595374e-02 5.902091924666e+00 5.000000000000e-03
5.089909000512e+00 4.104401213105e+00 5.000000000000e-03
3.685186814824e+00 3.269008328718e+00 5.000000000000e-03
5.791073031520e+00 5.871558970881e+00 5.000000000000e-03
5.325378903030e+00 9.923122250145e-02 5.000000000000e-03
2.458154120134e+00 2.643303811205e+00 5.000000000000e-03
5.038916385561e+00 1.688302409999e+00 5.000000000000e-03
5.017529161081e+00 2.154504058126e+00 5.000000000000e-03
1.903114930765e+00 6.233551796925e+00 5.000000000000e-03
5.070950403695e-01 4.766425838095e+00 5.000000000000e-03
5.538376669525e-01 2.199897516587e+00 5.000000000000e-03
6.081810870467e+00 1.822052096162e+00 5.000000000000e-03
2.125323875815e+00 4.878878147113e+00 5.000000000000e-03
3.821594779957e+00 4.805388214452e+00 5.000000000000e-03
5.562600292432e+00 1.404559520566e+00 5.000000000000e-03
5.652938000027e-02 3.168388083784e+00 5.000000000000e-03
1.253206363297e+00 3.157822213552e+00 5.000000000000e-03
5.956538957599e+00 3.446408003014e+00 5.000000000000e-03
9.277086914977e-01 1.510097453474e+00 5.000000000000e-03
1.862047347439e+00 3.995779480864e+00 5.000000000000e-03
4.772811192630e+00 6.392409367676e-01 5.000000000000e-03
1.953713289443e+00 8.303408160536e-01 5.000000000000e-03
9.029971570930e-01 5.405011693940e-01 5.000000000000e-03
5.475907372477e+00 5.390392304430e+00 5.000000000000e-03
2.823946757752e+00 3.619024522146e+00 5.000000000000e-03
5.773959493670e+00 5.787098873119e+00 5.000000000000e-03
4.740599889635e+00 3.720744117544e+00 5.000000000000e-03
5.487191938454e+00 3.429018261612e+00 5.000000000000e-03
3.718841779962e+00 6.264536268671e+00 5.000000000000e-03
2.818487524702e+00 3.850407786071e+00 5.000000000000e-03
2.573083500030e+00 6.149673008932e-01 5.000000000000e-03
4.805281857825e-01 2.172964370786e+00 5.000000000000e-03
4.764680218263e+00 9.763801310853e-01 5.000000000000e-03
1.475716341131e+00 2.138006928873e+00 5.000000000000e-03
5.245238822215e+00 3.664496979127e+00 5.000000000000e-03
2.079201441742e+00 4.925593896702e+00 5.000000000000e-03
3.310882955333e+00 5.496982578311e+00 5.000000000000e-03
2.120282585601e+00 5.857058555904e+00 5.000000000000e-03
3.358544323384e+00 4.670070512548e+00 5.000000000000e-03
5.101857543964e+00 1.686299679044e+00 5.000000000000e-03
3.113308949881e-01 4.519967586655e+00 5.000000000000e-03
8.534015620908e-01 5.539486883636e+00 5.000000000000e-03
1.575546351156e+00 4.180701203071e+00 5.000000000000e-03
1.012425998681e+00 5.751128527136e+00 5.000000000000e-03
4.585498253209e+00 6.026706953580e+00 5.000000000000e-03
2.230743985228e+00 2.478742466274e+00 5.000000000000e-03
1.293695725449e+00 7.568062173279e-01 5.000000000000e-03
5.053297342304e+00 1.110080064427e+00 5.000000000000e-03
2.441629142932e+00 2.328068699372e+00 5.000000000000e-03
5.517369232505e+00 1.892827502765e+00 5.000000000000e-03
2.650950134190e+00 9.928380795314e-01 5.000000000000e-03
4.261254520498e+00 3.985639968342e+00 5.000000000000e-03
2.849028110019e+00 5.863330874701e+00 5.000000000000e-03
2.584128928378e+00 3.791097234475e+00 -5.000000000000e-03
1.845016122509e+00 5.523747663072e+00 -5.000000000000e-03
2.122377791053e+00 2.583547310944e+00 -5.000000000000e-03
4.965497868255e+00 2.968169238311e+00 -5.000000000000e-03
5.253212344651e-01 1.765543937459e+00 -5.000000000000e-03
6.682078750562e-01 6.025025401872e+00 -5.000000000000e-03
4.940153802493e+00 3.120306682671e+00 -5.000000000000e-03
3.246215541687e+00 2.252569180270e+00 -5.000000000000e-03
2.339696551571e+00 4.831319919414e+00 -5.000000000000e-03
5.878181516389e+00 5.514333312632e+00 -5.000000000000e-03
5.633310334964e+00 4.672298583112e+00 -5.000000000000e-03
2.836263892378e+00 5.312561561493e+00 -5.000000000000e-03
4.808814241099e+00 4.817528891859e+00 -5.000000000000e-03
4.551720689174e+00 1.576151453457e+00 -5.000000000000e-03
4.163354812267e+00 3.390542414527e+00 -5.000000000000e-03
4.825054768590e+00 5.332594134363e+00 -5.000000000000e-03
4.502589134870e+00 3.986092401654e+00 -5.000000000000e-03
1.313571927339e+00 4.286781148419e-01 -5.000000000000e-03
1.577057886393e+00 4.330368260106e+00 -5.000000000000e-03
2.784638451860e+00 3.649781561505e+00 -5.000000000000e-03
1.575220489726e+00 6.126252427809e+00 -5.000000000000e-03
6.133621590352e+00 3.273666118502e+00 -5.000000000000e-03
4.690814771989e+00 6.089151200695e+00 -5.000000000000e-03
5.918563368154e+00 4.512901833198e+00 -5.000000000000e-03
5.821758348652e+00 1.383896656387e-01 -5.000000000000e-03
5.476427621098e+00 5.460052848167e+00 -5.000000000000e-03
1.862927707151e+00 4.862931111928e-01 -5.000000000000e-03
6.710116928435e-01 4.296204790098e+00 -5.000000000000e-03
3.261496943486e+00 3.655023221527e+00 -5.000000000000e-03
3.271382790053e+00 3.768507063607e+00 -5.000000000000e-03
3.007261207982e+00 2.790580463704e+00 -5.000000000000e-03
4.244448060242e-01 4.920180624856e+00 -5.000000000000e-03
2.254821682672e+00 1.806940931875e-01 -5.000000000000e-03
1.962746335514e+00 3.331382550026e+00 -5.000000000000e-03
4.827107523435e+00 4.985184150569e+00 -5.000000000000e-03
6.207596773925e+00 3.009762227960e+00 -5.000000000000e-03
5.133569962624e+00 3.493256451852e+00 -5.000000000000e-03
4.110782515547e+00 3.396098374103e+00 -5.000000000000e-03
4.222717794420e+00 3.712111825681e+00 -5.000000000000e-03
2.779081533809e+00 3.915972407181e+00 -5.000000000000e-03
3.612555395987e+00 5.805370746883e-01 -5.000000000000e-03
4.727158340483e+00 9.931095936352e-01 -5.000000000000e-03
6.654254363370e-01 7.075108571280e-01 -5.000000000000e-03
3.507478835803e+00 3.251356216503e+00 -5.000000000000e-03
3.385440504545e+00 4.894509540470e+00 -5.000000000000e-03
5.234708073740e+00 1.021551109524e+00 -5.000000000000e-03
3.198793163725e+00 3.638177836516e+00 -5.000000000000e-03
4.100873164883e+00 1.000498321091e+00 -5.000000000000e-03
6.064190802330e+00 3.257828452133e+00 -5.000000000000e-03
7.393808516357e-01 4.706884952685e+00 -5.000000000000e-03
4.925054929889e+00 2.425603413342e+00 -5.000000000000e-03
4.474819991806e+00 4.362577763200e+00 -5.000000000000e-03
3.031825912302e+00 5.445496944151e+00 -5.000000000000e-03
1.007614040789e+00 4.175646670215e+00 -5.000000000000e-03
1.861973265824e-02 1.030935689685e+00 -5.000000000000e-03
5.112803252930e+00 1.972156676480e-01 -5.000000000000e-03
5.134411938244e+00 1.371750291915e+00 -5.000000000000e-03
2.814921237065e+00 2.888147282999e+00 -5.000000000000e-03
2.814424396132e+00 1.506349084883e+00 -5.000000000000e-03
2.597456996300e+00 1.695041499120e+00 -5.000000000000e-03
5.401692914849e+00 2.154169888956e-01 -5.000000000000e-03
1.982546427886e+00 4.876797370764e+00 -5.000000000000e-03
1.087020274641e+00 1.885934197482e+00 -5.000000000000e-03
5.648825313050e-01 1.303078956511e+00 -5.000000000000e-03
5.014031572767e+00 5.683585280957e+00 -5.000000000000e-03
1.011669937430e+00 1.844989729031e-01 -5.000000000000e-03
6.078902487268e+00 2.161820106130e+00 -5.000000000000e-03
4.652521032539e+00 5.504798615748e-01 -5.000000000000e-03
4.913972923929e+00 3.815466043719e+00 -5.000000000000e-03
6.254433703408e+00 1.220632813357e+00 -5.000000000000e-03
3.679328441163e-01 3.449972189408e+00 -5.000000000000e-03
5.745260654242e+00 6.075522494836e+00 -5.000000000000e-03
3.563482017080e+00 1.608742240085e+00 -5.000000000000e-03
5.816660621213e-01 3.222224309321e+00 -5.000000000000e-03
3.097122426414e+00 3.653986508666e-01 -5.000000000000e-03
4.785562978319e+00 5.082563024778e+00 -5.000000000000e-03
3.249415964699e+00 2.352766356125e+00 -5.000000000000e-03
3.721608854123e+00 4.946719408314e-01 -5.000000000000e-03
1.638244132072e+00 3.434688270773e+00 -5.000000000000e-03
2.501169462106e+00 1.688025563126e+00 -5.000000000000e-03
1.770548110587e+00 4.466243902261e+00 -5.000000000000e-03
1.878114937928e+00 4.931981010857e+00 -5.000000000000e-03
4.565549191629e+00 3.493361424575e+00 -5.000000000000e-03
3.405612915752e+00 3.025485799308e+00 -5.000000000000e-03
5.782856896106e+00 1.612295494823e+00 -5.000000000000e-03
3.308380984641e+00 1.321821156632e+00 -5.000000000000e-03
3.369800620066e+00 1.769157045622e+00 -5.000000000000e-03
2.810508156857e+00 3.159931903593e+00 -5.000000000000e-03
3.102689216535e+00 4.151341352907e+00 -5.000000000000e-03
6.116411101603e+00 7.050455033121e-02 -5.000000000000e-03
4.384461934465e+00 3.085721816904e+00 -5.000000000000e-03
4.177065375716e+00 1.764668180630e+00 -5.000000000000e-03
2.689307487653e+00 5.142880374255e+00 -5.000000000000e-03
2.571206378466e+00 5.324125152338e+00 -5.000000000000e-03
3.213414540209e+00 4.572987610243e+00 -5.000000000000e-03
8.660340845551e-01 9.506163422310e-01 -5.000000000000e-03
6.258366205825e+00 4.089458857180e+00 -5.000000000000e-03
1.458455175972e+00 6.858824900262e-01 -5.000000000000e-03
4.220308668366e+00 4.637698334274e-01 -5.000000000000e-03
1.160323034538e+00 3.509137947789e+00 -5.000000000000e-03
