5.666224359946e+00 4.224237694826e+00 5.000000000000e-03
1.594798869761e+00 4.029212611558e+00 5.000000000000e-03
6.018315501246e+00 6.228551706262e+00 5.000000000000e-03
1.376906637253e+00 3.968072060788e+00 5.000000000000e-03
4.616941260322e+00 1.407599383082e+00 5.000000000000e-03
3.695034949225e+00 4.589868258470e+00 5.000000000000e-03
4.810676624077e+00 7.546074351740e-01 5.000000000000e-03
2.656895851251e+00 4.348394708101e+00 5.000000000000e-03
5.998318498434e+00 7.934175574357e-02 5.000000000000e-03
3.715725497306e+00 2.414229625165e+00 5.000000000000e-03
2.427039807268e+00 2.369536302779e+00 5.000000000000e-03
6.586964564113e-01 3.217378120034e-01 5.000000000000e-03
2.891074063886e+00 1.857959012113e+00 5.000000000000e-03
4.834098909435e+00 4.175111461491e+00 5.000000000000e-03
5.671503604143e+00 4.457593948892e+00 5.000000000000e-03
6.077671409470e-01 4.014893883959e+00 5.000000000000e-03
5.936770467578e+00 5.187270480325e+00 5.000000000000e-03
5.454552422746e+00 1.058734647484e-01 5.000000000000e-03
7.560778999193e-02 2.981445203829e+00 5.000000000000e-03
1.008963299212e+00 1.259792002283e+00 5.000000000000e-03
4.897026696791e+00 2.108204483596e-01 5.000000000000e-03
4.855509828731e+00 5.445354904271e-01 5.000000000000e-03
5.431954592801e+00 5.488579579848e+00 5.000000000000e-03
3.267822699080e+00 1.286425378323e+00 5.000000000000e-03
2.214251541533e+00 6.011121224366e+00 5.000000000000e-03
5.372919074812e+00 5.876546024453e+00 5.000000000000e-03
6.616990809391e-01 2.447038338934e+00 5.000000000000e-03
2.005257670117e+00 1.353113476861e+00 5.000000000000e-03
2.871906060725e+00 2.967525648590e+00 5.000000000000e-03
4.020928137431e+00 4.396101967705e+00 5.000000000000e-03
3.404387786688e+00 5.561373856416e+00 5.000000000000e-03
5.934354484561e+00 4.443904680093e-01 5.000000000000e-03
3.549795627083e+00 5.016556055287e+00 5.000000000000e-03
5.105850352036e+00 1.608085353828e+00 5.000000000000e-03
3.953690254418e+00 4.261973549432e+00 5.000000000000e-03
4.481233715785e+00 3.743499992207e+00 5.000000000000e-03
9.217651108215e-02 1.441583820123e+00 5.000000000000e-03
1.919708545999e+00 7.424883948156e-01 5.000000000000e-03
1.956284921237e+00 1.103345070522e+00 5.000000000000e-03
2.802339030021e+00 5.409650098909e+00 5.000000000000e-03
1.724945467303e+00 4.102931385640e+00 5.000000000000e-03
1.764440990917e+00 4.457402814629e+00 5.000000000000e-03
4.338723774948e+00 2.892675750805e+00 5.000000000000e-03
2.572292438646e+00 1.194988612462e+00 5.000000000000e-03
1.932877076012e+00 2.278789455892e+00 5.000000000000e-03
2.345649558218e+00 4.881832516553e+00 5.000000000000e-03
6.360968676758e-01 3.105176097944e+00 5.000000000000e-03
5.490414103719e+00 3.473747507693e-01 5.000000000000e-03
2.863635752507e+00 4.471434874529e+00 5.000000000000e-03
5.283174335540e+00 3.702886734322e+00 5.000000000000e-03
1.759730717659e+00 3.972071891110e+00 5.000000000000e-03
3.218803061651e+00 4.678294805453e+00 5.000000000000e-03
5.273175222870e+00 5.008530629377e+00 5.000000000000e-03
7.767349463652e-01 3.269118058478e+00 5.000000000000e-03
5.688348437795e+00 1.701475814529e+00 5.000000000000e-03
1.675071397899e+00 2.526078103603e+00 5.000000000000e-03
1.886454549977e+00 1.040011555730e+00 5.000000000000e-03
6.151334207480e+00 2.989500838002e+00 5.000000000000e-03
5.978785601322e+00 1.555303218542e+00 5.000000000000e-03
3.323645625236e+00 2.342589336153e+00 5.000000000000e-03
3.254394688122e+00 9.765829349184e-01 5.000000000000e-03
9.110579941980e-01 2.144956433100e+00 5.000000000000e-03
4.409510936596e+00 1.132858376536e+00 5.000000000000e-03
3.702190617773e+00 5.192130803445e+00 5.000000000000e-03
3.235990700485e+00 1.964737081237e+00 5.000000000000e-03
6.054928637671e+00 5.664132397361e-01 5.000000000000e-03
7.176795924385e-01 1.508676885389e+00 5.000000000000e-03
1.784366922985e+00 2.822712868303e+00 5.000000000000e-03
6.788909873055e-01 2.617639202583e+00 5.000000000000e-03
1.068211033594e+00 1.662555610916e+00 5.000000000000e-03
4.156010669418e+00 5.087542844930e-01 5.000000000000e-03
9.017943639404e-01 4.977245446465e-01 5.000000000000e-03
3.653202200731e+00 1.280000662501e+00 5.000000000000e-03
1.591104042648e+00 9.313758317279e-01 5.000000000000e-03
6.116990500958e+00 2.200540228644e+00 5.000000000000e-03
1.402072064750e+00 2.285936033787e+00 5.000000000000e-03
9.237430241789e-01 8.731564360819e-01 5.000000000000e-03
3.049421944139e+00 6.072700286175e+00 5.000000000000e-03
1.281091186134e+00 1.453160409145e-01 5.000000000000e-03
8.762739731842e-01 5.712855439367e-01 5.000000000000e-03
3.053277161522e+00 2.312873193425e+00 5.000000000000e-03
3.791863534391e+00 2.116841514376e+00 5.000000000000e-03
5.282575632996e+00 4.447452956398e+00 5.000000000000e-03
1.036560202232e+00 1.029193505576e+00 5.000000000000e-03
3.643337899225e+00 2.473121058578e+00 5.000000000000e-03
4.197294640392e+00 3.680181505860e+00 5.000000000000e-03
3.293261219980e+00 3.946686644205e+00 5.000000000000e-03
1.976034327392e+00 1.053032616013e+00 5.000000000000e-03
6.065812532857e+00 1.794965115952e-01 5.000000000000e-03
4.949528119113e+00 3.783075380233e+00 5.000000000000e-03
5.504047161990e+00 1.600099150963e-01 5.000000000000e-03
3.944901693810e+00 4.744916870919e+00 5.000000000000e-03
3.552591169462e+00 4.500970387604e+00 5.000000000000e-03
2.608104680579e+00 2.110748986099e+00 5.000000000000e-03
5.757155563734e+00 1.238956985769e+00 5.000000000000e-03
3.813959754567e+00 4.605486654868e+00 5.000000000000e-03
3.240531535581e+00 5.876205152834e+00 5.000000000000e-03
1.642057780504e+00 9.636982878759e-03 5.000000000000e-03
4.134604007893e+00 5.650728767881e+00 5.000000000000e-03
6.160917558051e+00 3.050580373280e+00 5.000000000000e-03
3.872202363800e+00 2.355575959980e+00 -5.000000000000e-03
1.990922488588e+00 6.226908661826e+00 -5.000000000000e-03
1.149538322294e+00 9.031819400208e-01 -5.000000000000e-03
5.435211526751e+00 3.334702363493e+00 -5.000000000000e-03
5.726887658110e+00 2.474738906495e+00 -5.000000000000e-03
4.398596218624e+00 6.253637635187e+00 -5.000000000000e-03
6.605174293961e-02 3.127843163974e+00 -5.000000000000e-03
5.743914636050e+00 6.162796987859e+00 -5.000000000000e-03
2.029006886061e+00 5.493647128903e-02 -5.000000000000e-03
1.364773280960e-01 1.344776042580e-01 -5.000000000000e-03
3.678490509845e+00 1.765543615861e+00 -5.000000000000e-03
4.279416570973e+00 2.080069412640e-01 -5.000000000000e-03
2.100464889967e+00 2.702080635089e+00 -5.000000000000e-03
3.308288113666e+00 1.502900692369e+00 -5.000000000000e-03
5.170097809345e+00 1.423478631919e+00 -5.000000000000e-03
3.915506308216e+00 2.075620769201e+00 -5.000000000000e-03
2.363845352710e+00 2.486855675525e+00 -5.000000000000e-03
4.755818130403e+00 1.778318596506e+00 -5.000000000000e-03
5.805153105429e-01 2.084323560652e-01 -5.000000000000e-03
3.798989036332e+00 5.675770781972e+00 -5.000000000000e-03
4.902643232660e+00 1.154927813309e+00 -5.000000000000e-03
5.978493600702e+00 4.087433880692e+00 -5.000000000000e-03
1.401740334970e+00 3.159114502609e+00 -5.000000000000e-03
5.889704677648e+00 4.851722088342e+00 -5.000000000000e-03
4.634105176143e+00 3.334409654457e+00 -5.000000000000e-03
2.161339052582e+00 4.292763228835e+00 -5.000000000000e-03
9.700857037062e-01 7.362388465865e-01 -5.000000000000e-03
6.220559648398e+00 3.857104766830e+00 -5.000000000000e-03
5.171545673796e+00 1.363203528979e+00 -5.000000000000e-03
5.957601107375e+00 4.379564137890e+00 -5.000000000000e-03
3.922434211180e+00 6.662881707149e-01 -5.000000000000e-03
2.649351555317e+00 2.630921675382e+00 -5.000000000000e-03
3.842447458616e+00 8.007890793839e-01 -5.000000000000e-03
1.961533342927e+00 3.191365974375e+00 -5.000000000000e-03
1.083702904010e+00 9.885635845220e-01 -5.000000000000e-03
1.104621030275e+00 6.880984635374e-01 -5.000000000000e-03
3.026497484411e+00 2.780623380305e+00 -5.000000000000e-03
3.830343427529e+00 4.936941525007e+00 -5.000000000000e-03
5.958361394785e+00 2.482532882507e+00 -5.000000000000e-03
3.354282960830e+00 7.744082737774e-01 -5.000000000000e-03
4.930395914454e+00 1.171902036519e+00 -5.000000000000e-03
4.329935875143e+00 4.705497631272e+00 -5.000000000000e-03
2.537425043896e+00 6.213902968669e+00 -5.000000000000e-03
1.195893330235e+00 6.109219240907e+00 -5.000000000000e-03
1.559752548013e+00 1.539522815125e+00 -5.000000000000e-03
1.705414063268e+00 5.154438240945e+00 -5.000000000000e-03
5.088204022248e+00 4.555321525322e+00 -5.000000000000e-03
5.597526210843e+00 3.408052878197e+00 -5.000000000000e-03
5.142252845365e+00 9.130101271518e-02 -5.000000000000e-03
3.942985673917e+00 2.451212812647e+00 -5.000000000000e-03
4.641435106988e+00 5.582915147975e+00 -5.000000000000e-03
5.609317323691e+00 3.103199160238e+00 -5.000000000000e-03
1.512687057169e-01 2.883543116870e+00 -5.000000000000e-03
5.502051827180e+00 4.853778893403e+00 -5.000000000000e-03
1.215030868439e+00 2.235160682677e+00 -5.000000000000e-03
4.559030198761e-01 3.093208509829e-01 -5.000000000000e-03
2.507426623482e+00 2.202353919070e+00 -5.000000000000e-03
6.166215562826e+00 4.691872489049e+00 -5.000000000000e-03
4.865487677968e+00 5.041507987483e+00 -5.000000000000e-03
5.507084564154e+00 1.007684507441e+00 -5.000000000000e-03
5.301686860280e+00 3.318235264015e+00 -5.000000000000e-03
6.172141869133e+00 4.914535234065e+00 -5.000000000000e-03
6.237191897630e+00 2.301059048214e+00 -5.000000000000e-03
3.670750790648e+00 4.399753186667e+00 -5.000000000000e-03
8.164186570035e-01 3.698894197828e+00 -5.000000000000e-03
5.284988776209e+00 2.236538643595e+00 -5.000000000000e-03
1.862540326928e+00 5.430249970987e+00 -5.000000000000e-03
4.420083703543e+00 2.751990003105e-01 -5.000000000000e-03
1.810321973238e+00 5.568658346734e+00 -5.000000000000e-03
2.706181884873e+00 4.974824611902e+00 -5.000000000000e-03
4.837986683372e+00 5.283473374836e-01 -5.000000000000e-03
5.808154485825e+00 3.135341507043e+00 -5.000000000000e-03
3.791573876396e+00 3.349867843648e+00 -5.000000000000e-03
1.699992075760e+00 3.564203591645e+00 -5.000000000000e-03
5.554780466904e+00 5.081788765794e+00 -5.000000000000e-03
4.788676477003e+00 1.872798727610e-01 -5.000000000000e-03
3.934737725597e+00 7.884305218686e-01 -5.000000000000e-03
3.131797983455e+00 8.859309808538e-01 -5.000000000000e-03
3.269915085057e+00 5.543955010292e+00 -5.000000000000e-03
2.762316827237e+00 5.036574948551e-01 -5.000000000000e-03
2.939567832864e+00 1.408288577410e+00 -5.000000000000e-03
3.665477946098e+00 3.935551162642e+00 -5.000000000000e-03
5.012304683249e+00 8.333145137714e-02 -5.000000000000e-03
4.585910986193e-01 1.869425497000e+00 -5.000000000000e-03
9.832854332031e-01 3.858320131114e-01 -5.000000000000e-03
5.758363632461e+00 9.432074876197e-01 -5.000000000000e-03
2.451778283298e+00 5.514937593522e+00 -5.000000000000e-03
3.830262927291e+00 5.675164503650e-01 -5.000000000000e-03
3.740766113629e+00 2.047467193039e+00 -5.000000000000e-03
3.290766559882e+00 3.107144941116e+00 -5.000000000000e-03
6.037596260555e+00 2.337375788043e+00 -5.000000000000e-03
2.522911431705e+00 3.777679776225e+00 -5.000000000000e-03
3.612273865656e+00 3.455007668445e+00 -5.000000000000e-03
4.265571010590e+00 3.187299383608e+00 -5.000000000000e-03
4.795301030827e+00 3.013477389976e+00 -5.000000000000e-03
3.450955361588e+00 5.022765002369e+00 -5.000000000000e-03
4.786612384433e+00 5.189982062342e-01 -5.000000000000e-03
2.565187602653e+00 1.849089729659e+00 -5.000000000000e-03
4.779885327922e-01 4.697019117659e+00 -5.000000000000e-03
6.203213420660e+00 8.990602620001e-01 -5.000000000000e-03
