4.892049262582e+00 5.069084007830e+00 5.000000000000e-03
5.624977248140e+00 5.517746154242e+00 5.000000000000e-03
4.717252557673e+00 5.188869019651e-01 5.000000000000e-03
5.423355542485e+00 2.131518407924e+00 5.000000000000e-03
4.518102122123e-01 7.734103068064e-01 5.000000000000e-03
4.790645233381e+00 5.339351987261e+00 5.000000000000e-03
3.760444329769e+00 5.018514434047e+00 5.000000000000e-03
5.705856155374e+00 3.751076313352e+00 5.000000000000e-03
4.228805777562e+00 3.099827121003e-01 5.000000000000e-03
5.905042792611e+00 2.481202463707e+00 5.000000000000e-03
3.688613312429e+00 5.948159504916e+00 5.000000000000e-03
5.503088707854e+00 4.534695121849e+00 5.000000000000e-03
1.444793410472e-01 7.870514692664e-01 5.000000000000e-03
3.131014915659e+00 4.546436915306e+00 5.000000000000e-03
4.672567813108e+00 2.029811061944e+00 5.000000000000e-03
1.984002359659e+00 3.727294920806e+00 5.000000000000e-03
2.545213797346e-01 1.861995194344e+00 5.000000000000e-03
1.782726716009e+00 1.897252662224e+00 5.000000000000e-03
5.336186404624e+00 1.857339858484e+00 5.000000000000e-03
4.715811149747e-01 5.164218648100e+00 5.000000000000e-03
2.649346687197e+00 5.959798567217e+00 5.000000000000e-03
4.795607811157e+00 6.241989201711e+00 5.000000000000e-03
2.292138196606e+00 3.432504963548e+00 5.000000000000e-03
5.363397911998e+00 6.258784042951e+00 5.000000000000e-03
3.478756150000e+00 5.220234986599e+00 5.000000000000e-03
1.391743692534e+00 4.855173077450e+00 5.000000000000e-03
3.707216753548e+00 3.960696433848e+00 5.000000000000e-03
5.977518406639e+00 1.092523079594e-01 5.000000000000e-03
2.870315840814e+00 3.400260728644e+00 5.000000000000e-03
2.799055366073e-01 5.936807032505e-01 5.000000000000e-03
6.212430895184e+00 9.656873187456e-01 5.000000000000e-03
5.946682668239e+00 5.968121732907e+00 5.000000000000e-03
4.637442247889e+00 6.010815985200e+00 5.000000000000e-03
1.835899889071e+00 1.511500627557e+00 5.000000000000e-03
8.500631023434e-02 9.871848612094e-01 5.000000000000e-03
5.138886497259e+00 2.961862132480e+00 5.000000000000e-03
3.795681992680e+00 6.003025282838e+00 5.000000000000e-03
3.597896642431e+00 5.862034241174e+00 5.000000000000e-03
2.234957906816e+00 6.098877882808e+00 5.000000000000e-03
5.608901850419e+00 1.449759568732e+00 5.000000000000e-03
3.915392146720e+00 3.520369640794e+00 5.000000000000e-03
2.200391174640e+00 2.234502383204e+00 5.000000000000e-03
1.916601407133e+00 2.015522720897e-01 5.000000000000e-03
1.136549611491e+00 1.724130908156e+00 5.000000000000e-03
2.129034113472e+00 1.346066290375e-01 5.000000000000e-03
4.508296283193e+00 1.245815086949e-01 5.000000000000e-03
4.109248463993e+00 3.918789721167e+00 5.000000000000e-03
3.699487194206e+00 5.370789500215e+00 5.000000000000e-03
3.329771313148e+00 3.504281115740e+00 5.000000000000e-03
8.921087190000e-02 3.532837645337e+00 5.000000000000e-03
5.677099380831e+00 3.096211794417e+00 5.000000000000e-03
4.932801902983e+00 5.188852860517e+00 5.000000000000e-03
3.504726152272e+00 5.820038310540e+00 5.000000000000e-03
5.000007859950e-02 5.373560898363e+00 5.000000000000e-03
2.751473546426e-01 1.957910074139e+00 5.000000000000e-03
3.139010977175e+00 4.822344892331e+00 5.000000000000e-03
2.818462414143e+00 4.580826333412e+00 5.000000000000e-03
1.526112283001e-01 6.330007046894e-01 5.000000000000e-03
6.108557331703e+00 7.470342051357e-01 5.000000000000e-03
5.074703010454e+00 3.280296466055e-01 5.000000000000e-03
4.288820279523e+00 4.746190238644e+00 5.000000000000e-03
1.665348551715e+00 5.538474473408e+00 5.000000000000e-03
1.892975439488e+00 1.907861588698e+00 5.000000000000e-03
3.966342011552e+00 5.380887161886e-01 5.000000000000e-03
3.534490285988e+00 2.021790491922e+00 5.000000000000e-03
6.006664437750e+00 3.558544222951e-01 5.000000000000e-03
1.775414836804e+00 6.364102007885e-01 5.000000000000e-03
2.805726385829e+00 6.760626456198e-01 5.000000000000e-03
2.804178860196e-01 3.206801119386e+00 5.000000000000e-03
1.599430343094e+00 4.001206612167e+00 5.000000000000e-03
1.184765200577e+00 2.745589640131e+00 5.000000000000e-03
4.262090656068e+00 4.652875983347e+00 5.000000000000e-03
5.674243677499e+00 3.187211860812e+00 5.000000000000e-03
4.268978981328e+00 1.528406598668e+00 5.000000000000e-03
3.082279299846e+00 2.493792194542e+00 5.000000000000e-03
2.511586341316e+00 1.284412068570e+00 5.000000000000e-03
5.999454821023e+00 6.213179595893e+00 5.000000000000e-03
3.997520670707e+00 4.904856752822e+00 5.000000000000e-03
6.140334737768e+00 9.645262462499e-01 5.000000000000e-03
1.198912731172e-01 5.409403288070e+00 5.000000000000e-03
4.383224915088e+00 1.072852105472e+00 5.000000000000e-03
6.790310251169e-01 1.485612591982e+00 5.000000000000e-03
1.673718308781e+00 1.892308412098e-01 5.000000000000e-03
3.672315479572e+00 2.496815940729e+00 5.000000000000e-03
2.470193530402e+00 1.660063960305e+00 5.000000000000e-03
4.265380963900e+00 3.179192960494e+00 5.000000000000e-03
5.412555562165e-03 5.302197438076e+00 5.000000000000e-03
2.789735210086e+00 8.346521443399e-01 5.000000000000e-03
1.839585620280e+00 1.033919114469e-01 5.000000000000e-03
4.009320297556e+00 5.607799450161e+00 5.000000000000e-03
1.439156847018e+00 2.643793252729e-01 5.000000000000e-03
6.251049919027e+00 6.199123481653e+00 5.000000000000e-03
4.718627755524e+00 5.967156677277e+00 5.000000000000e-03
1.468142315354e+00 3.104443483460e+00 5.000000000000e-03
5.719299718850e+00 2.237480717075e+00 5.000000000000e-03
4.762968577713e+00 4.171624973656e+00 5.000000000000e-03
5.707862787377e+00 1.819222934622e+00 5.000000000000e-03
1.035656800229e+00 3.934608770632e+00 5.000000000000e-03
4.738954012449e+00 3.334021136321e+00 5.000000000000e-03
4.650255797174e+00 3.523404808101e+00 5.000000000000e-03
1.206460536597e+00 7.313367372711e-01 -5.000000000000e-03
4.380913093617e+00 6.192378105280e+00 -5.000000000000e-03
3.597557257703e+00 6.170999295211e+00 -5.000000000000e-03
2.055572167545e+00 3.720722482623e+00 -5.000000000000e-03
9.072413819086e-02 6.073678512626e+00 -5.000000000000e-03
1.079162260033e+00 5.057374077781e+00 -5.000000000000e-03
5.712135476055e+00 7.399435515382e-01 -5.000000000000e-03
3.035600981694e+00 4.288228207723e+00 -5.000000000000e-03
2.130860063206e+00 1.287711910347e+00 -5.000000000000e-03
3.712887314615e+00 4.210558077150e+00 -5.000000000000e-03
3.374793403891e+00 2.836860201846e+00 -5.000000000000e-03
5.061224679120e+00 5.708047649791e+00 -5.000000000000e-03
5.309420261441e+00 3.509222090001e+00 -5.000000000000e-03
6.014687916309e+00 2.070597916704e+00 -5.000000000000e-03
4.032548411799e+00 2.864290836601e+00 -5.000000000000e-03
4.846678427328e-02 3.476090097143e+00 -5.000000000000e-03
3.633300163157e+00 3.119985869568e+00 -5.000000000000e-03
1.546809980027e+00 2.484306353053e+00 -5.000000000000e-03
4.575495170977e+00 5.082134763795e+00 -5.000000000000e-03
6.026825605029e+00 5.768274676811e+00 -5.000000000000e-03
5.903416669473e+00 5.902644907371e+00 -5.000000000000e-03
1.283613503082e+00 2.685563794403e+00 -5.000000000000e-03
5.946416893245e+00 5.192633015181e+00 -5.000000000000e-03
4.556930141163e+00 1.812124829992e+00 -5.000000000000e-03
4.654544681893e-01 5.452512185582e+00 -5.000000000000e-03
7.645590379166e-01 5.046929583352e+00 -5.000000000000e-03
1.189045213927e+00 4.474906902033e+00 -5.000000000000e-03
1.531509891185e+00 9.557705075815e-01 -5.000000000000e-03
4.085010138016e+00 4.954808034337e+00 -5.000000000000e-03
4.649468718801e+00 4.821847528648e+00 -5.000000000000e-03
2.761421761954e+00 5.372310115832e-01 -5.000000000000e-03
5.611348633305e+00 2.828130393693e+00 -5.000000000000e-03
5.898062309510e+00 4.270138481129e+00 -5.000000000000e-03
5.147489893855e+00 2.553090369596e-01 -5.000000000000e-03
5.325530473304e+00 3.714413018842e+00 -5.000000000000e-03
3.241573072788e+00 2.365830620159e+00 -5.000000000000e-03
6.048986120334e-02 8.625823115413e-01 -5.000000000000e-03
4.073945305142e+00 2.830554939545e+00 -5.000000000000e-03
4.314664986467e+00 1.351174650808e+00 -5.000000000000e-03
3.544746207057e+00 5.122628242488e+00 -5.000000000000e-03
3.497987906370e+00 3.745997931579e+00 -5.000000000000e-03
1.098313898481e+00 4.825449559728e+00 -5.000000000000e-03
1.098035125768e+00 3.974608812023e+00 -5.000000000000e-03
1.953849138557e+00 3.037913662848e+00 -5.000000000000e-03
3.314774812951e+00 2.998990947911e+00 -5.000000000000e-03
4.556206063567e-01 6.845108744730e-01 -5.000000000000e-03
4.701646208209e+00 4.706680916933e+00 -5.000000000000e-03
3.242050385515e+00 1.116792534500e-01 -5.000000000000e-03
1.325491475812e+00 2.631769306671e+00 -5.000000000000e-03
2.346414597485e+00 5.237799836441e-01 -5.000000000000e-03
4.843288588331e+00 5.008618368545e+00 -5.000000000000e-03
5.782858642100e+00 5.293079697454e+00 -5.000000000000e-03
4.190056750747e+00 4.061563820655e+00 -5.000000000000e-03
5.502804673963e+00 2.523686317995e+00 -5.000000000000e-03
4.409840917234e+00 5.507764898825e+00 -5.000000000000e-03
4.803578860629e+00 5.613118367307e+00 -5.000000000000e-03
5.917281438336e+00 1.213368358224e-01 -5.000000000000e-03
4.725251045372e+00 5.372637880736e+00 -5.000000000000e-03
4.221802688298e+00 5.802252216237e+00 -5.000000000000e-03
2.933209320294e+00 4.035436220185e+00 -5.000000000000e-03
5.916438959936e+00 2.186556651276e+00 -5.000000000000e-03
4.983738281626e+00 4.830137160586e-01 -5.000000000000e-03
1.557835578189e+00 5.489505624362e+00 -5.000000000000e-03
1.951825178933e+00 4.662338882778e+00 -5.000000000000e-03
3.315706076641e+00 8.232887913734e-01 -5.000000000000e-03
2.465868384355e+00 4.725974423278e+00 -5.000000000000e-03
5.706246504638e+00 1.905473656782e+00 -5.000000000000e-03
6.037606997012e+00 5.083393179233e+00 -5.000000000000e-03
1.629387315240e+00 2.005152688424e+00 -5.000000000000e-03
1.973949701529e+00 6.251492220171e+00 -5.000000000000e-03
3.644619210161e+00 9.293930105210e-01 -5.000000000000e-03
1.502429001322e+00 1.392642093832e+00 -5.000000000000e-03
2.939411902729e+00 3.152427654584e+00 -5.000000000000e-03
3.888489254836e+00 1.847140287662e+00 -5.000000000000e-03
2.410336397442e+00 3.174883569790e+00 -5.000000000000e-03
5.247836823631e+00 3.765540672239e+00 -5.000000000000e-03
3.146013545002e+00 4.296256721576e+00 -5.000000000000e-03
2.146976427635e+00 3.569304331082e+00 -5.000000000000e-03
5.130283396934e+00 6.035681550704e+00 -5.000000000000e-03
3.381954327282e+00 3.842992182640e+00 -5.000000000000e-03
5.452665472987e+00 8.114336336431e-02 -5.000000000000e-03
5.530793286948e+00 5.780895975612e+00 -5.000000000000e-03
3.416971302307e+00 1.533291215907e+00 -5.000000000000e-03
4.707654101421e+00 4.482985023332e+00 -5.000000000000e-03
3.425018646202e-01 6.247023828768e+00 -5.000000000000e-03
3.617709578831e+00 3.513468895449e+00 -5.000000000000e-03
3.373469270434e+00 4.073749418411e+00 -5.000000000000e-03
2.081282274599e+00 7.481266844178e-01 -5.000000000000e-03
4.595065738268e+00 3.132577993048e+00 -5.000000000000e-03
4.821801001771e+00 3.493493064265e+00 -5.000000000000e-03
1.060064824880e+00 3.803656386739e+00 -5.000000000000e-03
1.291388907957e+00 5.711767224898e+00 -5.000000000000e-03
4.800851881578e+00 4.565072876726e+00 -5.000000000000e-03
4.353809018381e+00 3.682491725665e+00 -5.000000000000e-03
3.685189116537e+00 3.384279403239e+00 -5.000000000000e-03
2.784620584422e+00 6.395724435046e-01 -5.000000000000e-03
3.819891563739e+00 3.750832347973e+00 -5.000000000000e-03
1.387682230748e+00 3.011143327231e+00 -5.000000000000e-03
2.476518428645e+00 1.895912105825e+00 -5.000000000000e-03
4.968757281414e+00 2.495207164888e+00 -5.000000000000e-03
