3.878952830310e+00 4.088983893208e-01 5.000000000000e-03
4.189151205887e+00 4.575884801624e+00 5.000000000000e-03
2.990062773471e+00 1.758091121178e+00 5.000000000000e-03
1.914335385819e+00 3.564268986700e+00 5.000000000000e-03
1.721490512192e+00 1.730969472881e+00 5.000000000000e-03
1.488620644839e+00 5.019676855040e+00 5.000000000000e-03
3.133142084570e+00 2.741016011480e+00 5.000000000000e-03
1.629862895827e+00 3.534878702537e+00 5.000000000000e-03
2.584415956722e+00 1.854728727313e+00 5.000000000000e-03
2.357647649955e-02 1.562074910483e+00 5.000000000000e-03
5.866628724297e+00 5.611023537993e+00 5.000000000000e-03
4.969105186840e-02 3.783203891649e+00 5.000000000000e-03
1.198182344714e+00 4.554874940593e+00 5.000000000000e-03
5.887725785081e+00 1.446984949964e-01 5.000000000000e-03
3.965993734534e+00 2.411818474940e+00 5.000000000000e-03
1.246986464834e+00 2.699239488087e-01 5.000000000000e-03
2.121792033646e+00 5.415598494410e+00 5.000000000000e-03
1.763827672861e+00 2.731350326608e+00 5.000000000000e-03
3.641853292000e+00 3.429329117747e+00 5.000000000000e-03
9.443596365599e-01 5.429010144491e+00 5.000000000000e-03
2.458020186469e+00 2.315782270600e+00 5.000000000000e-03
1.649431135854e+00 3.111701727815e+00 5.000000000000e-03
6.801436729497e-01 3.966608755941e+00 5.000000000000e-03
3.944196671309e+00 3.233829169952e+00 5.000000000000e-03
4.332704572003e+00 3.488374377742e+00 5.000000000000e-03
4.389348937096e+00 2.197198322536e+00 5.000000000000e-03
3.958665224361e-01 3.808731391370e+00 5.000000000000e-03
4.464667107976e+00 2.458338556939e+00 5.000000000000e-03
4.293201133137e+00 2.984270852424e+00 5.000000000000e-03
3.715762819374e+00 1.284125090027e+00 5.000000000000e-03
1.485248490282e+00 6.242885163842e-01 5.000000000000e-03
2.503087919492e+00 2.873185932180e+00 5.000000000000e-03
1.273867053557e+00 2.797967493989e+00 5.000000000000e-03
2.345822261803e+00 5.563780053408e+00 5.000000000000e-03
3.368892509552e+00 5.961024058940e+00 5.000000000000e-03
4.895316447682e+00 4.079627232779e+00 5.000000000000e-03
5.259178412832e+00 5.215879510661e+00 5.000000000000e-03
3.141146372458e-01 3.072418590605e+00 5.000000000000e-03
2.789951599880e+00 1.569162857508e+00 5.000000000000e-03
4.579676313309e+00 1.300340071684e+00 5.000000000000e-03
3.048461159138e-01 2.080104113670e+00 5.000000000000e-03
5.897965979623e+00 4.823180835356e-01 5.000000000000e-03
4.692954863427e+00 4.588865211658e+00 5.000000000000e-03
5.917624766837e-01 2.081577053111e+00 5.000000000000e-03
4.884535868599e+00 6.470002826629e-01 5.000000000000e-03
5.309725024624e+00 5.194629051575e+00 5.000000000000e-03
3.271353014058e+00 1.220209968780e+00 5.000000000000e-03
4.019666032623e+00 2.869187129401e+00 5.000000000000e-03
1.397339604173e+00 2.996788959666e+00 5.000000000000e-03
4.709563179036e+00 2.127949686939e+00 5.000000000000e-03
6.031963773235e+00 3.392327612292e+00 5.000000000000e-03
5.620876113701e+00 6.023622646765e+00 5.000000000000e-03
2.913552813399e-01 4.204804801730e+00 5.000000000000e-03
3.602543459749e+00 3.619703876065e+00 5.000000000000e-03
3.083573744881e+00 4.752554531844e+00 5.000000000000e-03
8.933776397156e-02 1.810052656791e+00 5.000000000000e-03
7.343807212241e-01 6.662753109420e-01 5.000000000000e-03
1.589999856644e-01 2.183900678294e+00 5.000000000000e-03
5.131955849150e+00 2.553950972302e+00 5.000000000000e-03
2.462583018168e+00 4.199464624557e+00 5.000000000000e-03
1.011689174703e+00 1.360022439075e-02 5.000000000000e-03
3.721019375679e+00 6.158463514820e+00 5.000000000000e-03
2.100404173085e+00 4.709377652615e+00 5.000000000000e-03
6.557538078227e-01 5.333067659048e+00 5.000000000000e-03
9.921179687402e-01 1.682059152785e+00 5.000000000000e-03
5.831507191352e-02 4.052773262889e+00 5.000000000000e-03
3.816714028267e-01 2.496877567852e+00 5.000000000000e-03
4.036941383471e+00 2.139565573939e+00 5.000000000000e-03
3.470914834605e+00 1.018735696325e+00 5.000000000000e-03
3.060253089696e+00 2.588703144234e+00 5.000000000000e-03
3.745171728412e-01 4.258392929650e+00 5.000000000000e-03
3.857657056177e+00 1.777356710614e+00 5.000000000000e-03
5.434544229736e+00 1.935346295054e+00 5.000000000000e-03
9.677496122433e-01 4.545077833081e-01 5.000000000000e-03
2.120634380735e+00 2.861622529155e+00 5.000000000000e-03
5.230193992797e-01 3.368646189077e+00 5.000000000000e-03
2.308552748623e-02 1.981525657520e+00 5.000000000000e-03
3.197780779390e+00 6.279755882031e+00 5.000000000000e-03
1.133465652215e+00 1.097117538299e+00 5.000000000000e-03
1.235964806347e+00 2.765637187898e+00 5.000000000000e-03
1.875216353173e-01 2.778417650811e+00 5.000000000000e-03
3.280561190142e+00 4.232952765031e+00 5.000000000000e-03
2.994341071277e+00 6.129950257658e+00 5.000000000000e-03
2.314294156422e+00 2.087502166435e+00 5.000000000000e-03
2.152142554837e+00 3.657572084161e+00 5.000000000000e-03
1.704063048931e+00 1.245846625994e+00 5.000000000000e-03
5.955806422253e+00 5.962887671973e+00 5.000000000000e-03
1.106422930887e+00 2.918357640824e+00 5.000000000000e-03
5.975927866282e-01 2.730215915718e+00 5.000000000000e-03
3.357182748828e+00 4.781838386493e+00 5.000000000000e-03
4.092469177757e+00 5.156991545509e+00 5.000000000000e-03
1.638310256190e+00 2.451236236664e+00 5.000000000000e-03
3.518785315043e+00 1.399323679927e+00 5.000000000000e-03
1.229508093220e+00 1.920781617901e+00 5.000000000000e-03
1.938968835736e-01 3.972001279410e+00 5.000000000000e-03
6.115450277939e+00 3.217527166501e+00 5.000000000000e-03
1.521891887552e+00 3.455563098612e+00 5.000000000000e-03
3.717302104417e+00 2.992818781247e+00 5.000000000000e-03
5.927049667206e+00 3.343603587157e+00 5.000000000000e-03
6.266196677518e+00 1.760402323755e-01 5.000000000000e-03
5.803871584767e+00 1.215202048285e+00 -5.000000000000e-03
5.220497395716e+00 4.559933928290e+00 -5.000000000000e-03
6.922403690352e-01 4.048290393318e+00 -5.000000000000e-03
2.433751800563e+00 1.946961281026e+00 -5.000000000000e-03
5.981577213757e+00 3.821667225829e+00 -5.000000000000e-03
1.528623683816e+00 3.687200764422e-01 -5.000000000000e-03
2.026448773060e+00 3.542760540868e+00 -5.000000000000e-03
1.150926159428e+00 1.159874967860e+00 -5.000000000000e-03
2.860785746611e+00 1.141177814118e+00 -5.000000000000e-03
1.420583579206e+00 2.262418441519e+00 -5.000000000000e-03
4.496660292708e-02 5.099725025231e+00 -5.000000000000e-03
3.659331138550e+00 5.750434529770e+00 -5.000000000000e-03
5.617878825746e+00 3.491541845683e+00 -5.000000000000e-03
5.062249928987e+00 1.480769250170e+00 -5.000000000000e-03
5.860237234885e+00 3.264217164126e+00 -5.000000000000e-03
4.355599248513e-01 9.620367543158e-01 -5.000000000000e-03
3.699324207688e+00 6.124276268926e+00 -5.000000000000e-03
5.072249850067e+00 6.131446897674e+00 -5.000000000000e-03
3.926684300736e+00 5.859977052360e+00 -5.000000000000e-03
1.252530697280e+00 3.554129878898e+00 -5.000000000000e-03
9.639047387664e-01 6.165177824897e+00 -5.000000000000e-03
1.934937336116e-01 3.407160857872e+00 -5.000000000000e-03
2.410967944499e+00 8.728236187923e-01 -5.000000000000e-03
2.341926407411e+00 1.641813028023e+00 -5.000000000000e-03
4.840252511628e+00 6.339972830855e-01 -5.000000000000e-03
3.988332122433e+00 4.180817058592e+00 -5.000000000000e-03
7.515265638788e-02 4.359430776413e-01 -5.000000000000e-03
5.363554081708e+00 3.559830239193e+00 -5.000000000000e-03
5.731700070913e-02 4.112217468791e-01 -5.000000000000e-03
2.527601973747e+00 4.058057809333e+00 -5.000000000000e-03
2.250716404767e+00 2.706713810455e+00 -5.000000000000e-03
1.584280765375e+00 5.418922491542e+00 -5.000000000000e-03
5.555959300633e+00 5.517210611995e+00 -5.000000000000e-03
2.893422450445e+00 3.309166466596e+00 -5.000000000000e-03
5.982270121122e+00 1.925079939598e+00 -5.000000000000e-03
4.537535263278e+00 4.299101808473e-01 -5.000000000000e-03
9.770745555464e-01 2.018239044105e+00 -5.000000000000e-03
1.315294172789e+00 5.087101982830e+00 -5.000000000000e-03
1.003681755505e+00 4.412458626260e+00 -5.000000000000e-03
7.204393581861e-01 7.274412547248e-01 -5.000000000000e-03
1.492252892634e+00 5.769762343517e+00 -5.000000000000e-03
3.021614587559e-01 4.642923326000e+00 -5.000000000000e-03
6.192960485717e+00 4.538994804649e+00 -5.000000000000e-03
5.867975453423e+00 5.781025589118e+00 -5.000000000000e-03
5.893413020597e-04 3.790510367797e+00 -5.000000000000e-03
6.281038951850e+00 2.870975752597e+00 -5.000000000000e-03
5.387575895539e+00 9.989982051877e-01 -5.000000000000e-03
1.613103843464e-01 1.595721634519e-01 -5.000000000000e-03
3.131317884007e+00 8.413283902035e-01 -5.000000000000e-03
1.823952233897e+00 5.906828592279e+00 -5.000000000000e-03
3.564593437784e+00 3.060893007403e+00 -5.000000000000e-03
5.073931322863e+00 4.591647831765e+00 -5.000000000000e-03
5.632916588093e+00 3.664346899304e+00 -5.000000000000e-03
2.636982474564e+00 2.487150848844e+00 -5.000000000000e-03
5.420924620198e+00 1.943429066317e-01 -5.000000000000e-03
2.761902747582e-01 4.193619174296e+00 -5.000000000000e-03
6.188604394599e+00 4.866060350614e+00 -5.000000000000e-03
5.809105494466e-01 1.356904021951e+00 -5.000000000000e-03
1.142938135852e+00 6.198242527551e+00 -5.000000000000e-03
2.592804632296e+00 4.827090711675e+00 -5.000000000000e-03
4.894132064745e+00 6.125753313544e-01 -5.000000000000e-03
4.548516753521e+00 4.499572108410e+00 -5.000000000000e-03
5.392643776354e+00 2.447972393854e+00 -5.000000000000e-03
7.844431812467e-01 1.553652960870e-01 -5.000000000000e-03
3.702979646851e+00 1.497006116132e+00 -5.000000000000e-03
1.485700490500e+00 5.937519094473e+00 -5.000000000000e-03
5.426016539905e-02 2.728237430794e+00 -5.000000000000e-03
1.258123341467e+00 3.231273208990e+00 -5.000000000000e-03
1.255790058843e+00 1.703770333897e-01 -5.000000000000e-03
1.685775874276e+00 6.200776340212e+00 -5.000000000000e-03
5.427921884502e+00 4.884347464032e+00 -5.000000000000e-03
4.352148560421e+00 5.092249901303e-01 -5.000000000000e-03
5.816849212499e+00 4.065660174926e+00 -5.000000000000e-03
4.325591951910e+00 1.539287891885e+00 -5.000000000000e-03
4.470019901948e+00 4.542769242418e+00 -5.000000000000e-03
1.965682502288e+00 4.160537942432e+00 -5.000000000000e-03
6.500028153090e-01 5.643844178335e+00 -5.000000000000e-03
5.751841234589e+00 5.174280390168e+00 -5.000000000000e-03
4.366076755572e+00 2.361361490546e+00 -5.000000000000e-03
3.366661379033e+00 3.186634570172e+00 -5.000000000000e-03
6.245670010485e+00 5.188716262302e+00 -5.000000000000e-03
8.290513286313e-01 1.315386051454e+00 -5.000000000000e-03
1.061365210469e-01 2.750168013152e+00 -5.000000000000e-03
2.969084825725e+00 2.594064969665e+00 -5.000000000000e-03
3.418225555144e+00 2.401130676204e+00 -5.000000000000e-03
1.914480082941e+00 2.222656649465e+00 -5.000000000000e-03
2.728409027528e+00 4.396229322162e+00 -5.000000000000e-03
1.004409542466e+00 3.206367229154e+00 -5.000000000000e-03
4.879408729063e+00 3.015894818792e+00 -5.000000000000e-03
1.652420648910e+00 1.970224206643e+00 -5.000000000000e-03
4.375127624194e+00 1.207189526740e+00 -5.000000000000e-03
1.713720606613e+00 4.601924444399e+00 -5.000000000000e-03
2.747431002920e+00 2.246630524721e+00 -5.000000000000e-03
1.143518150041e+00 4.072052269016e+00 -5.000000000000e-03
4.676349087902e+00 2.972490647802e+00 -5.000000000000e-03
1.787433094651e-01 1.322524553300e+00 -5.000000000000e-03
4.405704610923e-01 4.077568523292e+00 -5.000000000000e-03
2.653843759725e+00 5.693661183751e+00 -5.000000000000e-03
2.553207402237e+00 6.002987661620e+00 -5.000000000000e-03
2.008108096322e+00 2.528773519611e+00 -5.000000000000e-03
