1.788819077153e+00 1.378101712283e+00 5.000000000000e-03
2.997329741464e-01 5.281552192278e+00 5.000000000000e-03
5.153706348106e+00 3.474868838395e+00 5.000000000000e-03
2.356564019119e+00 5.954786968369e+00 5.000000000000e-03
3.071114646427e+00 3.403413784570e-01 5.000000000000e-03
2.515176407094e+00 2.120383932340e+00 5.000000000000e-03
2.753875497389e+00 4.667009105260e+00 5.000000000000e-03
3.844970856154e+00 1.165237737630e+00 5.000000000000e-03
6.060035754341e+00 1.761204964382e-01 5.000000000000e-03
3.053086500594e-01 5.728067479129e+00 5.000000000000e-03
4.219651139423e+00 2.110254843120e-01 5.000000000000e-03
5.622029675430e+00 2.548608547519e+00 5.000000000000e-03
1.026672815254e+00 3.338924157870e+00 5.000000000000e-03
1.738619299426e+00 2.012932901074e+00 5.000000000000e-03
3.087518773139e+00 6.285557222669e-01 5.000000000000e-03
5.447701555312e+00 5.368147283326e+00 5.000000000000e-03
5.809416800649e+00 6.020502674681e+00 5.000000000000e-03
2.409521071717e-01 4.403562770419e+00 5.000000000000e-03
1.533231359532e+00 4.499868592961e+00 5.000000000000e-03
4.111779007178e+00 4.678298437537e+00 5.000000000000e-03
4.942540969813e+00 3.607564820063e-01 5.000000000000e-03
5.594658531377e+00 3.993445155012e+00 5.000000000000e-03
4.684209521766e+00 5.914113505314e+00 5.000000000000e-03
6.262886600434e+00 5.420826188037e+00 5.000000000000e-03
2.333549934094e+00 1.949120816112e+00 5.000000000000e-03
5.501994457788e+00 2.455473076910e+00 5.000000000000e-03
8.976769191659e-01 5.681088306791e+00 5.000000000000e-03
2.129523781619e+00 2.358925832993e+00 5.000000000000e-03
3.691212274364e+00 2.885905708157e+00 5.000000000000e-03
6.130454825999e+00 3.348056944542e+00 5.000000000000e-03
1.203316226099e-01 1.985161288868e+00 5.000000000000e-03
3.526430159302e+00 4.912178396330e-01 5.000000000000e-03
3.202382797326e+00 2.954816033063e+00 5.000000000000e-03
2.480210225446e-01 2.597131265815e+00 5.000000000000e-03
2.266105834104e+00 5.372483074819e+00 5.000000000000e-03
3.808681416141e+00 1.338971426676e+00 5.000000000000e-03
4.535403001613e+00 8.777957389958e-01 5.000000000000e-03
3.978609994962e+00 1.429283339315e+00 5.000000000000e-03
6.179836376229e+00 1.644259748383e+00 5.000000000000e-03
1.374472562153e+00 5.016907549936e+00 5.000000000000e-03
3.271314963613e+00 1.092290035675e+00 5.000000000000e-03
2.479609158539e+00 1.305838662924e+00 5.000000000000e-03
4.707707587933e+00 3.898697431775e+00 5.000000000000e-03
4.625571673370e+00 1.559124753838e+00 5.000000000000e-03
1.861372350841e+00 1.335608829228e+00 5.000000000000e-03
4.934489555214e+00 1.185009973617e+00 5.000000000000e-03
5.726000281933e-02 1.801594213450e+00 5.000000000000e-03
3.422887249140e+00 6.148456073671e+00 5.000000000000e-03
3.235457985392e-01 4.121330241508e+00 5.000000000000e-03
1.501757967307e+00 1.369331435406e+00 5.000000000000e-03
4.477758655389e+00 5.168165735588e+00 5.000000000000e-03
3.536659043382e-01 1.630221884106e+00 5.000000000000e-03
2.857437485862e+00 2.283579759008e+00 5.000000000000e-03
2.081880151360e+00 4.169032852820e-01 5.000000000000e-03
9.198347086002e-01 4.033899808302e-01 5.000000000000e-03
1.320050820598e+00 9.448008625376e-01 5.000000000000e-03
5.766052816306e+00 1.719766796325e+00 5.000000000000e-03
1.740067613531e+00 1.465828567521e+00 5.000000000000e-03
2.916677596374e+00 4.687071966656e+00 5.000000000000e-03
2.472547386606e+00 2.741745318189e+00 5.000000000000e-03
3.028091462310e+00 3.099701012700e+00 5.000000000000e-03
4.741165651560e+00 2.011986826092e+00 5.000000000000e-03
1.360767598205e+00 2.692998771600e+00 5.000000000000e-03
4.615306522142e+00 2.204283254396e+00 5.000000000000e-03
3.258149946644e+00 3.661376185892e+00 5.000000000000e-03
1.651431540687e+00 1.550125725432e+00 5.000000000000e-03
3.745673772593e+00 2.521122246144e+00 5.000000000000e-03
3.058537428085e+00 6.055447209552e+00 5.000000000000e-03
3.053943961477e+00 5.948477987724e+00 5.000000000000e-03
1.470589740881e+00 2.321980913299e+00 5.000000000000e-03
5.721944790409e+00 3.238705843090e+00 5.000000000000e-03
9.868409311709e-01 3.917531596636e+00 5.000000000000e-03
1.127387801854e+00 4.093311368207e+00 5.000000000000e-03
4.039561148026e+00 4.943462387929e+00 5.000000000000e-03
4.807183807716e+00 5.934256235020e+00 5.000000000000e-03
5.257939102967e-02 5.521471738591e+00 5.000000000000e-03
5.564876162842e+00 6.161267719172e+00 5.000000000000e-03
3.936809675056e+00 5.668662130774e+00 5.000000000000e-03
1.974867999058e-01 5.667283846409e+00 5.000000000000e-03
3.689162587941e+00 3.921040575544e-01 5.000000000000e-03
1.481871288878e+00 1.079863983481e+00 5.000000000000e-03
9.096869608313e-01 4.736313855727e+00 5.000000000000e-03
4.343299076571e+00 1.117512751678e+00 5.000000000000e-03
3.371092830967e+00 2.927124341113e-01 5.000000000000e-03
3.771325812718e+00 3.007563155784e+00 5.000000000000e-03
2.307956807952e+00 2.323235964312e-01 5.000000000000e-03
5.808319617434e+00 9.890603313963e-01 5.000000000000e-03
8.336418074711e-01 4.775100073596e+00 5.000000000000e-03
5.979496832022e+00 4.480016874948e+00 5.000000000000e-03
1.996107415859e+00 1.271752295916e+00 5.000000000000e-03
4.364791633385e+00 2.817120562719e+00 5.000000000000e-03
1.563492504605e+00 3.234832908318e+00 5.000000000000e-03
6.056790913956e+00 1.772215024777e+00 5.000000000000e-03
3.799333333128e+00 5.575011881738e+00 5.000000000000e-03
5.043728169854e+00 5.875521022168e-01 5.000000000000e-03
5.017491869267e+00 4.229544891670e+00 5.000000000000e-03
1.199619004721e+00 5.265305025612e+00 5.000000000000e-03
4.417850836627e+00 3.038077707874e+00 5.000000000000e-03
6.088833769323e+00 5.447617832022e+00 5.000000000000e-03
3.309334366081e+00 2.310043370938e+00 5.000000000000e-03
5.607353759608e+00 3.627162412674e+00 -5.000000000000e-03
1.622026876603e+00 2.595498358555e+00 -5.000000000000e-03
5.047611848573e+00 4.925884496332e+00 -5.000000000000e-03
6.252664907879e+00 5.122759165079e+00 -5.000000000000e-03
2.624144700855e+00 3.690779539337e+00 -5.000000000000e-03
2.133714898339e+00 2.965219562706e+00 -5.000000000000e-03
3.745101074222e+00 4.140438870808e+00 -5.000000000000e-03
5.520953553133e+00 2.992272305938e+00 -5.000000000000e-03
2.696390553708e+00 4.893245306782e+00 -5.000000000000e-03
1.204688139366e+00 3.941301409597e+00 -5.000000000000e-03
2.925108505409e+00 1.554028495521e+00 -5.000000000000e-03
5.714374853345e+00 4.821099479135e+00 -5.000000000000e-03
1.552965794632e+00 1.853200438933e+00 -5.000000000000e-03
5.947550242329e+00 4.252989253246e-01 -5.000000000000e-03
1.380464329093e+00 3.943460009943e+00 -5.000000000000e-03
2.813497868756e+00 2.356469967939e+00 -5.000000000000e-03
2.513971903899e+00 4.041839859848e+00 -5.000000000000e-03
5.411188657893e+00 3.452971921915e+00 -5.000000000000e-03
3.557592586932e+00 2.500425310331e+00 -5.000000000000e-03
4.386772070417e+00 2.373035900814e+00 -5.000000000000e-03
1.971710540060e+00 6.052028782623e+00 -5.000000000000e-03
4.332784589441e+00 5.038574577601e+00 -5.000000000000e-03
2.104355154295e-01 1.792378975156e+00 -5.000000000000e-03
5.986778970452e-01 1.308899312952e+00 -5.000000000000e-03
8.496516121643e-01 3.117497647136e+00 -5.000000000000e-03
4.747223964179e+00 5.956807603097e-01 -5.000000000000e-03
5.606807193480e+00 4.359924764307e+00 -5.000000000000e-03
1.855112623429e+00 5.457291353168e+00 -5.000000000000e-03
5.617256046276e+00 3.310967345090e+00 -5.000000000000e-03
8.645157719808e-01 4.315939509244e+00 -5.000000000000e-03
3.570384391681e+00 1.700530770138e+00 -5.000000000000e-03
2.706650690898e+00 4.659125241182e+00 -5.000000000000e-03
5.257671279559e+00 3.665245165360e+00 -5.000000000000e-03
8.014771545247e-02 5.072620052104e+00 -5.000000000000e-03
2.043444439300e+00 5.340617737063e+00 -5.000000000000e-03
5.346747194349e+00 9.857821366017e-01 -5.000000000000e-03
2.856849540188e+00 4.322629410816e+00 -5.000000000000e-03
4.696899579948e+00 5.128971278602e+00 -5.000000000000e-03
5.530349535873e+00 4.271364214040e+00 -5.000000000000e-03
1.467840929940e+00 8.013733043386e-01 -5.000000000000e-03
1.943810784734e+00 6.035692392264e+00 -5.000000000000e-03
4.354021058780e+00 5.761895429769e+00 -5.000000000000e-03
6.170535930441e+00 2.196421981368e+00 -5.000000000000e-03
4.608656230548e+00 5.460933458891e+00 -5.000000000000e-03
1.158421235300e+00 2.820704871710e+00 -5.000000000000e-03
4.578269158698e+00 1.489098276788e+00 -5.000000000000e-03
1.568202635766e+00 1.139843475060e+00 -5.000000000000e-03
2.370075409776e+00 5.426594459477e+00 -5.000000000000e-03
4.514563383307e+00 6.298421239008e-02 -5.000000000000e-03
2.541388858012e+00 5.349396563696e+00 -5.000000000000e-03
4.720918120522e-01 5.916801731146e+00 -5.000000000000e-03
5.811289863633e+00 5.049500891950e+00 -5.000000000000e-03
2.124373871270e+00 2.530541679404e+00 -5.000000000000e-03
5.211260976163e+00 2.018613534987e+00 -5.000000000000e-03
6.128676945376e+00 1.637619289331e+00 -5.000000000000e-03
2.337025711222e+00 2.621774893613e+00 -5.000000000000e-03
4.217903339381e+00 5.530879105391e+00 -5.000000000000e-03
3.385689226082e+00 2.792249827494e+00 -5.000000000000e-03
1.952912583222e+00 5.779614216959e+00 -5.000000000000e-03
4.303528501843e+00 5.113637341169e+00 -5.000000000000e-03
4.018501065584e-01 3.509909315516e+00 -5.000000000000e-03
4.509600076962e+00 5.512712003172e+00 -5.000000000000e-03
3.845955997562e+00 6.153285078348e+00 -5.000000000000e-03
1.249521012214e+00 4.863624949659e+00 -5.000000000000e-03
4.920660097946e+00 2.140278164518e+00 -5.000000000000e-03
5.913513633366e+00 6.052225904230e+00 -5.000000000000e-03
3.274389270643e+00 4.553439939481e+00 -5.000000000000e-03
5.103225846797e+00 6.081699404432e-01 -5.000000000000e-03
2.101204860384e+00 6.243569759746e+00 -5.000000000000e-03
5.225716344103e-01 5.759699879866e+00 -5.000000000000e-03
3.104194420473e-01 1.272881984790e+00 -5.000000000000e-03
5.780568819945e-01 5.650154356716e+00 -5.000000000000e-03
3.586563322269e+00 2.462080505193e+00 -5.000000000000e-03
3.613166987049e+00 5.024488384387e+00 -5.000000000000e-03
5.870189405307e+00 1.852252210118e+00 -5.000000000000e-03
2.793975505922e+00 4.138310053556e+00 -5.000000000000e-03
2.291257108510e+00 5.654249303459e+00 -5.000000000000e-03
5.231001410275e+00 1.124178577486e-01 -5.000000000000e-03
4.830821875457e-02 2.141852426013e+00 -5.000000000000e-03
3.397406444522e+00 2.370360353138e+00 -5.000000000000e-03
1.356182097156e+00 1.833382493277e+00 -5.000000000000e-03
1.291111661456e-01 9.186043002364e-01 -5.000000000000e-03
5.885000179811e+00 1.188259267753e+00 -5.000000000000e-03
5.141183638615e+00 4.736468470163e+00 -5.000000000000e-03
9.685172772111e-02 2.632985068108e+00 -5.000000000000e-03
5.410445322591e+00 3.661615916268e+00 -5.000000000000e-03
5.889959564486e+00 4.622407170450e+00 -5.000000000000e-03
5.009417212512e+00 1.336577473111e+00 -5.000000000000e-03
2.946308977556e+00 1.439781372332e+00 -5.000000000000e-03
1.469739519781e+00 6.282255351101e+00 -5.000000000000e-03
5.572017160758e+00 4.674357594482e+00 -5.000000000000e-03
4.078841598429e+00 1.310233699518e+00 -5.000000000000e-03
2.257851760832e+00 1.678318293705e+00 -5.000000000000e-03
4.753517846302e+00 2.761097795809e+00 -5.000000000000e-03
1.822012079681e+00 5.673060892788e+00 -5.000000000000e-03
5.333142098803e+00 5.348129390737e+00 -5.000000000000e-03
2.640070484368e+00 3.536407392712e+00 -5.000000000000e-03
3.019443496687e+00 6.030829140280e+00 -5.000000000000e-03
2.156725811054e+00 1.899653022907e-01 -5.000000000000e-03
5.806849885432e+00 3.516413246666e+00 -5.000000000000e-03
