2.757550121071e+00 4.683530440258e+00 5.000000000000e-03
4.346516636162e+00 5.403552243342e+00 5.000000000000e-03
2.205019281521e+00 6.501655097855e-01 5.000000000000e-03
6.715692574381e-01 2.240014731597e+00 5.000000000000e-03
3.999653195866e+00 4.597483280305e+00 5.000000000000e-03
6.265542364026e+00 1.360002387880e+00 5.000000000000e-03
2.015764856910e+00 4.768159762527e+00 5.000000000000e-03
1.866300841584e+00 2.656999330710e+00 5.000000000000e-03
3.461906889668e+00 3.769921430029e+00 5.000000000000e-03
4.863467903211e+00 8.786138076784e-01 5.000000000000e-03
4.421542554875e+00 2.340812157765e+00 5.000000000000e-03
2.327355835398e+00 4.683501082124e+00 5.000000000000e-03
1.159649548215e+00 1.780629384849e+00 5.000000000000e-03
3.213056697366e+00 2.836175836399e+00 5.000000000000e-03
6.013466964737e+00 5.085800431463e+00 5.000000000000e-03
2.028684019842e+00 4.076534402376e+00 5.000000000000e-03
1.621347717954e+00 3.840420632241e+00 5.000000000000e-03
8.089583605170e-01 2.630152996448e+00 5.000000000000e-03
2.576452588378e-01 1.636623571781e+00 5.000000000000e-03
1.703565152199e+00 6.201474268609e+00 5.000000000000e-03
4.252644359434e+00 5.941786103094e+00 5.000000000000e-03
8.587009520533e-01 5.492095284377e+00 5.000000000000e-03
1.118124682825e+00 3.240323917568e+00 5.000000000000e-03
2.424928476804e+00 5.130646220465e+00 5.000000000000e-03
2.607991681047e+00 2.786037268176e+00 5.000000000000e-03
4.648748130291e+00 4.428007619643e+00 5.000000000000e-03
1.201531498177e+00 4.642811892486e+00 5.000000000000e-03
5.887373860835e+00 3.747040182196e+00 5.000000000000e-03
6.184224195251e+00 1.198426927909e+00 5.000000000000e-03
4.883164348414e+00 1.854173075992e+00 5.000000000000e-03
2.052415341728e+00 4.795513306874e+00 5.000000000000e-03
5.971270712928e+00 1.143312221615e+00 5.000000000000e-03
2.284320576799e+00 3.920729966413e+00 5.000000000000e-03
3.845676814418e+00 4.536686996478e+00 5.000000000000e-03
2.239040999223e+00 2.001518459347e+00 5.000000000000e-03
5.746641944420e+00 1.268682599864e+00 5.000000000000e-03
3.359067707291e+00 2.320590724042e+00 5.000000000000e-03
4.128743970123e+00 2.810886004982e+00 5.000000000000e-03
1.766864669233e+00 9.770513818197e-02 5.000000000000e-03
2.359034713098e+00 5.956020731347e+00 5.000000000000e-03
4.933788772719e+00 5.983735440077e-01 5.000000000000e-03
9.476322369097e-01 3.584805812094e+00 5.000000000000e-03
7.110898851588e-01 5.280099133215e+00 5.000000000000e-03
3.888330625969e+00 1.625068225274e+00 5.000000000000e-03
5.667965067702e+00 3.955814935127e-02 5.000000000000e-03
3.819734984333e+00 4.065585154158e+00 5.000000000000e-03
1.798238389388e+00 4.891224247509e+00 5.000000000000e-03
2.028410594537e+00 2.639303463394e-01 5.000000000000e-03
5.267735746140e+00 4.573432734768e+00 5.000000000000e-03
3.762434226648e+00 5.344154409966e+00 5.000000000000e-03
3.057185331407e+00 2.741176569369e+00 5.000000000000e-03
3.930158792081e-02 1.125421738316e+00 5.000000000000e-03
4.922667440847e+00 5.469436901894e+00 5.000000000000e-03
1.097209597843e+00 6.688651336745e-01 5.000000000000e-03
4.227016329744e+00 1.761390519718e+00 5.000000000000e-03
1.121630887689e+00 3.770229143216e-01 5.000000000000e-03
7.997851928016e-01 1.449293447448e+00 5.000000000000e-03
3.073863308753e+00 3.250865578132e+00 5.000000000000e-03
2.945213907364e+00 2.390876990416e+00 5.000000000000e-03
1.721168914674e+00 3.694286675780e+00 5.000000000000e-03
5.515087018465e+00 4.652352203333e-01 5.000000000000e-03
5.400317751837e+00 3.177406557549e+00 5.000000000000e-03
6.184940898362e+00 2.505871229990e+00 5.000000000000e-03
4.542010539120e+00 1.797978831277e+00 5.000000000000e-03
3.531910674741e+00 8.331770154483e-01 5.000000000000e-03
1.199244195467e+00 4.760249089632e+00 5.000000000000e-03
2.759005317096e+00 4.971575014524e+00 5.000000000000e-03
2.581449766747e-01 3.040358954064e+00 5.000000000000e-03
2.149613126837e+00 3.770066090338e+00 5.000000000000e-03
5.237611624395e-01 3.158603082668e+00 5.000000000000e-03
1.865677054563e+00 1.659898188698e+00 5.000000000000e-03
5.330420138933e+00 5.704457819700e+00 5.000000000000e-03
5.887838454495e-01 2.280957102634e+00 5.000000000000e-03
4.121486670525e+00 5.962307384752e-01 5.000000000000e-03
4.228284416594e+00 1.140348049915e+00 5.000000000000e-03
3.039085132418e+00 3.293400820943e+00 5.000000000000e-03
4.539580557515e+00 3.065005326722e+00 5.000000000000e-03
1.424462319996e+00 1.219269814661e+00 5.000000000000e-03
1.460583868345e+00 6.280388418240e+00 5.000000000000e-03
2.247148433208e+00 3.951110710636e+00 5.000000000000e-03
6.030138152787e+00 5.834160045982e+00 5.000000000000e-03
8.296525027734e-01 4.690074955042e+00 5.000000000000e-03
4.255689981562e+00 2.913766252090e+00 5.000000000000e-03
3.584881981541e+00 1.336917374413e+00 5.000000000000e-03
2.586854828803e+00 1.435979257504e+00 5.000000000000e-03
1.341918932165e+00 2.916532924067e+00 5.000000000000e-03
5.010239983625e+00 3.951328338761e+00 5.000000000000e-03
1.128930183686e+00 3.227733585237e-02 5.000000000000e-03
2.900705072697e+00 4.749471168195e+00 5.000000000000e-03
7.422283864901e-01 2.864657796752e+00 5.000000000000e-03
1.506518814185e+00 2.707007242461e+00 5.000000000000e-03
2.328190615349e+00 5.394474577740e+00 5.000000000000e-03
8.888852815088e-01 2.337166784143e+00 5.000000000000e-03
9.048114186154e-01 4.857874188466e+00 5.000000000000e-03
1.710877309461e+00 5.289753608293e+00 5.000000000000e-03
2.570042179446e+00 4.224755536576e+00 5.000000000000e-03
5.997289317252e+00 7.612366727004e-01 5.000000000000e-03
5.479557017205e+00 5.452929399971e+00 5.000000000000e-03
4.157925354743e+00 1.450874639910e+00 5.000000000000e-03
5.198185289180e+00 3.243132616034e+00 5.000000000000e-03
2.474955093712e+00 5.826994218800e+00 -5.000000000000e-03
3.909907928432e+00 3.587774623757e+00 -5.000000000000e-03
7.620128245222e-04 5.452400539761e+00 -5.000000000000e-03
7.221740000467e-01 9.752433009394e-01 -5.000000000000e-03
6.092942734721e+00 4.063691303732e+00 -5.000000000000e-03
1.411367044595e+00 3.661704040029e+00 -5.000000000000e-03
2.554872052506e-01 3.655139310906e-01 -5.000000000000e-03
6.026312895171e+00 4.825732685566e-01 -5.000000000000e-03
2.006586728137e+00 2.603492876429e+00 -5.000000000000e-03
3.828970205771e+00 1.042622899923e+00 -5.000000000000e-03
5.806894008463e+00 3.241167732193e-01 -5.000000000000e-03
2.597540202211e+00 1.208154155100e-01 -5.000000000000e-03
5.782744656400e+00 4.448629655589e+00 -5.000000000000e-03
4.058054384683e+00 2.264409462040e+00 -5.000000000000e-03
2.927455075999e+00 1.013962368033e+00 -5.000000000000e-03
1.675539622527e+00 3.506253046276e+00 -5.000000000000e-03
3.719992245941e+00 4.302480875211e+00 -5.000000000000e-03
3.110013369902e+00 4.000011640614e+00 -5.000000000000e-03
4.927439291043e-01 3.659349432848e+00 -5.000000000000e-03
4.243416736645e+00 1.722064303482e+00 -5.000000000000e-03
1.088627789871e+00 4.346679826300e+00 -5.000000000000e-03
3.452963875682e+00 2.630445556279e+00 -5.000000000000e-03
5.756945499938e+00 5.611993304056e+00 -5.000000000000e-03
3.015777759788e+00 5.387631803112e+00 -5.000000000000e-03
5.492828161072e+00 1.096295483316e+00 -5.000000000000e-03
4.124616090541e+00 5.034446399957e+00 -5.000000000000e-03
1.302126793554e+00 5.553123912808e+00 -5.000000000000e-03
3.349173106956e+00 5.660857867242e+00 -5.000000000000e-03
1.320636919226e+00 5.577520676570e+00 -5.000000000000e-03
4.782638865277e+00 2.500569693691e+00 -5.000000000000e-03
2.209051722137e+00 1.186632930043e+00 -5.000000000000e-03
1.875826366867e+00 5.360970041841e+00 -5.000000000000e-03
8.223077574334e-01 2.690705444923e+00 -5.000000000000e-03
1.274489846312e+00 3.980021569785e+00 -5.000000000000e-03
1.184429205712e+00 1.342273510069e+00 -5.000000000000e-03
5.267814093944e+00 3.064526461638e-01 -5.000000000000e-03
5.538782113763e+00 5.595432071760e-01 -5.000000000000e-03
4.566440918343e+00 3.329828430016e+00 -5.000000000000e-03
3.592113589016e+00 6.154359165340e+00 -5.000000000000e-03
4.449407319042e+00 2.321690655232e-02 -5.000000000000e-03
2.202941364064e+00 3.400290472250e+00 -5.000000000000e-03
3.655788739358e-01 2.096655776508e+00 -5.000000000000e-03
3.911231978075e+00 5.832216814575e-01 -5.000000000000e-03
4.024557960814e+00 3.347143465150e+00 -5.000000000000e-03
4.983765015288e+00 3.129416127804e+00 -5.000000000000e-03
3.143797399669e-01 4.978146888805e+00 -5.000000000000e-03
6.145242548278e+00 3.240860100667e+00 -5.000000000000e-03
2.930731544065e-01 5.311440171902e+00 -5.000000000000e-03
4.542124018710e+00 3.771681322520e+00 -5.000000000000e-03
5.690510908976e+00 3.456167979270e+00 -5.000000000000e-03
1.449037641377e+00 9.151161995654e-01 -5.000000000000e-03
2.967911831633e+00 4.211241435890e+00 -5.000000000000e-03
1.689789334146e+00 3.714837209742e+00 -5.000000000000e-03
6.276562963780e+00 1.065734872009e+00 -5.000000000000e-03
4.333096116912e+00 4.335977502289e+00 -5.000000000000e-03
1.251158339247e-02 2.809382318253e+00 -5.000000000000e-03
2.918211988928e+00 3.849400642776e+00 -5.000000000000e-03
5.984024720543e+00 1.026393311781e+00 -5.000000000000e-03
6.210669103117e-01 1.725064523954e+00 -5.000000000000e-03
5.470286516081e+00 4.507439038816e+00 -5.000000000000e-03
3.648354824416e+00 4.756796114569e+00 -5.000000000000e-03
6.049321540834e+00 3.766468077475e+00 -5.000000000000e-03
5.097471746990e+00 4.112252037921e-01 -5.000000000000e-03
3.271345424220e+00 3.518118621288e+00 -5.000000000000e-03
3.983982559857e+00 3.610007033178e+00 -5.000000000000e-03
4.163003777856e+00 2.593378483789e+00 -5.000000000000e-03
3.032632592748e+00 2.820710858397e+00 -5.000000000000e-03
3.577264588745e+00 3.995763365938e+00 -5.000000000000e-03
5.077534721443e+00 1.653189538064e+00 -5.000000000000e-03
6.856516453222e-01 3.874366079546e+00 -5.000000000000e-03
6.242984549586e+00 4.837268072181e+00 -5.000000000000e-03
3.225814290813e+00 4.114458415895e+00 -5.000000000000e-03
4.288783701376e+00 1.055956894004e-01 -5.000000000000e-03
3.591676695012e+00 4.117761909749e+00 -5.000000000000e-03
2.678042380080e+00 3.515658946161e-01 -5.000000000000e-03
2.828111871586e+00 1.371432892644e+00 -5.000000000000e-03
8.094339010961e-01 3.599436545255e+00 -5.000000000000e-03
5.972639545407e+00 2.541718849848e+00 -5.000000000000e-03
4.941409824874e+00 1.372193576586e+00 -5.000000000000e-03
2.108329876776e+00 4.283195167828e-02 -5.000000000000e-03
3.962452513449e+00 5.214946064720e+00 -5.000000000000e-03
4.899570845937e+00 5.055315411335e+00 -5.000000000000e-03
2.104084405405e+00 4.421782591465e+00 -5.000000000000e-03
5.506097929061e+00 1.252727256888e+00 -5.000000000000e-03
2.074324259163e+00 6.108019233800e+00 -5.000000000000e-03
4.311377115141e+00 6.148644676771e+00 -5.000000000000e-03
5.618016954344e+00 3.642828138105e+00 -5.000000000000e-03
4.046338781145e+00 3.728744751950e+00 -5.000000000000e-03
4.587902916130e+00 3.986322486738e+00 -5.000000000000e-03
3.608234036068e+00 1.035274699971e+00 -5.000000000000e-03
2.961756837123e+00 2.536092862329e+00 -5.000000000000e-03
4.839668602422e+00 3.226601354022e-01 -5.000000000000e-03
4.928174555983e+00 5.510880894571e-01 -5.000000000000e-03
2.970545502559e+00 2.773365767982e+00 -5.000000000000e-03
5.130457504232e+00 2.918617515102e-01 -5.000000000000e-03
2.831455021250e+00 1.855896455105e+00 -5.000000000000e-03
2.749637775090e+00 1.261605799260e+00 -5.000000000000e-03
6.054940649166e+00 6.056207161250e+00 -5.000000000000e-03
1.028113947329e+00 8.371800788922e-01 -5.000000000000e-03
2.262184995198e+00 4.623656747179e+00 -5.000000000000e-03
