1.363085824305e+00 2.335179411934e+00 5.000000000000e-03
6.040031600807e+00 1.060582154666e+00 5.000000000000e-03
2.586527893724e+00 4.746768851617e+00 5.000000000000e-03
1.848138208463e+00 4.725966509926e+00 5.000000000000e-03
1.749361446071e+00 5.190777916323e+00 5.000000000000e-03
3.730030682759e+00 5.017491746973e+00 5.000000000000e-03
4.413063785034e+00 4.538053330135e+00 5.000000000000e-03
5.078770084558e-01 1.571615403029e+00 5.000000000000e-03
3.535498703036e+00 6.387289817555e-01 5.000000000000e-03
1.521776157098e+00 2.553969390684e+00 5.000000000000e-03
4.635117852511e+00 2.098905455626e+00 5.000000000000e-03
4.287750121775e+00 2.884549458218e+00 5.000000000000e-03
3.459065395847e-01 5.535230005982e+00 5.000000000000e-03
2.615555334829e+00 1.273223922512e+00 5.000000000000e-03
2.430011425388e+00 5.103195552115e+00 5.000000000000e-03
6.635742387281e-03 6.216991605816e+00 5.000000000000e-03
2.266628021420e+00 8.503474646427e-02 5.000000000000e-03
3.148277737390e+00 7.327569447235e-01 5.000000000000e-03
5.644759340767e+00 4.415594930574e+00 5.000000000000e-03
2.699004862218e+00 1.616831128606e-03 5.000000000000e-03
6.076667605893e+00 2.031891112661e+00 5.000000000000e-03
3.003763937408e+00 4.751886179969e+00 5.000000000000e-03
4.368141847530e-01 3.751748683605e+00 5.000000000000e-03
1.108800158065e+00 6.126559265206e-01 5.000000000000e-03
4.865642607680e+00 3.874886469915e+00 5.000000000000e-03
5.145055675951e+00 4.856872170238e+00 5.000000000000e-03
1.439805267672e+00 5.813810820548e+00 5.000000000000e-03
3.185864674821e-01 6.266567688390e-01 5.000000000000e-03
5.211265841053e+00 2.981522008799e-01 5.000000000000e-03
9.149296370264e-01 4.613251427155e+00 5.000000000000e-03
7.391154432503e-01 2.729344903966e+00 5.000000000000e-03
3.924706507657e+00 2.115561204473e+00 5.000000000000e-03
4.627123624586e+00 1.183343807581e+00 5.000000000000e-03
3.899088564761e+00 2.059131390803e+00 5.000000000000e-03
5.375853859192e+00 3.883667590422e+00 5.000000000000e-03
3.415977557097e+00 5.845782838712e+00 5.000000000000e-03
1.869517752091e+00 4.445735965808e+00 5.000000000000e-03
2.140607423255e-01 9.105820750628e-01 5.000000000000e-03
9.257616029830e-01 1.020835840231e+00 5.000000000000e-03
9.507621950376e-01 2.014599870538e+00 5.000000000000e-03
2.918044460598e+00 1.594933769656e-01 5.000000000000e-03
8.475141187585e-01 5.684845246487e-01 5.000000000000e-03
6.719400084536e-01 6.590456805122e-01 5.000000000000e-03
1.116137429893e+00 4.383707801806e+00 5.000000000000e-03
1.837170567410e+00 5.031044372118e+00 5.000000000000e-03
9.414331622183e-01 5.727533917317e+00 5.000000000000e-03
1.169503053325e+00 4.783274077021e+00 5.000000000000e-03
5.406750060923e+00 3.155212852963e+00 5.000000000000e-03
3.595848277784e+00 5.131143190685e+00 5.000000000000e-03
4.566233463972e-01 3.636224724432e+00 5.000000000000e-03
1.532004639492e+00 4.919051885788e+00 5.000000000000e-03
2.912436759201e+00 4.565719317344e+00 5.000000000000e-03
1.991972387953e+00 1.679173144540e+00 5.000000000000e-03
3.196517997011e+00 2.970852007854e-01 5.000000000000e-03
5.632836997296e-01 2.613789867597e-01 5.000000000000e-03
2.250543523601e+00 5.386065384020e+00 5.000000000000e-03
8.743328498972e-01 9.257753643672e-01 5.000000000000e-03
2.423810416559e+00 3.701128752330e+00 5.000000000000e-03
9.597562180460e-01 4.646154605567e+00 5.000000000000e-03
4.096395610603e+00 3.435327735989e+00 5.000000000000e-03
5.449459723839e+00 5.963454938249e+00 5.000000000000e-03
4.082353927490e+00 4.581326982251e+00 5.000000000000e-03
1.115785999838e+00 4.296371206002e+00 5.000000000000e-03
4.054207543775e+00 5.921700993730e+00 5.000000000000e-03
4.416600296543e+00 4.458203095885e+00 5.000000000000e-03
4.380494425763e+00 4.811703361505e+00 5.000000000000e-03
4.683930137127e+00 6.140440253319e+00 5.000000000000e-03
1.705829362894e+00 1.738558776140e+00 5.000000000000e-03
4.825345887641e+00 6.193651801661e+00 5.000000000000e-03
6.958123883439e-01 1.657153796342e+00 5.000000000000e-03
1.191281439335e+00 4.641912648757e-01 5.000000000000e-03
3.505263557160e+00 3.660270890592e+00 5.000000000000e-03
5.249516227304e+00 3.198471040686e+00 5.000000000000e-03
3.019777472225e+00 2.075783233470e+00 5.000000000000e-03
5.907612166260e+00 6.272192421377e+00 5.000000000000e-03
1.799506659103e+00 4.096716653956e+00 5.000000000000e-03
2.211692959354e+00 4.455286104716e+00 5.000000000000e-03
1.421563915490e+00 2.613089894277e+00 5.000000000000e-03
1.649486790802e+00 4.170392684749e+00 5.000000000000e-03
3.163209793738e+00 2.487666671420e+00 5.000000000000e-03
2.353394500142e+00 3.302467730465e+00 5.000000000000e-03
9.367956168496e-01 9.379479341469e-01 5.000000000000e-03
4.055436496892e+00 1.518444185348e+00 5.000000000000e-03
7.696325576537e-01 4.612740741134e+00 5.000000000000e-03
3.165560464720e+00 1.110743640861e+00 5.000000000000e-03
4.498738684328e+00 3.142878267522e+00 5.000000000000e-03
1.042803733850e+00 4.363441631246e+00 5.000000000000e-03
4.143145800436e-01 8.383195160778e-01 5.000000000000e-03
1.702692081091e+00 3.880000918211e+00 5.000000000000e-03
3.851161459127e+00 2.606318211152e+00 5.000000000000e-03
3.101616620353e+00 6.862158269581e-01 5.000000000000e-03
3.134821422509e+00 8.107175593967e-01 5.000000000000e-03
7.978017939445e-01 1.331392012308e+00 5.000000000000e-03
5.377079367776e+00 6.057186744305e+00 5.000000000000e-03
1.747819270078e-02 2.942165056223e+00 5.000000000000e-03
6.211115925617e+00 6.191678097858e+00 5.000000000000e-03
6.150412849915e+00 4.179719605587e+00 5.000000000000e-03
1.033146793215e-01 1.185954193641e+00 5.000000000000e-03
2.468113686732e-01 1.962320924022e+00 5.000000000000e-03
8.586912364631e-01 1.415909780416e+00 5.000000000000e-03
3.061303643683e+00 3.900708898964e+00 -5.000000000000e-03
4.851990962232e+00 3.403782416277e-01 -5.000000000000e-03
2.240852183356e-01 4.671476874212e+00 -5.000000000000e-03
6.834851448778e-01 4.675646468890e+00 -5.000000000000e-03
2.264761618108e-02 3.800459517150e+00 -5.000000000000e-03
3.586070902482e+00 4.040739370092e-01 -5.000000000000e-03
1.274549537165e+00 5.659416159192e+00 -5.000000000000e-03
5.753893107212e+00 4.136971163603e+00 -5.000000000000e-03
5.832629023555e-01 5.540530113192e+00 -5.000000000000e-03
5.317308432362e+00 6.069826873363e+00 -5.000000000000e-03
1.819034223742e+00 6.290235568799e-01 -5.000000000000e-03
3.027623464933e+00 1.485232698968e+00 -5.000000000000e-03
4.501507518552e+00 3.415338806988e+00 -5.000000000000e-03
4.653490869403e+00 5.027377122075e+00 -5.000000000000e-03
3.440930008967e+00 1.898153810639e+00 -5.000000000000e-03
2.004660971507e+00 4.656686441788e+00 -5.000000000000e-03
4.931559855183e+00 6.116148557041e+00 -5.000000000000e-03
4.910839865852e+00 5.441240375063e-01 -5.000000000000e-03
5.642339153393e+00 3.719348525929e-01 -5.000000000000e-03
4.756252676882e+00 4.542507630931e+00 -5.000000000000e-03
4.981694105493e+00 3.974939916011e+00 -5.000000000000e-03
3.255143816201e+00 1.918014191035e+00 -5.000000000000e-03
4.088397599740e+00 2.310397874894e+00 -5.000000000000e-03
5.112426429781e+00 2.790234003493e+00 -5.000000000000e-03
5.837929631424e+00 1.459233478843e+00 -5.000000000000e-03
3.119157143405e+00 9.326936771405e-03 -5.000000000000e-03
2.980954424312e+00 5.031393996697e+00 -5.000000000000e-03
5.694144549142e+00 2.269160196405e-02 -5.000000000000e-03
2.287969104786e+00 1.014841393890e+00 -5.000000000000e-03
1.955384057528e+00 4.431340532203e+00 -5.000000000000e-03
9.133882171232e-01 4.848902602455e+00 -5.000000000000e-03
3.733328768813e-01 4.371091156808e+00 -5.000000000000e-03
3.474550980168e+00 3.462081652508e+00 -5.000000000000e-03
2.292602132030e+00 2.364521636809e+00 -5.000000000000e-03
3.663742970980e-01 4.866305136819e+00 -5.000000000000e-03
6.126940045252e+00 1.043373334855e+00 -5.000000000000e-03
2.298688420938e+00 1.074763521158e+00 -5.000000000000e-03
6.246619005349e+00 8.459897965584e-01 -5.000000000000e-03
2.648223681468e+00 6.280028341524e+00 -5.000000000000e-03
1.861698761715e+00 1.818377508313e+00 -5.000000000000e-03
4.967667655505e+00 3.947447216344e+00 -5.000000000000e-03
1.011985833324e+00 3.328676702512e+00 -5.000000000000e-03
6.098731747168e+00 2.270288903504e-01 -5.000000000000e-03
5.692795150017e-01 4.276171214756e+00 -5.000000000000e-03
2.608076034025e-01 6.897460941947e-01 -5.000000000000e-03
2.562524311625e+00 7.530866197760e-01 -5.000000000000e-03
5.429879072288e+00 6.246100042672e+00 -5.000000000000e-03
5.445398126245e+00 4.908097979024e+00 -5.000000000000e-03
3.760573229828e+00 3.600335358194e+00 -5.000000000000e-03
7.846946441011e-02 5.202238216418e+00 -5.000000000000e-03
1.466697608076e+00 1.066079573684e+00 -5.000000000000e-03
5.738889214778e+00 1.426107623884e+00 -5.000000000000e-03
3.897295327875e+00 4.533165440474e+00 -5.000000000000e-03
5.924470334593e+00 5.039897731535e+00 -5.000000000000e-03
5.242423556533e+00 1.613822843667e+00 -5.000000000000e-03
4.194474870188e+00 8.506895746735e-01 -5.000000000000e-03
7.487336367103e-02 8.597668154000e-01 -5.000000000000e-03
1.826701060137e-02 2.121081428434e-01 -5.000000000000e-03
3.440729942908e+00 1.132203548118e+00 -5.000000000000e-03
6.134955905954e+00 3.999483712323e+00 -5.000000000000e-03
2.922295387036e+00 2.036342281176e+00 -5.000000000000e-03
5.511590764787e+00 3.913634031207e+00 -5.000000000000e-03
5.405835844994e+00 2.039935447785e+00 -5.000000000000e-03
1.754126148109e+00 2.902450754318e+00 -5.000000000000e-03
2.438931177610e+00 2.796389833785e+00 -5.000000000000e-03
3.413204967864e+00 2.218316137369e+00 -5.000000000000e-03
5.907499591449e+00 5.714249821630e+00 -5.000000000000e-03
4.279595556122e+00 2.704438857268e+00 -5.000000000000e-03
3.083766812598e+00 4.622506896789e+00 -5.000000000000e-03
3.171923948105e+00 5.193620188762e+00 -5.000000000000e-03
2.965375900245e+00 1.090960221109e-02 -5.000000000000e-03
7.309671111596e-01 2.148614786496e+00 -5.000000000000e-03
5.908684792419e+00 3.094552073789e-01 -5.000000000000e-03
2.465736255309e-01 5.674985636124e+00 -5.000000000000e-03
6.153161424915e+00 2.343398117455e+00 -5.000000000000e-03
1.388517864306e+00 5.335805130876e-01 -5.000000000000e-03
5.038995990567e+00 4.453553402486e+00 -5.000000000000e-03
1.751449282220e+00 1.422721890367e+00 -5.000000000000e-03
5.389830375703e+00 3.003579430855e+00 -5.000000000000e-03
1.180471412571e+00 1.865116660635e+00 -5.000000000000e-03
1.128328918137e+00 2.266785355540e+00 -5.000000000000e-03
6.181210619532e+00 4.332525748716e+00 -5.000000000000e-03
1.472945104720e+00 6.119442222275e+00 -5.000000000000e-03
3.556012401929e+00 4.840057850643e+00 -5.000000000000e-03
5.913823566773e-01 3.673743184256e+00 -5.000000000000e-03
2.937758598403e+00 3.399485469333e+00 -5.000000000000e-03
1.141533485785e+00 6.067240261111e+00 -5.000000000000e-03
4.626391622436e+00 4.464586786155e+00 -5.000000000000e-03
3.152087249006e+00 1.576327147462e+00 -5.000000000000e-03
8.380768956118e-01 5.716187923770e+00 -5.000000000000e-03
5.542153691900e+00 4.009358361471e+00 -5.000000000000e-03
1.253275084789e+00 5.964388934291e-01 -5.000000000000e-03
3.162271010995e-01 9.220020541205e-01 -5.000000000000e-03
1.375043113587e+00 2.455962085877e+00 -5.000000000000e-03
5.330947305638e+00 5.590089066258e+00 -5.000000000000e-03
6.074987820058e+00 5.741008650523e-01 -5.000000000000e-03
3.412566276666e+00 5.545051253478e+00 -5.000000000000e-03
1.021571207923e+00 5.136979550094e+00 -5.000000000000e-03
9.027013005124e-01 1.317556668014e+00 -5.000000000000e-03
5.396252741622e-01 9.514073549184e-01 -5.000000000000e-03
