1.390658823417e+00 2.222680816956e+00 5.000000000000e-03
3.441882819049e+00 5.461846235129e+00 5.000000000000e-03
3.697125164298e+00 4.027154291129e+00 5.000000000000e-03
1.129949986593e+00 4.147005484640e+00 5.000000000000e-03
1.450104027886e-01 5.535159498272e+00 5.000000000000e-03
4.578086334996e+00 3.466859320525e+00 5.000000000000e-03
5.444353121042e+00 2.718683769124e+00 5.000000000000e-03
1.977391526690e-01 2.455739130473e+00 5.000000000000e-03
4.190877269474e-02 1.666677459184e+00 5.000000000000e-03
5.719302710932e+00 2.032728228603e+00 5.000000000000e-03
1.765787141221e+00 4.550395117993e+00 5.000000000000e-03
3.724108673754e-01 5.852610951093e+00 5.000000000000e-03
5.895539593558e+00 4.183274833891e+00 5.000000000000e-03
1.242597025163e-02 5.575047918927e+00 5.000000000000e-03
4.344900121986e+00 1.847912726546e+00 5.000000000000e-03
4.927298927191e+00 1.699635707991e+00 5.000000000000e-03
5.497833939650e+00 2.003222212818e+00 5.000000000000e-03
6.011020257461e+00 1.083902961489e+00 5.000000000000e-03
3.361046370412e+00 8.696579908671e-01 5.000000000000e-03
4.139402567435e+00 2.130148818911e+00 5.000000000000e-03
3.728928841665e+00 5.546310654198e+00 5.000000000000e-03
4.766772878759e+00 3.188362953930e+00 5.000000000000e-03
5.604236943174e-01 3.287244590373e+00 5.000000000000e-03
3.228714081762e+00 1.848754277461e+00 5.000000000000e-03
3.213376161347e+00 2.575350936493e-01 5.000000000000e-03
5.863879147675e-02 4.460549614399e+00 5.000000000000e-03
2.332016032957e+00 5.495720215561e+00 5.000000000000e-03
4.572023971963e+00 1.304923447606e+00 5.000000000000e-03
5.080499695757e+00 5.878056168238e+00 5.000000000000e-03
2.202684479444e+00 3.000444809970e-01 5.000000000000e-03
4.054088609916e+00 3.854007906036e+00 5.000000000000e-03
3.723358016482e+00 7.708263146579e-01 5.000000000000e-03
2.615319480247e+00 4.481611117747e+00 5.000000000000e-03
3.077811756844e+00 2.281092046243e-03 5.000000000000e-03
2.323810869745e+00 3.591429196494e+00 5.000000000000e-03
3.966615390283e+00 1.268002217792e+00 5.000000000000e-03
7.271326701636e-01 4.873241535819e+00 5.000000000000e-03
4.507856721624e+00 4.125018247493e+00 5.000000000000e-03
5.962878259340e+00 4.188236348858e-02 5.000000000000e-03
5.536121513541e+00 5.505255996568e+00 5.000000000000e-03
2.921016560835e+00 2.714011556198e+00 5.000000000000e-03
4.080029499335e+00 4.588945698176e-01 5.000000000000e-03
5.849160391712e+00 3.797488532003e+00 5.000000000000e-03
6.012248818566e+00 2.369487252837e+00 5.000000000000e-03
6.147623371208e+00 6.143120584707e-01 5.000000000000e-03
6.010729401371e+00 2.877774179523e+00 5.000000000000e-03
2.934829069291e+00 2.640319077853e+00 5.000000000000e-03
4.101630326323e+00 1.208889049898e+00 5.000000000000e-03
4.607793299904e+00 4.974120477234e+00 5.000000000000e-03
4.229368363931e+00 4.899850408199e+00 5.000000000000e-03
6.215505460674e+00 4.603608464633e+00 5.000000000000e-03
1.089725698340e+00 3.654250823775e+00 5.000000000000e-03
5.103123044203e+00 1.536210854998e+00 5.000000000000e-03
5.985857979442e+00 4.585627977981e+00 5.000000000000e-03
4.927014216529e+00 5.020432279801e+00 5.000000000000e-03
4.686081741116e+00 2.078196547942e+00 5.000000000000e-03
4.975116243058e+00 1.105388283966e+00 5.000000000000e-03
5.473985066656e+00 5.309954891376e+00 5.000000000000e-03
4.788180080659e+00 3.744199811573e-01 5.000000000000e-03
1.678185595944e+00 5.765914691738e+00 5.000000000000e-03
5.636510100911e+00 4.410169237923e+00 5.000000000000e-03
5.565166214633e+00 3.612376799214e+00 5.000000000000e-03
5.340685545307e+00 1.891247559954e+00 5.000000000000e-03
3.997124987017e+00 2.250575646288e-01 5.000000000000e-03
7.549338881826e-01 6.484636803840e-01 5.000000000000e-03
1.449643226531e+00 3.246796144660e+00 5.000000000000e-03
2.549032814189e+00 2.344862631252e-01 5.000000000000e-03
2.010922851512e+00 4.677062119171e+00 5.000000000000e-03
3.940786817122e+00 1.220860855802e+00 5.000000000000e-03
2.514723591682e-01 6.206687609226e+00 5.000000000000e-03
2.993832287778e-01 3.652868032834e+00 5.000000000000e-03
3.904347283750e+00 2.321136235593e+00 5.000000000000e-03
5.051884886024e+00 5.952549496547e+00 5.000000000000e-03
5.510065498482e+00 3.149722352641e+00 5.000000000000e-03
4.949468071766e-01 2.133736918322e+00 5.000000000000e-03
5.123627852898e+00 4.635441527633e+00 5.000000000000e-03
2.552193565726e-01 6.947861972923e-01 5.000000000000e-03
1.640234081205e+00 4.283163784657e+00 5.000000000000e-03
1.434974022928e+00 3.390907455746e+00 5.000000000000e-03
2.912632414039e+00 4.007550170745e+00 5.000000000000e-03
1.002383929952e+00 3.701454069365e+00 5.000000000000e-03
2.786188827165e+00 2.342039942759e+00 5.000000000000e-03
4.981642749729e+00 1.437022229476e+00 5.000000000000e-03
4.665680674189e+00 2.296138995659e+00 5.000000000000e-03
4.259942636087e+00 1.336904313935e+00 5.000000000000e-03
6.819676196504e-02 1.193241901226e-01 5.000000000000e-03
4.420327395234e+00 5.864978637184e-01 5.000000000000e-03
3.664621626417e+00 5.654146658777e+00 5.000000000000e-03
1.190487076398e+00 5.644577066434e-01 5.000000000000e-03
4.134043733237e+00 3.601393520700e+00 5.000000000000e-03
5.523665011733e+00 2.785468837406e+00 5.000000000000e-03
2.881221450936e+00 5.810252914262e+00 5.000000000000e-03
4.266703104092e-01 4.757416397012e+00 5.000000000000e-03
2.643716166513e+00 2.238163477118e+00 5.000000000000e-03
3.331174508118e+00 1.050373708130e+00 5.000000000000e-03
1.227636153711e+00 4.897423802578e+00 5.000000000000e-03
2.571718459702e+00 3.504132388937e+00 5.000000000000e-03
1.348749202488e+00 3.500052912907e+00 5.000000000000e-03
5.036027182555e+00 5.115737429139e+00 5.000000000000e-03
3.348293114066e+00 1.805434761669e+00 5.000000000000e-03
5.009098685826e+00 2.764781048813e+00 -5.000000000000e-03
2.908638819112e+00 4.472436730647e+00 -5.000000000000e-03
4.316787394015e+00 2.535217369061e+00 -5.000000000000e-03
2.389528360911e-01 5.843701057643e+00 -5.000000000000e-03
1.238247804159e-01 2.525116942881e+00 -5.000000000000e-03
2.970740055647e-01 2.222924901297e+00 -5.000000000000e-03
1.877397064719e+00 1.363057846233e+00 -5.000000000000e-03
2.057567908590e+00 2.514659538699e+00 -5.000000000000e-03
5.290933253974e+00 8.822351947748e-01 -5.000000000000e-03
5.044039521746e-01 4.305768197618e+00 -5.000000000000e-03
4.732221019265e+00 3.719626355595e+00 -5.000000000000e-03
4.989490067026e+00 5.004636739981e+00 -5.000000000000e-03
3.408486196119e+00 1.068132507777e+00 -5.000000000000e-03
2.042772832073e+00 5.143879720315e+00 -5.000000000000e-03
5.572956382458e+00 5.669186862861e+00 -5.000000000000e-03
5.792445092294e+00 2.159773794691e-01 -5.000000000000e-03
2.049717704479e+00 3.990561289763e-01 -5.000000000000e-03
6.271018287072e+00 1.538095270709e+00 -5.000000000000e-03
3.724549668282e+00 3.980460627656e-01 -5.000000000000e-03
4.848039602912e-02 1.890091887870e+00 -5.000000000000e-03
6.059137096628e+00 4.283777631936e+00 -5.000000000000e-03
5.609468071166e+00 3.793511660462e+00 -5.000000000000e-03
3.952321447116e+00 8.215882049547e-01 -5.000000000000e-03
2.153612259636e+00 5.208400922439e+00 -5.000000000000e-03
1.307460373671e+00 2.862738698572e+00 -5.000000000000e-03
8.516359105663e-01 8.404683453747e-01 -5.000000000000e-03
8.670721359053e-01 3.762879655364e+00 -5.000000000000e-03
4.811016024574e+00 6.182901086136e+00 -5.000000000000e-03
1.292987256163e+00 7.714201248798e-01 -5.000000000000e-03
4.894264194978e+00 1.594162247216e-01 -5.000000000000e-03
2.446766124480e+00 4.038585510455e+00 -5.000000000000e-03
4.477505350669e+00 2.287391346082e+00 -5.000000000000e-03
2.114647975847e+00 2.729341631364e+00 -5.000000000000e-03
2.479465943772e+00 2.953963592767e+00 -5.000000000000e-03
3.756107138491e+00 2.524760623065e+00 -5.000000000000e-03
2.171151785965e+00 5.382025171650e+00 -5.000000000000e-03
1.897403990274e+00 5.584917281694e+00 -5.000000000000e-03
3.278240187635e+00 5.272233705486e+00 -5.000000000000e-03
3.256803671866e+00 4.508657261213e+00 -5.000000000000e-03
6.296597211915e-03 6.000191274496e+00 -5.000000000000e-03
1.861385801990e-01 3.346681195732e-01 -5.000000000000e-03
5.757363100681e+00 2.710763417272e+00 -5.000000000000e-03
1.835542906856e+00 4.766835623942e+00 -5.000000000000e-03
1.253214737555e+00 1.290323726313e+00 -5.000000000000e-03
2.747728252142e+00 6.173333578563e+00 -5.000000000000e-03
7.393327537096e-01 9.331977885825e-02 -5.000000000000e-03
3.929397630627e+00 4.956731774563e+00 -5.000000000000e-03
5.343818884922e+00 8.404538191873e-01 -5.000000000000e-03
5.534372399846e+00 3.799942892905e+00 -5.000000000000e-03
5.249753891087e+00 3.727248694664e+00 -5.000000000000e-03
1.591200444601e+00 3.303191611835e+00 -5.000000000000e-03
5.026647916242e+00 6.591230544224e-01 -5.000000000000e-03
1.217493366417e+00 3.270361185691e+00 -5.000000000000e-03
4.168030759006e+00 2.171244243539e+00 -5.000000000000e-03
5.093520535707e+00 3.349933013024e-01 -5.000000000000e-03
7.735572387661e-01 2.884222256117e+00 -5.000000000000e-03
1.058087607849e+00 9.164712799966e-01 -5.000000000000e-03
5.447759504367e+00 3.650557070165e+00 -5.000000000000e-03
4.425078496004e+00 2.202227247165e+00 -5.000000000000e-03
7.531909213115e-02 1.019326863679e+00 -5.000000000000e-03
9.594632452708e-01 8.384589649031e-01 -5.000000000000e-03
2.209618147649e+00 5.717224928621e+00 -5.000000000000e-03
4.480589993272e+00 3.695371807651e+00 -5.000000000000e-03
3.098941291675e-01 2.789946207059e-01 -5.000000000000e-03
8.406331300329e-01 1.047279755713e-01 -5.000000000000e-03
2.073687627193e-01 2.704656448661e+00 -5.000000000000e-03
3.424380537256e+00 1.734852632176e+00 -5.000000000000e-03
5.032089886466e-01 5.026354847312e+00 -5.000000000000e-03
2.220301677271e+00 1.274313431376e+00 -5.000000000000e-03
7.740805225061e-01 5.897127820593e+00 -5.000000000000e-03
3.340836841177e+00 2.934994647798e+00 -5.000000000000e-03
6.020090374101e+00 4.246652398216e+00 -5.000000000000e-03
3.100026825586e+00 4.580032315561e+00 -5.000000000000e-03
2.134743475301e+00 2.922752600148e+00 -5.000000000000e-03
6.090733587010e-01 3.713028295187e+00 -5.000000000000e-03
2.471314927123e+00 4.895629334119e+00 -5.000000000000e-03
2.128550386469e+00 3.694687049812e+00 -5.000000000000e-03
1.107809654499e+00 5.049075889502e+00 -5.000000000000e-03
4.962407580306e+00 1.468935788179e+00 -5.000000000000e-03
4.362990722879e-01 5.789767213812e+00 -5.000000000000e-03
9.456022897270e-02 4.267609834595e+00 -5.000000000000e-03
5.118361211223e+00 3.842412468322e+00 -5.000000000000e-03
3.881134665434e+00 3.615158808544e+00 -5.000000000000e-03
4.196743997307e+00 1.086763979481e+00 -5.000000000000e-03
1.999902878842e+00 1.176256692474e-01 -5.000000000000e-03
6.152137703125e+00 5.871769836975e+00 -5.000000000000e-03
3.090126244529e+00 1.240897171676e+00 -5.000000000000e-03
3.313205308840e+00 1.431488790347e+00 -5.000000000000e-03
9.743652149378e-01 3.433964557340e+00 -5.000000000000e-03
3.591456933624e+00 4.405257950146e+00 -5.000000000000e-03
8.949264722290e-01 3.741593196977e+00 -5.000000000000e-03
6.191191665546e+00 3.970278156924e+00 -5.000000000000e-03
7.194694992533e-01 1.430942313481e+00 -5.000000000000e-03
4.951648653320e+00 2.166867082506e-01 -5.000000000000e-03
2.010154254498e+00 2.435224508150e+00 -5.000000000000e-03
2.006366182357e+00 3.846152551624e+00 -5.000000000000e-03
3.176697735604e+00 1.549155267316e+00 -5.000000000000e-03
4.158340901525e+00 4.496239699314e+00 -5.000000000000e-03
6.105287884226e+00 4.909936742636e+00 -5.000000000000e-03
1.311949733018e-01 6.085296581291e+00 -5.000000000000e-03
