5.067926416892e-01 4.775345459203e+00 5.000000000000e-03
3.687311877614e+00 9.256740353912e-03 5.000000000000e-03
2.117132601466e+00 5.780359005756e+00 5.000000000000e-03
5.133975484950e-01 5.728021609350e+00 5.000000000000e-03
1.810405165226e+00 4.475469728199e+00 5.000000000000e-03
2.672225411662e+00 4.492503112648e+00 5.000000000000e-03
3.783403151505e+00 2.897855550940e+00 5.000000000000e-03
5.466445364840e+00 3.212579309653e+00 5.000000000000e-03
3.605618300182e+00 1.167376849924e+00 5.000000000000e-03
1.086191038377e-01 2.825927427772e+00 5.000000000000e-03
5.359972272996e+00 7.428758979009e-01 5.000000000000e-03
2.629106150783e+00 2.863087161227e+00 5.000000000000e-03
5.324399312857e+00 5.351268065633e+00 5.000000000000e-03
3.546898743554e+00 1.443969891048e+00 5.000000000000e-03
1.812563598584e+00 5.065597919494e+00 5.000000000000e-03
4.145346451598e-01 1.473716255078e+00 5.000000000000e-03
4.169261974140e+00 6.206407893448e+00 5.000000000000e-03
4.120287244374e+00 5.891545404641e-01 5.000000000000e-03
3.990658804755e+00 2.055583555649e+00 5.000000000000e-03
3.094297564001e+00 1.753973989737e+00 5.000000000000e-03
6.149247158957e+00 3.485739643528e+00 5.000000000000e-03
1.484155576493e+00 3.946968230949e+00 5.000000000000e-03
3.014799302601e+00 6.171878307888e+00 5.000000000000e-03
4.276049553778e+00 8.475034495516e-01 5.000000000000e-03
5.507843608738e+00 3.477339183245e+00 5.000000000000e-03
4.238667652098e+00 3.931402448125e+00 5.000000000000e-03
4.276780117731e+00 6.276574869002e+00 5.000000000000e-03
4.659611861264e+00 3.856224214874e+00 5.000000000000e-03
5.184084105831e+00 5.438318313585e+00 5.000000000000e-03
2.150712119806e+00 5.193753574580e+00 5.000000000000e-03
8.888944488880e-01 3.827179780144e+00 5.000000000000e-03
2.624101994756e+00 3.414958217286e+00 5.000000000000e-03
4.045039093647e+00 5.767134618613e+00 5.000000000000e-03
2.616254019520e+00 3.351096240043e+00 5.000000000000e-03
6.513430077512e-01 6.211529407141e+00 5.000000000000e-03
3.983270378574e+00 5.194871895679e+00 5.000000000000e-03
6.437783116497e-01 3.669117877936e+00 5.000000000000e-03
4.816382745966e+00 1.869523389458e+00 5.000000000000e-03
5.498064177488e+00 3.157694100086e-01 5.000000000000e-03
8.232491711361e-01 6.779212831810e-01 5.000000000000e-03
3.398806799684e+00 4.699475882267e+00 5.000000000000e-03
8.624416910286e-01 9.961224993125e-01 5.000000000000e-03
5.622443691550e+00 3.937260633751e-01 5.000000000000e-03
2.684381243372e+00 5.430423356299e+00 5.000000000000e-03
1.789140091272e+00 4.102622683854e+00 5.000000000000e-03
2.546221771727e-01 1.650164867278e+00 5.000000000000e-03
2.916654665334e+00 9.481542316275e-01 5.000000000000e-03
5.324989499421e+00 3.663548543972e+00 5.000000000000e-03
2.645492662883e+00 4.666430960137e+00 5.000000000000e-03
5.093205307227e-01 4.772296107329e-02 5.000000000000e-03
1.403591022398e+00 3.678389053363e+00 5.000000000000e-03
1.197048269373e+00 8.547780062875e-01 5.000000000000e-03
2.621673266767e+00 1.842883844979e+00 5.000000000000e-03
4.361460959534e+00 6.360235186727e-01 5.000000000000e-03
5.252779332059e+00 2.644684936828e+00 5.000000000000e-03
1.155580948096e+00 3.329796360677e+00 5.000000000000e-03
5.503769593595e+00 3.741738477076e-01 5.000000000000e-03
1.454525680810e+00 7.243553525784e-01 5.000000000000e-03
2.213621847024e+00 5.276699574282e+00 5.000000000000e-03
4.678014050233e+00 2.074651057099e+00 5.000000000000e-03
6.256157190708e+00 4.450557822586e+00 5.000000000000e-03
4.066434310150e+00 2.974674569336e+00 5.000000000000e-03
2.733705552924e+00 5.507121701749e+00 5.000000000000e-03
4.445710932844e+00 4.644011418726e+00 5.000000000000e-03
3.801505323997e+00 2.970258371691e+00 5.000000000000e-03
4.092014496519e+00 2.710678452532e+00 5.000000000000e-03
4.750224721979e+00 4.143698823548e+00 5.000000000000e-03
6.068503181683e+00 6.070702326081e-01 5.000000000000e-03
3.724772509333e+00 4.247851504625e+00 5.000000000000e-03
2.064799557421e-02 1.372130250917e+00 5.000000000000e-03
5.910147887814e+00 2.060501653244e+00 5.000000000000e-03
1.191495666196e+00 2.397873244916e+00 5.000000000000e-03
5.662096569156e+00 3.588141701108e+00 5.000000000000e-03
1.158340533599e+00 1.901947747329e+00 5.000000000000e-03
4.318862671511e-01 2.364173366814e+00 5.000000000000e-03
2.825092385780e+00 8.582981377753e-02 5.000000000000e-03
2.511494240800e+00 8.665973074596e-02 5.000000000000e-03
1.813167200486e+00 8.819267591975e-01 5.000000000000e-03
2.293014628459e+00 2.458903528099e-02 5.000000000000e-03
1.699984618548e+00 1.520718962547e+00 5.000000000000e-03
8.020042546046e-01 3.186924603673e+00 5.000000000000e-03
5.637016227045e+00 4.812907710066e-01 5.000000000000e-03
5.164249528006e+00 1.017948675030e+00 5.000000000000e-03
2.170822603359e+00 5.295807640924e+00 5.000000000000e-03
3.200525511153e+00 5.937769127842e+00 5.000000000000e-03
5.171297492123e+00 1.964575934299e+00 5.000000000000e-03
2.780386869062e+00 5.448693385806e+00 5.000000000000e-03
5.325421343240e+00 6.150337034012e+00 5.000000000000e-03
3.063805177690e+00 1.872015182374e-02 5.000000000000e-03
3.137117864929e+00 2.882663399673e+00 5.000000000000e-03
4.055029709364e+00 4.638632488449e-01 5.000000000000e-03
4.101730106292e+00 4.874048147509e-01 5.000000000000e-03
7.462877931844e-01 1.619159084856e+00 5.000000000000e-03
6.124003378485e+00 3.211029241166e+00 5.000000000000e-03
1.042523141965e+00 4.567614966466e+00 5.000000000000e-03
3.413826124886e-01 1.512172081105e+00 5.000000000000e-03
3.158236527313e-01 5.789201522703e+00 5.000000000000e-03
6.121521596642e+00 1.765229171696e+00 5.000000000000e-03
7.945849719535e-01 2.833351800242e+00 5.000000000000e-03
8.213161973529e-01 1.646707172395e+00 5.000000000000e-03
1.126670889430e+00 2.910570423983e+00 -5.000000000000e-03
4.885860410958e+00 5.356765364500e+00 -5.000000000000e-03
5.825582325418e+00 6.254604306620e+00 -5.000000000000e-03
2.508403045117e+00 5.700865384573e+00 -5.000000000000e-03
2.850140872035e+00 9.847773071805e-01 -5.000000000000e-03
3.674880773590e+00 5.824861924399e-01 -5.000000000000e-03
3.238901269292e+00 1.083815984667e+00 -5.000000000000e-03
4.093599884619e+00 2.037279985293e+00 -5.000000000000e-03
2.038333320744e-01 6.057672457668e+00 -5.000000000000e-03
6.016652614203e+00 5.097958749803e+00 -5.000000000000e-03
2.295081587298e+00 1.747807449215e+00 -5.000000000000e-03
2.327669836299e+00 3.193591860130e+00 -5.000000000000e-03
5.003862474843e+00 2.612351927377e+00 -5.000000000000e-03
4.596488084147e+00 3.297207925918e+00 -5.000000000000e-03
3.805639566769e+00 1.360513488419e+00 -5.000000000000e-03
4.714683129281e-01 5.581816375547e+00 -5.000000000000e-03
4.171717916544e+00 2.861709993095e+00 -5.000000000000e-03
5.067396543699e+00 5.544089419198e+00 -5.000000000000e-03
5.273530080759e+00 5.016310803567e+00 -5.000000000000e-03
4.099348425444e+00 2.219083688065e+00 -5.000000000000e-03
6.009558594965e+00 3.605366065492e+00 -5.000000000000e-03
2.699576534427e+00 2.359918599565e+00 -5.000000000000e-03
4.565725642079e+00 1.687017154902e+00 -5.000000000000e-03
4.642291312786e+00 3.826255522115e+00 -5.000000000000e-03
5.826941146923e+00 1.937398769620e+00 -5.000000000000e-03
3.403123819927e+00 5.035819055694e+00 -5.000000000000e-03
1.948201731996e+00 3.631130310519e+00 -5.000000000000e-03
4.280761727135e+00 4.925397017927e-01 -5.000000000000e-03
2.427359548977e+00 1.278331347980e+00 -5.000000000000e-03
1.433493028928e+00 1.833252880106e+00 -5.000000000000e-03
2.826521425486e+00 6.214717363449e-01 -5.000000000000e-03
4.263867760418e+00 7.568037830109e-01 -5.000000000000e-03
1.389203619722e+00 1.114849892051e+00 -5.000000000000e-03
1.985059859248e+00 8.336190766690e-01 -5.000000000000e-03
6.048359078051e+00 1.041641206142e-01 -5.000000000000e-03
3.242454524077e-01 2.707585757419e+00 -5.000000000000e-03
2.438991786688e+00 1.218735941877e+00 -5.000000000000e-03
5.730137514620e+00 1.501711822468e+00 -5.000000000000e-03
3.257179565752e+00 1.742207495568e+00 -5.000000000000e-03
1.707545512038e+00 1.447294929893e+00 -5.000000000000e-03
6.009153909098e+00 3.636533506686e+00 -5.000000000000e-03
1.093443335762e+00 5.789687940997e+00 -5.000000000000e-03
5.551127412821e+00 2.593084668986e+00 -5.000000000000e-03
1.889528407772e-02 5.841288661277e+00 -5.000000000000e-03
5.395128068304e+00 5.539603423161e-01 -5.000000000000e-03
4.428501454238e+00 1.202736931532e+00 -5.000000000000e-03
5.668604156646e+00 2.496960024739e+00 -5.000000000000e-03
4.902117666562e-01 4.941036155448e+00 -5.000000000000e-03
3.418324144804e+00 3.671205951011e+00 -5.000000000000e-03
5.254716923597e+00 5.266590620734e+00 -5.000000000000e-03
6.011629898834e+00 5.969568828916e+00 -5.000000000000e-03
5.585941014781e+00 1.313206946850e+00 -5.000000000000e-03
2.359607754787e+00 4.563646720029e+00 -5.000000000000e-03
2.809686708642e-01 5.510582597811e+00 -5.000000000000e-03
5.553255417656e+00 1.821676452514e+00 -5.000000000000e-03
3.237883297860e+00 5.667199548453e+00 -5.000000000000e-03
5.997003724451e+00 1.815997532933e+00 -5.000000000000e-03
5.304209330047e+00 3.041629753969e+00 -5.000000000000e-03
4.002618792345e+00 5.304164976465e+00 -5.000000000000e-03
5.417898345079e-01 6.274103678871e+00 -5.000000000000e-03
8.092288564733e-01 2.911491011136e+00 -5.000000000000e-03
4.730598720872e-01 6.129367398995e+00 -5.000000000000e-03
5.653048343088e+00 1.126464434407e+00 -5.000000000000e-03
1.529096440192e+00 7.365751153765e-01 -5.000000000000e-03
1.409068215185e+00 1.198655208839e+00 -5.000000000000e-03
3.215726420886e+00 1.660023079564e+00 -5.000000000000e-03
2.456481834865e-01 4.635122791971e+00 -5.000000000000e-03
2.853881265117e+00 2.227173860456e+00 -5.000000000000e-03
1.599332399071e+00 2.273877209794e+00 -5.000000000000e-03
2.539665765154e+00 3.705709304900e+00 -5.000000000000e-03
3.162644413899e+00 4.995749602010e+00 -5.000000000000e-03
1.239064660120e+00 7.634293325252e-01 -5.000000000000e-03
4.809125219905e+00 2.517881186012e+00 -5.000000000000e-03
5.150318849235e+00 6.118296468518e+00 -5.000000000000e-03
5.220060501017e-01 3.898054467609e+00 -5.000000000000e-03
2.233235867552e+00 5.485657883763e-01 -5.000000000000e-03
4.121682183722e+00 3.640084923910e+00 -5.000000000000e-03
5.656291933818e+00 6.057388659475e+00 -5.000000000000e-03
4.769964673977e+00 3.766451420972e+00 -5.000000000000e-03
6.037861635914e+00 5.678488871897e+00 -5.000000000000e-03
3.955432001032e-01 4.616097744521e+00 -5.000000000000e-03
1.205136155383e+00 1.827522780938e-01 -5.000000000000e-03
4.497543034960e+00 1.460388367671e-03 -5.000000000000e-03
1.922126844585e+00 3.338423032223e+00 -5.000000000000e-03
1.285949155552e+00 5.468917556886e+00 -5.000000000000e-03
1.294031220561e+00 2.164714512421e+00 -5.000000000000e-03
2.996483581497e+00 1.066221253863e+00 -5.000000000000e-03
4.748200661935e+00 2.167583076405e+00 -5.000000000000e-03
2.361589693195e+00 3.305022010896e+00 -5.000000000000e-03
3.059628582411e-01 2.011557831165e+00 -5.000000000000e-03
4.369696028271e-01 6.257827975662e+00 -5.000000000000e-03
2.067166816546e+00 4.944556246727e-01 -5.000000000000e-03
5.354183884982e+00 3.157705964095e+00 -5.000000000000e-03
2.663119680566e-01 2.878100764054e+00 -5.000000000000e-03
5.428432155020e+00 4.190856784813e+00 -5.000000000000e-03
5.736400306206e+00 2.950923519505e+00 -5.000000000000e-03
3.525137875355e+00 4.557359973541e+00 -5.000000000000e-03
2.129970056436e+00 4.593139036316e+00 -5.000000000000e-03
4.397236043056e-01 1.130055696305e+00 -5.000000000000e-03
5.815163326274e+00 1.837343468278e+00 -5.000000000000e-03
