4.703337889634e+00 5.342362288301e+00 5.000000000000e-03
3.624273822760e+00 4.506023682418e+00 5.000000000000e-03
4.977334143001e+00 1.219309760291e+00 5.000000000000e-03
5.303827750955e+00 1.495484181583e+00 5.000000000000e-03
2.369293324057e+00 5.595513014952e+00 5.000000000000e-03
5.147205972230e+00 1.680008847694e+00 5.000000000000e-03
3.296836983372e+00 2.669703149042e+00 5.000000000000e-03
3.056780662269e+00 3.332865632121e+00 5.000000000000e-03
1.790662652775e+00 3.923529206264e+00 5.000000000000e-03
3.684506167974e+00 1.028125762244e+00 5.000000000000e-03
3.806888101529e-01 1.594182978398e+00 5.000000000000e-03
5.698731230252e+00 4.675689382580e+00 5.000000000000e-03
4.523607303732e+00 1.626543814890e+00 5.000000000000e-03
5.940834771301e-01 3.344945744148e+00 5.000000000000e-03
4.062822930428e-02 5.475854928957e+00 5.000000000000e-03
1.031408131720e+00 5.919258147743e+00 5.000000000000e-03
1.445640636461e+00 5.179617950688e+00 5.000000000000e-03
1.859892730582e+00 3.658658790952e-01 5.000000000000e-03
4.375453096097e+00 1.614550775041e+00 5.000000000000e-03
3.990456646502e-01 2.503222334902e+00 5.000000000000e-03
2.573611219166e+00 3.291670845717e+00 5.000000000000e-03
1.354029140874e+00 3.846844092749e+00 5.000000000000e-03
8.001281356857e-01 3.444071906774e+00 5.000000000000e-03
5.038167999397e+00 2.459894644827e+00 5.000000000000e-03
3.628971419230e+00 1.370658011733e+00 5.000000000000e-03
1.742563890942e+00 2.846264192480e+00 5.000000000000e-03
1.351340155389e+00 4.209832591101e+00 5.000000000000e-03
2.192084040105e+00 1.359289992807e+00 5.000000000000e-03
2.799213796502e+00 3.780895331777e+00 5.000000000000e-03
5.015919638124e+00 3.116582794532e+00 5.000000000000e-03
3.766913150378e+00 2.922387117010e+00 5.000000000000e-03
2.829449302637e+00 2.775493968913e+00 5.000000000000e-03
4.045646336151e+00 4.785023167681e+00 5.000000000000e-03
4.938874630007e+00 7.743391429874e-01 5.000000000000e-03
5.179996228879e+00 3.615962298229e+00 5.000000000000e-03
1.576516714402e+00 2.560268705020e+00 5.000000000000e-03
5.705505008752e+00 5.384432346875e+00 5.000000000000e-03
1.101207844429e+00 3.110879097612e+00 5.000000000000e-03
4.760306232772e-01 3.340258020218e+00 5.000000000000e-03
5.530234530606e+00 3.708908837969e+00 5.000000000000e-03
2.981636560515e+00 2.982826652554e-01 5.000000000000e-03
4.502070136413e+00 6.010851928125e+00 5.000000000000e-03
5.234188587723e-01 3.205636393368e+00 5.000000000000e-03
3.382858627717e+00 1.682450321380e+00 5.000000000000e-03
2.184844647236e+00 5.235446540164e+00 5.000000000000e-03
5.752810877022e+00 5.358829496257e+00 5.000000000000e-03
6.277827581435e-01 2.246198770118e+00 5.000000000000e-03
5.174980503307e+00 2.793279227709e+00 5.000000000000e-03
1.688518399643e+00 4.206179184403e+00 5.000000000000e-03
4.757100322010e+00 3.707211380462e+00 5.000000000000e-03
2.095379353871e+00 6.076798519918e+00 5.000000000000e-03
4.797637850614e+00 4.939154418035e+00 5.000000000000e-03
4.788110017801e+00 3.305866384569e+00 5.000000000000e-03
4.697973874878e+00 7.850498342403e-01 5.000000000000e-03
4.333498454346e+00 2.077912018193e+00 5.000000000000e-03
4.910599994084e+00 2.019334887699e+00 5.000000000000e-03
3.839650197006e+00 7.849871683072e-01 5.000000000000e-03
2.889807087373e+00 4.936801230225e+00 5.000000000000e-03
4.223844711208e+00 2.376843783309e+00 5.000000000000e-03
1.783655683110e+00 5.232380513988e+00 5.000000000000e-03
5.786792324387e+00 1.667764718631e+00 5.000000000000e-03
3.645775370988e+00 4.419600293792e-01 5.000000000000e-03
4.074514197363e+00 7.880540238840e-01 5.000000000000e-03
1.223291478524e+00 3.018411301148e+00 5.000000000000e-03
5.657303849729e-01 2.522334015392e+00 5.000000000000e-03
8.880949869734e-01 1.048050065119e+00 5.000000000000e-03
3.019022800008e+00 1.560169785675e+00 5.000000000000e-03
2.044124433271e+00 1.114129069488e+00 5.000000000000e-03
3.164477356408e+00 5.729926291274e+00 5.000000000000e-03
4.338726542997e+00 1.348667219315e+00 5.000000000000e-03
4.357314522775e+00 1.093786104952e+00 5.000000000000e-03
2.439389939179e-01 1.530955453151e+00 5.000000000000e-03
3.621906898470e-01 3.617515799152e+00 5.000000000000e-03
4.911770731036e+00 2.295201510234e-02 5.000000000000e-03
2.351509855128e-01 2.391185840476e+00 5.000000000000e-03
5.749054524833e+00 3.851917228586e+00 5.000000000000e-03
2.386088054030e+00 5.853520556051e+00 5.000000000000e-03
5.571580103630e+00 4.851829824819e+00 5.000000000000e-03
4.940864695805e-01 3.299098103546e-01 5.000000000000e-03
4.112816943709e+00 1.753812534374e+00 5.000000000000e-03
4.707781709216e+00 1.617049338828e+00 5.000000000000e-03
2.531064939656e-01 6.817765203298e-01 5.000000000000e-03
3.058695512992e+00 5.072384260380e+00 5.000000000000e-03
2.257245604976e+00 3.707452842578e+00 5.000000000000e-03
1.189482402009e+00 4.091902934888e+00 5.000000000000e-03
4.944751366671e+00 5.041602534403e+00 5.000000000000e-03
5.518592647425e+00 8.552727132280e-01 5.000000000000e-03
4.112046587839e+00 3.974887901614e+00 5.000000000000e-03
2.814995921310e+00 7.298768513064e-01 5.000000000000e-03
5.109741542216e+00 6.262256308139e+00 5.000000000000e-03
6.408624802462e-01 3.109594287818e-01 5.000000000000e-03
5.245090900370e+00 1.377335440655e+00 5.000000000000e-03
5.069798925326e-02 2.409175994538e+00 5.000000000000e-03
2.911551378704e+00 2.412283138038e+00 5.000000000000e-03
3.247937706507e+00 3.987365712947e-01 5.000000000000e-03
2.127366450829e+00 5.991559837326e+00 5.000000000000e-03
3.189960301796e+00 1.843809946375e+00 5.000000000000e-03
3.673091220298e+00 1.696466674502e+00 5.000000000000e-03
5.847010484457e-01 3.456949786747e+00 5.000000000000e-03
2.620444167855e+00 1.143005994028e+00 5.000000000000e-03
1.981505932765e+00 1.875926671323e+00 -5.000000000000e-03
2.972439619597e-01 4.830766945476e+00 -5.000000000000e-03
4.680986817691e+00 2.442111747004e+00 -5.000000000000e-03
3.370345437793e+00 5.804530694808e+00 -5.000000000000e-03
6.110115008454e+00 2.229277281575e+00 -5.000000000000e-03
4.597571275548e+00 4.146367968731e+00 -5.000000000000e-03
3.241865577315e+00 5.514574773322e-01 -5.000000000000e-03
6.130564108751e+00 4.190575246340e+00 -5.000000000000e-03
3.915715711456e+00 3.353633040760e+00 -5.000000000000e-03
4.872429928592e+00 8.238836926474e-01 -5.000000000000e-03
1.801914685318e+00 1.815990915097e+00 -5.000000000000e-03
5.461103815852e+00 4.872201972305e+00 -5.000000000000e-03
3.236483251137e+00 5.634325886427e+00 -5.000000000000e-03
5.598237307968e+00 9.240913761977e-01 -5.000000000000e-03
2.184629260572e+00 4.548574328448e+00 -5.000000000000e-03
3.485787108754e-01 4.938143767186e+00 -5.000000000000e-03
3.993152391166e+00 1.260732639894e+00 -5.000000000000e-03
2.592647052776e+00 2.668148780972e+00 -5.000000000000e-03
5.751001114267e+00 1.960068671226e+00 -5.000000000000e-03
3.235165494573e+00 6.121845437929e+00 -5.000000000000e-03
4.268685907287e+00 2.867473153787e+00 -5.000000000000e-03
1.273774213787e+00 2.455674627052e+00 -5.000000000000e-03
4.261077714735e+00 1.359782235591e+00 -5.000000000000e-03
3.020644594385e+00 5.240976764785e+00 -5.000000000000e-03
8.658046042792e-01 3.820565966650e+00 -5.000000000000e-03
5.573001512037e+00 5.976311438270e+00 -5.000000000000e-03
2.188247503593e+00 5.247436338722e-01 -5.000000000000e-03
1.051884759674e+00 1.712580837717e+00 -5.000000000000e-03
2.158812319786e+00 5.331904393434e-01 -5.000000000000e-03
2.689881583996e-02 8.406254050795e-01 -5.000000000000e-03
5.815964979072e+00 2.432747363478e+00 -5.000000000000e-03
3.918682744027e+00 3.635646321392e+00 -5.000000000000e-03
4.190834623830e+00 2.625772963045e+00 -5.000000000000e-03
5.287064606447e+00 2.245087814011e+00 -5.000000000000e-03
8.048222791897e-01 5.147311394546e+00 -5.000000000000e-03
3.892875146474e+00 1.703233199766e+00 -5.000000000000e-03
1.834567297875e+00 1.592357026401e+00 -5.000000000000e-03
2.329654338290e+00 1.001857843205e+00 -5.000000000000e-03
6.233300056119e+00 4.745463013431e-01 -5.000000000000e-03
2.752090868892e+00 5.811308314274e+00 -5.000000000000e-03
2.161905909399e+00 1.233379472270e+00 -5.000000000000e-03
3.019662715897e+00 2.279102826799e+00 -5.000000000000e-03
5.126371185688e+00 3.968859188426e+00 -5.000000000000e-03
4.941413722043e+00 4.740680088664e+00 -5.000000000000e-03
1.084768401918e+00 3.041886585847e+00 -5.000000000000e-03
6.194811592100e-01 4.148615622017e+00 -5.000000000000e-03
1.553413158659e+00 1.165992567851e+00 -5.000000000000e-03
8.858677295453e-01 2.307683566212e+00 -5.000000000000e-03
2.834776130914e+00 3.602767927298e+00 -5.000000000000e-03
2.893180402097e+00 4.119131121343e-01 -5.000000000000e-03
4.300896889021e+00 5.119496892482e+00 -5.000000000000e-03
2.231482065211e-01 5.302700476155e+00 -5.000000000000e-03
3.234961119696e+00 3.386462789390e+00 -5.000000000000e-03
2.579732937389e+00 5.801161613113e+00 -5.000000000000e-03
1.618210854874e+00 2.172559362004e+00 -5.000000000000e-03
1.108072827016e+00 6.740753493319e-01 -5.000000000000e-03
1.877674613436e+00 9.210257629921e-01 -5.000000000000e-03
4.133574905222e+00 3.662480851737e+00 -5.000000000000e-03
3.441185268248e+00 4.095968458808e+00 -5.000000000000e-03
4.477957451073e+00 5.217356303097e+00 -5.000000000000e-03
2.176174267787e+00 2.131669520789e+00 -5.000000000000e-03
2.402329161092e+00 6.210945725894e+00 -5.000000000000e-03
4.912966721027e+00 3.796093581056e+00 -5.000000000000e-03
3.889412484055e+00 3.794557646843e+00 -5.000000000000e-03
2.423394685185e-01 2.929111170663e+00 -5.000000000000e-03
4.478822861842e+00 1.530934980671e+00 -5.000000000000e-03
5.919686583048e+00 5.308794381323e+00 -5.000000000000e-03
5.129747754985e+00 3.416532799848e+00 -5.000000000000e-03
2.715725903596e+00 2.300053550066e+00 -5.000000000000e-03
5.012846615731e+00 5.172969435955e+00 -5.000000000000e-03
5.699514478975e+00 3.836338299791e+00 -5.000000000000e-03
6.113638333018e+00 4.513860808775e+00 -5.000000000000e-03
3.328592258217e+00 5.617655086303e+00 -5.000000000000e-03
1.550445691012e+00 1.738682020494e+00 -5.000000000000e-03
4.769925925722e+00 3.177279710752e-01 -5.000000000000e-03
3.628105681488e+00 2.695503880523e+00 -5.000000000000e-03
4.170508376988e-01 1.875174202371e-01 -5.000000000000e-03
4.821481953177e+00 3.038128713648e+00 -5.000000000000e-03
2.488748093588e+00 5.923321352787e+00 -5.000000000000e-03
6.729709381359e-01 9.680753579120e-01 -5.000000000000e-03
2.332729391005e+00 4.694082556288e+00 -5.000000000000e-03
1.122472170362e+00 8.566504038455e-01 -5.000000000000e-03
6.183422179135e-01 4.065312932976e+00 -5.000000000000e-03
5.395211550323e+00 3.401346953098e+00 -5.000000000000e-03
4.269935364861e+00 1.713226084047e+00 -5.000000000000e-03
5.457333127368e+00 5.984583780486e+00 -5.000000000000e-03
3.067831065774e+00 2.812079607542e+00 -5.000000000000e-03
1.589805434089e+00 2.958307854470e+00 -5.000000000000e-03
1.397151627981e+00 3.447520828087e+00 -5.000000000000e-03
1.953281793350e+00 3.016635100572e+00 -5.000000000000e-03
4.265776499220e-01 4.398051680428e+00 -5.000000000000e-03
5.327908262200e+00 2.660734557554e+00 -5.000000000000e-03
3.191782754164e+00 3.748915099062e+00 -5.000000000000e-03
4.911986725544e+00 1.301650857195e+00 -5.000000000000e-03
2.346463016838e+00 1.361936126240e+00 -5.000000000000e-03
3.229394239971e-01 9.870535978423e-01 -5.000000000000e-03
1.552709046325e+00 5.796730365269e+00 -5.000000000000e-03
4.990788789846e-01 3.688816636887e+00 -5.000000000000e-03
1.762492510056e+00 2.403659662532e+00 -5.000000000000e-03
4.269976969502e+00 4.776649063421e+00 -5.000000000000e-03
