7.430208679425e-01 5.894431969097e+00 5.000000000000e-03
3.614827792699e-01 2.904380743119e+00 5.000000000000e-03
3.527275572304e+00 2.319460124908e+00 5.000000000000e-03
1.069413241482e+00 4.494220931208e+00 5.000000000000e-03
4.382642473883e+00 5.629776499842e+00 5.000000000000e-03
4.458511075003e+00 2.778614538752e-01 5.000000000000e-03
4.501175879052e+00 3.196388659292e+00 5.000000000000e-03
5.810055323701e+00 3.302452338085e+00 5.000000000000e-03
3.804308006939e+00 1.651452905706e-01 5.000000000000e-03
5.473617615320e+00 4.689536492474e+00 5.000000000000e-03
4.519870534496e+00 1.476686945555e+00 5.000000000000e-03
1.289343097328e+00 4.736979430771e+00 5.000000000000e-03
4.120417285305e-01 2.124241428966e-01 5.000000000000e-03
3.133211938630e+00 3.109202182427e+00 5.000000000000e-03
5.316048161986e+00 5.786900208489e+00 5.000000000000e-03
1.373735961846e-01 1.853080122885e+00 5.000000000000e-03
1.993985513526e+00 7.879497830079e-01 5.000000000000e-03
2.741777571545e+00 4.877540868062e-02 5.000000000000e-03
5.148055383418e+00 1.506925504469e+00 5.000000000000e-03
1.843969227788e+00 1.049912165327e+00 5.000000000000e-03
1.226136732708e+00 2.730794484244e+00 5.000000000000e-03
1.046161989348e+00 3.174223459738e+00 5.000000000000e-03
3.846136766311e+00 1.223201588461e+00 5.000000000000e-03
5.969453355202e-01 2.605214952928e-01 5.000000000000e-03
2.174411073044e+00 1.228933617724e+00 5.000000000000e-03
2.120071834208e+00 2.121070183967e+00 5.000000000000e-03
4.326090454920e+00 2.510642014490e+00 5.000000000000e-03
4.542113307943e+00 3.827669921799e+00 5.000000000000e-03
1.372024909115e-01 6.114803148231e+00 5.000000000000e-03
2.527295007630e+00 1.504986430400e+00 5.000000000000e-03
2.864996886142e+00 9.493861234607e-01 5.000000000000e-03
5.149249206068e+00 5.980191383198e-01 5.000000000000e-03
2.518229046597e+00 6.079878156150e+00 5.000000000000e-03
5.256038364387e+00 1.939207770800e+00 5.000000000000e-03
4.639309503907e-01 1.043198426725e+00 5.000000000000e-03
4.866613620283e+00 5.762543318567e+00 5.000000000000e-03
4.326220172043e+00 1.917113121233e+00 5.000000000000e-03
2.455609902496e+00 8.494437120301e-01 5.000000000000e-03
2.036432340226e+00 5.751159178129e-01 5.000000000000e-03
3.153621291926e+00 2.255680160491e+00 5.000000000000e-03
5.746644591989e+00 1.265535765629e-02 5.000000000000e-03
2.093118166956e+00 3.803211000178e-01 5.000000000000e-03
3.570025396006e+00 4.700545535589e+00 5.000000000000e-03
3.456452822938e-01 5.176755086509e+00 5.000000000000e-03
1.264914343427e+00 5.489056856244e+00 5.000000000000e-03
8.049896529998e-01 6.031726114910e+00 5.000000000000e-03
5.673394521012e+00 7.554056003547e-03 5.000000000000e-03
2.458287204274e+00 2.465352897696e+00 5.000000000000e-03
1.240629646190e-01 2.396558020401e+00 5.000000000000e-03
4.935051791495e+00 4.506975886437e+00 5.000000000000e-03
5.202699417559e+00 4.286466556224e+00 5.000000000000e-03
5.476672156620e-01 5.417739721633e+00 5.000000000000e-03
5.900602251948e+00 3.640534223665e-01 5.000000000000e-03
2.718150269584e-01 2.159468360214e+00 5.000000000000e-03
1.309533160733e-01 4.148605905375e+00 5.000000000000e-03
4.760906922505e+00 2.821265931822e+00 5.000000000000e-03
1.280929309478e+00 3.275479790304e+00 5.000000000000e-03
5.640088736946e+00 5.374304841826e+00 5.000000000000e-03
1.199082465172e+00 4.257880202206e+00 5.000000000000e-03
1.941446941587e+00 3.804231369714e+00 5.000000000000e-03
3.318293691543e+00 2.198275728225e+00 5.000000000000e-03
3.650529126636e+00 6.150197570635e+00 5.000000000000e-03
3.468410673093e+00 4.709034253705e+00 5.000000000000e-03
3.160643306122e+00 4.651829739834e+00 5.000000000000e-03
4.522684832747e+00 2.803961509741e+00 5.000000000000e-03
3.118974344096e+00 3.368498574752e+00 5.000000000000e-03
2.156507690897e+00 1.083660098468e-01 5.000000000000e-03
4.022921038377e+00 5.771870320121e+00 5.000000000000e-03
2.522021763516e+00 2.878620127284e-01 5.000000000000e-03
4.875609646892e+00 3.726262805362e+00 5.000000000000e-03
3.367897462748e+00 2.471080957308e+00 5.000000000000e-03
4.391364478276e+00 5.521844366565e+00 5.000000000000e-03
3.277700344048e+00 1.503052373793e+00 5.000000000000e-03
1.997848702297e+00 1.101832927378e+00 5.000000000000e-03
4.404033295124e+00 4.124360419106e+00 5.000000000000e-03
1.634641791861e+00 1.727276607223e+00 5.000000000000e-03
3.880928721022e+00 6.212357988030e+00 5.000000000000e-03
4.781953332218e-01 5.877171522690e+00 5.000000000000e-03
5.162142593407e+00 5.447163565822e+00 5.000000000000e-03
3.742088741687e+00 1.493842965496e+00 5.000000000000e-03
5.896767443602e+00 9.050953528452e-01 5.000000000000e-03
1.417924272402e+00 4.994603544913e+00 5.000000000000e-03
4.892186481000e+00 5.721178878119e+00 5.000000000000e-03
4.022241022505e+00 2.135454125343e+00 5.000000000000e-03
4.330548147034e-01 5.120262498845e+00 5.000000000000e-03
2.862152791955e+00 5.096758475279e+00 5.000000000000e-03
8.464525816108e-02 4.969698193631e+00 5.000000000000e-03
4.179282300021e-01 1.999974682292e+00 5.000000000000e-03
2.842745431116e+00 4.318805042006e+00 5.000000000000e-03
2.881157827196e+00 2.362642020290e-01 5.000000000000e-03
2.533098828416e+00 3.749985241636e+00 5.000000000000e-03
3.038169967728e-02 2.304840333389e+00 5.000000000000e-03
4.215763943862e+00 4.603597698581e+00 5.000000000000e-03
5.251968813040e+00 3.515072176745e+00 5.000000000000e-03
1.279358698285e+00 1.882856966179e+00 5.000000000000e-03
7.566577395285e-01 5.757662030498e+00 5.000000000000e-03
5.283898408100e+00 1.133677469449e+00 5.000000000000e-03
5.533383846998e+00 5.136354287583e+00 5.000000000000e-03
3.925851080023e+00 1.916504911432e+00 5.000000000000e-03
4.411174372499e+00 6.016823030488e+00 5.000000000000e-03
3.011938749010e+00 5.148083221657e+00 -5.000000000000e-03
5.989527434473e+00 1.751990367471e+00 -5.000000000000e-03
4.585150901170e+00 1.650090422951e-01 -5.000000000000e-03
1.709669221287e+00 3.239146304336e-01 -5.000000000000e-03
3.841795586987e+00 3.025851079548e+00 -5.000000000000e-03
3.362229287629e+00 7.665572589610e-01 -5.000000000000e-03
3.170497264414e+00 5.727836036819e+00 -5.000000000000e-03
5.965255911391e-01 1.659304068193e-01 -5.000000000000e-03
2.216460819903e+00 5.466828407481e+00 -5.000000000000e-03
4.836040054096e+00 3.280427727831e+00 -5.000000000000e-03
3.533050216605e+00 4.445108535984e-01 -5.000000000000e-03
5.811561465687e+00 6.187580804598e+00 -5.000000000000e-03
1.915266166668e+00 8.953428211997e-01 -5.000000000000e-03
5.796263331443e+00 3.125198228663e+00 -5.000000000000e-03
5.187192804836e-02 5.948552313099e+00 -5.000000000000e-03
4.653125171999e+00 1.993065782161e+00 -5.000000000000e-03
3.282852611452e+00 4.828215816158e+00 -5.000000000000e-03
3.598197058920e+00 2.726791075000e+00 -5.000000000000e-03
3.217124309456e+00 5.239785437467e+00 -5.000000000000e-03
4.046045589530e+00 3.916414270812e+00 -5.000000000000e-03
2.526004339253e+00 2.225798043512e+00 -5.000000000000e-03
1.665533963343e+00 4.636915182932e+00 -5.000000000000e-03
2.125599136053e+00 4.235087405627e+00 -5.000000000000e-03
3.835246194287e+00 5.474948995632e+00 -5.000000000000e-03
3.861351140367e+00 3.948819131991e+00 -5.000000000000e-03
3.425803561893e+00 5.992083263815e+00 -5.000000000000e-03
3.445110986471e+00 2.686729547013e+00 -5.000000000000e-03
5.755741007672e+00 2.425993724022e+00 -5.000000000000e-03
3.457348882663e+00 2.714434586929e+00 -5.000000000000e-03
4.910506681074e+00 1.304923757834e+00 -5.000000000000e-03
3.843262303012e+00 2.044612389235e+00 -5.000000000000e-03
4.868833364123e-01 1.414304616699e+00 -5.000000000000e-03
3.592576967416e-02 4.085586574004e+00 -5.000000000000e-03
1.116511410121e+00 3.127488773718e+00 -5.000000000000e-03
5.183845514904e+00 1.991478905122e+00 -5.000000000000e-03
2.550703408306e+00 2.006386505341e+00 -5.000000000000e-03
3.813127007653e+00 2.574407276684e+00 -5.000000000000e-03
2.212308780566e+00 1.628598405976e+00 -5.000000000000e-03
3.261795577649e+00 3.560016341429e+00 -5.000000000000e-03
4.984598922683e+00 2.487096755403e+00 -5.000000000000e-03
2.511304351296e+00 4.040424033792e+00 -5.000000000000e-03
4.896818563867e+00 6.610804869200e-01 -5.000000000000e-03
3.036093255609e+00 2.492735324684e-01 -5.000000000000e-03
7.639528594115e-01 4.262756668138e+00 -5.000000000000e-03
5.465338828621e+00 3.778246675030e-02 -5.000000000000e-03
2.471751185798e+00 5.075208374927e+00 -5.000000000000e-03
5.533308664196e+00 2.477313222235e+00 -5.000000000000e-03
2.257546479917e+00 5.354308012976e+00 -5.000000000000e-03
2.771774322959e+00 1.249986135075e+00 -5.000000000000e-03
1.639188764298e+00 4.581475846600e+00 -5.000000000000e-03
3.903923887021e+00 3.260115371742e+00 -5.000000000000e-03
2.183945774718e+00 4.141593667159e+00 -5.000000000000e-03
4.205836316228e+00 9.134641716370e-01 -5.000000000000e-03
2.082814808921e-01 6.033872890070e+00 -5.000000000000e-03
3.305577397722e-01 1.622897906731e+00 -5.000000000000e-03
2.140069662777e+00 2.378373397285e-01 -5.000000000000e-03
6.231190065548e+00 2.749723764083e+00 -5.000000000000e-03
5.194163869375e+00 5.814051843138e+00 -5.000000000000e-03
1.171486252951e+00 5.196689309924e+00 -5.000000000000e-03
9.575701911057e-01 5.529265217793e+00 -5.000000000000e-03
8.032728928394e-01 3.296384335630e+00 -5.000000000000e-03
4.246249153229e+00 2.265082886860e+00 -5.000000000000e-03
5.836688590120e+00 4.588536648929e-01 -5.000000000000e-03
5.635360632167e-01 1.206689175946e+00 -5.000000000000e-03
2.183160550095e+00 3.934214059698e+00 -5.000000000000e-03
5.625961892985e+00 3.888319494197e+00 -5.000000000000e-03
3.854063518370e+00 3.584119785452e+00 -5.000000000000e-03
4.162825509593e+00 5.966180636235e+00 -5.000000000000e-03
6.255176275784e+00 2.605369785480e+00 -5.000000000000e-03
3.233403873444e+00 4.300244155805e+00 -5.000000000000e-03
2.990342881473e+00 1.234793509063e+00 -5.000000000000e-03
2.578834545160e+00 2.234733997292e+00 -5.000000000000e-03
5.354732467730e+00 2.919445430227e+00 -5.000000000000e-03
7.277641698054e-01 5.111666843054e+00 -5.000000000000e-03
4.343368048753e+00 6.141664866871e+00 -5.000000000000e-03
4.456350906359e+00 4.105599801878e-01 -5.000000000000e-03
3.905334411753e+00 6.032694917039e+00 -5.000000000000e-03
6.735619281204e-01 1.731335523846e+00 -5.000000000000e-03
1.030092114418e+00 1.825830319755e+00 -5.000000000000e-03
3.737762526567e+00 2.542353519893e+00 -5.000000000000e-03
9.330686577683e-01 2.780713097877e-01 -5.000000000000e-03
5.625175141746e-01 6.120138962374e+00 -5.000000000000e-03
5.562712056832e+00 2.725709221993e+00 -5.000000000000e-03
1.206057885197e+00 5.926509570404e+00 -5.000000000000e-03
3.646246074934e+00 2.994138657498e+00 -5.000000000000e-03
2.160890384096e+00 4.884730400687e+00 -5.000000000000e-03
5.741068310910e+00 2.170953543954e+00 -5.000000000000e-03
5.277926311765e+00 5.105889803483e+00 -5.000000000000e-03
3.008557447129e+00 1.172518522733e-01 -5.000000000000e-03
3.731758368829e+00 5.931265837628e+00 -5.000000000000e-03
1.776627549390e+00 3.697156588476e+00 -5.000000000000e-03
1.859419361094e+00 4.677090316949e+00 -5.000000000000e-03
1.334008919241e+00 1.894929149797e+00 -5.000000000000e-03
2.926958080687e+00 4.462519233126e+00 -5.000000000000e-03
2.685981347022e+00 2.532040304045e+00 -5.000000000000e-03
5.314470160719e+00 1.802245214251e+00 -5.000000000000e-03
5.358050417955e+00 2.394030864308e+00 -5.000000000000e-03
5.485388759610e+00 1.771234358010e+00 -5.000000000000e-03
5.874960455636e+00 3.601929149672e+00 -5.000000000000e-03
4.980107691439e+00 4.493401008343e+00 -5.000000000000e-03
