5.479505058127e+00 4.649428054950e+00 5.000000000000e-03
1.655857164633e+00 9.333990245279e-01 5.000000000000e-03
3.831151419815e+00 5.671471130097e+00 5.000000000000e-03
2.150494921467e+00 2.854697307604e+00 5.000000000000e-03
5.932961947410e+00 8.903315176657e-01 5.000000000000e-03
5.463764069264e+00 4.482386328255e+00 5.000000000000e-03
3.323617419344e+00 4.467015827789e+00 5.000000000000e-03
3.891805766440e+00 1.834008390274e+00 5.000000000000e-03
3.229180208307e+00 5.008510166201e-01 5.000000000000e-03
1.813930804482e+00 4.809796539849e+00 5.000000000000e-03
4.213007572034e+00 1.392969143788e+00 5.000000000000e-03
4.973235282608e+00 1.678915558890e+00 5.000000000000e-03
1.483160999799e+00 4.020721714545e+00 5.000000000000e-03
3.431450233295e+00 7.052757899634e-01 5.000000000000e-03
1.986344959826e+00 4.880231431193e+00 5.000000000000e-03
1.847228744963e+00 3.009597149065e+00 5.000000000000e-03
2.363751642015e+00 1.074874192318e+00 5.000000000000e-03
5.262233727935e+00 4.202000676159e+00 5.000000000000e-03
4.841097712734e+00 4.092602653271e-01 5.000000000000e-03
4.575141670225e+00 8.333747043211e-01 5.000000000000e-03
6.210910806898e+00 2.465368613158e+00 5.000000000000e-03
3.948007308105e-01 4.140840921788e-01 5.000000000000e-03
2.854953646341e+00 4.128818641261e-01 5.000000000000e-03
4.065287297264e+00 1.134571346615e+00 5.000000000000e-03
7.027497472339e-01 3.623018485210e+00 5.000000000000e-03
3.366760520701e+00 4.464788164680e+00 5.000000000000e-03
2.530558372788e-01 4.135772129591e-01 5.000000000000e-03
6.130779311699e+00 2.220335398129e+00 5.000000000000e-03
3.236896752010e+00 3.526419150511e+00 5.000000000000e-03
1.215152691168e+00 4.206198227182e+00 5.000000000000e-03
2.416489129232e-01 5.542684386033e-01 5.000000000000e-03
6.262350187459e+00 2.358680908855e+00 5.000000000000e-03
2.851352299426e+00 2.503007275936e+00 5.000000000000e-03
5.048734979540e+00 5.190706739762e-01 5.000000000000e-03
4.230436584076e+00 3.106381879840e+00 5.000000000000e-03
3.279458744287e+00 5.217126425813e+00 5.000000000000e-03
4.784564418524e+00 4.338149597193e+00 5.000000000000e-03
1.957051190494e+00 1.063654318699e+00 5.000000000000e-03
5.164694778947e+00 4.356129219631e+00 5.000000000000e-03
4.387965061546e+00 1.119443758506e+00 5.000000000000e-03
3.721996457457e+00 4.509565294541e-01 5.000000000000e-03
3.358379737087e+00 1.421776065819e+00 5.000000000000e-03
5.735448878556e+00 8.248643154822e-02 5.000000000000e-03
3.284431994317e+00 4.185356715019e+00 5.000000000000e-03
2.377362227220e-01 3.328882979824e+00 5.000000000000e-03
8.529694170748e-01 3.582549829776e+00 5.000000000000e-03
5.690165610637e+00 4.366121816690e+00 5.000000000000e-03
4.567978201243e+00 1.281823998884e+00 5.000000000000e-03
2.075191505487e-01 3.948635879879e+00 5.000000000000e-03
5.586132907599e+00 5.962486183668e+00 5.000000000000e-03
3.462935295347e+00 6.037191278468e+00 5.000000000000e-03
1.922182371048e+00 4.944944054302e+00 5.000000000000e-03
4.980327235817e+00 5.933615749998e+00 5.000000000000e-03
5.332041227559e+00 2.413982522675e+00 5.000000000000e-03
2.653680323749e+00 1.214153856891e+00 5.000000000000e-03
1.990225423320e-01 5.272543003961e+00 5.000000000000e-03
5.236446926712e+00 4.408070353758e+00 5.000000000000e-03
4.356865939798e+00 1.375852864564e-01 5.000000000000e-03
4.062964514391e+00 5.234864078505e+00 5.000000000000e-03
5.584382983600e+00 5.041951534025e+00 5.000000000000e-03
2.976130114006e+00 2.496640614276e+00 5.000000000000e-03
3.886656789927e+00 2.206715267451e+00 5.000000000000e-03
4.077680385743e+00 1.398151027824e-01 5.000000000000e-03
1.625535379529e+00 5.127023975836e+00 5.000000000000e-03
1.196832614611e+00 1.650598224014e+00 5.000000000000e-03
1.991791066295e+00 5.135062636029e+00 5.000000000000e-03
9.995951212855e-01 4.855031553923e+00 5.000000000000e-03
6.228783043284e+00 5.310529912519e-01 5.000000000000e-03
3.609503412551e+00 8.430976588442e-01 5.000000000000e-03
1.091849133098e+00 5.376505460211e+00 5.000000000000e-03
1.422877450085e+00 3.769105044065e+00 5.000000000000e-03
4.382723192487e+00 4.866659855579e+00 5.000000000000e-03
4.487993353957e+00 4.952946520713e+00 5.000000000000e-03
3.790661398587e+00 5.080532600392e+00 5.000000000000e-03
1.697425305205e+00 3.062687549025e+00 5.000000000000e-03
5.571950800187e+00 1.964751467614e+00 5.000000000000e-03
2.692365398207e+00 4.400783245898e+00 5.000000000000e-03
9.439748584727e-01 4.642399016017e+00 5.000000000000e-03
2.154661681276e+00 3.620349715191e-02 5.000000000000e-03
2.617829089721e+00 4.509934848798e+00 5.000000000000e-03
2.722233236142e+00 2.732799548898e+00 5.000000000000e-03
4.182607694282e+00 5.436369223145e+00 5.000000000000e-03
1.434752742323e+00 6.083118239094e+00 5.000000000000e-03
4.925961722445e+00 1.609951366714e+00 5.000000000000e-03
1.564790507923e+00 4.749265084939e+00 5.000000000000e-03
5.501874158960e+00 6.149536604903e+00 5.000000000000e-03
1.845114752756e-01 5.417364792441e-01 5.000000000000e-03
5.497701130064e+00 3.310931285610e+00 5.000000000000e-03
5.906910544207e+00 4.019614874546e+00 5.000000000000e-03
2.697137898737e+00 2.283715998048e+00 5.000000000000e-03
3.125786729548e+00 4.376547166818e-01 5.000000000000e-03
3.255015315404e+00 4.237033603861e-02 5.000000000000e-03
2.315075480634e+00 3.896131314839e+00 5.000000000000e-03
5.298350826740e+00 6.336881846086e-02 5.000000000000e-03
2.403026497358e+00 3.724233840059e+00 5.000000000000e-03
5.822795912258e+00 4.023432194191e+00 5.000000000000e-03
3.863580707290e+00 4.149456254513e-01 5.000000000000e-03
1.910913601178e+00 4.296047213119e+00 5.000000000000e-03
3.562265736448e+00 3.194444728697e+00 5.000000000000e-03
6.226547801964e+00 4.352720813814e+00 5.000000000000e-03
2.175419728947e+00 1.832752048361e+00 -5.000000000000e-03
2.154146070357e+00 6.198524056223e+00 -5.000000000000e-03
2.601193148658e+00 3.563949451779e+00 -5.000000000000e-03
3.497783622599e+00 2.381010904110e+00 -5.000000000000e-03
3.741867210514e+00 9.900301915011e-01 -5.000000000000e-03
2.196577297602e+00 4.229174110883e+00 -5.000000000000e-03
6.035524334992e+00 2.254666015752e+00 -5.000000000000e-03
3.200497546048e+00 4.897604003768e+00 -5.000000000000e-03
1.443147944857e+00 1.966248580869e+00 -5.000000000000e-03
5.920789254132e+00 1.752374145219e+00 -5.000000000000e-03
2.761303162385e+00 4.286879994049e-01 -5.000000000000e-03
3.851510810087e+00 2.504274760974e+00 -5.000000000000e-03
1.079006349211e+00 1.825654054521e-01 -5.000000000000e-03
5.612363744042e+00 1.467329196825e+00 -5.000000000000e-03
5.201384345424e+00 3.213026029720e+00 -5.000000000000e-03
1.309038071847e+00 1.942498967291e+00 -5.000000000000e-03
5.545003234379e+00 2.767755227738e+00 -5.000000000000e-03
1.774864655013e+00 6.079464791851e+00 -5.000000000000e-03
3.650243632730e+00 4.791684508582e+00 -5.000000000000e-03
4.506607612565e+00 2.562205695719e+00 -5.000000000000e-03
4.133579878267e+00 4.593837755805e+00 -5.000000000000e-03
1.134727701775e+00 5.309408494200e+00 -5.000000000000e-03
5.756805541921e+00 4.924257651720e+00 -5.000000000000e-03
3.495694871800e+00 7.785771895408e-01 -5.000000000000e-03
5.345078338477e+00 4.032575222566e+00 -5.000000000000e-03
2.256062958040e-01 2.589553617982e+00 -5.000000000000e-03
4.152030647082e+00 5.599409504766e+00 -5.000000000000e-03
2.400657916025e+00 1.245008978263e+00 -5.000000000000e-03
1.494384557449e+00 4.803207498230e+00 -5.000000000000e-03
1.151046777579e+00 6.353324399040e-02 -5.000000000000e-03
3.093673059069e+00 2.827479784817e+00 -5.000000000000e-03
3.672319934229e+00 4.336122597474e+00 -5.000000000000e-03
6.043115486870e+00 3.585038975151e+00 -5.000000000000e-03
1.158560074058e+00 4.657264742136e+00 -5.000000000000e-03
2.488914216721e+00 2.538600730948e+00 -5.000000000000e-03
6.220178453873e+00 1.334541572072e+00 -5.000000000000e-03
5.610732450244e-02 1.050112286504e-01 -5.000000000000e-03
5.050214721621e-01 4.572003397897e+00 -5.000000000000e-03
6.282265638294e+00 5.257582127294e+00 -5.000000000000e-03
5.670964095065e+00 5.920286300188e+00 -5.000000000000e-03
4.130326386047e+00 4.562918983742e+00 -5.000000000000e-03
3.317015265548e+00 3.212753758162e+00 -5.000000000000e-03
2.691939426398e-02 3.035605008286e+00 -5.000000000000e-03
4.437741946053e+00 1.615942281318e+00 -5.000000000000e-03
1.509445776903e+00 4.834663976380e+00 -5.000000000000e-03
1.102661102996e+00 1.962674590141e+00 -5.000000000000e-03
1.891264529824e+00 3.789373993204e+00 -5.000000000000e-03
1.273286854145e+00 3.758834395562e+00 -5.000000000000e-03
5.659916436284e+00 3.307098358691e+00 -5.000000000000e-03
1.428818202954e+00 5.615081503299e+00 -5.000000000000e-03
1.027886465403e+00 2.577665903491e+00 -5.000000000000e-03
3.329964263448e+00 4.714302324885e+00 -5.000000000000e-03
5.810655431445e+00 2.154781827184e+00 -5.000000000000e-03
4.516785502132e+00 5.906019925149e-01 -5.000000000000e-03
2.832310364654e+00 1.602589453571e-01 -5.000000000000e-03
4.816291293869e-01 1.604256609557e+00 -5.000000000000e-03
2.500542047937e+00 4.991609359336e+00 -5.000000000000e-03
1.525276197738e+00 3.336600207870e-01 -5.000000000000e-03
2.024695665094e+00 4.476381884880e+00 -5.000000000000e-03
2.999676522404e-01 2.769135943502e+00 -5.000000000000e-03
5.730996597803e+00 5.810581430121e+00 -5.000000000000e-03
2.295245404218e+00 2.963760049322e+00 -5.000000000000e-03
1.067485457546e+00 4.226002680835e+00 -5.000000000000e-03
4.972246742399e+00 6.183925092158e+00 -5.000000000000e-03
3.884292362029e+00 4.297810675804e+00 -5.000000000000e-03
1.033695042101e+00 5.361595577028e+00 -5.000000000000e-03
3.234729981842e+00 6.154314877914e+00 -5.000000000000e-03
3.934127344987e+00 2.772499444469e+00 -5.000000000000e-03
3.024921896954e+00 4.970861408604e+00 -5.000000000000e-03
5.140938933173e+00 2.027698112241e+00 -5.000000000000e-03
5.434970872806e+00 4.900418491094e-01 -5.000000000000e-03
6.071069993752e+00 1.624357293653e+00 -5.000000000000e-03
6.157611269727e+00 5.631443025839e+00 -5.000000000000e-03
1.727487059798e+00 1.973017897974e+00 -5.000000000000e-03
3.885191091279e+00 5.600066259437e+00 -5.000000000000e-03
2.391657219602e+00 5.435475605199e+00 -5.000000000000e-03
9.426994624087e-02 2.191252743601e+00 -5.000000000000e-03
2.653921769801e+00 1.640409672973e+00 -5.000000000000e-03
8.035848069877e-01 2.203277838013e+00 -5.000000000000e-03
4.532589662029e-01 1.910331506924e+00 -5.000000000000e-03
2.514389125532e+00 4.472081413964e-01 -5.000000000000e-03
5.866202172965e+00 5.560324855605e+00 -5.000000000000e-03
2.154894494972e+00 3.958320749865e+00 -5.000000000000e-03
1.491079395949e+00 5.359572841956e+00 -5.000000000000e-03
4.941401640847e+00 5.665618606690e+00 -5.000000000000e-03
5.288660461037e+00 4.592114212682e+00 -5.000000000000e-03
1.550114385900e+00 9.515527933179e-01 -5.000000000000e-03
1.294445950493e+00 4.443104438539e+00 -5.000000000000e-03
4.941753797972e+00 1.509125412045e+00 -5.000000000000e-03
4.453140213565e+00 1.044326423381e+00 -5.000000000000e-03
2.027636289808e+00 5.044021802615e-01 -5.000000000000e-03
3.730310028447e+00 5.875598792793e+00 -5.000000000000e-03
3.352739283736e+00 6.028005087437e+00 -5.000000000000e-03
6.227575718898e+00 1.257310917373e+00 -5.000000000000e-03
2.540358248326e+00 4.021778705973e+00 -5.000000000000e-03
3.256199943496e+00 6.095972204200e+00 -5.000000000000e-03
5.009088269801e+00 2.833530435283e+00 -5.000000000000e-03
4.550167602177e+00 2.672106181850e+00 -5.000000000000e-03
3.578675157098e+00 5.160790044849e+00 -5.000000000000e-03
3.645633812460e+00 2.611158498569e+00 -5.000000000000e-03
