1.394414703826e+00 4.300864705032e+00 5.000000000000e-03
5.070891871530e+00 5.747575331970e+00 5.000000000000e-03
2.503480085949e+00 5.773264526518e+00 5.000000000000e-03
3.271379582309e+00 2.871220224900e+00 5.000000000000e-03
5.146061412574e+00 7.538039360325e-01 5.000000000000e-03
1.082206899759e+00 1.904667888079e+00 5.000000000000e-03
6.614448399761e-01 3.589394763518e+00 5.000000000000e-03
4.883911810652e+00 4.561682036958e+00 5.000000000000e-03
2.471643451184e+00 2.514572536525e-01 5.000000000000e-03
2.103827183530e+00 4.713916696158e+00 5.000000000000e-03
5.410849302840e+00 9.506939557694e-01 5.000000000000e-03
1.038652838453e+00 1.411232304596e+00 5.000000000000e-03
6.029700375004e-01 1.828230715634e+00 5.000000000000e-03
5.672800558091e+00 1.667026235803e+00 5.000000000000e-03
5.327020364951e+00 4.040460556389e+00 5.000000000000e-03
2.769570831879e+00 3.955834547543e+00 5.000000000000e-03
8.685971259914e-03 3.873881421463e+00 5.000000000000e-03
4.578206158751e+00 9.552676086594e-01 5.000000000000e-03
1.667165076290e+00 6.416035794236e-01 5.000000000000e-03
4.031559384220e+00 2.728584844634e+00 5.000000000000e-03
3.441457297895e+00 4.248775072825e+00 5.000000000000e-03
3.000043942750e+00 2.312854815539e+00 5.000000000000e-03
9.186472259089e-01 2.759472381511e+00 5.000000000000e-03
5.085888930628e+00 6.521742393801e-01 5.000000000000e-03
3.845987492450e+00 6.229810752203e+00 5.000000000000e-03
5.002426230007e+00 2.694281963572e+00 5.000000000000e-03
5.372655808970e+00 5.018723033583e+00 5.000000000000e-03
4.429561488332e+00 1.191050509480e+00 5.000000000000e-03
5.029450424380e-02 5.361161315582e+00 5.000000000000e-03
5.548630280105e+00 4.795122895110e+00 5.000000000000e-03
2.447890024903e+00 1.324241362793e+00 5.000000000000e-03
4.892326869357e+00 8.412679432867e-01 5.000000000000e-03
4.901821203912e+00 4.195467379248e+00 5.000000000000e-03
5.413563514197e+00 4.476027847731e+00 5.000000000000e-03
2.604030729508e+00 8.017733239272e-01 5.000000000000e-03
4.183269566422e+00 2.207254203542e+00 5.000000000000e-03
8.548384658889e-01 4.733362144948e+00 5.000000000000e-03
2.943619094160e+00 2.542943921369e+00 5.000000000000e-03
8.641952960506e-01 5.637133329893e+00 5.000000000000e-03
9.064387463092e-01 3.926078291789e+00 5.000000000000e-03
6.230024967200e+00 4.009533946135e-01 5.000000000000e-03
1.621417914873e+00 1.355500479730e+00 5.000000000000e-03
6.091153883022e+00 2.307116402590e+00 5.000000000000e-03
4.936752526106e+00 4.386376063645e+00 5.000000000000e-03
4.756810310059e+00 4.016024366711e+00 5.000000000000e-03
3.164266845915e+00 3.933999240680e+00 5.000000000000e-03
6.963215469630e-01 6.073918034891e+00 5.000000000000e-03
2.105796451364e+00 3.891352099480e+00 5.000000000000e-03
4.403651614215e+00 5.785696127390e+00 5.000000000000e-03
2.757364777781e+00 2.121108516469e+00 5.000000000000e-03
1.680073356186e+00 5.148066652401e+00 5.000000000000e-03
5.282572820431e+00 3.968418184579e+00 5.000000000000e-03
2.038372577035e+00 2.101976304050e+00 5.000000000000e-03
1.536872667740e-01 2.034710321851e+00 5.000000000000e-03
1.751734666337e+00 5.472408205335e-01 5.000000000000e-03
4.372690039007e+00 2.119380794509e+00 5.000000000000e-03
1.608919645502e+00 2.119794031833e+00 5.000000000000e-03
5.916193623844e+00 4.378458873568e+00 5.000000000000e-03
4.478444672398e+00 3.261240532377e+00 5.000000000000e-03
2.871505979783e+00 2.664685685886e+00 5.000000000000e-03
6.068838114684e+00 2.395845995637e+00 5.000000000000e-03
5.933104324241e+00 1.018183551386e+00 5.000000000000e-03
4.683122393613e+00 3.141566796340e+00 5.000000000000e-03
4.088483350348e-01 5.598827376192e+00 5.000000000000e-03
3.975621987657e-02 6.143750030980e+00 5.000000000000e-03
3.245002465712e+00 3.326959032071e+00 5.000000000000e-03
5.674098347865e+00 3.209212696117e+00 5.000000000000e-03
1.687176540629e+00 1.330920312927e+00 5.000000000000e-03
3.709671154034e+00 2.163501311374e+00 5.000000000000e-03
3.004839701832e+00 5.407262211139e+00 5.000000000000e-03
5.780093304012e+00 5.144820225351e+00 5.000000000000e-03
4.485784305607e+00 5.841036760263e+00 5.000000000000e-03
4.742121934175e+00 6.556254717600e-01 5.000000000000e-03
6.250154591727e+00 2.870736538318e+00 5.000000000000e-03
3.558152079659e+00 1.446509831395e-02 5.000000000000e-03
5.927726725356e+00 5.981537475647e+00 5.000000000000e-03
5.172287728853e+00 3.872839305115e+00 5.000000000000e-03
1.690264565789e+00 5.085733117419e-01 5.000000000000e-03
2.063231978070e+00 4.917911908099e+00 5.000000000000e-03
3.020609119926e+00 4.530437260369e+00 5.000000000000e-03
4.464019752472e+00 3.110123715626e+00 5.000000000000e-03
6.231917766405e+00 5.872448625620e+00 5.000000000000e-03
3.381952587878e+00 1.584676318953e+00 5.000000000000e-03
5.125705288008e+00 8.160232072833e-01 5.000000000000e-03
9.899477983830e-01 5.033718401450e+00 5.000000000000e-03
3.162906444077e+00 2.833198717953e+00 5.000000000000e-03
3.067961593291e+00 4.924454930440e+00 5.000000000000e-03
3.119075614268e+00 6.260652759510e+00 5.000000000000e-03
3.831743795371e+00 4.546949763260e+00 5.000000000000e-03
5.420890910125e+00 3.549941450134e+00 5.000000000000e-03
2.571078908853e+00 2.984563092003e-01 5.000000000000e-03
4.608169542821e+00 5.216415529559e+00 5.000000000000e-03
9.318481918581e-02 8.281687929939e-01 5.000000000000e-03
3.066315107971e+00 5.184470027380e+00 5.000000000000e-03
3.928830651709e+00 3.798014833959e+00 5.000000000000e-03
5.856995267308e+00 2.634733925467e+00 5.000000000000e-03
4.894586753904e+00 3.450857596522e+00 5.000000000000e-03
2.051793509797e+00 2.320769548737e+00 5.000000000000e-03
7.931733549301e-01 4.813487465935e+00 5.000000000000e-03
5.128478778558e+00 8.777879506631e-01 5.000000000000e-03
4.557913138780e+00 3.528414869579e+00 -5.000000000000e-03
2.495390368054e+00 3.828263275554e+00 -5.000000000000e-03
8.966803691725e-01 2.174285640657e+00 -5.000000000000e-03
3.666472369796e+00 3.988716315550e+00 -5.000000000000e-03
5.993356968912e+00 2.802689850345e+00 -5.000000000000e-03
3.420178461573e+00 2.355288531658e+00 -5.000000000000e-03
1.493975288110e+00 3.249174204509e+00 -5.000000000000e-03
2.862675206445e+00 1.790502417817e+00 -5.000000000000e-03
1.682441450255e+00 3.784087950277e+00 -5.000000000000e-03
3.828937197126e+00 4.105230607806e+00 -5.000000000000e-03
1.687979679211e+00 2.440487260894e+00 -5.000000000000e-03
4.526401971508e+00 5.743982532646e+00 -5.000000000000e-03
1.606803111529e+00 3.997136655615e+00 -5.000000000000e-03
2.325857136635e+00 1.456461755049e+00 -5.000000000000e-03
4.042093355460e+00 4.030901737866e+00 -5.000000000000e-03
5.214104685467e+00 4.507187717361e+00 -5.000000000000e-03
4.161930743531e+00 6.152739323919e+00 -5.000000000000e-03
4.570678404999e+00 1.262970502976e+00 -5.000000000000e-03
1.378165028503e+00 2.117914040988e+00 -5.000000000000e-03
5.073916832624e+00 3.755663545387e+00 -5.000000000000e-03
1.678776078561e+00 4.423474948763e+00 -5.000000000000e-03
5.285326933805e+00 1.294679751263e-01 -5.000000000000e-03
4.453415570880e-01 1.114702118907e+00 -5.000000000000e-03
4.651660830921e+00 5.318122727827e+00 -5.000000000000e-03
3.892730096850e+00 3.246644755859e+00 -5.000000000000e-03
2.740000712173e+00 3.990411869196e+00 -5.000000000000e-03
1.934567715950e+00 1.066960700947e+00 -5.000000000000e-03
4.939300000846e+00 9.193608843104e-01 -5.000000000000e-03
3.943058322465e+00 3.726045477644e+00 -5.000000000000e-03
4.445754772047e+00 4.805088193175e+00 -5.000000000000e-03
4.257932905893e+00 4.532877930747e-01 -5.000000000000e-03
1.890585852830e+00 1.456537535826e+00 -5.000000000000e-03
3.411560213897e+00 1.223551209858e+00 -5.000000000000e-03
6.146278738868e-01 2.097205577448e+00 -5.000000000000e-03
6.254939381005e+00 1.819038121293e+00 -5.000000000000e-03
1.657576914380e+00 1.063055980603e+00 -5.000000000000e-03
1.760984922178e+00 1.719259290982e+00 -5.000000000000e-03
1.959526383814e+00 1.470031857443e+00 -5.000000000000e-03
2.174449930106e+00 2.018282310905e+00 -5.000000000000e-03
6.760273014547e-01 5.477348005452e+00 -5.000000000000e-03
1.700658601655e+00 4.449004898771e+00 -5.000000000000e-03
5.452420006611e+00 3.483739594315e+00 -5.000000000000e-03
2.586864630152e+00 4.693490469395e+00 -5.000000000000e-03
5.894992391644e+00 5.006685742703e+00 -5.000000000000e-03
3.931349383447e+00 3.694064213269e+00 -5.000000000000e-03
1.717880212743e+00 1.225042821845e-01 -5.000000000000e-03
1.054385994909e+00 2.236980658580e+00 -5.000000000000e-03
5.259135933525e+00 6.204812338027e+00 -5.000000000000e-03
1.235092521242e+00 4.887401082178e+00 -5.000000000000e-03
1.707534017191e+00 6.254601589179e+00 -5.000000000000e-03
1.298334402702e+00 2.719052854609e+00 -5.000000000000e-03
3.311023404127e+00 3.191128481427e+00 -5.000000000000e-03
4.267265980291e+00 1.826074473359e-01 -5.000000000000e-03
2.428481018390e+00 1.337095275929e+00 -5.000000000000e-03
2.111487733831e+00 5.243392882616e+00 -5.000000000000e-03
1.660619514908e+00 5.129933718753e+00 -5.000000000000e-03
4.479156732727e+00 2.464539851327e+00 -5.000000000000e-03
2.657119388339e+00 7.034850743689e-01 -5.000000000000e-03
4.004887390853e-01 5.182325950063e+00 -5.000000000000e-03
5.776221262492e+00 2.486416761768e+00 -5.000000000000e-03
7.544282451645e-01 4.085904471503e+00 -5.000000000000e-03
1.193954744489e+00 4.755881138723e+00 -5.000000000000e-03
9.845005996710e-01 5.640532014685e+00 -5.000000000000e-03
1.228611971276e+00 5.414306523976e+00 -5.000000000000e-03
6.186458613832e+00 6.178897839082e+00 -5.000000000000e-03
5.914835836620e+00 9.376090988688e-01 -5.000000000000e-03
4.548034007119e+00 8.833035055320e-01 -5.000000000000e-03
1.859461136574e+00 3.767725053090e+00 -5.000000000000e-03
2.767824416879e+00 2.987299061339e+00 -5.000000000000e-03
4.719792197833e+00 1.418721680578e+00 -5.000000000000e-03
3.902746269559e+00 3.489747421368e+00 -5.000000000000e-03
1.479188459405e+00 2.788375450840e-01 -5.000000000000e-03
5.901302141778e+00 3.202906189630e+00 -5.000000000000e-03
1.734470137375e+00 5.813252016489e-02 -5.000000000000e-03
7.290743386708e-01 5.903783638094e+00 -5.000000000000e-03
3.582383928579e+00 2.176121092915e+00 -5.000000000000e-03
1.321288970981e+00 6.136166067692e+00 -5.000000000000e-03
3.819775173113e+00 2.364473360664e+00 -5.000000000000e-03
2.398138092731e+00 1.849007306157e+00 -5.000000000000e-03
3.966475224617e+00 3.590042959527e+00 -5.000000000000e-03
3.071936985005e-01 2.476468964456e+00 -5.000000000000e-03
1.627011038394e+00 3.851792191772e+00 -5.000000000000e-03
2.538378384221e+00 1.273802302300e+00 -5.000000000000e-03
1.174985312029e+00 3.344431451839e+00 -5.000000000000e-03
2.497524137455e+00 4.801438455089e+00 -5.000000000000e-03
1.955698375616e+00 2.818654004363e-01 -5.000000000000e-03
4.880085012818e+00 6.167219362143e+00 -5.000000000000e-03
4.757412760621e+00 1.923621190639e+00 -5.000000000000e-03
3.697480646198e+00 5.206410849004e-01 -5.000000000000e-03
6.759033283304e-01 1.681328974626e+00 -5.000000000000e-03
2.950635071431e+00 4.658079649392e+00 -5.000000000000e-03
6.070264142733e+00 4.383110478272e+00 -5.000000000000e-03
5.075258182135e+00 1.417320222652e+00 -5.000000000000e-03
5.462944485561e+00 3.083179782522e+00 -5.000000000000e-03
5.819547900798e+00 5.594186176979e+00 -5.000000000000e-03
1.531678134044e+00 2.550918163201e+00 -5.000000000000e-03
2.154549157577e+00 5.673504465897e+00 -5.000000000000e-03
3.848988721638e+00 4.418111049275e+00 -5.000000000000e-03
2.965213701708e+00 2.125418710575e+00 -5.000000000000e-03
3.929401368599e-01 5.416530211335e+00 -5.000000000000e-03
