3.734460661649e+00 1.895556132853e-01 5.000000000000e-03
2.635894712550e+00 2.130310724544e+00 5.000000000000e-03
3.960266909284e+00 3.796321094233e+00 5.000000000000e-03
5.658610175060e-01 4.654807660819e+00 5.000000000000e-03
5.760672369766e+00 4.596310743807e+00 5.000000000000e-03
5.870510937926e+00 4.776302864058e+00 5.000000000000e-03
2.940608281239e+00 2.228330248100e+00 5.000000000000e-03
2.058094809615e-01 2.666203708408e+00 5.000000000000e-03
3.169163276409e+00 2.588343682007e-01 5.000000000000e-03
3.719343999810e+00 4.809511500815e+00 5.000000000000e-03
2.607955796504e+00 3.679466085649e-01 5.000000000000e-03
3.772450882271e+00 5.264536206033e+00 5.000000000000e-03
5.992191613141e+00 6.229488439841e+00 5.000000000000e-03
1.602199011509e+00 4.946305285345e+00 5.000000000000e-03
3.149359728414e+00 4.365996686718e+00 5.000000000000e-03
1.052723864338e+00 1.906793585014e+00 5.000000000000e-03
8.301537977148e-01 5.011822820112e-01 5.000000000000e-03
1.702520796858e+00 3.892889859423e-01 5.000000000000e-03
4.209633805286e+00 3.081329661663e+00 5.000000000000e-03
1.719369430417e+00 1.177228033379e+00 5.000000000000e-03
3.696900899348e+00 4.417862010511e+00 5.000000000000e-03
3.548495780849e+00 4.758606528739e+00 5.000000000000e-03
2.462484349767e+00 2.046659759490e+00 5.000000000000e-03
5.783592641823e+00 3.722364120717e+00 5.000000000000e-03
5.833199409127e+00 6.093890200402e+00 5.000000000000e-03
3.577438389673e-01 3.341576319256e+00 5.000000000000e-03
2.728760560715e+00 2.306045493917e+00 5.000000000000e-03
7.425145465022e-01 2.742073940868e+00 5.000000000000e-03
5.644608582415e+00 6.107232188313e+00 5.000000000000e-03
5.620022985088e+00 4.360802525208e+00 5.000000000000e-03
5.802406451299e+00 4.728307788916e+00 5.000000000000e-03
5.503821098192e+00 4.235500381234e+00 5.000000000000e-03
1.100761543109e+00 3.302921828939e+00 5.000000000000e-03
3.395762130549e+00 6.111743858214e-01 5.000000000000e-03
1.305628653033e+00 4.073644841458e+00 5.000000000000e-03
3.135870502554e-01 4.627743410462e+00 5.000000000000e-03
5.244731739636e+00 3.537981961962e+00 5.000000000000e-03
3.727838997221e+00 4.264953307186e+00 5.000000000000e-03
2.999063049692e+00 3.542650019774e+00 5.000000000000e-03
4.583689838860e+00 1.451459940919e+00 5.000000000000e-03
5.573258428515e+00 6.128641395543e-01 5.000000000000e-03
1.201325454344e+00 1.594295637058e-01 5.000000000000e-03
5.454765881852e+00 5.342870019328e+00 5.000000000000e-03
2.694161115244e+00 3.236228684125e+00 5.000000000000e-03
1.208829375931e+00 3.949585541813e+00 5.000000000000e-03
5.386054606337e+00 5.746943067825e+00 5.000000000000e-03
4.522700997167e+00 4.775060454536e+00 5.000000000000e-03
4.913938717379e+00 1.842425433448e+00 5.000000000000e-03
1.042054189310e+00 1.462714431041e+00 5.000000000000e-03
3.817847288173e+00 1.333809399887e+00 5.000000000000e-03
3.133785437119e+00 1.663471017287e+00 5.000000000000e-03
3.593310606159e-01 5.929571918079e+00 5.000000000000e-03
1.306059435430e+00 2.172790116367e+00 5.000000000000e-03
3.784176282511e+00 1.235764632436e+00 5.000000000000e-03
4.378273003968e+00 2.907143634450e+00 5.000000000000e-03
4.859986588110e-01 2.894945086889e+00 5.000000000000e-03
3.066103555925e+00 3.613522729121e+00 5.000000000000e-03
4.915168584771e+00 4.604484866101e+00 5.000000000000e-03
3.679634340577e+00 3.922077471825e-01 5.000000000000e-03
5.492860147655e+00 5.745788782387e+00 5.000000000000e-03
3.508153183963e-01 3.659532041736e+00 5.000000000000e-03
5.250322653208e+00 4.506347033696e+00 5.000000000000e-03
3.247923445834e+00 3.969434741454e+00 5.000000000000e-03
1.342412208419e+00 2.704591775660e+00 5.000000000000e-03
4.190855195760e+00 1.704732962326e-01 5.000000000000e-03
4.846824183924e-01 7.893284573902e-01 5.000000000000e-03
6.162257557689e+00 3.490095295001e+00 5.000000000000e-03
3.989168327885e+00 5.666103926638e+00 5.000000000000e-03
2.467316303962e+00 2.230112587895e+00 5.000000000000e-03
1.712927421566e+00 3.005922145424e+00 5.000000000000e-03
1.937325516017e+00 5.103175071854e+00 5.000000000000e-03
7.482923409660e-01 1.787981990820e+00 5.000000000000e-03
2.411903695986e-01 3.041216506906e+00 5.000000000000e-03
3.864946443812e+00 2.956712414169e+00 5.000000000000e-03
5.489215303847e+00 6.199094025569e-01 5.000000000000e-03
3.841444726506e+00 3.878589762482e+00 5.000000000000e-03
5.537537400060e+00 1.985868741291e+00 5.000000000000e-03
5.087249532003e+00 3.258012218286e+00 5.000000000000e-03
1.850155820200e+00 2.262532247425e+00 5.000000000000e-03
6.043437559350e+00 3.343733076207e+00 5.000000000000e-03
1.371275885790e+00 3.359273864299e+00 5.000000000000e-03
2.828142176891e+00 6.652317948918e-01 5.000000000000e-03
2.896924919195e+00 5.668500223153e+00 5.000000000000e-03
9.218198228149e-01 1.148040178731e-01 5.000000000000e-03
5.855313622539e+00 1.309915387353e+00 5.000000000000e-03
2.225153889565e+00 8.493136035007e-02 5.000000000000e-03
4.611458560722e+00 1.352344571435e+00 5.000000000000e-03
3.012064906576e+00 3.613895190552e+00 5.000000000000e-03
1.494748041784e+00 1.975183636159e+00 5.000000000000e-03
4.869234590395e+00 6.228717316979e+00 5.000000000000e-03
1.817769681241e+00 3.696561299874e-01 5.000000000000e-03
3.020567302393e+00 2.307043891959e+00 5.000000000000e-03
3.710084592877e-01 6.031006197480e+00 5.000000000000e-03
4.411820833214e+00 3.218634211583e+00 5.000000000000e-03
2.383611599259e+00 4.555538191043e+00 5.000000000000e-03
5.964343709595e+00 4.054802146108e+00 5.000000000000e-03
2.670947950729e+00 2.301569808100e-01 5.000000000000e-03
2.227543989595e+00 1.896784199057e+00 5.000000000000e-03
4.658919241612e+00 5.590941853851e+00 5.000000000000e-03
4.852713767791e+00 4.617102187070e+00 5.000000000000e-03
2.240498109176e+00 4.571654168434e+00 -5.000000000000e-03
3.213332233069e+00 3.247441817986e+00 -5.000000000000e-03
5.703604792528e+00 2.682515099553e+00 -5.000000000000e-03
4.985963893333e+00 2.539753830070e+00 -5.000000000000e-03
5.415609341138e+00 1.787229551241e+00 -5.000000000000e-03
5.728984705516e+00 3.479949042512e+00 -5.000000000000e-03
8.721000075103e-01 3.032182863092e+00 -5.000000000000e-03
1.497941868793e-02 8.554190705284e-01 -5.000000000000e-03
2.910553979436e+00 1.947942757132e+00 -5.000000000000e-03
2.600473690940e-01 4.079574874335e+00 -5.000000000000e-03
3.805305072137e-01 4.422696930770e+00 -5.000000000000e-03
4.613732699554e+00 3.846613292639e+00 -5.000000000000e-03
6.987617564411e-01 2.555328746861e+00 -5.000000000000e-03
7.144458801193e-01 3.550595388761e+00 -5.000000000000e-03
5.605183129758e+00 5.054962844299e+00 -5.000000000000e-03
1.347114031245e+00 5.426793434135e+00 -5.000000000000e-03
6.168173133319e+00 4.438698667242e+00 -5.000000000000e-03
5.298585740609e+00 2.864849860539e+00 -5.000000000000e-03
1.319104788201e-01 2.133118764397e+00 -5.000000000000e-03
3.868883632683e+00 1.198599574935e+00 -5.000000000000e-03
2.916674023609e+00 5.252030478140e+00 -5.000000000000e-03
2.110739166386e+00 1.550130217552e-01 -5.000000000000e-03
5.019966316026e+00 2.666646021730e+00 -5.000000000000e-03
5.393434804650e+00 2.635948058714e-02 -5.000000000000e-03
2.477206322040e+00 2.213060443220e-02 -5.000000000000e-03
2.292587365005e+00 2.530552851827e-01 -5.000000000000e-03
5.791502285568e+00 2.695385085119e+00 -5.000000000000e-03
5.246959452790e+00 2.048908156891e+00 -5.000000000000e-03
5.630584003394e-01 4.516048549744e+00 -5.000000000000e-03
4.360327683543e+00 5.146088342124e+00 -5.000000000000e-03
9.595513450269e-01 2.750690792017e+00 -5.000000000000e-03
3.310194060443e+00 2.525314493917e+00 -5.000000000000e-03
2.249929631806e+00 5.800086332546e+00 -5.000000000000e-03
5.678901641786e+00 5.475206618706e+00 -5.000000000000e-03
5.345860322677e-01 4.132130785516e+00 -5.000000000000e-03
7.326731870775e-01 5.140633638213e+00 -5.000000000000e-03
3.465433179600e+00 3.771228390760e+00 -5.000000000000e-03
5.647486977742e+00 5.098094220633e-01 -5.000000000000e-03
3.426474850740e+00 3.430483678072e+00 -5.000000000000e-03
6.126041628340e+00 6.418516113298e-01 -5.000000000000e-03
2.907288222405e+00 5.283010327555e+00 -5.000000000000e-03
4.338738955071e+00 5.949413636935e+00 -5.000000000000e-03
5.560712655077e+00 3.749959079161e+00 -5.000000000000e-03
3.007092161519e-01 7.666417027288e-02 -5.000000000000e-03
6.230844035175e-02 1.560454720920e+00 -5.000000000000e-03
3.870126756311e+00 2.038928285049e+00 -5.000000000000e-03
3.363493546587e+00 1.240852749915e+00 -5.000000000000e-03
1.969751695359e+00 5.920641889162e+00 -5.000000000000e-03
4.526034341528e+00 2.572921839249e+00 -5.000000000000e-03
1.099961967747e+00 3.723801403410e+00 -5.000000000000e-03
1.386216775314e+00 1.792895489725e+00 -5.000000000000e-03
4.877692212902e+00 2.372618672779e+00 -5.000000000000e-03
3.151345584407e+00 2.713254909346e+00 -5.000000000000e-03
6.153047964370e+00 2.844064117152e+00 -5.000000000000e-03
5.735601790045e+00 6.846956748821e-01 -5.000000000000e-03
3.535729807172e-02 2.717195222526e+00 -5.000000000000e-03
1.811837999735e+00 3.691774564504e+00 -5.000000000000e-03
3.547866068865e+00 3.120457265229e+00 -5.000000000000e-03
4.497663241099e+00 3.632914722164e+00 -5.000000000000e-03
1.272718661561e+00 6.574152647104e-01 -5.000000000000e-03
4.904759691850e+00 6.140708691488e+00 -5.000000000000e-03
5.344623112900e+00 5.305738392623e+00 -5.000000000000e-03
2.849906153049e+00 3.821599734384e+00 -5.000000000000e-03
2.217950679432e+00 5.511688405109e+00 -5.000000000000e-03
3.380279677686e+00 2.299143162653e+00 -5.000000000000e-03
5.504993695941e+00 3.686367023999e+00 -5.000000000000e-03
1.898434341419e-01 3.998133855299e+00 -5.000000000000e-03
5.964561053606e+00 3.802057883854e+00 -5.000000000000e-03
3.007534883717e+00 1.815857422215e+00 -5.000000000000e-03
8.426061603282e-02 3.691116244098e+00 -5.000000000000e-03
4.325426015302e+00 4.333161102103e+00 -5.000000000000e-03
3.876206063672e+00 1.006448109265e+00 -5.000000000000e-03
5.575057603873e-01 4.562995557637e+00 -5.000000000000e-03
4.911822289516e+00 5.705904601502e+00 -5.000000000000e-03
2.071397329486e+00 5.212888912864e-02 -5.000000000000e-03
2.688079271043e+00 5.516126866888e+00 -5.000000000000e-03
5.873265676918e-01 4.325433021499e+00 -5.000000000000e-03
5.980593623911e+00 5.503144425576e+00 -5.000000000000e-03
1.363427617047e+00 1.866341785895e+00 -5.000000000000e-03
1.581175533988e+00 2.055942871544e+00 -5.000000000000e-03
5.794589482168e+00 8.992443210076e-01 -5.000000000000e-03
4.782566503883e+00 4.010609960177e+00 -5.000000000000e-03
2.070504992264e+00 3.378665304699e-01 -5.000000000000e-03
2.521618912176e+00 1.781113230169e+00 -5.000000000000e-03
3.240732600928e+00 1.209508231467e+00 -5.000000000000e-03
3.714194542435e+00 3.739697925667e+00 -5.000000000000e-03
5.621746365985e+00 1.582359100798e+00 -5.000000000000e-03
9.278575240102e-01 2.903200752648e+00 -5.000000000000e-03
1.242469527457e+00 4.043048779729e+00 -5.000000000000e-03
2.719160708167e+00 4.304300610271e+00 -5.000000000000e-03
9.885848146324e-01 6.114672519441e+00 -5.000000000000e-03
4.263939357009e+00 3.633484473835e+00 -5.000000000000e-03
4.980809354984e+00 9.049639689848e-01 -5.000000000000e-03
4.556079161241e+00 4.512850585300e+00 -5.000000000000e-03
4.096560364412e-02 4.072373817214e-01 -5.000000000000e-03
2.981169105567e-01 5.145827012416e+00 -5.000000000000e-03
2.244442305479e+00 5.382992466763e+00 -5.000000000000e-03
5.242045589822e+00 3.167041739102e+00 -5.000000000000e-03
2.831675461331e+00 1.258322456826e+00 -5.000000000000e-03
5.466839490903e+00 7.622291334592e-01 -5.000000000000e-03
