5.942702162371e+00 7.109996265161e-01 5.000000000000e-03
4.631965477803e+00 1.803774292777e+00 5.000000000000e-03
3.473973146266e+00 2.405131597230e+00 5.000000000000e-03
3.068333381144e+00 7.222261629043e-02 5.000000000000e-03
3.242619766554e+00 2.872288823788e+00 5.000000000000e-03
4.107724483668e+00 5.805093062393e+00 5.000000000000e-03
3.445786165129e+00 2.295980193450e+00 5.000000000000e-03
4.571250134388e-01 2.541588307520e+00 5.000000000000e-03
4.268783507812e+00 4.893849832181e+00 5.000000000000e-03
4.849089078001e+00 3.786586811210e+00 5.000000000000e-03
3.896584540278e+00 2.510861179720e+00 5.000000000000e-03
3.176700431564e+00 2.221023334765e-01 5.000000000000e-03
5.942615556524e+00 5.458546961149e+00 5.000000000000e-03
3.070421416141e+00 2.664379404917e+00 5.000000000000e-03
4.384672805553e+00 3.488027078764e+00 5.000000000000e-03
6.710042168740e-01 1.816648339696e+00 5.000000000000e-03
2.346797057924e+00 9.399551819538e-01 5.000000000000e-03
2.791224999569e+00 1.105375752251e+00 5.000000000000e-03
2.914401808666e+00 2.297757846626e+00 5.000000000000e-03
1.410739703606e+00 9.495677058217e-01 5.000000000000e-03
1.137165166441e+00 2.813752070301e+00 5.000000000000e-03
1.416850469144e+00 2.468469384918e+00 5.000000000000e-03
3.972067505083e+00 2.896007036473e+00 5.000000000000e-03
5.812783527794e+00 7.228596426061e-01 5.000000000000e-03
1.879950818725e+00 8.465807586090e-01 5.000000000000e-03
4.006996849156e-01 3.087602985052e+00 5.000000000000e-03
2.472776369907e+00 3.743124288841e+00 5.000000000000e-03
6.233469535860e+00 2.903438771915e+00 5.000000000000e-03
9.503197539572e-02 6.196275159125e+00 5.000000000000e-03
1.651838628134e+00 3.691813097513e-01 5.000000000000e-03
7.333300578576e-01 5.647622378241e-01 5.000000000000e-03
5.179246383944e+00 5.134360099210e+00 5.000000000000e-03
3.472556801641e+00 5.553943090118e+00 5.000000000000e-03
1.099000584105e+00 4.262859357726e+00 5.000000000000e-03
4.345886970092e+00 1.835515213584e+00 5.000000000000e-03
3.266071658307e+00 2.979920236074e+00 5.000000000000e-03
2.087584477597e+00 3.071248616186e+00 5.000000000000e-03
7.576577813429e-01 1.057588376384e+00 5.000000000000e-03
3.504701025389e+00 6.109310155012e-01 5.000000000000e-03
1.138946427626e+00 1.201107097860e+00 5.000000000000e-03
4.952248027539e+00 5.308474604660e+00 5.000000000000e-03
3.247273175942e+00 1.986376576946e+00 5.000000000000e-03
5.055421249013e+00 3.505748111035e+00 5.000000000000e-03
9.014548705714e-01 6.150654223029e+00 5.000000000000e-03
2.141326564975e+00 3.983510003529e-02 5.000000000000e-03
5.923763487479e+00 1.773227230150e-01 5.000000000000e-03
4.738447595038e+00 4.746311835515e+00 5.000000000000e-03
2.865479076256e+00 4.290789395197e+00 5.000000000000e-03
3.309681930863e+00 1.031895522292e+00 5.000000000000e-03
5.495706941047e+00 4.871419272149e+00 5.000000000000e-03
5.933101026575e+00 4.497551966908e+00 5.000000000000e-03
1.931347190361e-01 6.224237484117e+00 5.000000000000e-03
5.459632152540e+00 7.497305734879e-02 5.000000000000e-03
5.420742254987e+00 1.397275294405e+00 5.000000000000e-03
9.717973762036e-03 4.795749775069e+00 5.000000000000e-03
6.065812417514e+00 3.703582083632e+00 5.000000000000e-03
1.753965208942e+00 3.551323073668e+00 5.000000000000e-03
2.255652039791e-01 5.547252045343e+00 5.000000000000e-03
2.891382093697e+00 2.049139842920e-01 5.000000000000e-03
2.924229019075e+00 4.991149442613e+00 5.000000000000e-03
2.094863069377e+00 1.518000721412e+00 5.000000000000e-03
4.443675928641e+00 5.050771855761e+00 5.000000000000e-03
5.063957639375e+00 3.404967453739e+00 5.000000000000e-03
2.114580027292e+00 5.654696490337e+00 5.000000000000e-03
6.225953791807e+00 3.421452688554e+00 5.000000000000e-03
2.649708819976e+00 4.524968899945e+00 5.000000000000e-03
3.564802250944e+00 6.536640399776e-01 5.000000000000e-03
3.372249190886e+00 2.792122220901e+00 5.000000000000e-03
3.146866063061e+00 1.987296691784e+00 5.000000000000e-03
9.716048441973e-01 4.309885112648e+00 5.000000000000e-03
1.869606081410e+00 1.736424676232e+00 5.000000000000e-03
4.924572468447e+00 3.863747659111e+00 5.000000000000e-03
3.988941772494e+00 1.407551267375e+00 5.000000000000e-03
1.345293294377e+00 8.216887020062e-01 5.000000000000e-03
1.974742406058e-01 2.334229523885e+00 5.000000000000e-03
9.689287927785e-01 5.966341733652e-01 5.000000000000e-03
4.087756783333e+00 5.005301284184e+00 5.000000000000e-03
6.235515462705e+00 5.555010659096e+00 5.000000000000e-03
5.389727505596e+00 4.486268774970e+00 5.000000000000e-03
4.256354075712e+00 2.385191015928e+00 5.000000000000e-03
4.591548186053e+00 6.253413208971e-01 5.000000000000e-03
3.123320712333e+00 5.408681708645e-01 5.000000000000e-03
3.314743986567e+00 2.983058958590e+00 5.000000000000e-03
1.155811944779e+00 1.977510964089e+00 5.000000000000e-03
1.555315192217e-01 5.969635983934e+00 5.000000000000e-03
3.098084566731e+00 5.564869572677e+00 5.000000000000e-03
1.671413367897e+00 5.642115233671e+00 5.000000000000e-03
6.152686856908e-01 1.994984578939e+00 5.000000000000e-03
2.098845951439e+00 4.019219147032e+00 5.000000000000e-03
4.532891379534e+00 8.534078490678e-01 5.000000000000e-03
1.208474979258e+00 4.577781575171e+00 5.000000000000e-03
4.132168192430e+00 7.048418045916e-01 5.000000000000e-03
5.807222179158e+00 3.043924838577e+00 5.000000000000e-03
3.612761097085e-01 4.995247047188e+00 5.000000000000e-03
1.337211234268e+00 4.359099593631e+00 5.000000000000e-03
5.875154896202e+00 7.402285666498e-02 5.000000000000e-03
4.345545962595e+00 2.355394752346e-01 5.000000000000e-03
6.151479296973e+00 5.043497029411e+00 5.000000000000e-03
2.766909489021e+00 1.195766085608e+00 5.000000000000e-03
3.365678838250e+00 2.368727762123e+00 5.000000000000e-03
3.985371838842e+00 4.574269569244e+00 -5.000000000000e-03
3.350887513963e+00 1.169481959821e+00 -5.000000000000e-03
4.226380269592e+00 5.727469201568e+00 -5.000000000000e-03
3.508536298062e+00 5.723462390636e+00 -5.000000000000e-03
2.255407266128e+00 3.043255603364e+00 -5.000000000000e-03
4.465262560370e+00 7.582314639998e-01 -5.000000000000e-03
3.835258008226e+00 3.577860657162e+00 -5.000000000000e-03
6.128989482670e+00 7.479234584552e-01 -5.000000000000e-03
3.712785675028e+00 4.742185905428e+00 -5.000000000000e-03
7.390877412551e-01 4.341213087763e+00 -5.000000000000e-03
3.815377536451e+00 1.693725103113e+00 -5.000000000000e-03
4.700443856989e+00 4.940167708822e+00 -5.000000000000e-03
2.161284114594e+00 1.187088205074e+00 -5.000000000000e-03
5.105361096085e+00 1.894341236469e+00 -5.000000000000e-03
5.959623811197e+00 5.306298875724e+00 -5.000000000000e-03
5.661258548631e+00 2.538156355226e+00 -5.000000000000e-03
6.274338304908e+00 4.843499895411e+00 -5.000000000000e-03
2.880684411486e+00 3.464463284724e+00 -5.000000000000e-03
2.770968024824e+00 4.805659556766e+00 -5.000000000000e-03
5.145410336592e+00 3.216687774420e+00 -5.000000000000e-03
1.252326037860e+00 1.227455010835e+00 -5.000000000000e-03
3.288988304317e+00 5.868249568398e+00 -5.000000000000e-03
2.782336467594e+00 5.209258509501e+00 -5.000000000000e-03
3.399788088282e+00 3.523864891682e+00 -5.000000000000e-03
3.185198780388e+00 2.684174377542e+00 -5.000000000000e-03
3.293119565913e+00 4.394231382673e+00 -5.000000000000e-03
2.697964057276e+00 3.402734300950e+00 -5.000000000000e-03
6.107737272814e+00 1.450251465049e+00 -5.000000000000e-03
2.700751972866e+00 3.433345136760e+00 -5.000000000000e-03
4.332119632157e+00 2.054096612098e+00 -5.000000000000e-03
2.832608908424e+00 1.004425574924e+00 -5.000000000000e-03
5.890617872997e+00 1.339503160498e+00 -5.000000000000e-03
2.023183041455e+00 3.991025394771e+00 -5.000000000000e-03
4.082793639638e-01 3.174992526940e+00 -5.000000000000e-03
5.158879984436e+00 1.567695551579e+00 -5.000000000000e-03
8.535492150535e-01 1.219122347535e+00 -5.000000000000e-03
3.264655896705e+00 2.836142936319e+00 -5.000000000000e-03
1.416635486460e+00 4.120679413796e-01 -5.000000000000e-03
3.291238764635e+00 2.385543445176e+00 -5.000000000000e-03
1.068301225164e-01 3.501869728821e+00 -5.000000000000e-03
1.590981080592e+00 5.052791290787e+00 -5.000000000000e-03
3.920679725493e+00 5.384698924995e+00 -5.000000000000e-03
3.829302948000e+00 1.887021770371e+00 -5.000000000000e-03
2.433664811551e+00 5.981128618428e+00 -5.000000000000e-03
5.886785056332e+00 6.175224733917e+00 -5.000000000000e-03
2.633661164108e+00 5.406295804233e+00 -5.000000000000e-03
4.784189972772e+00 2.036839418234e+00 -5.000000000000e-03
3.696156677289e+00 4.638369890866e+00 -5.000000000000e-03
1.103905976086e+00 1.699031040414e+00 -5.000000000000e-03
3.231600501622e+00 5.889428125073e+00 -5.000000000000e-03
2.463364234048e+00 2.746857117701e+00 -5.000000000000e-03
2.472873409177e+00 5.380412166044e+00 -5.000000000000e-03
3.534631243017e+00 1.414801855426e+00 -5.000000000000e-03
6.192309984634e+00 6.086994534038e+00 -5.000000000000e-03
8.307868013983e-01 2.435735084598e+00 -5.000000000000e-03
3.879278911625e+00 1.290458274506e+00 -5.000000000000e-03
3.612880640244e+00 8.949191876854e-01 -5.000000000000e-03
3.248103951681e+00 2.313224380215e+00 -5.000000000000e-03
3.296645144299e+00 6.124373773563e+00 -5.000000000000e-03
6.267513085759e+00 3.549040086780e-01 -5.000000000000e-03
1.289269280689e+00 2.281225016553e+00 -5.000000000000e-03
3.005649500239e+00 3.993238961385e+00 -5.000000000000e-03
5.201195823912e+00 4.583908561738e+00 -5.000000000000e-03
4.703394858817e+00 2.185404686380e+00 -5.000000000000e-03
3.715682417057e+00 1.122524395882e-01 -5.000000000000e-03
5.774930987797e-01 5.526062928932e+00 -5.000000000000e-03
5.799694305316e+00 2.111754409763e+00 -5.000000000000e-03
2.890983465826e+00 2.515320583390e+00 -5.000000000000e-03
5.389658786070e+00 1.902555052883e+00 -5.000000000000e-03
5.420215802039e+00 3.404619811970e+00 -5.000000000000e-03
1.247819205720e+00 1.400359704035e+00 -5.000000000000e-03
1.227419874134e+00 1.280979173783e+00 -5.000000000000e-03
5.193082050362e+00 2.101909279707e+00 -5.000000000000e-03
6.203917592854e+00 5.476481454937e-01 -5.000000000000e-03
3.356618287096e+00 4.156288441152e+00 -5.000000000000e-03
3.971018369020e+00 5.756957406233e+00 -5.000000000000e-03
4.642418823635e+00 4.149105671102e+00 -5.000000000000e-03
4.185529401479e-01 5.703446495838e-01 -5.000000000000e-03
6.060368408232e+00 9.894842474338e-01 -5.000000000000e-03
2.591728525474e+00 3.119470699622e+00 -5.000000000000e-03
5.696811452567e+00 5.690421019261e+00 -5.000000000000e-03
1.526331207331e+00 5.607455950727e+00 -5.000000000000e-03
5.146103498708e+00 2.674008101551e+00 -5.000000000000e-03
7.785200122541e-01 9.546727917396e-02 -5.000000000000e-03
2.455963877858e+00 3.087277552913e+00 -5.000000000000e-03
3.071369315174e+00 3.276596738789e-01 -5.000000000000e-03
5.441163191310e+00 2.299969805314e+00 -5.000000000000e-03
6.032911330373e+00 4.764403377609e+00 -5.000000000000e-03
4.043817674541e+00 1.812867784045e+00 -5.000000000000e-03
2.628459768760e+00 3.251973839218e+00 -5.000000000000e-03
1.326522329100e+00 5.024062384384e+00 -5.000000000000e-03
3.629394055622e+00 6.000708852698e+00 -5.000000000000e-03
1.202792729676e+00 4.292709255456e+00 -5.000000000000e-03
2.614454992378e+00 5.246797713014e+00 -5.000000000000e-03
1.109646799107e+00 2.054412207667e+00 -5.000000000000e-03
1.162158538043e+00 3.934014711167e+00 -5.000000000000e-03
5.993063818290e+00 1.680609000510e+00 -5.000000000000e-03
4.832671849169e+00 3.165922966431e+00 -5.000000000000e-03
8.644052538598e-01 4.228163098178e+00 -5.000000000000e-03
3.805365990373e+00 3.869335956289e+00 -5.000000000000e-03
