4.001790806160e+00 5.242351656210e+00 5.000000000000e-03
3.526190814646e+00 1.050325287244e+00 5.000000000000e-03
5.340934323871e+00 4.499267887459e+00 5.000000000000e-03
4.925175038480e+00 1.877076974404e+00 5.000000000000e-03
5.031265548543e+00 1.611726329865e+00 5.000000000000e-03
5.123834420210e+00 1.985068543390e+00 5.000000000000e-03
9.912887959330e-01 4.222269653533e+00 5.000000000000e-03
4.972882253207e+00 5.207729182659e+00 5.000000000000e-03
5.743971179335e+00 5.391562087601e+00 5.000000000000e-03
2.894046879503e+00 5.198298957267e+00 5.000000000000e-03
1.021789217005e+00 5.479129814566e+00 5.000000000000e-03
3.484119862101e+00 1.406770891010e+00 5.000000000000e-03
6.254765463219e+00 3.791337888653e-01 5.000000000000e-03
1.084750337057e-01 3.544904095467e+00 5.000000000000e-03
9.258509120411e-01 5.100995850370e-01 5.000000000000e-03
3.853668262264e+00 4.776377336444e+00 5.000000000000e-03
5.605227344039e+00 4.044480141151e+00 5.000000000000e-03
1.808936866120e+00 4.280329638896e+00 5.000000000000e-03
2.571316174193e+00 2.406104058153e+00 5.000000000000e-03
3.255084713390e+00 2.886873776543e+00 5.000000000000e-03
4.823961291991e-02 2.896938831512e+00 5.000000000000e-03
1.388749956724e+00 1.487286747270e+00 5.000000000000e-03
1.741143491407e+00 2.509539320609e+00 5.000000000000e-03
2.457779704548e+00 9.215395645355e-01 5.000000000000e-03
6.786508305643e-01 5.666503823124e+00 5.000000000000e-03
4.173953950449e+00 2.486099038850e+00 5.000000000000e-03
1.343866571231e+00 3.735913690829e+00 5.000000000000e-03
4.507790040194e+00 5.123591398947e+00 5.000000000000e-03
3.898574606309e-01 5.017715778932e+00 5.000000000000e-03
8.375304655516e-01 5.562646626863e+00 5.000000000000e-03
2.177553622797e+00 8.839608442751e-01 5.000000000000e-03
3.274076530744e+00 2.234009518513e+00 5.000000000000e-03
6.267345354474e+00 1.915991261246e+00 5.000000000000e-03
4.535400304553e+00 5.464246849832e+00 5.000000000000e-03
2.365326229858e+00 3.563909173205e+00 5.000000000000e-03
5.065214804136e+00 8.667615913319e-01 5.000000000000e-03
6.827495475023e-01 4.593625147716e+00 5.000000000000e-03
8.731007587360e-01 3.950299996628e-01 5.000000000000e-03
2.648165625399e-01 5.391677902996e+00 5.000000000000e-03
5.091835084270e+00 2.547826285826e+00 5.000000000000e-03
4.772843997214e+00 7.474917158605e-01 5.000000000000e-03
8.757632230385e-01 1.395315725291e-01 5.000000000000e-03
5.040634441708e+00 4.322826612166e+00 5.000000000000e-03
2.081637439705e+00 5.082255735299e+00 5.000000000000e-03
2.364411407461e+00 3.980321708857e+00 5.000000000000e-03
3.401927667944e+00 1.325795657352e+00 5.000000000000e-03
5.149419522093e+00 2.298208125741e+00 5.000000000000e-03
8.287852055513e-01 5.756879294383e+00 5.000000000000e-03
9.211023802645e-01 2.729400825628e-01 5.000000000000e-03
3.337050196975e-01 1.071418871586e+00 5.000000000000e-03
3.404034099053e-01 1.026458097278e+00 5.000000000000e-03
1.565463899995e+00 4.203045609545e+00 5.000000000000e-03
3.253888363808e-01 4.437206065178e+00 5.000000000000e-03
3.721938699914e+00 1.939273564051e+00 5.000000000000e-03
4.449918198035e+00 3.078863029073e+00 5.000000000000e-03
5.819831371429e+00 4.501395839895e+00 5.000000000000e-03
3.844017133581e+00 1.648784411723e+00 5.000000000000e-03
4.600485428952e+00 1.330179803153e+00 5.000000000000e-03
5.663670740500e+00 9.123346593131e-01 5.000000000000e-03
6.147443169783e+00 3.632772677885e+00 5.000000000000e-03
5.410983834553e+00 4.189212187515e+00 5.000000000000e-03
3.923073159554e+00 5.273762141097e+00 5.000000000000e-03
3.101308926227e+00 5.339246216907e+00 5.000000000000e-03
5.420290509002e+00 3.442975795253e+00 5.000000000000e-03
5.561269238707e+00 5.327163262432e-01 5.000000000000e-03
2.790641803384e+00 3.544928219209e+00 5.000000000000e-03
5.551545521398e+00 4.919605730420e+00 5.000000000000e-03
3.529239560536e-01 3.497321572189e+00 5.000000000000e-03
1.369046921549e+00 6.271071617101e+00 5.000000000000e-03
5.833809700860e+00 2.521646213250e+00 5.000000000000e-03
1.314935138850e+00 6.124489157924e+00 5.000000000000e-03
2.002000707542e+00 2.787496205864e+00 5.000000000000e-03
3.629678291325e+00 2.390454105097e+00 5.000000000000e-03
5.562669192962e+00 1.368975461309e-01 5.000000000000e-03
2.402610531734e+00 4.623553213219e+00 5.000000000000e-03
1.205321850198e+00 3.344280115084e+00 5.000000000000e-03
4.673624693487e-01 5.092450212661e-01 5.000000000000e-03
5.899658877629e+00 2.655478603383e+00 5.000000000000e-03
2.419414759967e+00 5.804381720877e-01 5.000000000000e-03
1.461825670101e+00 4.953827668926e+00 5.000000000000e-03
6.016103357836e-01 5.560019122952e+00 5.000000000000e-03
8.002046489951e-01 2.691920014438e+00 5.000000000000e-03
3.630149983138e+00 1.354941359464e+00 5.000000000000e-03
2.252610377531e+00 9.142367126221e-02 5.000000000000e-03
5.867924647531e+00 6.007962099543e-01 5.000000000000e-03
1.590196431611e+00 2.516165800426e+00 5.000000000000e-03
3.113326023538e+00 5.420999471812e+00 5.000000000000e-03
1.589549064577e+00 6.231884356054e+00 5.000000000000e-03
1.051512581935e+00 3.492387654979e+00 5.000000000000e-03
1.719795541215e+00 1.250009048317e+00 5.000000000000e-03
2.801983537548e+00 3.857945337023e+00 5.000000000000e-03
6.152808790599e+00 1.545940814667e+00 5.000000000000e-03
5.885207325005e+00 1.688888306345e+00 5.000000000000e-03
2.402204985931e+00 4.757695687425e+00 5.000000000000e-03
1.836374661573e-01 3.986346126967e+00 5.000000000000e-03
1.093596396635e+00 5.561173809369e+00 5.000000000000e-03
6.268994523125e+00 6.172021595631e+00 5.000000000000e-03
1.646315974428e+00 2.559258764964e+00 5.000000000000e-03
4.201198673894e+00 1.936977328142e+00 5.000000000000e-03
4.806789893307e+00 4.477857091885e+00 5.000000000000e-03
4.535423794815e+00 1.691248633185e+00 -5.000000000000e-03
1.638287507466e+00 3.631611861060e+00 -5.000000000000e-03
4.777597056639e+00 3.491091343608e+00 -5.000000000000e-03
5.334867818583e+00 4.699153313736e+00 -5.000000000000e-03
4.623944711016e+00 5.450091967292e+00 -5.000000000000e-03
6.008439001458e+00 5.856302053672e-02 -5.000000000000e-03
5.841790519273e-01 2.532103256208e+00 -5.000000000000e-03
5.257172375215e+00 5.938029260410e+00 -5.000000000000e-03
2.220376956346e+00 2.431097943747e+00 -5.000000000000e-03
2.497384969067e+00 8.250391244050e-01 -5.000000000000e-03
2.944348134072e+00 1.012923711786e+00 -5.000000000000e-03
1.497188913602e-01 3.926074887473e+00 -5.000000000000e-03
4.133246030245e+00 1.946258075422e+00 -5.000000000000e-03
1.633029682127e+00 5.251721145133e+00 -5.000000000000e-03
1.371179492584e+00 5.913941558885e+00 -5.000000000000e-03
4.703985601038e+00 3.357931843492e-01 -5.000000000000e-03
5.773178553759e+00 6.735374803043e-01 -5.000000000000e-03
2.290680350438e+00 3.656180628425e+00 -5.000000000000e-03
1.947224180830e-01 2.920746203760e+00 -5.000000000000e-03
7.463934159897e-01 6.282562417687e+00 -5.000000000000e-03
6.080314425496e+00 3.203258320674e-01 -5.000000000000e-03
5.208252659857e+00 5.024241788325e+00 -5.000000000000e-03
5.217545131612e+00 5.831152324593e+00 -5.000000000000e-03
5.036803728597e+00 2.968219513718e+00 -5.000000000000e-03
3.586424440806e+00 2.947446007985e+00 -5.000000000000e-03
1.552421033629e+00 4.297232348391e-01 -5.000000000000e-03
4.118409622435e+00 1.192169734425e+00 -5.000000000000e-03
3.423512596891e+00 1.982561292930e+00 -5.000000000000e-03
8.193113837784e-01 4.786700391533e+00 -5.000000000000e-03
1.920799548274e+00 2.090755200068e+00 -5.000000000000e-03
2.814932307765e+00 2.049507676923e+00 -5.000000000000e-03
5.407471179308e+00 8.694198609071e-02 -5.000000000000e-03
3.818516928683e+00 3.107539334763e+00 -5.000000000000e-03
4.708742445510e+00 5.792378738840e+00 -5.000000000000e-03
2.429686204560e+00 3.947948360907e+00 -5.000000000000e-03
4.396105029293e+00 3.851268974897e+00 -5.000000000000e-03
4.749185271778e+00 4.902345707122e+00 -5.000000000000e-03
1.089637188991e+00 1.421737813714e-01 -5.000000000000e-03
4.586128430219e+00 6.047886331501e+00 -5.000000000000e-03
6.228767983115e+00 2.030351585721e+00 -5.000000000000e-03
4.332499719206e+00 1.309808605681e+00 -5.000000000000e-03
4.632179962739e+00 3.679954946290e+00 -5.000000000000e-03
4.321088041616e+00 2.770893604191e-01 -5.000000000000e-03
1.357132732024e+00 4.609412268351e+00 -5.000000000000e-03
2.897838112733e-01 3.504097684443e+00 -5.000000000000e-03
2.574656288172e+00 4.488068457484e+00 -5.000000000000e-03
5.844131630458e+00 3.147032815155e+00 -5.000000000000e-03
3.255170119246e+00 3.409273557076e+00 -5.000000000000e-03
5.133916418763e+00 5.006204505248e+00 -5.000000000000e-03
5.770529101122e+00 1.830721351042e+00 -5.000000000000e-03
4.260226610965e-01 1.207335343143e+00 -5.000000000000e-03
5.896916289443e-01 2.124936492353e+00 -5.000000000000e-03
1.125301464818e+00 2.853594016800e+00 -5.000000000000e-03
3.337989056718e+00 6.251681018057e+00 -5.000000000000e-03
4.485587316767e+00 3.654726879559e+00 -5.000000000000e-03
4.864599935999e+00 4.253639525337e+00 -5.000000000000e-03
5.584513305576e+00 5.722193270794e+00 -5.000000000000e-03
3.653127812749e+00 6.063025291991e+00 -5.000000000000e-03
3.179664047562e+00 1.521916219551e+00 -5.000000000000e-03
5.028694140143e+00 9.887018969423e-01 -5.000000000000e-03
2.044862005382e+00 3.921838860651e+00 -5.000000000000e-03
5.722533446968e-01 5.007070111130e+00 -5.000000000000e-03
4.097917191313e+00 2.216610689355e+00 -5.000000000000e-03
1.755609873460e+00 4.290299775220e-01 -5.000000000000e-03
2.797466531376e+00 3.423924342235e+00 -5.000000000000e-03
3.163709030850e+00 4.158401233286e+00 -5.000000000000e-03
5.627458976316e+00 3.826077571057e-01 -5.000000000000e-03
4.641308716196e+00 3.186593062576e+00 -5.000000000000e-03
5.996146946905e+00 5.609427789986e+00 -5.000000000000e-03
5.946110161100e-01 2.609079847750e+00 -5.000000000000e-03
3.393502061930e+00 2.709258574944e+00 -5.000000000000e-03
6.233340504363e+00 5.871292054007e+00 -5.000000000000e-03
2.589776594979e+00 6.149369292910e+00 -5.000000000000e-03
1.330758240515e+00 4.780213618695e+00 -5.000000000000e-03
2.826344564727e+00 2.119300012009e+00 -5.000000000000e-03
4.199920297135e+00 3.378492185912e+00 -5.000000000000e-03
4.880911271678e-01 1.672919913630e+00 -5.000000000000e-03
2.194550059745e+00 5.045889084851e+00 -5.000000000000e-03
4.882687560389e+00 2.263575542746e+00 -5.000000000000e-03
3.190453679093e+00 2.021890963204e+00 -5.000000000000e-03
2.487293257288e+00 5.440296957862e+00 -5.000000000000e-03
3.802071451020e+00 3.367703284623e-01 -5.000000000000e-03
6.157184263014e+00 5.296150997608e+00 -5.000000000000e-03
5.666924821730e+00 4.070365363540e+00 -5.000000000000e-03
3.583849224499e+00 5.863707128336e+00 -5.000000000000e-03
1.740175872960e+00 2.356884350639e+00 -5.000000000000e-03
3.610184696485e+00 5.433125024208e+00 -5.000000000000e-03
3.748267496184e+00 3.420225245727e+00 -5.000000000000e-03
3.799678990028e+00 5.985140617211e+00 -5.000000000000e-03
5.482814164593e+00 5.220735061392e+00 -5.000000000000e-03
3.052585906981e+00 1.383582193065e+00 -5.000000000000e-03
2.105552394193e+00 1.012195365505e+00 -5.000000000000e-03
1.410880933886e+00 3.567574951345e+00 -5.000000000000e-03
2.157377757871e+00 1.367273934601e+00 -5.000000000000e-03
1.728577323926e+00 5.379350368686e+00 -5.000000000000e-03
2.584136602078e+00 3.385928110505e+00 -5.000000000000e-03
3.846895847898e+00 1.677274253572e+00 -5.000000000000e-03
2.742341699106e-01 5.838394161609e-01 -5.000000000000e-03
3.380922749831e+00 5.036120161119e+00 -5.000000000000e-03
2.823566267027e+00 5.269971158513e+00 -5.000000000000e-03
