6.218983700213e+00 7.266305603065e-01 5.000000000000e-03
3.893774895290e+00 4.970706769904e+00 5.000000000000e-03
4.891599097087e+00 6.683396151680e-01 5.000000000000e-03
1.256675402547e+00 6.473988549457e-01 5.000000000000e-03
3.134944989126e+00 1.860345242631e+00 5.000000000000e-03
3.507472687152e-01 3.817389779077e+00 5.000000000000e-03
4.816725780894e+00 3.607191253973e+00 5.000000000000e-03
3.131103845698e+00 3.262458476339e+00 5.000000000000e-03
2.606847627687e+00 3.480820056188e+00 5.000000000000e-03
4.404281682383e+00 1.781512071860e-02 5.000000000000e-03
5.248589636809e+00 1.418766044291e+00 5.000000000000e-03
9.394181934779e-01 5.243736989834e+00 5.000000000000e-03
3.824093526811e+00 5.747502244858e+00 5.000000000000e-03
4.047150271010e+00 3.927776995739e+00 5.000000000000e-03
2.552917363805e+00 5.205885152515e+00 5.000000000000e-03
3.093044860376e+00 2.347938688289e+00 5.000000000000e-03
3.916701429252e+00 1.462010816894e+00 5.000000000000e-03
6.050565350187e+00 4.453422300497e+00 5.000000000000e-03
8.344748275093e-01 5.926644880787e+00 5.000000000000e-03
2.088468192894e+00 1.295081189835e+00 5.000000000000e-03
1.340466268265e+00 3.566345117713e+00 5.000000000000e-03
4.257033337445e+00 5.484149355337e+00 5.000000000000e-03
5.812230320691e+00 1.747237872614e+00 5.000000000000e-03
7.021500735415e-01 5.195644723223e+00 5.000000000000e-03
1.726154113803e+00 4.049878298866e+00 5.000000000000e-03
4.821484031607e+00 3.564346080343e+00 5.000000000000e-03
1.959926926802e+00 5.609784186580e+00 5.000000000000e-03
1.182963777295e+00 1.917156938294e+00 5.000000000000e-03
4.902987485110e+00 4.596391251639e+00 5.000000000000e-03
5.556590060625e-01 3.250835733482e+00 5.000000000000e-03
1.882667320499e+00 5.613663583255e+00 5.000000000000e-03
1.369415587284e+00 3.450599386322e+00 5.000000000000e-03
9.814422364850e-01 2.312699097795e-01 5.000000000000e-03
1.353134933019e+00 3.970482300174e+00 5.000000000000e-03
1.718030660241e+00 4.735223927069e+00 5.000000000000e-03
5.727849171972e+00 9.795926373083e-01 5.000000000000e-03
5.393813498828e+00 5.855092621534e-01 5.000000000000e-03
4.345219302631e+00 2.358101698709e-01 5.000000000000e-03
2.752159862672e+00 2.043070229844e+00 5.000000000000e-03
5.376749542488e+00 2.646012838696e+00 5.000000000000e-03
3.867714308772e+00 1.297918368632e+00 5.000000000000e-03
3.903343522603e+00 2.479178472618e-01 5.000000000000e-03
8.033009408023e-01 4.230907607999e+00 5.000000000000e-03
2.619569939236e+00 2.320320297763e+00 5.000000000000e-03
4.649974409688e+00 5.319100363170e+00 5.000000000000e-03
2.976301800925e+00 1.695628351907e+00 5.000000000000e-03
3.649912298087e+00 2.961182851643e+00 5.000000000000e-03
5.495022795808e+00 1.483224223180e+00 5.000000000000e-03
4.859868421668e+00 4.836812066573e+00 5.000000000000e-03
1.970082748932e+00 4.832248425752e-01 5.000000000000e-03
4.307907691817e+00 4.357965564856e+00 5.000000000000e-03
5.023716840007e+00 1.478692131583e+00 5.000000000000e-03
3.981259643644e+00 6.028705560655e+00 5.000000000000e-03
6.414166549199e-01 4.903557076205e+00 5.000000000000e-03
7.424217809150e-01 2.384291279545e+00 5.000000000000e-03
5.863470717073e+00 6.978233635131e-01 5.000000000000e-03
2.845370860465e-01 3.978693454237e+00 5.000000000000e-03
6.041594939956e+00 1.312131273221e+00 5.000000000000e-03
4.304584319272e+00 6.887622151453e-01 5.000000000000e-03
3.040421899116e+00 3.623295121620e-01 5.000000000000e-03
5.763185661240e+00 5.702970830648e+00 5.000000000000e-03
1.016753759591e+00 2.664679743350e+00 5.000000000000e-03
1.958777648794e+00 5.838287606178e+00 5.000000000000e-03
3.789571542078e+00 7.339097186022e-01 5.000000000000e-03
3.440355217753e+00 3.002619641146e+00 5.000000000000e-03
4.901787603897e+00 1.262693416078e+00 5.000000000000e-03
1.691253208525e+00 5.017880307374e-02 5.000000000000e-03
4.393979674726e+00 5.849418246217e+00 5.000000000000e-03
3.573723999873e+00 5.084032427930e+00 5.000000000000e-03
4.547237616006e+00 1.440373446964e-01 5.000000000000e-03
2.211010952041e+00 1.609540334796e+00 5.000000000000e-03
3.643248923551e+00 2.405743017126e+00 5.000000000000e-03
5.563673602302e+00 1.667886194359e+00 5.000000000000e-03
5.429008498355e+00 1.577933006766e+00 5.000000000000e-03
1.550983487074e+00 1.293652823025e-01 5.000000000000e-03
3.371228119417e+00 3.857734504149e+00 5.000000000000e-03
4.444004748903e+00 3.770216461949e+00 5.000000000000e-03
1.226609773607e-01 3.676484393687e+00 5.000000000000e-03
4.027099776174e+00 9.496605562593e-01 5.000000000000e-03
3.082183158304e-01 3.882450788330e+00 5.000000000000e-03
2.027004596093e+00 1.517772548497e+00 5.000000000000e-03
6.216677833225e+00 3.549073425915e+00 5.000000000000e-03
5.660304131285e-01 2.486184129205e+00 5.000000000000e-03
1.013912515600e+00 5.247207085223e+00 5.000000000000e-03
6.261966856786e+00 4.385656636834e+00 5.000000000000e-03
4.181954513601e+00 2.170631984359e+00 5.000000000000e-03
1.846127844320e+00 5.654729394133e+00 5.000000000000e-03
4.523541925170e+00 5.264010117840e+00 5.000000000000e-03
4.825640450760e+00 3.040034445647e-01 5.000000000000e-03
5.782515519655e+00 3.186158983084e+00 5.000000000000e-03
2.599913536071e+00 3.557290998155e+00 5.000000000000e-03
4.331466933577e+00 3.362941357427e+00 5.000000000000e-03
5.288220251207e-01 3.390862714965e+00 5.000000000000e-03
2.954052851068e-01 6.080619350727e+00 5.000000000000e-03
1.715139717984e+00 4.138489250467e+00 5.000000000000e-03
4.482914656905e+00 1.741851958045e-01 5.000000000000e-03
3.550776985698e+00 7.392152164203e-01 5.000000000000e-03
5.906990984116e+00 3.857830128242e+00 5.000000000000e-03
2.027772805189e+00 4.115467034586e+00 5.000000000000e-03
1.456678746440e+00 1.907554212677e+00 5.000000000000e-03
4.116164230211e+00 2.728190543050e+00 -5.000000000000e-03
1.046033311283e+00 1.604359390548e+00 -5.000000000000e-03
3.420482956052e+00 3.864884841551e+00 -5.000000000000e-03
3.040417352040e+00 1.203502838530e+00 -5.000000000000e-03
3.644620817985e-02 4.420357110610e+00 -5.000000000000e-03
3.652178173921e+00 8.960528929292e-01 -5.000000000000e-03
2.013139584262e+00 2.145043955423e+00 -5.000000000000e-03
5.105084641306e+00 3.872789431791e+00 -5.000000000000e-03
7.443170516431e-01 6.249659113384e+00 -5.000000000000e-03
7.183459341161e-01 1.231116038368e+00 -5.000000000000e-03
5.331210101331e+00 4.508105210232e+00 -5.000000000000e-03
2.906115289650e+00 2.562016735415e-01 -5.000000000000e-03
1.233414247982e+00 2.902620743157e+00 -5.000000000000e-03
4.150591614709e+00 3.407366480867e+00 -5.000000000000e-03
1.940586181595e+00 5.746143992777e-01 -5.000000000000e-03
1.320313107149e+00 3.996474360502e+00 -5.000000000000e-03
3.889540929589e+00 2.040511175475e+00 -5.000000000000e-03
2.062283440230e+00 4.266533020945e+00 -5.000000000000e-03
5.543305411884e+00 5.309956381217e+00 -5.000000000000e-03
2.019106202202e+00 5.546441041681e+00 -5.000000000000e-03
6.079773411325e+00 5.457504524469e+00 -5.000000000000e-03
5.466505930868e+00 3.439418351289e+00 -5.000000000000e-03
2.281912633634e+00 2.171653199939e+00 -5.000000000000e-03
3.476694551091e+00 3.121222811719e+00 -5.000000000000e-03
4.778431599170e+00 6.013620167067e+00 -5.000000000000e-03
4.152866038753e+00 3.673063315706e+00 -5.000000000000e-03
4.557626669746e+00 1.325637962888e+00 -5.000000000000e-03
5.638574466917e+00 1.566687646592e+00 -5.000000000000e-03
4.231733915337e+00 4.371914435750e+00 -5.000000000000e-03
1.876863457312e+00 3.535667923065e+00 -5.000000000000e-03
2.733121379333e+00 1.770189274898e+00 -5.000000000000e-03
3.021286251006e+00 3.518486152322e+00 -5.000000000000e-03
2.978554477369e+00 3.125442898052e+00 -5.000000000000e-03
1.391489273875e+00 5.715665265580e+00 -5.000000000000e-03
5.157440111257e+00 6.884427706871e-01 -5.000000000000e-03
2.952096137935e+00 5.530385764201e+00 -5.000000000000e-03
3.219786590663e+00 2.228319304468e+00 -5.000000000000e-03
4.188520967126e+00 4.105847289910e-01 -5.000000000000e-03
9.475388750637e-01 4.488090153716e+00 -5.000000000000e-03
1.824947150161e+00 3.283548243073e+00 -5.000000000000e-03
6.067563279052e+00 5.428772790116e+00 -5.000000000000e-03
3.009152562005e-01 1.918627162729e+00 -5.000000000000e-03
3.968785481487e+00 3.450591270627e+00 -5.000000000000e-03
1.462721115378e+00 1.587046209374e+00 -5.000000000000e-03
4.239722883557e+00 4.336024628549e+00 -5.000000000000e-03
6.220636130697e-01 3.395172572464e-01 -5.000000000000e-03
1.078495935682e+00 4.095032441767e+00 -5.000000000000e-03
1.488736292864e+00 1.465946834715e+00 -5.000000000000e-03
8.169254449001e-01 4.271136257973e+00 -5.000000000000e-03
4.227662167510e+00 2.512995933243e+00 -5.000000000000e-03
8.231490122632e-01 6.204113976057e+00 -5.000000000000e-03
6.073858385140e+00 6.033081973310e+00 -5.000000000000e-03
1.753662963691e+00 3.204161274893e+00 -5.000000000000e-03
2.429662414141e+00 6.203144690125e+00 -5.000000000000e-03
6.270014594586e+00 1.699245896899e-01 -5.000000000000e-03
4.308697704452e-01 5.178604137671e+00 -5.000000000000e-03
1.381700236792e-01 5.882073456738e+00 -5.000000000000e-03
4.482023431951e+00 3.307160795696e-01 -5.000000000000e-03
8.353953602628e-01 3.228283140985e+00 -5.000000000000e-03
5.353692304352e+00 3.546407354881e+00 -5.000000000000e-03
1.398665891550e+00 4.302229381879e+00 -5.000000000000e-03
3.290117575646e+00 5.612875850493e+00 -5.000000000000e-03
6.251542355528e+00 6.235611799647e+00 -5.000000000000e-03
2.076674112492e+00 7.179233151270e-01 -5.000000000000e-03
3.953828624449e-01 2.350058833103e+00 -5.000000000000e-03
1.680848048580e+00 4.893950367233e+00 -5.000000000000e-03
3.193608852695e+00 3.316310831805e+00 -5.000000000000e-03
1.515930652602e+00 2.747572288713e+00 -5.000000000000e-03
6.033604479206e+00 5.710549237589e+00 -5.000000000000e-03
3.091117902490e+00 2.703921848008e+00 -5.000000000000e-03
2.788892995161e+00 5.295525097532e+00 -5.000000000000e-03
2.785151935072e+00 6.212237430844e+00 -5.000000000000e-03
1.064084089713e+00 4.958077394775e+00 -5.000000000000e-03
7.011605234028e-01 6.027672377469e+00 -5.000000000000e-03
2.080903349635e+00 3.440995512959e-01 -5.000000000000e-03
4.723787029769e-01 3.069383381157e+00 -5.000000000000e-03
3.127298064361e+00 4.132671323894e+00 -5.000000000000e-03
3.953900498456e+00 2.258602582753e+00 -5.000000000000e-03
9.122964584601e-01 8.805107800442e-01 -5.000000000000e-03
2.590791163870e+00 1.940139959158e+00 -5.000000000000e-03
4.977761455440e+00 1.943432791656e+00 -5.000000000000e-03
2.875314653763e+00 2.356649480023e+00 -5.000000000000e-03
7.496749258523e-01 2.609492707722e+00 -5.000000000000e-03
3.630894525593e+00 2.067362964356e+00 -5.000000000000e-03
4.532900806327e+00 2.469044638607e+00 -5.000000000000e-03
4.243028879877e+00 9.270706349458e-01 -5.000000000000e-03
3.904040416196e-01 3.410743184413e+00 -5.000000000000e-03
5.006506129659e+00 3.015037113465e+00 -5.000000000000e-03
1.312743792835e+00 2.793050455836e+00 -5.000000000000e-03
2.877552182840e+00 5.954358134280e+00 -5.000000000000e-03
5.592137643289e-01 1.901303716601e+00 -5.000000000000e-03
1.347071690028e-01 4.271426271915e-01 -5.000000000000e-03
4.078548990919e+00 5.732382321446e+00 -5.000000000000e-03
2.955409269230e+00 5.452848042195e+00 -5.000000000000e-03
5.181073499748e+00 4.211873860668e+00 -5.000000000000e-03
1.443951628918e-01 3.048777147673e+00 -5.000000000000e-03
5.456293575910e+00 4.792307967655e+00 -5.000000000000e-03
1.905123725861e+00 3.872332139633e-01 -5.000000000000e-03
5.044693657429e+00 1.035492004367e+00 -5.000000000000e-03
9.604977593490e-01 1.117423506871e+00 -5.000000000000e-03
