1.906103451964e+00 5.012881067045e+00 5.000000000000e-03
5.759265795424e+00 5.848058791962e+00 5.000000000000e-03
4.544834957166e+00 3.347306979285e+00 5.000000000000e-03
3.106366799944e+00 4.118014815173e+00 5.000000000000e-03
3.200574236987e+00 3.587917182385e+00 5.000000000000e-03
4.431266464598e+00 6.157031067425e+00 5.000000000000e-03
2.616998696606e+00 1.010399800663e+00 5.000000000000e-03
3.595312262138e+00 5.738955292261e+00 5.000000000000e-03
1.981310169772e+00 2.763168734252e+00 5.000000000000e-03
4.061759737899e-01 5.216395333446e+00 5.000000000000e-03
8.725577313872e-01 1.445997213281e+00 5.000000000000e-03
3.448975220736e+00 4.656377585589e-01 5.000000000000e-03
1.945269677174e+00 3.890510507701e+00 5.000000000000e-03
2.992504324431e+00 4.734649163410e+00 5.000000000000e-03
2.236696651373e+00 2.525084214868e+00 5.000000000000e-03
1.789321628984e+00 6.210371189114e+00 5.000000000000e-03
3.528735486998e-01 4.203608213457e+00 5.000000000000e-03
3.615091311226e+00 4.283539310645e+00 5.000000000000e-03
5.802019159574e+00 4.756232274800e+00 5.000000000000e-03
1.551146818756e-01 4.648506108291e+00 5.000000000000e-03
2.733008587857e+00 6.235233077161e+00 5.000000000000e-03
1.546353921738e+00 9.121274979037e-01 5.000000000000e-03
4.610877361043e+00 3.364723730665e-01 5.000000000000e-03
1.093932124751e+00 4.645516332752e+00 5.000000000000e-03
5.614827768291e+00 5.862592677653e+00 5.000000000000e-03
5.445040892368e-03 4.197116645125e+00 5.000000000000e-03
5.930271472154e+00 5.992302909497e+00 5.000000000000e-03
6.146303497133e+00 5.474414724751e+00 5.000000000000e-03
2.994346837262e+00 4.205112268398e+00 5.000000000000e-03
5.756375699603e-01 5.312359312652e+00 5.000000000000e-03
5.957556140137e+00 3.655920014605e+00 5.000000000000e-03
2.428304852585e+00 3.518994749477e+00 5.000000000000e-03
5.456149809682e+00 3.829045706861e+00 5.000000000000e-03
1.408864056884e+00 7.514500764607e-02 5.000000000000e-03
2.688079930246e+00 3.632629163567e+00 5.000000000000e-03
4.492538619584e-01 1.140039745287e+00 5.000000000000e-03
2.398095064783e+00 2.275444510329e+00 5.000000000000e-03
5.202048030001e+00 2.872483672784e+00 5.000000000000e-03
9.101904787143e-01 3.704513970415e+00 5.000000000000e-03
2.913811098684e+00 4.955655603353e+00 5.000000000000e-03
5.332573948998e+00 2.279893629031e+00 5.000000000000e-03
5.837269488486e+00 8.786339811031e-01 5.000000000000e-03
4.219521009314e+00 1.242813061203e+00 5.000000000000e-03
3.718970212050e+00 6.129506153374e+00 5.000000000000e-03
4.808776434718e+00 6.100755329834e+00 5.000000000000e-03
2.367355387278e+00 2.226724107375e+00 5.000000000000e-03
3.001683613535e+00 1.318372091589e+00 5.000000000000e-03
6.252812898551e-01 6.308110036225e-01 5.000000000000e-03
6.430173519103e-03 3.412811529166e+00 5.000000000000e-03
3.488804926834e+00 2.198724885737e+00 5.000000000000e-03
4.185723109614e+00 2.045079092387e+00 5.000000000000e-03
3.324468904563e+00 2.994312895794e+00 5.000000000000e-03
8.332933181102e-01 1.107882437379e+00 5.000000000000e-03
3.021621605194e+00 4.376560189042e+00 5.000000000000e-03
3.159474134951e+00 5.241576659694e+00 5.000000000000e-03
1.323294463584e+00 2.750657803789e-01 5.000000000000e-03
1.520473820680e+00 4.660544270384e+00 5.000000000000e-03
3.981428743992e+00 7.733902275544e-01 5.000000000000e-03
3.273948740645e+00 5.810613611747e+00 5.000000000000e-03
1.237702201976e+00 2.145699178050e+00 5.000000000000e-03
5.582601728453e+00 2.007632835462e+00 5.000000000000e-03
4.376398455624e+00 1.523528367006e+00 5.000000000000e-03
5.075496276105e+00 4.450991661370e+00 5.000000000000e-03
5.158793383973e+00 6.257746899013e+00 5.000000000000e-03
5.098625283690e-01 7.836132782189e-01 5.000000000000e-03
4.578360736236e+00 3.806952241005e+00 5.000000000000e-03
5.999958318571e+00 5.484884577604e+00 5.000000000000e-03
4.656414910885e+00 3.067469169906e+00 5.000000000000e-03
3.773275844650e-01 6.023380614412e+00 5.000000000000e-03
4.979387571999e+00 3.626668903205e+00 5.000000000000e-03
3.418544349634e+00 1.478677453003e-01 5.000000000000e-03
2.161600776858e+00 2.153271766930e+00 5.000000000000e-03
2.660360514186e+00 4.439429963534e+00 5.000000000000e-03
4.094871615920e+00 2.092265479571e+00 5.000000000000e-03
2.068231183083e+00 7.683040157943e-01 5.000000000000e-03
5.641221437895e+00 2.885315708414e+00 5.000000000000e-03
8.516803059840e-01 1.032327050171e+00 5.000000000000e-03
1.057123982045e+00 9.371236520522e-01 5.000000000000e-03
2.426532072279e+00 3.131651761602e+00 5.000000000000e-03
1.325584543405e+00 2.568901815404e+00 5.000000000000e-03
4.864267361861e+00 1.088390314928e+00 5.000000000000e-03
7.303895963602e-01 6.191442870347e-02 5.000000000000e-03
5.211966166371e+00 6.004912965058e+00 5.000000000000e-03
3.001698331620e-01 1.804748925555e+00 5.000000000000e-03
2.341775561652e+00 5.278741764852e+00 5.000000000000e-03
5.465748223453e+00 3.221096025459e+00 5.000000000000e-03
3.910776732430e+00 2.126281959512e+00 5.000000000000e-03
3.188058550157e+00 2.618825557654e-01 5.000000000000e-03
5.318345920470e+00 5.999366033455e+00 5.000000000000e-03
5.821009984024e+00 5.393661262918e+00 5.000000000000e-03
5.777643218263e+00 3.327536470446e+00 5.000000000000e-03
5.317331126475e+00 3.489877603957e+00 5.000000000000e-03
4.311576963950e+00 2.021409858895e+00 5.000000000000e-03
2.642403472041e+00 7.232883132948e-01 5.000000000000e-03
2.528896993520e+00 6.152986085176e+00 5.000000000000e-03
2.267076894706e+00 4.680334550640e+00 5.000000000000e-03
3.264361551928e+00 7.339225653289e-01 5.000000000000e-03
2.222558072025e+00 3.998808857141e+00 5.000000000000e-03
9.081022305881e-01 3.621371508046e+00 5.000000000000e-03
5.085285394268e-01 4.821903707304e-01 5.000000000000e-03
9.693045647022e-01 5.705948333565e+00 -5.000000000000e-03
4.467176243114e+00 3.361786558207e-01 -5.000000000000e-03
1.496559054684e+00 4.591097291784e+00 -5.000000000000e-03
2.708073796610e+00 5.337409966210e+00 -5.000000000000e-03
1.176653561590e+00 5.383816185222e-03 -5.000000000000e-03
5.593788658634e+00 2.816884529630e+00 -5.000000000000e-03
1.298601282496e-01 3.047622385045e+00 -5.000000000000e-03
2.646753875140e-01 4.099264626540e+00 -5.000000000000e-03
1.003328987390e+00 4.350528972448e+00 -5.000000000000e-03
4.465887580360e-01 8.851500823217e-01 -5.000000000000e-03
3.514025337647e+00 1.296846399972e+00 -5.000000000000e-03
1.229925210887e+00 4.487674433026e+00 -5.000000000000e-03
5.443578325596e+00 8.119557793255e-01 -5.000000000000e-03
5.005628742128e+00 3.993565053983e+00 -5.000000000000e-03
2.551748165828e+00 1.730045803359e+00 -5.000000000000e-03
4.001476840153e+00 4.118648740808e+00 -5.000000000000e-03
7.962316913488e-01 5.784605399531e+00 -5.000000000000e-03
5.568204794985e+00 4.213636715475e+00 -5.000000000000e-03
8.512039889027e-02 1.212323142404e+00 -5.000000000000e-03
1.168876002905e+00 5.823929021695e+00 -5.000000000000e-03
6.030710469885e+00 3.407560930954e+00 -5.000000000000e-03
2.795861049586e+00 1.496692458001e+00 -5.000000000000e-03
4.061448614007e+00 1.322489668544e+00 -5.000000000000e-03
3.217192614218e+00 6.278468507006e+00 -5.000000000000e-03
4.465428655994e+00 7.754087322467e-01 -5.000000000000e-03
2.795461049268e+00 5.660935102164e+00 -5.000000000000e-03
1.304511483601e+00 5.475513773956e+00 -5.000000000000e-03
4.581641849644e+00 1.499706693927e+00 -5.000000000000e-03
1.335205719944e+00 5.476745742878e+00 -5.000000000000e-03
2.912880012646e+00 1.945129130755e+00 -5.000000000000e-03
3.107015103994e+00 2.035288771553e+00 -5.000000000000e-03
3.700686870469e+00 7.219603348459e-01 -5.000000000000e-03
1.436161752464e+00 1.320704107196e+00 -5.000000000000e-03
4.119897280933e+00 4.984753374056e+00 -5.000000000000e-03
6.016329588543e-01 3.933999599686e+00 -5.000000000000e-03
2.802147913061e+00 5.421580136905e+00 -5.000000000000e-03
1.657453293108e-01 8.115731501997e-01 -5.000000000000e-03
2.260843124835e+00 1.717888205780e+00 -5.000000000000e-03
4.093548042099e+00 1.664183467936e-01 -5.000000000000e-03
2.672783045955e+00 3.246631312148e-01 -5.000000000000e-03
3.074192485505e+00 1.195710296406e+00 -5.000000000000e-03
3.854552755997e+00 1.675571556028e+00 -5.000000000000e-03
5.888700999920e+00 2.198291030780e+00 -5.000000000000e-03
5.212291729880e+00 6.154573883704e+00 -5.000000000000e-03
4.802634672841e+00 2.490153593494e+00 -5.000000000000e-03
1.221312983300e-01 6.218663912174e+00 -5.000000000000e-03
1.543352720855e+00 5.539095509130e+00 -5.000000000000e-03
4.537565154526e+00 2.193124116987e+00 -5.000000000000e-03
6.274926212557e+00 4.777003114611e+00 -5.000000000000e-03
1.339524920990e-01 4.369433353218e+00 -5.000000000000e-03
3.226633079702e-01 6.039863495731e+00 -5.000000000000e-03
5.903181607965e+00 4.367304115981e+00 -5.000000000000e-03
3.908580424165e+00 2.278134787538e+00 -5.000000000000e-03
1.112233734045e-01 4.425022871979e+00 -5.000000000000e-03
4.431013031296e+00 6.598006876948e-01 -5.000000000000e-03
6.447865643675e-01 1.555505681383e+00 -5.000000000000e-03
5.916084526531e+00 6.618747537453e-01 -5.000000000000e-03
2.962739179705e+00 3.129034494494e+00 -5.000000000000e-03
4.929046699162e+00 1.435353221468e+00 -5.000000000000e-03
8.162842234720e-01 5.166927364276e-01 -5.000000000000e-03
3.614206456959e+00 2.717669862285e+00 -5.000000000000e-03
5.849764093214e+00 6.241335983599e+00 -5.000000000000e-03
5.182468872955e+00 1.831250736386e+00 -5.000000000000e-03
5.178363572675e+00 5.807108828600e+00 -5.000000000000e-03
2.122193690390e+00 2.949824542767e+00 -5.000000000000e-03
4.086006908221e-01 2.277639024890e+00 -5.000000000000e-03
3.419192361326e+00 5.530691035491e+00 -5.000000000000e-03
4.083856014416e+00 3.762121549959e+00 -5.000000000000e-03
4.953325348343e-01 5.337579603691e+00 -5.000000000000e-03
4.097910761203e+00 2.347376930539e+00 -5.000000000000e-03
6.200139505024e+00 4.660021783650e+00 -5.000000000000e-03
1.808233551174e+00 1.596268668242e+00 -5.000000000000e-03
1.737568286400e+00 2.281475096834e+00 -5.000000000000e-03
6.202480919711e+00 4.495949770778e+00 -5.000000000000e-03
2.963788844890e+00 2.807264137383e+00 -5.000000000000e-03
6.151960103738e+00 2.399496930591e-01 -5.000000000000e-03
5.751211655387e+00 4.662442682920e+00 -5.000000000000e-03
5.963378727388e+00 3.429423039520e+00 -5.000000000000e-03
3.536311803313e+00 4.102819146770e+00 -5.000000000000e-03
5.273466867533e+00 2.143819645168e+00 -5.000000000000e-03
3.860129015506e+00 1.034167440443e+00 -5.000000000000e-03
5.867801334460e+00 1.370629779330e+00 -5.000000000000e-03
1.138053628789e-01 6.335559678147e-02 -5.000000000000e-03
5.760009195069e+00 1.783429347061e+00 -5.000000000000e-03
9.263261834271e-01 4.379075909328e+00 -5.000000000000e-03
3.572401742382e+00 6.136793548352e+00 -5.000000000000e-03
3.648435175389e+00 6.198306731905e+00 -5.000000000000e-03
2.355065846961e+00 1.928804828242e+00 -5.000000000000e-03
3.759179609603e+00 4.083496258996e+00 -5.000000000000e-03
5.870313854767e-01 3.254762723989e+00 -5.000000000000e-03
1.691221322536e-01 9.696632544337e-01 -5.000000000000e-03
3.358371436132e+00 2.462452892852e+00 -5.000000000000e-03
3.154510643070e+00 2.175188024468e+00 -5.000000000000e-03
5.702121885018e+00 4.260019649116e-01 -5.000000000000e-03
5.528767684480e+00 4.498238679123e+00 -5.000000000000e-03
2.783398269001e-01 3.538553114475e+00 -5.000000000000e-03
1.101735793590e+00 3.276728354603e+00 -5.000000000000e-03
2.257728959812e+00 4.565129855001e+00 -5.000000000000e-03
6.176983812154e+00 2.918050008177e+00 -5.000000000000e-03
3.435827239998e+00 2.082174758751e+00 -5.000000000000e-03
