3.728486375636e+00 6.235705408877e+00 5.000000000000e-03
4.285299140401e+00 4.000470548859e+00 5.000000000000e-03
2.920139096576e+00 1.857211066031e+00 5.000000000000e-03
2.071757329350e+00 2.686476925405e+00 5.000000000000e-03
1.686498179555e+00 1.719096586873e+00 5.000000000000e-03
1.880511557438e+00 5.539815984855e+00 5.000000000000e-03
3.170977204389e+00 2.812161791478e+00 5.000000000000e-03
2.159648746789e+00 3.891089193269e+00 5.000000000000e-03
2.524422049831e+00 2.119282533757e+00 5.000000000000e-03
5.579682590793e+00 1.611572526348e+00 5.000000000000e-03
5.629055080438e+00 5.504086939086e+00 5.000000000000e-03
1.017757051379e+00 5.240769052287e+00 5.000000000000e-03
1.354249015056e+00 4.815933078913e+00 5.000000000000e-03
5.855370405783e+00 6.208549972447e+00 5.000000000000e-03
3.962615050352e+00 2.423431806766e+00 5.000000000000e-03
3.932949933342e-01 4.717619661205e-01 5.000000000000e-03
2.383379291401e+00 5.991871407191e+00 5.000000000000e-03
1.112538106397e+00 2.432715107001e+00 5.000000000000e-03
3.578045525183e+00 3.756204602138e+00 5.000000000000e-03
1.332823284227e+00 5.456552234663e+00 5.000000000000e-03
2.796233355617e+00 2.049682817192e+00 5.000000000000e-03
1.645705551295e+00 2.846080828639e+00 5.000000000000e-03
1.624162882117e+00 3.735600124750e+00 5.000000000000e-03
4.287731757177e+00 2.981789925106e+00 5.000000000000e-03
4.605958961686e+00 2.865091610808e+00 5.000000000000e-03
4.206877385608e+00 1.933033196499e+00 5.000000000000e-03
1.215352587670e+00 3.869052156448e+00 5.000000000000e-03
4.215714785449e+00 2.531950370751e+00 5.000000000000e-03
4.334151364279e+00 2.393120945329e+00 5.000000000000e-03
3.403912449388e+00 6.943744505082e-01 5.000000000000e-03
7.501961216749e-01 6.525348983871e-01 5.000000000000e-03
2.470177123040e+00 2.761468409935e+00 5.000000000000e-03
1.351538606912e+00 2.981370650067e+00 5.000000000000e-03
2.517639777732e+00 5.681776105824e+00 5.000000000000e-03
3.183857163294e+00 5.868139019856e+00 5.000000000000e-03
5.332001597977e+00 3.623100600922e+00 5.000000000000e-03
5.141845911202e+00 4.710225098013e+00 5.000000000000e-03
7.897305348944e-01 3.628232097225e+00 5.000000000000e-03
2.294826439069e+00 2.034866795187e+00 5.000000000000e-03
3.955037865497e+00 1.202383549619e+00 5.000000000000e-03
6.272005277105e+00 2.379204751133e+00 5.000000000000e-03
5.901618595933e+00 2.774124944756e-01 5.000000000000e-03
4.448005987019e+00 4.290684414337e+00 5.000000000000e-03
6.137663777879e+00 2.057002785385e+00 5.000000000000e-03
3.802825258513e+00 1.100200026506e+00 5.000000000000e-03
5.195210926295e+00 4.724156033165e+00 5.000000000000e-03
2.916822879687e+00 1.574514314837e+00 5.000000000000e-03
4.060734178694e+00 2.916419217539e+00 5.000000000000e-03
1.784915902006e+00 2.998484313590e+00 5.000000000000e-03
4.167949493335e+00 1.699572637672e+00 5.000000000000e-03
1.539860478699e-01 3.792595850798e+00 5.000000000000e-03
5.587698262221e+00 6.169988427806e+00 5.000000000000e-03
4.361530483210e+00 5.867036758831e+00 5.000000000000e-03
4.110006149482e+00 3.499639073725e+00 5.000000000000e-03
3.346928240482e+00 5.020446731101e+00 5.000000000000e-03
6.183414090016e+00 2.519231566038e+00 5.000000000000e-03
1.073149260955e+00 1.110375382671e+00 5.000000000000e-03
5.711895432166e-02 2.183292525296e+00 5.000000000000e-03
5.245699675323e+00 2.203417372104e+00 5.000000000000e-03
2.627486249889e+00 4.274417538156e+00 5.000000000000e-03
7.300798812229e-01 5.972153553387e+00 5.000000000000e-03
3.125912097322e+00 6.265954926234e+00 5.000000000000e-03
2.253057975295e+00 4.954511083925e+00 5.000000000000e-03
1.102217704621e+00 5.578313746469e+00 5.000000000000e-03
4.077800902511e-01 1.798560970974e+00 5.000000000000e-03
9.210358753942e-01 4.380296601674e+00 5.000000000000e-03
5.844692646873e-01 3.026102849564e+00 5.000000000000e-03
3.773486535147e+00 2.181627025702e+00 5.000000000000e-03
2.894579618016e+00 1.371933654202e+00 5.000000000000e-03
3.297766305273e+00 3.225048457409e+00 5.000000000000e-03
7.718268498372e-01 4.266119639973e+00 5.000000000000e-03
3.464983107129e+00 1.630377470246e+00 5.000000000000e-03
5.107306716868e+00 1.791046043166e+00 5.000000000000e-03
4.706278198697e-01 7.082506718584e-01 5.000000000000e-03
1.432596243160e+00 2.433797282061e+00 5.000000000000e-03
1.067297618349e+00 3.524332756495e+00 5.000000000000e-03
2.142327343252e-01 2.395301446740e+00 5.000000000000e-03
2.244929118872e+00 5.153071387381e-02 5.000000000000e-03
1.215245313010e+00 1.254338146818e+00 5.000000000000e-03
1.302299192425e+00 2.991761211388e+00 5.000000000000e-03
2.459190802549e-01 2.978581012790e+00 5.000000000000e-03
3.418834366319e+00 4.350139933239e+00 5.000000000000e-03
2.894465840354e+00 2.962988276404e-01 5.000000000000e-03
1.746892876855e+00 2.105973367915e+00 5.000000000000e-03
2.502050242346e+00 3.523492318977e+00 5.000000000000e-03
1.324336204509e+00 1.562507579069e+00 5.000000000000e-03
5.403147222731e+00 5.955849755026e+00 5.000000000000e-03
1.938296174447e+00 2.940036549476e+00 5.000000000000e-03
7.843995919374e-01 2.979739264893e+00 5.000000000000e-03
3.589105677137e+00 4.686435219723e+00 5.000000000000e-03
4.351428670810e+00 4.899369121559e+00 5.000000000000e-03
9.530526110319e-01 2.612570682257e+00 5.000000000000e-03
3.311206492712e+00 1.025561194379e+00 5.000000000000e-03
9.481988232822e-01 1.983767491874e+00 5.000000000000e-03
7.248331476968e-01 4.526556629618e+00 5.000000000000e-03
2.356030504109e-01 3.929996001421e+00 5.000000000000e-03
2.055927294738e+00 3.811893327044e+00 5.000000000000e-03
3.968895425090e+00 3.400174229640e+00 5.000000000000e-03
2.633069395771e-01 4.287503376613e+00 5.000000000000e-03
1.682709056911e-01 5.968313622195e+00 5.000000000000e-03
5.247401627642e+00 1.225770524517e+00 -5.000000000000e-03
5.460586420374e+00 4.104424590910e+00 -5.000000000000e-03
1.788543191661e+00 4.055888267871e+00 -5.000000000000e-03
1.821616988024e+00 2.008458167287e+00 -5.000000000000e-03
3.457839921929e-01 4.410003271851e+00 -5.000000000000e-03
6.974932446762e-01 3.648329265079e-01 -5.000000000000e-03
2.166676822299e+00 2.715779032334e+00 -5.000000000000e-03
1.258633662122e+00 1.559448803115e+00 -5.000000000000e-03
2.330053829324e+00 1.475626685122e+00 -5.000000000000e-03
8.242320629190e-01 2.401189498278e+00 -5.000000000000e-03
6.178538036416e+00 5.044311590654e+00 -5.000000000000e-03
3.917129099342e+00 5.426316749073e+00 -5.000000000000e-03
6.188524628809e+00 3.975874957457e+00 -5.000000000000e-03
4.479275860563e+00 1.161465643386e+00 -5.000000000000e-03
4.573965443480e-03 4.288306131290e+00 -5.000000000000e-03
1.555874028952e-01 1.175295299465e+00 -5.000000000000e-03
2.446651473281e+00 1.750081233194e-01 -5.000000000000e-03
5.153906647203e+00 6.146967071663e+00 -5.000000000000e-03
3.864738504400e+00 5.651169059112e+00 -5.000000000000e-03
1.661034884332e+00 3.676389187922e+00 -5.000000000000e-03
8.404406902422e-01 5.869516220503e+00 -5.000000000000e-03
7.467503885849e-01 3.839392727217e+00 -5.000000000000e-03
2.087755247560e+00 1.017266963829e+00 -5.000000000000e-03
2.032914143293e+00 1.950490115162e+00 -5.000000000000e-03
3.521796244706e+00 7.123906082579e-01 -5.000000000000e-03
4.292914280837e+00 3.793801260030e+00 -5.000000000000e-03
6.240052213635e+00 9.362801774004e-02 -5.000000000000e-03
5.889188870767e+00 3.329739084790e+00 -5.000000000000e-03
6.211574964297e+00 8.245744619418e-02 -5.000000000000e-03
2.694315107656e+00 4.039282041311e+00 -5.000000000000e-03
1.650988385868e+00 2.451560356439e+00 -5.000000000000e-03
2.012773332299e+00 6.003555816337e+00 -5.000000000000e-03
5.444989509665e+00 5.208470315471e+00 -5.000000000000e-03
3.073468325276e+00 3.295657612954e+00 -5.000000000000e-03
6.074070370147e+00 2.565149567102e+00 -5.000000000000e-03
4.377775316613e+00 1.562010406477e-01 -5.000000000000e-03
6.833252988856e-01 2.033349288704e+00 -5.000000000000e-03
1.706968715000e+00 5.480397364636e+00 -5.000000000000e-03
1.230732811815e+00 4.615735269760e+00 -5.000000000000e-03
1.068978175973e+00 1.214652174265e+00 -5.000000000000e-03
1.624028091119e+00 6.169623190967e+00 -5.000000000000e-03
6.043686840113e-01 5.099470083592e+00 -5.000000000000e-03
6.493120411640e-01 4.888310656406e+00 -5.000000000000e-03
5.408955719206e+00 5.811666072978e+00 -5.000000000000e-03
9.459326875972e-01 5.301040149056e+00 -5.000000000000e-03
2.515235334515e-01 3.244789163257e+00 -5.000000000000e-03
5.078769929970e+00 8.949814519356e-01 -5.000000000000e-03
3.226247852353e-01 6.090997112940e+00 -5.000000000000e-03
2.687533255783e+00 1.431892236615e+00 -5.000000000000e-03
1.526472893379e+00 1.701766339049e-01 -5.000000000000e-03
3.512416662011e+00 3.617632948571e+00 -5.000000000000e-03
5.403261083190e+00 4.225751575228e+00 -5.000000000000e-03
6.018155048340e+00 3.660162775842e+00 -5.000000000000e-03
2.899786363267e+00 2.135658168854e+00 -5.000000000000e-03
5.416646936500e+00 3.559396571525e-01 -5.000000000000e-03
1.915659896944e-01 5.043093721462e+00 -5.000000000000e-03
4.353742039903e+00 5.849801310524e+00 -5.000000000000e-03
6.171192113934e+00 1.387065797437e+00 -5.000000000000e-03
9.448297449267e-01 6.153985756979e+00 -5.000000000000e-03
2.696362411564e+00 4.994766525049e+00 -5.000000000000e-03
4.531572161319e+00 4.689756520434e-01 -5.000000000000e-03
4.549316469238e+00 4.104457394290e+00 -5.000000000000e-03
5.431790284674e+00 2.182033814660e+00 -5.000000000000e-03
3.033796794179e-01 5.088919452428e-01 -5.000000000000e-03
3.787129220429e+00 1.133964264847e+00 -5.000000000000e-03
1.760126125072e+00 6.006782197244e+00 -5.000000000000e-03
3.840240180112e-01 3.053131671233e+00 -5.000000000000e-03
1.858739219147e+00 3.626011932587e+00 -5.000000000000e-03
6.403326659031e-01 1.646364310593e-02 -5.000000000000e-03
1.259725728865e+00 5.263874125601e-02 -5.000000000000e-03
5.091414093566e+00 4.416135139310e+00 -5.000000000000e-03
4.405338320770e+00 6.229142615579e+00 -5.000000000000e-03
6.090254615099e+00 4.154390722608e+00 -5.000000000000e-03
3.719505682188e+00 1.265090201924e+00 -5.000000000000e-03
4.465999632421e+00 4.063740164300e+00 -5.000000000000e-03
2.390672165431e+00 4.377682385298e+00 -5.000000000000e-03
1.203818716799e+00 5.724201815250e+00 -5.000000000000e-03
5.775168628905e+00 4.771323078443e+00 -5.000000000000e-03
4.141513424706e+00 2.496416950376e+00 -5.000000000000e-03
3.610677470635e+00 3.416917841281e+00 -5.000000000000e-03
6.058541142623e+00 5.088658573642e+00 -5.000000000000e-03
6.269064483664e+00 1.652076870476e+00 -5.000000000000e-03
2.134281223867e-01 3.324060905701e+00 -5.000000000000e-03
3.188408667549e+00 3.183923478221e+00 -5.000000000000e-03
3.392105356651e+00 2.581131348136e+00 -5.000000000000e-03
1.487561893337e+00 2.261960344196e+00 -5.000000000000e-03
2.983094033322e+00 4.686040948140e+00 -5.000000000000e-03
1.944719834917e+00 3.272750131960e+00 -5.000000000000e-03
4.901042574659e+00 2.612383920200e+00 -5.000000000000e-03
1.628565811075e+00 1.935891796249e+00 -5.000000000000e-03
3.877061092624e+00 1.013056701422e+00 -5.000000000000e-03
1.914829663017e+00 4.865657745812e+00 -5.000000000000e-03
2.858746253492e+00 2.298910384775e+00 -5.000000000000e-03
1.572899607346e+00 4.183618140737e+00 -5.000000000000e-03
4.972541378740e+00 2.410567119431e+00 -5.000000000000e-03
5.862021809510e+00 1.199412472859e+00 -5.000000000000e-03
1.209136421509e+00 3.958536503574e+00 -5.000000000000e-03
2.771851909430e+00 5.919583531573e+00 -5.000000000000e-03
2.274483204650e+00 1.653345335528e-02 -5.000000000000e-03
1.300007164253e+00 2.178258640842e+00 -5.000000000000e-03
