8.182919864170e-01 4.953973331314e-01 5.000000000000e-03
4.676756605082e+00 4.753099555125e+00 5.000000000000e-03
4.141444129802e+00 2.319513856881e-01 5.000000000000e-03
1.446121577321e+00 2.488522992877e+00 5.000000000000e-03
1.924009903758e+00 5.650358123925e+00 5.000000000000e-03
1.615305461323e+00 8.662327916067e-01 5.000000000000e-03
5.148737703929e+00 2.679421485012e+00 5.000000000000e-03
3.124120450494e+00 2.086537188159e+00 5.000000000000e-03
1.846421543830e+00 1.393444097864e+00 5.000000000000e-03
3.106002084441e+00 5.179535483067e+00 5.000000000000e-03
3.728040677681e+00 5.815192928458e+00 5.000000000000e-03
2.433745648968e+00 7.130126515013e-01 5.000000000000e-03
5.995815739875e+00 3.279540708782e+00 5.000000000000e-03
3.606886462187e-01 7.413274933800e-01 5.000000000000e-03
2.848163330228e+00 4.282381880344e-01 5.000000000000e-03
1.145177846972e+00 2.318857957782e+00 5.000000000000e-03
5.455406103753e+00 2.110491695383e+00 5.000000000000e-03
1.672006323444e+00 4.700552295522e+00 5.000000000000e-03
4.504224754079e+00 3.934300316133e+00 5.000000000000e-03
1.529815872667e+00 3.728616386784e+00 5.000000000000e-03
5.863217372248e+00 3.546284423004e+00 5.000000000000e-03
2.797178016142e+00 2.121972935746e+00 5.000000000000e-03
3.647826951287e+00 5.701664611030e+00 5.000000000000e-03
1.081831406016e+00 2.054348872742e+00 5.000000000000e-03
4.880246094728e+00 2.686496378091e+00 5.000000000000e-03
1.379254757984e+00 3.368848681898e+00 5.000000000000e-03
5.451614133039e+00 4.997719530250e+00 5.000000000000e-03
3.870236609511e+00 6.122289859314e+00 5.000000000000e-03
2.954084885643e+00 3.743925517099e+00 5.000000000000e-03
5.510240383738e+00 7.643577007272e-01 5.000000000000e-03
3.142459075119e+00 8.448256376225e-01 5.000000000000e-03
4.269443022967e+00 3.601938600943e+00 5.000000000000e-03
5.641813276493e+00 3.739986582351e+00 5.000000000000e-03
3.649648339710e+00 3.686839181110e+00 5.000000000000e-03
5.528754724890e+00 1.613545110616e+00 5.000000000000e-03
3.122668006227e+00 3.663468850266e+00 5.000000000000e-03
3.016466583708e-01 8.689062343288e-01 5.000000000000e-03
4.918007152480e+00 3.668270745754e+00 5.000000000000e-03
8.303511650706e-01 3.371963781236e+00 5.000000000000e-03
4.502799902362e+00 5.503133344304e+00 5.000000000000e-03
2.589281404248e+00 2.827271045739e+00 5.000000000000e-03
3.093029558845e+00 6.134128965298e+00 5.000000000000e-03
3.076269526396e+00 1.976256098109e+00 5.000000000000e-03
1.372087957491e+00 1.394406180827e-01 5.000000000000e-03
2.129646839589e+00 4.970158692313e+00 5.000000000000e-03
2.243047620242e+00 5.014700774780e+00 5.000000000000e-03
1.412289601140e+00 1.701329788717e+00 5.000000000000e-03
4.249862166587e+00 1.411108563330e+00 5.000000000000e-03
3.771643631465e+00 2.520012167814e+00 5.000000000000e-03
1.550851568174e-01 1.748881771329e+00 5.000000000000e-03
8.264481602720e-01 4.979885449296e+00 5.000000000000e-03
5.621696370930e+00 2.130862605310e+00 5.000000000000e-03
1.261419262724e+00 1.030537753461e+00 5.000000000000e-03
2.825413647607e+00 1.099697317011e+00 5.000000000000e-03
1.854371227998e+00 4.798028164015e-01 5.000000000000e-03
5.253519837269e+00 3.730991791027e+00 5.000000000000e-03
7.374431898942e-01 3.440354446580e+00 5.000000000000e-03
2.226297257808e+00 9.991948244385e-01 5.000000000000e-03
8.575594584303e-01 3.480479179355e-01 5.000000000000e-03
2.825792858049e+00 4.872500984318e+00 5.000000000000e-03
2.160900889362e+00 4.221259318691e+00 5.000000000000e-03
1.273664762309e+00 3.523331951375e-01 5.000000000000e-03
4.847925403933e+00 4.675719075523e+00 5.000000000000e-03
1.923845227481e+00 3.472689931540e+00 5.000000000000e-03
4.795977721534e+00 3.643387698793e+00 5.000000000000e-03
2.066428802214e+00 4.489084449411e+00 5.000000000000e-03
3.809219712039e+00 3.825633295945e+00 5.000000000000e-03
2.729239101544e+00 2.352309720423e+00 5.000000000000e-03
4.323131251127e+00 3.133532082536e+00 5.000000000000e-03
3.226937751978e+00 9.235179785515e-01 5.000000000000e-03
6.903958082175e-01 7.034979864930e-01 5.000000000000e-03
4.751942606820e+00 1.615573113051e+00 5.000000000000e-03
3.040189331019e+00 3.970598946228e+00 5.000000000000e-03
4.217007189396e+00 5.099336896999e+00 5.000000000000e-03
6.577781706506e-01 3.960659664791e+00 5.000000000000e-03
4.270775171435e+00 3.657736645301e+00 5.000000000000e-03
9.371184550769e-02 5.576541086047e+00 5.000000000000e-03
4.716087671347e+00 2.286288111375e+00 5.000000000000e-03
2.292844586739e+00 1.054042198098e+00 5.000000000000e-03
3.282839875689e+00 2.913879584472e+00 5.000000000000e-03
6.191737258895e+00 3.697769666841e+00 5.000000000000e-03
7.617255979794e-01 3.375612099939e+00 5.000000000000e-03
4.724942458079e+00 4.207790967801e-02 5.000000000000e-03
1.622137459569e+00 5.962309500106e+00 5.000000000000e-03
1.280770118058e+00 4.955378787691e+00 5.000000000000e-03
2.685406067731e+00 9.313800771065e-01 5.000000000000e-03
4.732873890902e+00 4.523741844396e+00 5.000000000000e-03
8.604649793016e-01 3.191578652208e+00 5.000000000000e-03
1.624342602969e+00 6.217214118150e-01 5.000000000000e-03
2.266830965715e+00 3.670515578831e+00 5.000000000000e-03
1.710947838007e+00 4.800786282401e+00 5.000000000000e-03
1.732197328676e+00 4.724888302433e+00 5.000000000000e-03
3.004031466194e-02 4.495446463519e+00 5.000000000000e-03
1.383288359189e+00 5.450475729459e+00 5.000000000000e-03
1.561821775998e+00 3.578861281663e+00 5.000000000000e-03
2.728735774659e-01 1.705987219324e+00 5.000000000000e-03
4.457413544777e+00 4.356712614067e+00 5.000000000000e-03
2.014867034858e+00 2.481717197821e+00 5.000000000000e-03
3.980326288327e-01 3.428443989017e+00 5.000000000000e-03
1.059889562377e+00 5.508528692289e+00 5.000000000000e-03
4.359190007777e+00 1.895568588570e+00 -5.000000000000e-03
5.000234514398e+00 3.926524021079e+00 -5.000000000000e-03
7.345728693515e-02 1.531101993477e+00 -5.000000000000e-03
4.465928843135e+00 3.140011249560e+00 -5.000000000000e-03
2.833476784165e+00 4.261098231580e+00 -5.000000000000e-03
5.963928844970e+00 4.980769275906e+00 -5.000000000000e-03
2.227384960765e+00 5.166215406045e+00 -5.000000000000e-03
4.486525470491e+00 3.850882095900e+00 -5.000000000000e-03
4.399637132176e+00 5.631494756472e+00 -5.000000000000e-03
9.866172388530e-01 4.265322079209e+00 -5.000000000000e-03
4.406798834161e-01 1.946122303424e+00 -5.000000000000e-03
3.090452152023e+00 3.134806717276e+00 -5.000000000000e-03
3.803625960721e+00 2.006649625596e+00 -5.000000000000e-03
1.376938659434e+00 4.193036569615e+00 -5.000000000000e-03
2.071190925960e+00 2.196153248256e+00 -5.000000000000e-03
7.548086126931e-01 8.898233230448e-01 -5.000000000000e-03
4.193988004885e+00 2.988767149918e+00 -5.000000000000e-03
1.913081590660e+00 1.749781314102e+00 -5.000000000000e-03
1.564670864453e+00 4.127611342871e+00 -5.000000000000e-03
2.742706104108e+00 3.718612031249e+00 -5.000000000000e-03
5.925638806624e+00 3.160722192863e+00 -5.000000000000e-03
4.491350383143e+00 3.533692634682e+00 -5.000000000000e-03
4.335218913069e+00 8.820805741098e-02 -5.000000000000e-03
4.210492500643e+00 6.135980283307e+00 -5.000000000000e-03
5.122539751775e+00 5.331097974632e+00 -5.000000000000e-03
4.748378097261e+00 1.656775000220e+00 -5.000000000000e-03
5.914518000141e+00 9.871211102801e-01 -5.000000000000e-03
7.421771817357e-01 1.557229088196e+00 -5.000000000000e-03
1.812457605267e+00 2.443832889587e+00 -5.000000000000e-03
5.457698546432e+00 5.997893776651e+00 -5.000000000000e-03
4.067303669797e+00 9.214557875288e-02 -5.000000000000e-03
5.234035640639e+00 5.933659544222e+00 -5.000000000000e-03
4.825754162183e+00 1.910143511613e+00 -5.000000000000e-03
1.804404473790e+00 3.807934951559e+00 -5.000000000000e-03
1.174737060024e-01 4.249876819537e+00 -5.000000000000e-03
9.284525440514e-01 2.686752923763e+00 -5.000000000000e-03
1.754339249120e+00 2.431453708613e+00 -5.000000000000e-03
3.764887787026e+00 1.021241721759e+00 -5.000000000000e-03
3.225566237332e+00 6.080564360500e+00 -5.000000000000e-03
1.454767680923e+00 1.611108227490e+00 -5.000000000000e-03
5.956925355319e+00 3.158323205351e+00 -5.000000000000e-03
5.941673212271e+00 4.388860231857e+00 -5.000000000000e-03
4.374242593150e+00 4.072878529559e+00 -5.000000000000e-03
5.604526918951e+00 5.793133784179e+00 -5.000000000000e-03
1.815430215061e+00 3.052604460006e+00 -5.000000000000e-03
6.216178344783e+00 5.099165145469e+00 -5.000000000000e-03
2.510358088233e+00 2.468161120717e-01 -5.000000000000e-03
3.645410190046e+00 4.754810903124e+00 -5.000000000000e-03
5.187353609505e+00 1.526387882621e+00 -5.000000000000e-03
5.665346688578e+00 5.548795773102e+00 -5.000000000000e-03
5.537208916729e+00 2.671790069086e+00 -5.000000000000e-03
2.299036654838e+00 2.812413815626e+00 -5.000000000000e-03
5.029485784306e+00 2.741572163301e+00 -5.000000000000e-03
5.709301545321e+00 2.692324519968e+00 -5.000000000000e-03
5.784807069819e+00 2.641945809970e-01 -5.000000000000e-03
3.206733265546e+00 4.597127681780e+00 -5.000000000000e-03
7.272175462729e-01 2.171136282834e+00 -5.000000000000e-03
1.445254182609e+00 6.001578358830e+00 -5.000000000000e-03
4.280365031816e+00 3.075710775288e+00 -5.000000000000e-03
1.508412178382e-01 3.513714349187e-02 -5.000000000000e-03
2.581265873590e+00 5.553467162559e+00 -5.000000000000e-03
3.503667529500e+00 5.823550589820e+00 -5.000000000000e-03
4.927623074985e-01 5.862409041212e+00 -5.000000000000e-03
2.444799982129e-01 1.018242643927e+00 -5.000000000000e-03
2.333000134461e+00 4.874313688271e+00 -5.000000000000e-03
4.314494696296e+00 4.685241960506e+00 -5.000000000000e-03
2.657105090292e+00 4.174902529342e-01 -5.000000000000e-03
2.175064111388e+00 1.341707002050e+00 -5.000000000000e-03
1.964310148509e+00 7.736629723348e-01 -5.000000000000e-03
1.116864733990e+00 8.227107389558e-01 -5.000000000000e-03
1.682405745730e+00 1.079091273238e+00 -5.000000000000e-03
6.317406218080e-01 1.231794052512e+00 -5.000000000000e-03
1.481738694733e+00 3.931646375747e+00 -5.000000000000e-03
7.172872956349e-01 6.020944850567e+00 -5.000000000000e-03
5.757553722533e-01 2.300433257339e+00 -5.000000000000e-03
3.778183062318e+00 4.079813281796e+00 -5.000000000000e-03
5.568926226778e+00 2.529625189337e+00 -5.000000000000e-03
5.645278239874e+00 4.806150548517e+00 -5.000000000000e-03
5.762180041035e+00 5.745381184917e+00 -5.000000000000e-03
3.775924793087e+00 2.308443693541e+00 -5.000000000000e-03
2.931350237991e+00 5.506824471852e+00 -5.000000000000e-03
1.950611686240e-02 4.696585054497e+00 -5.000000000000e-03
4.515404599075e+00 4.626834347762e+00 -5.000000000000e-03
3.178048216124e+00 3.657529977373e+00 -5.000000000000e-03
4.427102576621e+00 4.865253493711e+00 -5.000000000000e-03
3.425760988863e+00 2.081929760202e+00 -5.000000000000e-03
1.137497081676e+00 4.054336181025e+00 -5.000000000000e-03
5.600914023880e+00 2.468302811980e+00 -5.000000000000e-03
1.679776978284e+00 4.383755273460e+00 -5.000000000000e-03
4.596666275064e+00 4.931215186466e+00 -5.000000000000e-03
5.502873692461e+00 3.635491004564e+00 -5.000000000000e-03
1.094953808889e+00 1.758097326037e+00 -5.000000000000e-03
6.231296158464e+00 6.053938533251e+00 -5.000000000000e-03
3.097490266361e+00 3.871138926407e+00 -5.000000000000e-03
1.140879909472e+00 3.189847095949e+00 -5.000000000000e-03
4.365026064387e+00 4.229543880570e+00 -5.000000000000e-03
6.238926444563e+00 5.257545067212e+00 -5.000000000000e-03
7.139805849469e-01 5.296946422702e+00 -5.000000000000e-03
5.500852928264e+00 4.221735039652e+00 -5.000000000000e-03
3.731379158285e+00 8.663181261772e-01 -5.000000000000e-03
