2.242305734660e+00 2.467094769220e+00 5.000000000000e-03
4.290331391819e+00 5.456281922329e+00 5.000000000000e-03
2.081701041434e+00 5.335763461242e+00 5.000000000000e-03
1.671041748662e+00 4.009504650720e+00 5.000000000000e-03
2.625586368397e+00 2.856112970581e+00 5.000000000000e-03
5.650299414430e+00 2.723469873517e+00 5.000000000000e-03
2.637116003855e+00 4.876848680430e+00 5.000000000000e-03
1.333527409685e+00 1.583136068921e+00 5.000000000000e-03
4.054073903290e+00 3.040304696261e+00 5.000000000000e-03
4.385568968112e+00 6.029078915866e+00 5.000000000000e-03
4.737335980432e+00 3.089687441853e+00 5.000000000000e-03
2.076761609761e+00 4.661200042324e+00 5.000000000000e-03
3.172166762804e-01 3.124758318060e+00 5.000000000000e-03
1.524200892314e+00 2.249096681283e+00 5.000000000000e-03
5.528640711821e+00 4.811997190105e+00 5.000000000000e-03
2.631318394270e+00 3.665189303885e+00 5.000000000000e-03
1.324942593413e+00 5.477855482259e+00 5.000000000000e-03
3.164078915383e+00 1.215111225181e+00 5.000000000000e-03
5.958933669244e+00 1.949181080889e+00 5.000000000000e-03
9.133767740003e-01 6.228398940064e+00 5.000000000000e-03
5.806462456530e+00 1.063904968436e-01 5.000000000000e-03
5.245948224295e-01 5.265383935015e+00 5.000000000000e-03
1.355631050084e+00 3.316011641281e+00 5.000000000000e-03
2.857649489130e+00 3.061839223992e+00 5.000000000000e-03
2.606867437221e+00 1.633973772456e+00 5.000000000000e-03
4.303138266824e+00 4.658042496554e+00 5.000000000000e-03
3.761170733375e-01 6.189004266858e+00 5.000000000000e-03
1.608233901221e-01 4.175296561215e+00 5.000000000000e-03
5.520447991323e+00 2.184381165795e+00 5.000000000000e-03
3.205042914462e+00 4.750277877353e-01 5.000000000000e-03
6.126177862310e+00 5.768288385827e+00 5.000000000000e-03
4.289787535773e+00 1.324330995928e+00 5.000000000000e-03
2.241242522630e+00 3.278984917111e+00 5.000000000000e-03
4.331528445022e+00 4.895566979584e+00 5.000000000000e-03
1.802294089579e+00 3.698361819261e-01 5.000000000000e-03
5.779675276006e+00 2.537582151914e+00 5.000000000000e-03
4.452430433252e+00 1.284667021289e+00 5.000000000000e-03
5.612768698669e+00 3.818851113797e+00 5.000000000000e-03
8.678270525912e-01 6.057161860660e+00 5.000000000000e-03
3.287537243851e+00 4.370782862463e+00 5.000000000000e-03
2.438890782177e+00 8.563287350198e-01 5.000000000000e-03
1.497182668254e+00 5.187099909584e+00 5.000000000000e-03
8.206809485196e-01 8.760910636892e-01 5.000000000000e-03
3.782936133706e+00 8.084056868985e-01 5.000000000000e-03
4.630580029893e-01 5.894761327240e+00 5.000000000000e-03
2.636322764715e+00 3.083968598961e+00 5.000000000000e-03
2.846321689788e+00 3.392451763769e+00 5.000000000000e-03
7.366531278891e-02 5.870902765581e+00 5.000000000000e-03
4.253128714604e+00 4.009581785606e+00 5.000000000000e-03
3.215464879179e+00 3.093818533346e+00 5.000000000000e-03
4.364584332011e+00 3.020051380940e+00 5.000000000000e-03
8.156143115361e-01 2.779777499895e+00 5.000000000000e-03
5.485464066395e+00 1.840903019553e-01 5.000000000000e-03
2.419386491568e+00 5.589559048880e+00 5.000000000000e-03
2.438961959482e+00 1.034055891871e+00 5.000000000000e-03
1.606761201306e+00 6.056807287640e+00 5.000000000000e-03
5.236872648857e+00 2.092925836963e+00 5.000000000000e-03
3.834842331127e+00 2.251340002872e+00 5.000000000000e-03
3.780670779239e+00 1.301204608648e+00 5.000000000000e-03
2.862075455006e+00 4.617556268505e+00 5.000000000000e-03
5.903836095006e+00 1.040257084812e+00 5.000000000000e-03
1.847353124770e-01 3.501865795299e+00 5.000000000000e-03
8.179828668133e-01 4.720418451976e+00 5.000000000000e-03
3.541661516346e+00 6.197364801288e-01 5.000000000000e-03
2.758339136792e+00 5.199820860627e+00 5.000000000000e-03
9.638545903449e-01 2.585884480170e-01 5.000000000000e-03
2.044588710884e+00 2.443912526787e+00 5.000000000000e-03
1.923836717957e+00 4.657575368572e+00 5.000000000000e-03
2.707637962095e+00 3.759685838514e+00 5.000000000000e-03
2.197209911500e+00 3.820560825233e+00 5.000000000000e-03
1.179937585215e+00 1.334068545395e+00 5.000000000000e-03
5.004978811342e+00 5.646541213569e+00 5.000000000000e-03
1.761343410706e+00 3.990778506607e+00 5.000000000000e-03
3.355182200492e+00 9.416324660954e-01 5.000000000000e-03
3.992780548956e+00 9.415596731323e-01 5.000000000000e-03
3.792178382505e+00 2.215327487136e+00 5.000000000000e-03
5.546539863636e+00 3.553709684578e+00 5.000000000000e-03
4.780609301564e-01 2.281037473417e+00 5.000000000000e-03
1.110694976886e+00 5.987187155351e+00 5.000000000000e-03
2.248686998279e+00 3.230996802296e+00 5.000000000000e-03
5.808391574272e+00 5.768076646892e+00 5.000000000000e-03
4.017186350063e-01 6.024116662236e+00 5.000000000000e-03
5.752653549719e+00 3.728414637681e+00 5.000000000000e-03
4.574877044483e+00 1.672978610382e+00 5.000000000000e-03
2.788305678504e+00 6.069867058551e+00 5.000000000000e-03
9.860460163571e-01 2.534527766937e+00 5.000000000000e-03
4.337155477838e+00 4.288216504283e+00 5.000000000000e-03
1.375122914369e+00 6.284668718205e-01 5.000000000000e-03
2.111273384296e+00 2.648605098682e+00 5.000000000000e-03
1.475233741756e+00 3.722633952452e+00 5.000000000000e-03
1.107187968504e+00 2.942580410969e+00 5.000000000000e-03
2.656300032560e+00 3.453805128525e+00 5.000000000000e-03
1.211763126271e+00 3.997991965953e+00 5.000000000000e-03
1.056763828148e+00 2.995483315994e-01 5.000000000000e-03
2.786944872481e+00 4.417909883625e+00 5.000000000000e-03
1.646665608592e+00 3.105096831180e+00 5.000000000000e-03
5.259224076710e+00 2.436906603771e+00 5.000000000000e-03
5.216859140499e+00 5.892992556006e+00 5.000000000000e-03
3.583527522985e+00 1.416266455715e+00 5.000000000000e-03
6.117593205051e+00 3.165581321035e+00 5.000000000000e-03
3.254029836558e+00 3.834694639153e+00 -5.000000000000e-03
4.376293538973e+00 3.813275603872e+00 -5.000000000000e-03
5.917535253189e+00 5.746375252746e+00 -5.000000000000e-03
5.236680245352e+00 1.761491500550e+00 -5.000000000000e-03
6.092114969572e+00 4.782472290995e+00 -5.000000000000e-03
2.542184897349e+00 4.602760207402e+00 -5.000000000000e-03
5.724127981654e+00 1.578847254942e+00 -5.000000000000e-03
5.819265792070e+00 1.300187268158e+00 -5.000000000000e-03
1.491000395821e+00 1.138431632510e+00 -5.000000000000e-03
3.069280142510e+00 1.247346654050e+00 -5.000000000000e-03
5.927887887981e-01 6.022564049070e+00 -5.000000000000e-03
2.666691484791e+00 5.162764707107e+00 -5.000000000000e-03
5.370295743012e+00 4.543151841303e+00 -5.000000000000e-03
4.486449036282e+00 2.945065908608e+00 -5.000000000000e-03
2.170288741504e+00 5.672496636553e-01 -5.000000000000e-03
2.177700436758e+00 4.390018541952e+00 -5.000000000000e-03
2.441390130975e+00 2.707018932933e+00 -5.000000000000e-03
3.056565644991e+00 1.961197949575e+00 -5.000000000000e-03
1.926450613482e+00 4.750405408819e+00 -5.000000000000e-03
2.010581527064e+00 3.174691469176e-01 -5.000000000000e-03
7.913596101170e-01 7.076424332959e-01 -5.000000000000e-03
4.520798913868e+00 1.518966465282e+00 -5.000000000000e-03
5.100995779934e+00 5.399270974819e+00 -5.000000000000e-03
2.988795828847e+00 2.949381522596e+00 -5.000000000000e-03
4.632065113149e+00 1.650024415039e+00 -5.000000000000e-03
4.390639117220e+00 5.010243652419e+00 -5.000000000000e-03
1.398543042817e-02 5.600752424405e+00 -5.000000000000e-03
3.713364059367e+00 4.935222211588e+00 -5.000000000000e-03
6.267055943724e+00 5.594542943153e+00 -5.000000000000e-03
5.034838349982e+00 3.002592864017e+00 -5.000000000000e-03
2.197993498832e+00 6.071458394924e+00 -5.000000000000e-03
2.466389641900e+00 3.389430884242e+00 -5.000000000000e-03
3.203877357645e+00 1.284646466823e+00 -5.000000000000e-03
9.122025373767e-01 5.531881760696e+00 -5.000000000000e-03
2.704060994387e-01 2.250047581864e+00 -5.000000000000e-03
4.824848363473e+00 6.311579284958e-01 -5.000000000000e-03
4.711370156109e+00 1.102459887793e+00 -5.000000000000e-03
5.995142637791e+00 3.772191229017e+00 -5.000000000000e-03
3.487618235063e+00 5.657965813283e+00 -5.000000000000e-03
4.857509780696e+00 6.215376131862e+00 -5.000000000000e-03
1.335615555561e+00 2.669536481811e+00 -5.000000000000e-03
7.563914968835e-01 4.611183365020e+00 -5.000000000000e-03
2.992316371005e+00 5.225703403689e+00 -5.000000000000e-03
4.725849789734e+00 3.808400569178e+00 -5.000000000000e-03
5.977334015535e+00 4.301319292429e+00 -5.000000000000e-03
1.845312198147e-01 7.802841043156e-01 -5.000000000000e-03
5.741068559189e-01 4.696639960317e+00 -5.000000000000e-03
4.264571784424e-01 5.478858859080e-01 -5.000000000000e-03
3.941911739727e+00 3.522085982600e+00 -5.000000000000e-03
6.213169240140e+00 3.106517301815e+00 -5.000000000000e-03
2.517463910850e+00 5.928304248086e+00 -5.000000000000e-03
4.587587808455e+00 1.711644018901e+00 -5.000000000000e-03
2.094409846383e+00 4.996222933857e+00 -5.000000000000e-03
2.141713743551e-01 2.967959707038e+00 -5.000000000000e-03
4.540418268458e+00 3.328401926651e+00 -5.000000000000e-03
1.491416512237e+00 4.696135811552e+00 -5.000000000000e-03
1.555122975303e+00 2.177443595975e+00 -5.000000000000e-03
4.248591096689e+00 1.054679073067e+00 -5.000000000000e-03
7.744865445069e-01 2.941292552882e+00 -5.000000000000e-03
5.817124927681e+00 3.999448271406e+00 -5.000000000000e-03
3.923489462338e+00 4.728900297501e+00 -5.000000000000e-03
6.148347155724e-01 4.334885491745e+00 -5.000000000000e-03
5.038230973506e+00 4.946190807949e-01 -5.000000000000e-03
3.832673492773e+00 1.918467074231e+00 -5.000000000000e-03
4.517657957429e+00 3.985374147146e+00 -5.000000000000e-03
4.391613740013e+00 2.504254112811e+00 -5.000000000000e-03
2.577524424612e+00 2.748471271183e+00 -5.000000000000e-03
2.972548016471e+00 2.515544179744e+00 -5.000000000000e-03
3.583572391756e+00 1.362411062492e-01 -5.000000000000e-03
9.995863780928e-01 4.991025184735e+00 -5.000000000000e-03
5.741528476357e+00 4.841269793092e+00 -5.000000000000e-03
3.167326792687e+00 2.583862755277e+00 -5.000000000000e-03
4.800513778201e+00 5.935443370142e+00 -5.000000000000e-03
3.439523386554e+00 2.649504613526e+00 -5.000000000000e-03
2.834372221552e+00 5.099110860955e+00 -5.000000000000e-03
2.305235896192e+00 9.109842442227e-01 -5.000000000000e-03
6.251415589353e-01 5.745681793385e+00 -5.000000000000e-03
1.082361690110e+00 4.253314966815e+00 -5.000000000000e-03
3.653568224804e+00 3.645643185016e-01 -5.000000000000e-03
5.083534098135e-01 5.571605001163e+00 -5.000000000000e-03
3.548805823673e+00 3.186327733534e+00 -5.000000000000e-03
4.658600552939e+00 5.286202975990e+00 -5.000000000000e-03
2.331284500440e+00 4.658632610634e+00 -5.000000000000e-03
5.270853498735e+00 2.628447071247e+00 -5.000000000000e-03
3.241438581500e+00 4.739415759563e+00 -5.000000000000e-03
5.633067702773e+00 7.325455340518e-01 -5.000000000000e-03
4.831693247433e-01 3.868100011861e+00 -5.000000000000e-03
4.486192067141e+00 3.907253117845e+00 -5.000000000000e-03
4.018372621212e+00 3.714474070025e+00 -5.000000000000e-03
3.109346850468e+00 1.125545116905e+00 -5.000000000000e-03
4.020010633364e+00 1.281272622201e+00 -5.000000000000e-03
5.011369349760e+00 3.382445984648e-01 -5.000000000000e-03
2.936315489198e+00 6.226526014821e+00 -5.000000000000e-03
3.034577653012e+00 2.353977980215e+00 -5.000000000000e-03
4.925410907806e+00 5.349175540910e-01 -5.000000000000e-03
3.408686988557e+00 2.776840831242e+00 -5.000000000000e-03
2.577988665224e+00 3.443813428237e-01 -5.000000000000e-03
5.620946022266e-02 3.124429991835e-01 -5.000000000000e-03
6.441990952865e-01 1.746319037039e+00 -5.000000000000e-03
7.869273287833e-01 5.318560932854e+00 -5.000000000000e-03
