3.678912633794e+00 5.304905357818e+00 5.000000000000e-03
4.167453573455e+00 9.488627150374e-01 5.000000000000e-03
1.587710395441e+00 8.777241904631e-01 5.000000000000e-03
1.398311000335e+00 4.519366828753e+00 5.000000000000e-03
5.231977840627e+00 6.047896257686e+00 5.000000000000e-03
2.180902990385e+00 1.466784598213e+00 5.000000000000e-03
6.095698678014e+00 6.060562777130e+00 5.000000000000e-03
4.670074672039e-01 7.328877535306e-01 5.000000000000e-03
2.433768557556e+00 6.513428400808e-01 5.000000000000e-03
4.091367766962e+00 1.502503420023e+00 5.000000000000e-03
2.771761285363e+00 2.190372232570e+00 5.000000000000e-03
8.490150853482e-01 1.512997577535e+00 5.000000000000e-03
5.886216758680e+00 1.213000856147e+00 5.000000000000e-03
3.623865629286e+00 4.280229452420e+00 5.000000000000e-03
5.700550475803e+00 4.336431073947e+00 5.000000000000e-03
1.712499295009e+00 3.691417780162e+00 5.000000000000e-03
5.459615666611e+00 6.607724699563e-02 5.000000000000e-03
5.817342518353e+00 1.569457386739e+00 5.000000000000e-03
1.852995778256e+00 2.414989394690e+00 5.000000000000e-03
1.527087216230e+00 3.165354796677e+00 5.000000000000e-03
5.541374048878e+00 1.380819819231e+00 5.000000000000e-03
5.436239965681e+00 3.210145522008e+00 5.000000000000e-03
5.138530479973e+00 1.622046935890e+00 5.000000000000e-03
1.839302274082e+00 1.609434286812e+00 5.000000000000e-03
5.129973923247e+00 3.937325161555e+00 5.000000000000e-03
2.115682034313e+00 6.231916883428e+00 5.000000000000e-03
3.911026794889e+00 3.486391240463e+00 5.000000000000e-03
4.257122704223e+00 5.729020416959e+00 5.000000000000e-03
1.997968208017e+00 1.741957701989e+00 5.000000000000e-03
4.690195528098e+00 8.622090965161e-01 5.000000000000e-03
1.437908798518e+00 1.159991653878e+00 5.000000000000e-03
3.997834692403e+00 4.368751112189e+00 5.000000000000e-03
4.915844422118e+00 3.894531677285e+00 5.000000000000e-03
5.773583096234e+00 4.470036583135e+00 5.000000000000e-03
2.876552030866e+00 4.701394738201e+00 5.000000000000e-03
3.763615985699e+00 5.981898974120e+00 5.000000000000e-03
4.763729102410e+00 5.374198020918e+00 5.000000000000e-03
5.944714262123e+00 9.153038348175e-01 5.000000000000e-03
4.387925988882e+00 1.059897334445e+00 5.000000000000e-03
6.099091571246e+00 3.041790325831e+00 5.000000000000e-03
4.305912130882e+00 4.721085418904e+00 5.000000000000e-03
3.273547773339e+00 2.480564572525e+00 5.000000000000e-03
4.467756364171e-01 5.483646959097e+00 5.000000000000e-03
1.282384190919e-01 4.313507018029e+00 5.000000000000e-03
1.608008465150e+00 3.470385247704e+00 5.000000000000e-03
5.209178716307e+00 4.690683752676e+00 5.000000000000e-03
4.379270965247e+00 4.733260820512e+00 5.000000000000e-03
5.171004516406e+00 5.557500742612e+00 5.000000000000e-03
3.962988067333e+00 2.403260914775e-01 5.000000000000e-03
6.648498331166e-01 4.823387783366e+00 5.000000000000e-03
1.407192287634e-01 4.091023598268e+00 5.000000000000e-03
8.883382351337e-01 2.617202742996e+00 5.000000000000e-03
2.032783712276e-01 5.488670426601e+00 5.000000000000e-03
3.960850407073e+00 9.511453575915e-02 5.000000000000e-03
4.901200160624e+00 9.032796608910e-02 5.000000000000e-03
4.641979877669e+00 4.857057529138e+00 5.000000000000e-03
3.471281169628e+00 2.901803172262e+00 5.000000000000e-03
4.313547721173e+00 3.391686560657e-01 5.000000000000e-03
1.583779667948e+00 4.136319662544e+00 5.000000000000e-03
5.896948320004e+00 3.240979460984e+00 5.000000000000e-03
6.226444191840e-03 4.317855417907e+00 5.000000000000e-03
6.145574838490e+00 3.915537534406e+00 5.000000000000e-03
3.439264963196e-01 5.493120815291e+00 5.000000000000e-03
1.960962212985e-01 8.890778445916e-01 5.000000000000e-03
2.190722083240e+00 3.210219967209e+00 5.000000000000e-03
6.187229941994e-01 3.659463026659e+00 5.000000000000e-03
4.448744338788e+00 3.621657977604e+00 5.000000000000e-03
5.509981643050e+00 2.251691393169e+00 5.000000000000e-03
2.328601975064e+00 5.655452095355e+00 5.000000000000e-03
3.515214510235e+00 4.473904068557e+00 5.000000000000e-03
5.015547319027e+00 5.088748461854e+00 5.000000000000e-03
5.245246022350e+00 5.825776676056e+00 5.000000000000e-03
3.225456861592e+00 3.224674144761e+00 5.000000000000e-03
4.762567021635e+00 3.813365596198e+00 5.000000000000e-03
6.117049202899e-01 6.225698481502e+00 5.000000000000e-03
4.458881946299e+00 1.720802256971e+00 5.000000000000e-03
5.992210019007e+00 2.033152899297e+00 5.000000000000e-03
6.141863239206e+00 2.385523782157e+00 5.000000000000e-03
4.044600431428e-01 5.858863572459e+00 5.000000000000e-03
5.867454828488e+00 2.267270005280e+00 5.000000000000e-03
1.780501159534e+00 5.796921521324e-01 5.000000000000e-03
2.561473289618e+00 3.602191084668e+00 5.000000000000e-03
3.718302883013e+00 5.962874442126e+00 5.000000000000e-03
4.242216968580e+00 4.055999526551e+00 5.000000000000e-03
1.211159827373e+00 3.742117560930e+00 5.000000000000e-03
1.474130910086e+00 4.182501458804e+00 5.000000000000e-03
1.858766153977e+00 4.189949381078e+00 5.000000000000e-03
5.515865164362e+00 1.250577257093e+00 5.000000000000e-03
4.209268560372e-01 2.536272893115e+00 5.000000000000e-03
1.311565711548e+00 2.407251365477e+00 5.000000000000e-03
5.573137227362e+00 3.600366421922e+00 5.000000000000e-03
3.325700211077e+00 1.222222485471e+00 5.000000000000e-03
4.599017012971e+00 6.141386609957e+00 5.000000000000e-03
1.566523970578e+00 5.979317307503e+00 5.000000000000e-03
2.308974516233e+00 2.031567904064e+00 5.000000000000e-03
1.622474990041e+00 5.266655284973e+00 5.000000000000e-03
2.984309651014e+00 4.462237325253e+00 5.000000000000e-03
3.718766401535e+00 5.580047293532e+00 5.000000000000e-03
3.288235683012e+00 4.441921229535e+00 5.000000000000e-03
5.847289199626e+00 5.027676727849e+00 5.000000000000e-03
6.335173940581e-01 5.457760463214e+00 -5.000000000000e-03
1.288943308519e+00 1.405172600562e+00 -5.000000000000e-03
4.332548030049e+00 3.781174200352e+00 -5.000000000000e-03
3.260857759848e+00 4.771472639593e+00 -5.000000000000e-03
6.160207302062e+00 1.736721012963e+00 -5.000000000000e-03
6.031857488163e+00 1.057700177927e+00 -5.000000000000e-03
7.166150920025e-01 2.673439288178e-01 -5.000000000000e-03
6.011560232071e+00 4.168133697212e+00 -5.000000000000e-03
1.709541844093e+00 3.793154569926e+00 -5.000000000000e-03
1.330365842243e+00 4.835128918845e+00 -5.000000000000e-03
5.306317152619e+00 3.643863243891e+00 -5.000000000000e-03
5.980181045185e+00 3.595887360954e+00 -5.000000000000e-03
5.446669449271e+00 5.938452145398e+00 -5.000000000000e-03
2.342609662136e+00 3.191615973007e+00 -5.000000000000e-03
4.597331823568e+00 4.636660793207e+00 -5.000000000000e-03
9.833473184556e-01 5.672878316703e+00 -5.000000000000e-03
9.544724639439e-01 2.176460520363e-01 -5.000000000000e-03
2.651310603784e+00 4.148661256263e+00 -5.000000000000e-03
5.718270523239e+00 8.566825215157e-01 -5.000000000000e-03
9.720626022324e-03 6.899232985769e-01 -5.000000000000e-03
5.358722099807e+00 1.889299254335e+00 -5.000000000000e-03
5.882646197311e+00 3.939901836903e+00 -5.000000000000e-03
5.339568993715e-01 3.053077174859e+00 -5.000000000000e-03
2.120713537456e+00 2.067796046737e+00 -5.000000000000e-03
3.218894955817e+00 2.095011619092e+00 -5.000000000000e-03
8.134506652859e-01 1.090887867205e+00 -5.000000000000e-03
1.339262952143e+00 1.985756734922e+00 -5.000000000000e-03
2.409828058502e+00 5.097630710741e+00 -5.000000000000e-03
1.357795468583e+00 1.961357266255e+00 -5.000000000000e-03
2.007593810559e+00 3.204134690533e+00 -5.000000000000e-03
2.189909465141e+00 3.612074115185e+00 -5.000000000000e-03
1.903320131733e+00 1.842583826079e+00 -5.000000000000e-03
1.303446428165e+00 3.789460765411e+00 -5.000000000000e-03
2.069975219637e+00 2.769468010658e+00 -5.000000000000e-03
2.439540993433e+00 4.852405603338e+00 -5.000000000000e-03
4.817547038566e+00 1.937903885420e+00 -5.000000000000e-03
2.610065128206e+00 3.708613286111e+00 -5.000000000000e-03
5.814865718841e+00 3.920207841619e-01 -5.000000000000e-03
5.749886612624e+00 2.427324053863e+00 -5.000000000000e-03
5.322264217047e+00 4.842527303033e+00 -5.000000000000e-03
7.343461104884e-01 2.995028011755e+00 -5.000000000000e-03
2.275370842312e-01 5.759196495388e+00 -5.000000000000e-03
1.512993414531e-02 9.538144140884e-01 -5.000000000000e-03
2.716048825481e+00 5.271538499889e+00 -5.000000000000e-03
4.726905651226e+00 3.180445984118e-01 -5.000000000000e-03
9.449535338422e-01 3.118835027169e+00 -5.000000000000e-03
3.972991074220e+00 1.121067058265e+00 -5.000000000000e-03
1.639631857187e+00 3.811013468283e+00 -5.000000000000e-03
5.548387132369e+00 3.072291503058e+00 -5.000000000000e-03
5.948647025313e+00 3.918908713225e+00 -5.000000000000e-03
2.214370390680e-01 1.328311563485e+00 -5.000000000000e-03
6.255821225543e+00 2.965254511718e+00 -5.000000000000e-03
2.256225029012e+00 3.904938655618e-03 -5.000000000000e-03
5.967144264770e+00 4.704933683686e+00 -5.000000000000e-03
1.929587194220e+00 3.237599808318e+00 -5.000000000000e-03
3.418106472117e+00 2.821271437211e+00 -5.000000000000e-03
2.733495475501e+00 4.803428580362e+00 -5.000000000000e-03
3.891064272363e+00 5.198566006910e+00 -5.000000000000e-03
1.903837293286e+00 1.916711630669e+00 -5.000000000000e-03
1.738914420540e+00 5.405614986258e+00 -5.000000000000e-03
2.493796211452e-01 3.093422762122e+00 -5.000000000000e-03
2.045407839914e+00 3.788897102029e+00 -5.000000000000e-03
4.924875177154e+00 4.898740260750e+00 -5.000000000000e-03
2.540317279322e+00 3.047347914412e+00 -5.000000000000e-03
6.255724908212e+00 2.764763602826e+00 -5.000000000000e-03
1.782647829734e+00 5.272879197347e+00 -5.000000000000e-03
4.909643144879e+00 3.379046349022e+00 -5.000000000000e-03
4.118275355008e+00 5.325921332560e+00 -5.000000000000e-03
2.137958047144e+00 4.687660070998e+00 -5.000000000000e-03
8.429427381163e-01 3.567442258863e+00 -5.000000000000e-03
5.060052384050e+00 3.385359104590e+00 -5.000000000000e-03
5.394436394629e+00 1.929546955293e+00 -5.000000000000e-03
4.428429768667e+00 3.515308142656e+00 -5.000000000000e-03
4.909314895426e+00 4.732854772617e+00 -5.000000000000e-03
5.617417147195e+00 2.694113547744e-01 -5.000000000000e-03
4.290416929424e+00 5.669155151949e+00 -5.000000000000e-03
1.607487312949e+00 1.583463722965e+00 -5.000000000000e-03
4.936309307374e+00 1.020306053501e+00 -5.000000000000e-03
2.072459042770e+00 2.568824229061e+00 -5.000000000000e-03
9.353875555288e-01 1.024141455989e+00 -5.000000000000e-03
6.065405374050e+00 4.481626732454e+00 -5.000000000000e-03
4.013577259955e+00 5.860367297643e+00 -5.000000000000e-03
7.432857838906e-01 3.470582679563e+00 -5.000000000000e-03
2.727492249307e+00 5.728215356712e+00 -5.000000000000e-03
1.109070988730e+00 2.299492364830e+00 -5.000000000000e-03
1.489363623218e+00 4.124813731485e+00 -5.000000000000e-03
2.553552253908e+00 5.290694196751e+00 -5.000000000000e-03
4.762284752103e+00 4.287010935814e+00 -5.000000000000e-03
2.431908056922e+00 5.787720851410e+00 -5.000000000000e-03
3.049561074080e+00 1.653083569772e+00 -5.000000000000e-03
8.019151836321e-01 1.927817700574e+00 -5.000000000000e-03
3.619950095929e+00 4.465449547090e+00 -5.000000000000e-03
8.393433171130e-01 1.194918524444e+00 -5.000000000000e-03
1.011598780755e+00 4.407217973961e+00 -5.000000000000e-03
3.687403434274e+00 3.625333836889e+00 -5.000000000000e-03
9.989625100408e-01 3.220012849280e+00 -5.000000000000e-03
2.462925938543e+00 1.251676497655e+00 -5.000000000000e-03
3.037933032134e+00 9.196781428229e-01 -5.000000000000e-03
5.587550358201e+00 2.638055021731e+00 -5.000000000000e-03
5.255252824310e-01 3.954277268336e+00 -5.000000000000e-03
